#cumulative sum: 28918.9
1100		19.80825424
1099.5		20.01678276
1099		20.21952438
1098.5		20.42371941
1098		20.65600014
1097.5		20.88307953
1097		21.11193275
1096.5		21.33904457
1096		21.54516792
1095.5		21.76104164
1095		21.98589706
1094.5		22.23397827
1094		22.46413803
1093.5		22.69627762
1093		22.91901588
1092.5		23.13749123
1092		23.36580467
1091.5		23.61154938
1091		23.85588074
1090.5		24.09280586
1090		24.33125305
1089.5		24.55634117
1089		24.78291893
1088.5		25.02705765
1088		25.2789135
1087.5		25.53237915
1087		25.77070045
1086.5		26.0024929
1086		26.2463398
1085.5		26.4875927
1085		26.74205589
1084.5		27.0014534
1084		27.25836945
1083.5		27.48726845
1083		27.72523689
1082.5		27.97780037
1082		28.2417984
1081.5		28.50007057
1081		28.76480865
1080.5		29.0071106
1080		29.24542999
1079.5		29.49584198
1079		29.75733566
1078.5		30.03347015
1078		30.29098129
1077.5		30.55120468
1077		30.79286575
1076.5		31.03634071
1076		31.29417038
1075.5		31.57697105
1075		31.85367203
1074.5		32.11669159
1074		32.36704636
1073.5		32.61017227
1073		32.87145615
1072.5		33.14929581
1072		33.43122482
1071.5		33.69468307
1071		33.9484024
1070.5		34.20277405
1070		34.45375443
1069.5		34.73149109
1069		34.99935532
1068.5		35.27710342
1068		35.54296112
1067.5		35.78720856
1067		36.04187775
1066.5		36.30952454
1066		36.58853149
1065.5		36.86714554
1065		37.13443375
1064.5		37.40301132
1064		37.65213776
1063.5		37.90802765
1063		38.18280792
1062.5		38.46738434
1062		38.74990463
1061.5		39.01078796
1061		39.2563324
1060.5		39.51908112
1060		39.79511261
1059.5		40.06595612
1059		40.35248566
1058.5		40.62184525
1058		40.8666153
1057.5		41.12001801
1057		41.38764191
1056.5		41.67734909
1056		41.94945908
1055.5		42.22134781
1055		42.4780426
1054.5		42.72471237
1054		42.9946022
1053.5		43.26224518
1053		43.552742
1052.5		43.81856537
1052		44.08432388
1051.5		44.34582138
1051		44.59397888
1050.5		44.86931229
1050		45.16254425
1049.5		45.43613052
1049		45.68414307
1048.5		45.93466568
1048		46.19510651
1047.5		46.45447922
1047		46.73274612
1046.5		47.00320053
1046		47.2743187
1045.5		47.52220154
1045		47.76657867
1044.5		48.02914047
1044		48.29561996
1043.5		48.55952072
1043		48.83664322
1042.5		49.09632492
1042		49.33385086
1041.5		49.57694244
1041		49.84508133
1040.5		50.12106323
1040		50.37828064
1039.5		50.63679123
1039		50.87351227
1038.5		51.11883163
1038		51.37440491
1037.5		51.6464653
1037		51.90348053
1036.5		52.14785385
1036		52.40500641
1035.5		52.63322067
1035		52.87555313
1034.5		53.13037491
1034		53.39567184
1033.5		53.65436554
1033		53.8904953
1032.5		54.12400436
1032		54.35710526
1031.5		54.60209656
1031		54.85990524
1030.5		55.12371826
1030		55.36635971
1029.5		55.58322525
1029		55.81766891
1028.5		56.0553627
1028		56.31290054
1027.5		56.55883026
1027		56.79813766
1026.5		57.0311203
1026		57.24691772
1025.5		57.4900322
1025		57.7199173
1024.5		57.96427917
1024		58.21141434
1023.5		58.43395996
1023		58.65481949
1022.5		58.87462616
1022		59.11107635
1021.5		59.34909058
1021		59.57609558
1020.5		59.81230927
1020		60.02142334
1019.5		60.23466492
1019		60.46278
1018.5		60.68329239
1018		60.91840744
1017.5		61.13531494
1017		61.35001373
1016.5		61.55630493
1016		61.77223206
1015.5		61.98810959
1015		62.22716522
1014.5		62.43763733
1014		62.66489792
1013.5		62.85493851
1013		63.06410599
1012.5		63.28166199
1012		63.4980545
1011.5		63.72022629
1011		63.92568207
1010.5		64.12590027
1010		64.32635498
1009.5		64.52891541
1009		64.74777222
1008.5		64.95989227
1008		65.16340637
1007.5		65.35551453
1007		65.54790497
1006.5		65.75450134
1006		65.95335388
1005.5		66.16344452
1005		66.36974335
1004.5		66.56018829
1004		66.74153137
1003.5		66.93622589
1003		67.14703369
1002.5		67.34790802
1002		67.53982544
1001.5		67.72762299
1001		67.90882874
1000.5		68.08854675
1000		68.28025818
999.5		68.49325562
999		68.67721558
998.5		68.85627747
998		69.04249573
997.5		69.21540833
997		69.399086
996.5		69.58644867
996		69.782341
995.5		69.96305847
995		70.12776184
994.5		70.29730225
994		70.48950195
993.5		70.65226746
993		70.83113098
992.5		71.001091
992		71.18014526
991.5		71.35004425
991		71.50793457
990.5		71.67916107
990		71.85497284
989.5		72.04363251
989		72.20439148
988.5		72.3644104
988		72.52296448
987.5		72.67581177
987		72.85820007
986.5		73.01985931
986		73.19197845
985.5		73.33431244
985		73.48231506
984.5		73.64111328
984		73.80308533
983.5		73.9608078
983		74.12672424
982.5		74.266716
982		74.4220047
981.5		74.58226776
981		74.72270966
980.5		74.87205505
980		75.02727509
979.5		75.17557526
979		75.32969666
978.5		75.45585632
978		75.61485291
977.5		75.75429535
977		75.90385437
976.5		76.04656219
976		76.19258118
975.5		76.32698822
975		76.45578003
974.5		76.61071014
974		76.75655365
973.5		76.88485718
973		77.02607727
972.5		77.16116333
972		77.28301239
971.5		77.41989136
971		77.5577774
970.5		77.69764709
970		77.8221817
969.5		77.9539566
969		78.07753754
968.5		78.2060318
968		78.34407043
967.5		78.47029114
967		78.6047287
966.5		78.72389221
966		78.84127808
965.5		78.95285797
965		79.10294342
964.5		79.2159729
964		79.3356781
963.5		79.47123718
963		79.570755
962.5		79.69342804
962		79.8068924
961.5		79.92978668
961		80.06601715
960.5		80.18753052
960		80.29290771
959.5		80.40911865
959		80.51356506
958.5		80.63352966
958		80.75500488
957.5		80.86198425
957		80.97715759
956.5		81.08280945
956		81.20141602
955.5		81.30560303
955		81.42949677
954.5		81.54867554
954		81.64700317
953.5		81.75546265
953		81.85808563
952.5		81.96212769
952		82.07673645
951.5		82.18229675
951		82.29697418
950.5		82.38889313
950		82.49152374
949.5		82.59018707
949		82.70050049
948.5		82.81255341
948		82.90727997
947.5		83.00074768
947		83.10575867
946.5		83.20738983
946		83.3078537
945.5		83.41142273
945		83.50287628
944.5		83.60942841
944		83.69591522
943.5		83.78138733
943		83.88530731
942.5		83.97114563
942		84.06925201
941.5		84.16624451
941		84.25849152
940.5		84.33705902
940		84.44586945
939.5		84.52870941
939		84.62261963
938.5		84.7064743
938		84.79800415
937.5		84.89739227
937		84.96798706
936.5		85.06564331
936		85.15176392
935.5		85.23899078
935		85.32557678
934.5		85.41571045
934		85.49443054
933.5		85.58911133
933		85.66320801
932.5		85.75193024
932		85.82426453
931.5		85.91268921
931		85.98681641
930.5		86.06787872
930		86.1599884
929.5		86.23361969
929		86.3236084
928.5		86.39460754
928		86.46839905
927.5		86.54924774
927		86.63605499
926.5		86.70581818
926		86.78630829
925.5		86.86393738
925		86.94033813
924.5		87.0103302
924		87.0929184
923.5		87.17573547
923		87.24419403
922.5		87.30960083
922		87.38333893
921.5		87.46076202
921		87.53264618
920.5		87.59854126
920		87.69153595
919.5		87.75556946
919		87.81679535
918.5		87.88584137
918		87.95270538
917.5		88.02606201
917		88.10325623
916.5		88.17344666
916		88.24975586
915.5		88.31679535
915		88.37225342
914.5		88.46246338
914		88.51593781
913.5		88.56965637
913		88.63973236
912.5		88.72196198
912		88.78562164
911.5		88.85655975
911		88.92195129
910.5		88.98248291
910		89.04646301
909.5		89.11103821
909		89.17371368
908.5		89.22209167
908		89.28338623
907.5		89.37137604
907		89.42460632
906.5		89.485672
906		89.54036713
905.5		89.60739899
905		89.67157745
904.5		89.73695374
904		89.77055359
903.5		89.85531616
903		89.91352081
902.5		89.96126556
902		90.04434204
901.5		90.09015656
901		90.13496399
900.5		90.19418335
900		90.25384521
899.5		90.33141327
899		90.14768219
898.5		89.82830811
898		90.15050507
897.5		90.32642365
897		90.44624329
896.5		89.82855988
896		90.02384949
895.5		90.29306793
895		90.03186035
894.5		90.36793518
894		90.56667328
893.5		90.61342621
893		90.76377106
892.5		90.87450409
892		90.69750214
891.5		90.79563904
891		90.92204285
890.5		90.99829102
890		90.63470459
889.5		90.87989044
889		91.02888489
888.5		90.84972382
888		91.3741684
887.5		91.49227905
887		91.49478912
886.5		91.21360779
886		91.02533722
885.5		91.78186798
885		91.52445984
884.5		91.49402618
884		91.65425873
883.5		91.66923523
883		91.7283783
882.5		91.79682922
882		91.58294678
881.5		91.73665619
881		91.93424225
880.5		91.81608582
880		91.89605713
879.5		91.72410583
879		91.9499588
878.5		91.92751312
878		91.98735046
877.5		92.20449066
877		92.16281891
876.5		92.37772369
876		92.50251007
875.5		92.44486237
875		92.12299347
874.5		92.30127716
874		92.43997955
873.5		92.54998779
873		92.85601044
872.5		92.47119904
872		92.39826202
871.5		92.40536499
871		92.52718353
870.5		92.6591568
870		92.7743454
869.5		92.73215485
869		92.89022064
868.5		92.79470825
868		92.89766693
867.5		92.96102142
867		92.85231781
866.5		92.93263245
866		92.98265076
865.5		92.84346008
865		93.15098572
864.5		93.00802612
864		93.12657928
863.5		93.29679871
863		93.24146271
862.5		93.33604431
862		93.24919891
861.5		93.23321533
861		93.37206268
860.5		93.43496704
860		93.57241058
859.5		93.4881897
859		93.61518097
858.5		93.64060211
858		93.63344574
857.5		93.66613007
857		93.70323944
856.5		93.75321198
856		93.67171478
855.5		93.88366699
855		93.83852386
854.5		93.80905151
854		93.88941956
853.5		93.88890839
853		93.94699097
852.5		94.00553131
852		94.02606201
851.5		94.03242493
851		94.08865356
850.5		94.11330414
850		94.14665985
849.5		94.14529419
849		94.26441956
848.5		94.25269318
848		94.31600952
847.5		94.34386444
847		94.31791687
846.5		94.38759613
846		94.42378235
845.5		94.48471069
845		94.49112701
844.5		94.49989319
844		94.55249786
843.5		94.51010895
843		94.58494568
842.5		94.66686249
842		94.69361115
841.5		94.76390076
841		94.74031067
840.5		94.70998383
840		94.75325775
839.5		94.83330536
839		94.82520294
838.5		94.8480072
838		94.8980484
837.5		94.87113953
837		94.92041779
836.5		94.95233917
836		94.95897675
835.5		95.02229309
835		95.0178833
834.5		95.04016876
834		95.09034729
833.5		95.06859589
833		95.12178802
832.5		95.15800476
832		95.1705246
831.5		95.23180389
831		95.19731903
830.5		95.20054626
830		95.26191711
829.5		95.26155853
829		95.26351166
828.5		95.33100891
828		95.32333374
827.5		95.34420013
827		95.38352203
826.5		95.32967377
826		95.39608765
825.5		95.44172668
825		95.44256592
824.5		95.48564911
824		95.45846558
823.5		95.4746933
823		95.5002594
822.5		95.47902679
822		95.49302673
821.5		95.51094818
821		95.55825806
820.5		95.58338165
820		95.57193756
819.5		95.5699234
819		95.55251312
818.5		95.61603546
818		95.56893921
817.5		95.64728546
817		95.6245575
816.5		95.60158539
816		95.63690948
815.5		95.66281128
815		95.68315125
814.5		95.66742706
814		95.71580505
813.5		95.68901825
813		95.70575714
812.5		95.70793152
812		95.75379181
811.5		95.72968292
811		95.76509094
810.5		95.71933746
810		95.75668335
809.5		95.84537506
809		95.81100464
808.5		95.82723999
808		95.84657288
807.5		95.85840607
807		95.82952881
806.5		95.87393951
806		95.90965271
805.5		95.91359711
805		95.91621399
804.5		95.92118835
804		95.95664978
803.5		95.93204498
803		95.99141693
802.5		95.98054504
802		95.9565506
801.5		96.00715637
801		96.01066589
800.5		96.01766205
800		96.08320618
799.5		96.03953552
799		96.07351685
798.5		96.04483032
798		96.07472229
797.5		96.10485077
797		96.08912659
796.5		96.11386108
796		96.1305542
795.5		96.09444427
795		96.11051178
794.5		96.11886597
794		96.1329422
793.5		96.13752747
793		96.14959717
792.5		96.14690399
792		96.15090942
791.5		96.13232422
791		96.14147949
790.5		96.20352936
790		96.16111755
789.5		96.1714325
789		96.16691589
788.5		96.16033173
788		96.14915466
787.5		96.12911224
787		96.13610077
786.5		96.14014435
786		96.14346313
785.5		96.13092041
785		96.13354492
784.5		96.1268158
784		96.1339035
783.5		96.12402344
783		96.11616516
782.5		96.07880402
782		96.07034302
781.5		96.03662109
781		96.07791138
780.5		96.02767181
780		96.01452637
779.5		95.99602509
779		95.97013092
778.5		95.94989777
778		95.92524719
777.5		95.90906525
777		95.8912735
776.5		95.84591675
776		95.817276
775.5		95.80848694
775		95.73761749
774.5		95.70860291
774		95.68736267
773.5		95.65237427
773		95.58138275
772.5		95.5173111
772		95.50205231
771.5		95.41590118
771		95.40745544
770.5		95.31088257
770		95.28411102
769.5		95.24197388
769		95.17007446
768.5		95.08649445
768		95.01538086
767.5		94.95762634
767		94.85429382
766.5		94.76712036
766		94.68067169
765.5		94.58859253
765		94.50494385
764.5		94.42082977
764		94.31861877
763.5		94.21491241
763		94.11401367
762.5		93.95762634
762		93.86251831
761.5		93.71134186
761		93.59864807
760.5		93.45508575
760		93.29454041
759.5		93.15969086
759		92.95823669
758.5		92.8073349
758		92.61597443
757.5		92.46443939
757		92.26155853
756.5		92.07637024
756		91.86479187
755.5		91.63600159
755		91.41899109
754.5		91.17138672
754		90.92380524
753.5		90.65486908
753		90.41291046
752.5		90.13241577
752		89.84679413
751.5		89.54642487
751		89.23681641
750.5		88.92164612
750		88.55335236
749.5		88.18977356
749		87.84104156
748.5		87.44998169
748		87.0401001
747.5		86.64629364
747		86.20940399
746.5		85.77176666
746		85.29486084
745.5		84.81453705
745		84.34408569
744.5		83.81913757
744		83.26166534
743.5		82.73176575
743		82.14981079
742.5		81.57289886
742		80.92980957
741.5		80.30736542
741		79.63883972
740.5		78.92424774
740		78.21619415
739.5		77.54022217
739		76.74575806
738.5		75.94847107
738		75.18386841
737.5		74.32386017
737		73.47489929
736.5		72.56177521
736		71.69330597
735.5		70.74219513
735		69.75546265
734.5		68.77685547
734		67.76369476
733.5		66.68480682
733		65.65338135
732.5		64.56040955
732		63.41235733
731.5		62.29380798
731		61.09535217
730.5		59.89681625
730		58.689785
729.5		57.44122314
729		56.1832428
728.5		54.85053635
728		53.53276062
727.5		52.23870087
727		50.87063217
726.5		49.51576233
726		48.12560272
725.5		46.70105362
725		45.31448364
724.5		43.82815933
724		42.40659332
723.5		40.98675919
723		39.5058136
722.5		38.06245804
722		36.60750961
721.5		35.13695145
721		33.7257576
720.5		32.24968338
720		30.80763817
719.5		29.39734459
719		27.93876457
718.5		26.54200172
718		25.17396545
717.5		23.78719521
717		22.47155571
716.5		21.13464165
716		19.82405663
715.5		18.59403229
715		17.33346367
714.5		16.15600586
714		15.02941418
713.5		13.9193058
713		12.86541843
712.5		11.82491684
712		10.84534264
711.5		9.933843613
711		9.032663345
710.5		8.209942818
710		7.440625668
709.5		6.692111492
709		6.009550095
708.5		5.369905472
708		4.775942326
707.5		4.241205215
707		3.725657225
706.5		3.26743269
706		2.847261429
705.5		2.46821022
705		2.130756617
704.5		1.827941298
704		1.560429454
703.5		1.326117635
703		1.110278487
702.5		0.930924594
702		0.776228607
701.5		0.638362467
701		0.526497603
700.5		0.426598907
700		0.345059753
699.5		0.278632492
699		0.220261231
698.5		0.173957825
698		0.13595143
697.5		0.106452577
697		0.08030875
696.5		0.060684089
696		0.047881432
695.5		0.035333447
695		0.024696223
694.5		0.018843642
694		0.013984771
693.5		0.009487019
693		0.007481222
692.5		0.004189591
692		0.004088956
691.5		0.002453222
691		0.000819991
690.5		0.000356267
690		0.000239569
689.5		0.000127046
689		0.000427643
688.5		0.000257751
688		-0.000133664
687.5		2.50E-05
687		4.78E-05
686.5		-0.001635886
686		4.14E-05
685.5		-0.002029648
685		0.000235118
684.5		0.000387516
684		-0.000439998
683.5		-0.00068222
683		0.000767646
682.5		0.000447614
682		-0.000387711
681.5		0.000911298
681		-0.000593783
680.5		-0.001230262
680		-6.84E-05
679.5		0.000438165
679		-0.000537278
678.5		-0.000639902
678		-0.000276532
677.5		-0.000574999
677		-0.00143296
676.5		0.000700692
676		-0.000945021
675.5		-0.000449897
675		-0.001143297
674.5		-0.000444922
674		0.001311832
673.5		-0.001363582
673		0.00051567
672.5		0.000160679
672		-0.001012537
671.5		0.00085841
671		-0.000149668
670.5		-0.001393079
670		-0.000152078
669.5		-0.000583881
669		0.000712677
668.5		9.02E-05
668		4.65E-05
667.5		0.000987356
667		-0.001017495
666.5		-0.000516576
666		0.000112465
665.5		-0.001899023
665		-0.000621033
664.5		-0.00052217
664		-0.00035804
663.5		-0.000463111
663		0.000305983
662.5		0.000623024
662		-0.000101939
661.5		-0.001335905
661		-0.000186467
660.5		-0.001079961
660		-0.001531652
659.5		0.000174554
659		-0.000994398
658.5		-0.000434816
658		-0.000744409
657.5		-0.00031238
657		-0.001291254
656.5		-0.001194403
656		0.000206015
655.5		-0.001750869
655		-0.000868469
654.5		-0.001248297
654		-0.000423443
653.5		0.000123066
653		-6.06E-05
652.5		0.001239423
652		-0.001717116
651.5		-0.002645421
651		-0.000927303
650.5		-0.00044142
650		0.000171137
649.5		-2.02E-05
649		-0.000607086
648.5		-0.001979888
648		-6.41E-05
647.5		6.79E-06
647		-0.001846879
646.5		0.000192206
646		-0.000493182
645.5		6.00E-05
645		0.000267113
644.5		0.000953528
644		0.001227782
643.5		-7.61E-05
643		5.98E-05
642.5		-0.001180476
642		0.000812392
641.5		-0.00029418
641		-0.000784273
640.5		0.000666707
640		3.64E-05
639.5		0.000729552
639		0.000164064
638.5		-0.000548115
638		0.002559806
637.5		-0.000284579
637		-0.001512454
636.5		-0.000881768
636		-0.000534471
635.5		-0.001130705
635		0.000538868
634.5		0.000458237
634		7.95E-05
633.5		-0.001051672
633		-0.000316994
632.5		-0.000639052
632		-0.000804024
631.5		-0.000168904
631		-0.000690031
630.5		2.75E-05
630		-0.001014898
629.5		-0.001105829
629		0.000669216
628.5		6.34E-05
628		-0.000474126
627.5		-0.000125757
627		-0.001229237
626.5		-0.00066623
626		-0.000386845
625.5		0.000404451
625		-0.001059472
624.5		-0.000995365
624		2.50E-05
623.5		-0.001820909
623		-0.001680516
622.5		-0.001094928
622		0.000234971
621.5		1.16E-05
621		-0.000953111
620.5		-0.000211242
620		-0.000506311
619.5		-0.000281284
619		0.000387285
618.5		0.000537468
618		-0.001740443
617.5		-0.001729263
617		-0.000693707
616.5		-0.001266438
616		0.000486363
615.5		0.001141187
615		0.000498722
614.5		-0.000420928
614		-0.000549263
613.5		-0.000745721
613		-0.001776982
612.5		-0.000712189
612		-0.001245655
611.5		0.00034925
611		-0.000590944
610.5		-0.001312743
610		0.000179585
609.5		-0.001134285
609		0.000663195
608.5		0.000169956
608		0.001374678
607.5		0.000419289
607		-0.001067099
606.5		0.001380618
606		-0.001503526
605.5		-0.001086272
605		-0.000542497
604.5		-0.001063919
604		-0.000527201
603.5		-0.001182298
603		-0.001311032
602.5		-0.001047325
602		-0.000588641
601.5		-0.001451865
601		0.000393527
600.5		-7.75E-05
600		0.000113479
599.5		0.000372743
599		-4.41E-05
598.5		7.75E-05
598		-0.000907121
597.5		-9.65E-05
597		-0.002810497
596.5		-0.002152425
596		0.000342596
595.5		-0.001525586
595		-0.000148948
594.5		-0.000419934
594		4.57E-05
593.5		-0.000578519
593		-0.000545402
592.5		-0.00127082
592		0.000169099
591.5		0.000670148
591		0.001054557
590.5		-0.000874724
590		0.00089611
589.5		-7.31E-05
589		0.000761468
588.5		0.000135951
588		-0.000900477
587.5		-0.00176877
587		-0.000848236
586.5		-7.07E-05
586		-0.000497747
585.5		0.000445739
585		-0.001784855
584.5		-0.000267526
584		-0.000376959
583.5		-0.000201093
583		0.000190141
582.5		-0.002144218
582		-0.000614429
581.5		-0.000353816
581		-0.000103581
580.5		-0.00027752
580		0.000374473
579.5		0.001063893
579		0.001000864
578.5		-0.00026292
578		-0.001183942
577.5		-0.001368876
577		-0.000347684
576.5		-9.20E-05
576		-0.001438428
575.5		9.29E-05
575		-0.001202871
574.5		0.001049633
574		-0.000276819
573.5		-0.001984065
573		-0.000841037
572.5		-0.001382291
572		-0.001782452
571.5		-0.002716915
571		-0.001534736
570.5		-0.001309404
570		-0.001310537
569.5		-0.001187317
569		-0.001337758
568.5		-0.000549744
568		-4.56E-05
567.5		-0.001547354
567		-0.000664244
566.5		-7.26E-05
566		-0.001364834
565.5		-0.00076477
565		-0.000766165
564.5		-0.000461499
564		0.000979228
563.5		0.000679237
563		0.000605807
562.5		0.000908
562		6.20E-06
561.5		0.00038228
561		0.001134061
560.5		-0.001121758
560		-0.00014438
559.5		-0.00270368
559		0.000757343
558.5		-0.000974834
558		-0.000599436
557.5		-0.00135474
557		0.000152368
556.5		0.000151423
556		0.001283534
555.5		-0.001664314
555		-0.000304906
554.5		-7.93E-05
554		-0.000156461
553.5		-0.000991356
553		-0.001372212
552.5		-0.002512608
552		-9.43E-06
551.5		-1.06E-05
551		-0.000315809
550.5		-0.000849809
550		-0.000852004
549.5		-0.000625401
549		0.000593896
548.5		0.001432959
548		-9.48E-05
547.5		-0.000553091
547		0.000440266
546.5		0.000746458
546		0.00143373
545.5		0.000218336
545		-0.001213642
544.5		-0.000145349
544		0.001287848
543.5		-0.000273897
543		0.000179781
542.5		-0.000922951
542		-0.001356012
541.5		-0.000613357
541		0.001076915
540.5		-0.000675066
540		-0.001034523
539.5		-0.000229069
539		-0.001024064
538.5		0.000357803
538		-0.000291599
537.5		-0.000433116
537		-0.00021385
536.5		0.001158257
536		-0.000208704
535.5		8.11E-05
535		1.09E-05
534.5		0.000586649
534		0.0001575
533.5		-0.001560389
533		-0.000841933
532.5		0.000447066
532		0.000447813
531.5		-0.001051357
531		0.001020514
530.5		0.000807041
530		0.00080726
529.5		-0.000260901
529		-0.000687538
528.5		0.000381395
528		-0.000686055
527.5		9.76E-05
527		-0.000470975
526.5		-0.000825875
526		-4.35E-05
525.5		-0.00167811
525		0.000596661
524.5		-0.000398101
524		-0.000113342
523.5		0.00073925
523		0.000597218
522.5		-0.000184063
522		-0.001108203
521.5		0.00052605
521		0.000241648
520.5		-0.000327027
520		-0.000753376
519.5		-0.001322546
519		-0.000327877
518.5		2.73E-05
518		0.000382336
517.5		-0.000258318
517		-0.000116339
516.5		-0.000259338
516		-0.000402014
515.5		0.000949999
515		0.000522198
514.5		0.001519421
514		0.000877781
513.5		9.30E-05
513		-0.000906567
512.5		-0.000122529
512		-0.000123334
511.5		0.000376066
511		-0.000267879
510.5		-0.000983541
510		-0.001343088
509.5		0.000731096
509		-5.72E-05
508.5		-0.000703307
508		-0.000130963
507.5		-0.000706097
507		0.000584344
506.5		-0.001428177
506		0.001445366
505.5		-0.001432754
505		-0.000787034
504.5		-6.85E-05
504		-0.000214337
503.5		-0.001154126
503		0.000721744
502.5		-0.000725085
502		-0.000220795
501.5		-0.000150109
501		0.000500652
500.5		0.000571926
500		0.000788942
499.5		-0.000229349
499		-0.000377053
498.5		-0.000233731
498		-0.000964908
497.5		0.000565172
497		-0.001043482
496.5		0.00034311
496		-0.001562386
495.5		0.000486506
495		-0.001056071
494.5		-0.001499307
494		-3.30E-05
493.5		-0.000992435
493		0.00011016
492.5		-0.000777382
492		-0.000484524
491.5		-0.000339501
491		-0.00026862
490.5		0.000248792
490		-0.000198606
489.5		-0.000574114
489		0.000167962
488.5		-5.80E-05
488		-0.001181913
487.5		-0.000886651
487		0.000758407
486.5		0.00068213
486		0.001131411
485.5		-0.001503868
485		-0.000151733
484.5		-0.00030536
484		0.000372001
483.5		-0.00159919
483		0.000974426
482.5		-0.000470111
482		-1.71E-05
481.5		-9.57E-05
481		-2.24E-05
480.5		-0.000637097
480		0.001225569
479.5		-0.00165099
479		0.001727995
478.5		-0.000868953
478		0.00035524
477.5		0.000281009
477		-0.000663172
476.5		0.000131407
476		0.00085561
475.5		0.002018499
475		0.000269668
474.5		0.000413519
474		-0.00185478
473.5		-0.000615231
473		-0.001059016
472.5		0.000258781
472		-0.000699318
471.5		0.000548854
471		0.000178234
470.5		-0.001300149
470		2.60E-05
469.5		-0.000790605
469		-0.001017291
468.5		9.27E-05
468		0.00023925
467.5		0.001428388
467		0.000533099
466.5		-0.000365027
466		0.000529243
465.5		-0.002243507
465		-0.001424199
464.5		-0.000452234
464		-0.000756444
463.5		0.000445146
463		0.000217138
462.5		-1.16E-05
462		-0.000317075
461.5		-9.28E-05
461		-0.00039904
460.5		0.000737091
460		-0.000192677
459.5		-0.000710825
459		-0.000643561
458.5		-1.65E-06
458		-7.68E-05
457.5		-8.03E-06
457		0.000205486
456.5		0.000780097
456		0.000199552
455.5		-0.00110783
455		-0.002129443
454.5		-0.000172869
454		-0.000103844
453.5		0.000111103
453		-0.00128296
452.5		-0.000262665
452		-0.000414435
451.5		0.000169877
451		0.001052451
450.5		-0.000726322
450		-0.001549445
449.5		-0.001185925
449		0.001567526
448.5		-0.000604086
448		-0.000310629
447.5		0.000210193
447		-0.000852044
446.5		-4.52E-05
446		0.001141779
445.5		-3.58E-06
445		0.000563527
444.5		-0.001169165
444		-0.000963829
443.5		-0.001193111
443		0.001273503
442.5		0.000539196
442		0.000901773
441.5		0.000306439
441		0.00029973
440.5		0.000292375
440		-1.50E-05
439.5		0.001707769
439		0.000583048
438.5		0.000224008
438		-0.000139585
437.5		0.000277469
437		-0.001670519
436.5		-0.000246537
436		-0.000550284
435.5		-0.000565405
435		0.000451873
434.5		7.13E-05
434		-0.000839261
433.5		-0.000262947
433		-0.002273003
432.5		0.000270892
432		0.000548047
431.5		-0.000842769
431		0.000235709
430.5		-0.002216907
430		-1.30E-05
429.5		-0.000917535
429		0.000562567
428.5		-0.000379762
428		3.46E-05
427.5		-0.001369964
427		0.000887659
426.5		0.000730734
426		-0.000483201
425.5		0.000204784
425		-0.000313185
424.5		0.000245044
424		-0.000357974
423.5		0.000138132
423		-0.000620971
422.5		-0.001062479
422		-0.001238879
421.5		-0.002796117
421		-0.001238457
420.5		-0.001572313
420		-0.000553687
419.5		-0.001566465
419		-0.000819986
418.5		0.000818786
418		0.000365686
417.5		-0.000612758
417		-0.000564647
416.5		0.000189628
416		-0.000625338
415.5		-0.000656024
415		0.000649338
414.5		-0.000848247
414		0.000410944
413.5		0.000609601
413		0.000377974
412.5		-0.000301487
412		-0.000466977
411.5		7.32E-05
411		0.000123536
410.5		0.000319539
410		-0.000786005
409.5		-0.000743357
409		-0.000752291
408.5		0.000491698
408		5.38E-05
407.5		-0.000893178
407		0.00016021
406.5		0.000142803
406		-0.000146993
405.5		0.000772308
405		-0.000988871
404.5		4.43E-05
404		-0.00061761
403.5		-6.26E-05
403		-0.000885852
402.5		-0.000458855
402		0.000426461
401.5		-0.000840527
401		-0.000161219
400.5		-0.001387492
400		0.001740964
399.5		-0.000795255
399		-0.000160025
398.5		0.000603174
398		-0.00101634
397.5		0.001385989
397		0.000124296
396.5		-0.000242558
396		-0.000758003
395.5		0.000298513
395		0.000214235
394.5		-0.000602214
394		-0.0013104
393.5		-0.00046836
393		0.000205507
392.5		-8.56E-05
392		0.000111336
391.5		2.83E-05
391		0.000443768
390.5		-0.000644461
390		-0.000807496
389.5		-0.000661388
389		-0.00181638
388.5		-0.001020537
388		0.000891888
387.5		0.000330839
387		-0.000659011
386.5		-0.000886333
386		-0.001187556
385.5		-6.46E-05
385		-0.000220256
384.5		-0.00030527
384		0.00087748
383.5		-0.000114326
383		-0.00033041
382.5		-0.000137555
382		0.000608785
381.5		-0.000161197
381		-0.00073105
380.5		-0.000675612
380		0.001430242
379.5		-0.000421352
379		-0.000434357
378.5		-1.52E-05
378		-0.000235242
377.5		-0.000106221
377		0.000826063
376.5		-0.000468376
376		0.000951865
375.5		-1.43E-05
375		-0.000716644
374.5		-0.001080569
374		0.000233046
373.5		-0.000411895
373		-0.000993757
372.5		0.000990484
372		-2.18E-05
371.5		-0.001635863
371		0.000485366
370.5		-0.00067362
370		-8.20E-06
369.5		0.000117246
369		0.000244776
368.5		-0.000948697
368		-0.000617715
367.5		-0.000775077
367		-0.000153166
366.5		-0.000578811
366		0.000154528
365.5		0.000344546
365		0.00080854
364.5		0.000392467
364		-0.00099479
363.5		-0.000808555
363		-0.000269644
362.5		-0.001275168
362		-0.000445715
361.5		-0.000381976
361		-0.000457625
360.5		-0.000140633
360		0.001138558
359.5		-0.001280808
359		0.000848967
358.5		0.000911043
358		0.000929945
357.5		-0.000448977
357		-0.000744335
356.5		-9.35E-05
356		-0.000116391
355.5		0.000630974
355		-0.000981373
354.5		-0.001251025
354		-0.000214593
353.5		-0.000106654
353		0.000214345
352.5		0.00054592
352		-0.000468698
351.5		-0.001914064
351		-0.000392643
350.5		0.002026361
350		-0.000517774
349.5		-0.000205768
349		-0.001373636
348.5		1.72E-05
348		0.001468052
347.5		-0.000482529
347		-0.000669531
346.5		0.000335644
346		-3.99E-05
345.5		-0.000914597
345		-0.000786456
344.5		0.000840468
344		0.001090274
343.5		-0.000646651
343		-0.001198136
342.5		0.00035261
342		-0.000321207
341.5		0.000357359
341		-0.0003122
340.5		-0.000307048
340		-0.002064947
339.5		0.00055103
339		-0.000486839
338.5		-0.001234202
338		0.00076028
337.5		-0.000360723
337		-0.001147575
336.5		-0.001181124
336		-0.00036137
335.5		-0.001107833
335		0.000679737
334.5		-0.000204974
334		-0.00069087
333.5		-0.001040497
333		-0.000763564
332.5		-0.000554085
332		-0.000362341
331.5		0.00145238
331		0.000305145
330.5		-0.0002469
330		0.000396101
329.5		-0.000389291
329		-0.00085201
328.5		-0.0002943
328		-0.001373442
327.5		-0.000512614
327		-0.000111736
326.5		-0.000461203
326		0.000233896
325.5		0.000429669
325		-0.000222404
324.5		0.00074598
324		-0.000256587
323.5		-0.000549309
323		0.000215766
322.5		-0.000684318
322		-0.001081406
321.5		-0.000600001
321		-0.000410956
320.5		-0.000834005
320		-0.000431189
319.5		-0.000223673
319		-0.001001235
318.5		-0.000487811
318		0.000950023
317.5		-0.000741999
317		-0.001481255
316.5		-0.000630571
316		-0.000544711
315.5		-0.000461514
315		-0.000441
314.5		-0.001145457
314		0.000764878
313.5		-0.000349432
313		-1.32E-05
312.5		-0.000564458
312		0.000701135
311.5		-0.001080194
311		-0.000384603
310.5		-0.000972643
310		0.000610104
309.5		-0.000273964
309		-0.000284186
308.5		-0.001159234
308		6.16E-05
307.5		-0.00136253
307		-0.001028595
306.5		0.000466566
306		-0.001472121
305.5		0.00036438
305		-0.000359672
304.5		-0.001328557
304		4.05E-05
303.5		-0.001401638
303		-5.60E-05
302.5		-0.000536454
302		0.000160438
301.5		-0.000189015
301		0.000573378
300.5		0.000415275
300		-0.0014206
299.5		-0.000250211
299		-0.001098559
298.5		0.000164021
298		-0.001513597
297.5		0.000582983
297		-0.000593057
296.5		-0.000310788
296		-3.54E-05
295.5		-0.000930543
295		-9.92E-06
294.5		0.000615738
294		-0.001023667
293.5		-0.000733729
293		0.000473042
292.5		-0.000665852
292		0.000275157
291.5		0.000753592
291		0.000385766
290.5		2.95E-05
290		-0.000624037
289.5		0.000393809
289		-0.000933159
288.5		-0.00070564
288		-0.001112994
287.5		0.00122197
287		-0.000487129
286.5		9.01E-05
286		-0.000529406
285.5		0.000326243
285		-0.000723704
284.5		-0.000445268
284		-0.000845891
283.5		-0.000721748
283		0.001150917
282.5		-0.000693084
282		-0.000728595
281.5		-0.001073925
281		-0.001287086
280.5		-0.000925648
280		0.000173084
279.5		0.001608105
279		0.000139983
278.5		0.001608229
278		-7.90E-05
277.5		-0.001546018
277		-0.00017203
276.5		-0.001275866
276		-0.000793212
275.5		-0.000834731
275		-0.001387055
274.5		-0.00097932
274		-0.000580658
273.5		-0.000809357
273		-0.001069858
272.5		-0.000820378
272		0.001358602
271.5		-0.000193919
271		-0.001655656
270.5		-0.000352871
270		-0.00203963
269.5		-0.000881634
269		-0.000301283
268.5		-0.000292212
268		-0.000942691
267.5		0.000451859
267		0.000267633
266.5		-0.00023411
266		-0.00136442
265.5		-0.001591514
265		-0.001064261
264.5		0.001245005
264		-0.000499427
263.5		-0.000350876
263		0.001439256
262.5		0.001506745
262		-0.001540594
261.5		0.000220587
261		-0.001114856
260.5		-0.000970601
260		-5.79E-06
259.5		-0.001882591
259		0.000149951
258.5		0.000639958
258		0.000378704
257.5		-0.000809655
257		0.0001284
256.5		7.03E-05
256		-0.000707803
255.5		-0.001284331
255		-0.001532568
254.5		-0.000808361
254		-0.001123377
253.5		-0.000987804
253		-0.0001462
252.5		0.000627475
252		-0.000653265
251.5		-0.001227208
251		-0.000455997
250.5		-0.001927149
250		-4.67E-06
249.5		0.000572541
249		-0.000515254
248.5		-0.000321545
248		-0.002047969
247.5		-0.000956559
247		-0.000761282
246.5		-0.00088402
246		-0.002289129
245.5		0.000307634
245		-0.000370404
244.5		-0.00165841
244		-0.003213697
243.5		-0.00055982
243		-0.001233912
242.5		-0.000283333
242		0.000665719
241.5		-0.000960414
241		-0.000758518
240.5		0.0005985
240		-0.000762992
239.5		-0.000152194
239		-0.000700986
238.5		-0.000225846
238		-0.000847661
237.5		0.000660709
237		-0.000724035
236.5		-0.000871093
236		-0.000811692
235.5		-0.000191219
235		-0.001679362
234.5		-0.000563183
234		-0.000147842
233.5		-0.000732503
233		-0.001037977
232.5		-0.00062035
232		0.000317465
231.5		-0.001025776
231		0.000446911
230.5		0.00171869
230		-0.000627917
229.5		-0.000139641
229		-0.000372959
228.5		-0.000392805
228		-0.001003793
227.5		-0.000362629
227		-0.001442598
226.5		-0.000259479
226		-0.000932794
225.5		-0.000529938
225		-0.000191434
224.5		-0.001872401
224		-0.001776335
223.5		0.000319091
223		-0.000236831
222.5		0.000473745
222		0.000832153
221.5		-0.000640285
221		-0.00074755
220.5		-0.00117452
220		-0.001009007
219.5		-6.15E-05
219		0.000856865
218.5		0.000147481
218		-0.000890169
217.5		0.000860037
217		-0.001553122
216.5		-0.000218784
216		-0.000651966
215.5		-0.001581298
215		-0.001007265
214.5		-0.000373551
214		-0.00142175
213.5		-0.000418673
213		-0.000334415
212.5		-0.00031698
212		-0.001308665
211.5		-0.001128356
211		0.000187977
210.5		-0.000104957
210		0.000206557
209.5		-0.000711209
209		-0.001563428
208.5		-0.000542859
208		0.00048163
207.5		-0.000842514
207		-0.000287981
206.5		0.001039083
206		-0.000208181
205.5		-0.001940163
205		-0.001405351
204.5		-0.000472198
204		0.000400598
203.5		0.001120919
203		-0.001247778
202.5		-0.001235296
202		-0.001601758
201.5		0.000394567
201		0.000426459
200.5		-0.000916043
200		0.000294061

