 500.00     0.0006
 501.00     0.0000
 502.00     0.0012
 503.00     0.0000
 504.00     0.0017
 505.00     0.0000
 506.00     0.0014
 507.00     0.0000
 508.00     0.0006
 509.00    -0.0010
 510.00     0.0000
 511.00     0.0000
 512.00     0.0002
 513.00     0.0000
 514.00    -0.0010
 515.00     0.0005
 516.00    -0.0010
 517.00     0.0000
 518.00    -0.0020
 519.00     0.0011
 520.00    -0.0010
 521.00     0.0009
 522.00    -0.0010
 523.00     0.0009
 524.00    -0.0010
 525.00     0.0020
 526.00     0.0000
 527.00     0.0006
 528.00     0.0000
 529.00     0.0002
 530.00    -0.0010
 531.00    -0.0010
 532.00     0.0005
 533.00     0.0000
 534.00     0.0015
 535.00    -0.0020
 536.00     0.0013
 537.00    -0.0020
 538.00     0.0015
 539.00    -0.0020
 540.00     0.0019
 541.00    -0.0020
 542.00     0.0016
 543.00    -0.0020
 544.00     0.0012
 545.00    -0.0020
 546.00     0.0018
 547.00     0.0000
 548.00     0.0011
 549.00     0.0016
 550.00     0.0004
 551.00     0.0025
 552.00     0.0000
 553.00     0.0022
 554.00    -0.0020
 555.00     0.0011
 556.00    -0.0040
 557.00     0.0014
 558.00    -0.0040
 559.00     0.0013
 560.00    -0.0010
 561.00     0.0044
 562.00     0.0007
 563.00     0.0011
 564.00     0.0004
 565.00     0.0025
 566.00    -0.0010
 567.00     0.0009
 568.00    -0.0010
 569.00     0.0011
 570.00    -0.0040
 571.00     0.0019
 572.00    -0.0020
 573.00     0.0022
 574.00    -0.0020
 575.00     0.0009
 576.00    -0.0020
 577.00     0.0000
 578.00     0.0000
 579.00     0.0007
 580.00     0.0014
 581.00     0.0009
 582.00     0.0025
 583.00     0.0001
 584.00     0.0011
 585.00    -0.0010
 586.00     0.0013
 587.00    -0.0010
 588.00     0.0012
 589.00    -0.0020
 590.00     0.0013
 591.00    -0.0010
 592.00     0.0013
 593.00    -0.0010
 594.00     0.0009
 595.00    -0.0010
 596.00     0.0006
 597.00     0.0000
 598.00     0.0007
 599.00     0.0002
 600.00     0.0000
 601.00     0.0005
 602.00     0.0007
 603.00     0.0016
 604.00     0.0000
 605.00     0.0010
 606.00     0.0000
 607.00     0.0006
 608.00     0.0000
 609.00     0.0008
 610.00    -0.0010
 611.00     0.0000
 612.00     0.0000
 613.00     0.0004
 614.00     0.0000
 615.00     0.0003
 616.00     0.0000
 617.00     0.0005
 618.00     0.0000
 619.00     0.0000
 620.00     0.0010
 621.00     0.0000
 622.00     0.0000
 623.00     0.0000
 624.00     0.0000
 625.00    -0.0010
 626.00     0.0008
 627.00    -0.0010
 628.00     0.0000
 629.00    -0.0020
 630.00     0.0000
 631.00     0.0000
 632.00     0.0000
 633.00     0.0000
 634.00     0.0000
 635.00     0.0000
 636.00    -0.0010
 637.00     0.0000
 638.00     0.0004
 639.00     0.0005
 640.00     0.0000
 641.00     0.0001
 642.00     0.0000
 643.00     0.0004
 644.00     0.0000
 645.00     0.0000
 646.00     0.0000
 647.00     0.0000
 648.00     0.0000
 649.00     0.0000
 650.00     0.0000
 651.00     0.0003
 652.00     0.0000
 653.00     0.0000
 654.00     0.0000
 655.00     0.0015
 656.00     0.0028
 657.00     0.0014
 658.00     0.0011
 659.00     0.0011
 660.00     0.0000
 661.00     0.0000
 662.00     0.0008
 663.00     0.0015
 664.00     0.0018
 665.00     0.0031
 666.00     0.0020
 667.00     0.0016
 668.00     0.0022
 669.00     0.0027
 670.00     0.0037
 671.00     0.0038
 672.00     0.0032
 673.00     0.0043
 674.00     0.0055
 675.00     0.0065
 676.00     0.0079
 677.00     0.0083
 678.00     0.0088
 679.00     0.0091
 680.00     0.0101
 681.00     0.0101
 682.00     0.0098
 683.00     0.0098
 684.00     0.0121
 685.00     0.0125
 686.00     0.0126
 687.00     0.0135
 688.00     0.0169
 689.00     0.0183
 690.00     0.0154
 691.00     0.0162
 692.00     0.0162
 693.00     0.0165
 694.00     0.0178
 695.00     0.0180
 696.00     0.0179
 697.00     0.0181
 698.00     0.0184
 699.00     0.0182
 700.00     0.0175
 701.00     0.0163
 702.00     0.0159
 703.00     0.0135
 704.00     0.0126
 705.00     0.0103
 706.00     0.0105
 707.00     0.0081
 708.00     0.0066
 709.00     0.0040
 710.00     0.0045
 711.00     0.0026
 712.00     0.0029
 713.00     0.0023
 714.00     0.0026
 715.00     0.0003
 716.00     0.0000
 717.00     0.0009
 718.00     0.0000
 719.00     0.0000
 720.00     0.0000
 721.00     0.0006
 722.00     0.0000
 723.00     0.0008
 724.00     0.0000
 725.00     0.0010
 726.00    -0.0010
 727.00     0.0022
 728.00     0.0003
 729.00     0.0016
 730.00     0.0000
 731.00     0.0016
 732.00     0.0000
 733.00     0.0000
 734.00     0.0000
 735.00     0.0000
 736.00    -0.0010
 737.00    -0.0020
 738.00     0.0000
 739.00    -0.0010
 740.00     0.0012
 741.00    -0.0020
 742.00     0.0008
 743.00     0.0000
 744.00     0.0030
 745.00    -0.0020
 746.00     0.0022
 747.00     0.0000
 748.00     0.0036
 749.00     0.0014
 750.00     0.0036
 751.00     0.0019
 752.00     0.0018
 753.00     0.0000
 754.00     0.0000
 755.00    -0.0010
 756.00    -0.0040
 757.00    -0.0010
 758.00    -0.0040
 759.00     0.0012
 760.00    -0.0010
 761.00     0.0014
 762.00    -0.0010
 763.00     0.0024
 764.00    -0.0010
 765.00     0.0042
 766.00     0.0000
 767.00     0.0036
 768.00     0.0008
 769.00     0.0037
 770.00     0.0000
 771.00     0.0005
 772.00    -0.0010
 773.00    -0.0020
 774.00    -0.0010
 775.00    -0.0020
 776.00    -0.0010
 777.00    -0.0030
 778.00     0.0024
 779.00    -0.0030
 780.00     0.0000
 781.00    -0.0040
 782.00     0.0015
 783.00    -0.0020
 784.00     0.0026
 785.00     0.0000
 786.00     0.0045
 787.00    -0.0020
 788.00     0.0025
 789.00     0.0006
 790.00    -0.0010
 791.00     0.0000
 792.00     0.0000
 793.00     0.0007
 794.00    -0.0040
 795.00     0.0003
 796.00    -0.0020
 797.00     0.0009
 798.00    -0.0050
 799.00     0.0012
 800.00    -0.0040
 801.00     0.0037
 802.00    -0.0020
 803.00     0.0051
 804.00     0.0004
 805.00     0.0099
 806.00     0.0099
 807.00     0.0205
 808.00     0.0234
 809.00     0.0332
 810.00    -0.0030
 811.00     0.0015
 812.00    -0.0050
 813.00     0.0005
 814.00    -0.0010
 815.00     0.0041
 816.00    -0.0010
 817.00     0.0057
 818.00    -0.0030
 819.00     0.0000
 820.00    -0.0020
 821.00    -0.0010
 822.00    -0.0010
 823.00    -0.0020
 824.00    -0.0010
 825.00    -0.0040
 826.00     0.0000
 827.00    -0.0050
 828.00    -0.0010
 829.00    -0.0050
 830.00     0.0000
 831.00    -0.0050
 832.00    -0.0010
 833.00    -0.0050
 834.00    -0.0010
 835.00    -0.0030
 836.00     0.0012
 837.00    -0.0040
 838.00    -0.0060
 839.00    -0.0060
 840.00    -0.0050
 841.00    -0.0080
 842.00    -0.0090
 843.00    -0.0080
 844.00    -0.0100
 845.00    -0.0080
 846.00    -0.0110
 847.00    -0.0100
 848.00    -0.0110
 849.00    -0.0100
 850.00    -0.0110
 851.00    -0.0080
 852.00    -0.0100
 853.00    -0.0060
 854.00    -0.0080
 855.00     0.0021
 856.00     0.0295
 857.00     0.0574
 858.00     0.1178
 859.00     0.1735
 860.00     0.1868
 861.00     0.0061
 862.00     0.0087
 863.00     0.0095
 864.00     0.0070
 865.00     0.0025
 866.00     0.0057
 867.00     0.0078
 868.00     0.0097
 869.00     0.0089
 870.00     0.0068
 871.00     0.0034
 872.00     0.0091
 873.00     0.0099
 874.00     0.0115
 875.00     0.0109
 876.00     0.0101
 877.00     0.0080
 878.00     0.0101
 879.00     0.0110
 880.00     0.0130
 881.00     0.0127
 882.00     0.0124
 883.00     0.0112
 884.00     0.0129
 885.00     0.0144
 886.00     0.0159
 887.00     0.0153
 888.00     0.0154
 889.00     0.0139
 890.00     0.0160
 891.00     0.0173
 892.00     0.0199
 893.00     0.0207
 894.00     0.0211
 895.00     0.0207
 896.00     0.0232
 897.00     0.0250
 898.00     0.0277
 899.00     0.0283
 900.00    -0.0790
 901.00    -0.1050
 902.00     0.0724
 903.00    -0.0590
 904.00     0.0920
 905.00     0.3206
 906.00     0.1804
 907.00     0.1137
 908.00     0.0395
 909.00     0.1228
 910.00     0.0842
 911.00     0.0633
 912.00    -0.0470
 913.00     0.1092
 914.00    -0.0860
 915.00     0.0560
 916.00     0.0414
 917.00     0.0382
 918.00     0.0963
 919.00    -0.0250
 920.00     0.3623
 921.00     0.1825
 922.00     0.1632
 923.00     0.2501
 924.00     0.2135
 925.00     0.0092
 926.00     0.1731
 927.00     0.1331
 928.00     0.1119
 929.00     0.2347
 930.00     0.2543
 931.00     0.1534
 932.00     0.3433
 933.00     0.1793
 934.00     0.5040
 935.00     0.5454
 936.00     0.5220
 937.00     0.4429
 938.00     0.6579
 939.00     0.4046
 940.00     0.5956
 941.00     0.6114
 942.00     0.7778
 943.00     0.8501
 944.00     0.9479
 945.00     1.0633
 946.00     1.3903
 947.00     1.2411
 948.00     1.4822
 949.00     1.4993
 950.00     1.6990
 951.00     1.8068
 952.00     2.4542
 953.00     2.3940
 954.00     2.6514
 955.00     3.0159
 956.00     3.3365
 957.00     3.7910
 958.00     4.6160
 959.00     5.1830
 960.00     5.9065
 961.00     6.7982
 962.00     7.6655
 963.00     9.0057
 964.00    10.4150
 965.00    11.9920
 966.00    13.9030
 967.00    16.1070
 968.00    18.7350
 969.00    21.9510
 970.00    25.3480
 971.00    28.9190
 972.00    33.0560
 973.00    37.4740
 974.00    41.8400
 975.00    46.6180
 976.00    51.2090
 977.00    55.5290
 978.00    59.3930
 979.00    62.6690
 980.00    65.5180
 981.00    68.1310
 982.00    69.9280
 983.00    71.3300
 984.00    72.0090
 985.00    72.3780
 986.00    72.5530
 987.00    72.4460
 988.00    72.1970
 989.00    72.1110
 990.00    71.9240
 991.00    71.7860
 992.00    71.8450
 993.00    71.9760
 994.00    72.1530
 995.00    72.3040
 996.00    72.5450
 997.00    73.0260
 998.00    73.4510
 999.00    73.7760
1000.00    74.2040
1001.00    74.9110
1002.00    75.5350
1003.00    76.1520
1004.00    76.7540
1005.00    77.3800
1006.00    78.1340
1007.00    78.6240
1008.00    79.0860
1009.00    79.4840
1010.00    79.7640
1011.00    80.0300
1012.00    80.1670
1013.00    80.2830
1014.00    80.3410
1015.00    80.3940
1016.00    80.5430
1017.00    80.6370
1018.00    80.6070
1019.00    80.3410
1020.00    80.1990
1021.00    79.9440
1022.00    79.6650
1023.00    79.2700
1024.00    78.9510
1025.00    78.5530
1026.00    78.0940
1027.00    77.6870
1028.00    77.3350
1029.00    76.9300
1030.00    76.7620
1031.00    76.5920
1032.00    76.3670
1033.00    76.1920
1034.00    75.9670
1035.00    75.8180
1036.00    75.8260
1037.00    75.8590
1038.00    75.9410
1039.00    76.0780
1040.00    76.5590
1041.00    77.0510
1042.00    77.5700
1043.00    78.2000
1044.00    78.9050
1045.00    79.7330
1046.00    80.5620
1047.00    81.3030
1048.00    81.9840
1049.00    82.4160
1050.00    82.7040
1051.00    82.8850
1052.00    82.5210
1053.00    81.7410
1054.00    80.8860
1055.00    79.4050
1056.00    77.3110
1057.00    75.1000
1058.00    72.5990
1059.00    69.4230
1060.00    66.0410
1061.00    62.5220
1062.00    58.6070
1063.00    54.8370
1064.00    51.1250
1065.00    47.3870
1066.00    43.5750
1067.00    39.9100
1068.00    36.8140
1069.00    33.5820
1070.00    30.2570
1071.00    27.3680
1072.00    24.5690
1073.00    22.0960
1074.00    19.8080
1075.00    17.5460
1076.00    15.4520
1077.00    13.4310
1078.00    11.7500
1079.00    10.2490
1080.00     8.7835
1081.00     7.5915
1082.00     6.5734
1083.00     5.5799
1084.00     4.7431
1085.00     4.1356
1086.00     3.5681
1087.00     3.0274
1088.00     2.6218
1089.00     2.2439
1090.00     1.9733
1091.00     1.7299
1092.00     1.4714
1093.00     1.3612
1094.00     1.2701
1095.00     1.0582
1096.00     0.8740
1097.00     0.8494
1098.00     0.8181
1099.00     0.8035
1100.00     0.6829
1101.00     0.4136
1102.00     0.3744
1103.00     0.4550
1104.00     0.3854
1105.00     0.3858
1106.00     0.4517
1107.00     0.3222
1108.00     0.1910
1109.00     0.2518
1110.00     0.3342
1111.00     0.1862
1112.00     0.4111
1113.00     0.4267
1114.00     0.4322
1115.00     0.5058
1116.00     0.4206
1117.00     0.3296
1118.00     0.2322
1119.00     0.2869
1120.00     0.2853
1121.00     0.2182
1122.00     0.1400
1123.00     0.0665
1124.00     0.1520
1125.00     0.1341
1126.00     0.0511
1127.00     0.2197
1128.00     0.2795
1129.00     0.2119
1130.00     0.0190
1131.00     0.0378
1132.00     0.0874
1133.00     0.1951
1134.00     0.0615
1135.00     0.0653
1136.00     0.1062
1137.00     0.0987
1138.00     0.1793
1139.00     0.1742
1140.00     0.0168
1141.00    -0.0140
1142.00     0.0457
1143.00     0.0627
1144.00     0.0009
1145.00    -0.0930
1146.00     0.0048
1147.00     0.0879
1148.00     0.0169
1149.00     0.1020
1150.00     0.1495
1151.00    -0.0080
1152.00    -0.0120
1153.00    -0.0860
1154.00     0.1616
1155.00     0.1169
1156.00     0.0202
1157.00     0.0161
1158.00    -0.0680
1159.00    -0.1980
1160.00    -0.1570
1161.00     0.0032
1162.00    -0.0180
1163.00    -0.1240
1164.00     0.0161
1165.00     0.1447
1166.00     0.2613
1167.00     0.1362
1168.00    -0.0180
1169.00     0.0073
1170.00    -0.0680
1171.00     0.0833
1172.00     0.0926
1173.00     0.2419
1174.00    -0.0060
1175.00    -0.0900
1176.00    -0.0530
1177.00     0.1510
1178.00     0.1922
1179.00     0.1288
1180.00     0.0721
1181.00     0.0987
1182.00     0.0923
1183.00     0.1783
1184.00     0.0054
1185.00    -0.1270
1186.00    -0.1130
1187.00    -0.0570
1188.00    -0.0430
1189.00    -0.0290
1190.00    -0.2060
1191.00    -0.2280
1192.00    -0.1210
1193.00     0.0164
1194.00     0.1343
1195.00     0.0057
1196.00     0.0525
1197.00    -0.0200
1198.00     0.0487
1199.00    -0.0210
1200.00     0.0482
1201.00     0.0002
1202.00     0.0000
1203.00     0.0000
1204.00     0.0002
1205.00     0.0003
1206.00     0.0004
1207.00     0.0000
1208.00     0.0000
1209.00     0.0001
1210.00     0.0000
1211.00     0.0002
1212.00     0.0004
1213.00     0.0000
1214.00     0.0000
1215.00     0.0001
1216.00     0.0000
1217.00     0.0003
1218.00     0.0003
1219.00     0.0000
1220.00     0.0000
1221.00     0.0001
1222.00     0.0001
1223.00     0.0004
1224.00     0.0003
1225.00     0.0000
1226.00     0.0000
1227.00     0.0002
1228.00     0.0000
1229.00     0.0004
1230.00     0.0003
1231.00     0.0000
1232.00     0.0000
1233.00     0.0002
1234.00     0.0000
1235.00     0.0006
1236.00     0.0003
1237.00     0.0000
1238.00     0.0002
1239.00     0.0002
1240.00     0.0000
1241.00     0.0000
1242.00     0.0000
1243.00     0.0000
1244.00     0.0001
1245.00     0.0000
1246.00     0.0006
1247.00     0.0004
1248.00     0.0000
1249.00     0.0000
1250.00     0.0001
1251.00     0.0000
1252.00     0.0008
1253.00     0.0004
1254.00     0.0000
1255.00     0.0001
1256.00     0.0001
1257.00     0.0000
1258.00     0.0000
1259.00     0.0000
1260.00     0.0000
1261.00     0.0002
1262.00     0.0000
1263.00     0.0006
1264.00     0.0004
1265.00     0.0000
1266.00     0.0002
1267.00     0.0001
1268.00     0.0000
1269.00     0.0003
1270.00     0.0000
1271.00     0.0000
1272.00     0.0003
1273.00     0.0000
1274.00     0.0006
1275.00     0.0002
1276.00     0.0000
1277.00     0.0000
1278.00     0.0004
1279.00     0.0000
1280.00     0.0003
1281.00     0.0000
1282.00     0.0000
1283.00     0.0003
1284.00     0.0000
1285.00     0.0006
1286.00     0.0004
1287.00     0.0000
1288.00     0.0000
1289.00     0.0004
1290.00     0.0000
1291.00     0.0000
1292.00     0.0000
1293.00     0.0000
1294.00     0.0003
1295.00     0.0000
1296.00     0.0007
1297.00     0.0000
1298.00     0.0000
1299.00     0.0003
1300.00     0.0004
1301.00     0.0003
1302.00     0.0002
1303.00     0.0000
1304.00     0.0000
1305.00     0.0003
1306.00     0.0000
1307.00     0.0007
1308.00     0.0001
1309.00     0.0000
1310.00     0.0004
1311.00     0.0004
1312.00     0.0006
1313.00     0.0003
1314.00     0.0000
1315.00     0.0000
1316.00     0.0002
1317.00     0.0000
1318.00     0.0006
1319.00     0.0001
1320.00     0.0000
1321.00     0.0010
1322.00     0.0006
1323.00     0.0006
1324.00     0.0002
1325.00     0.0000
1326.00     0.0001
1327.00     0.0001
1328.00     0.0004
1329.00     0.0009
1330.00     0.0011
1331.00     0.0012
1332.00     0.0019
1333.00     0.0014
1334.00     0.0012
1335.00     0.0010
1336.00     0.0010
1337.00     0.0007
1338.00     0.0005
1339.00     0.0007
1340.00     0.0009
1341.00     0.0012
1342.00     0.0006
1343.00     0.0006
1344.00     0.0010
1345.00     0.0011
1346.00     0.0012
1347.00     0.0017
1348.00     0.0013
1349.00     0.0013
1350.00     0.0020
1351.00     0.0023
1352.00     0.0024
1353.00     0.0032
1354.00     0.0033
1355.00     0.0040
1356.00     0.0053
1357.00     0.0065
1358.00     0.0085
1359.00     0.0111
1360.00     0.0131
1361.00     0.0158
1362.00     0.0191
1363.00     0.0221
1364.00     0.0256
1365.00     0.0293
1366.00     0.0318
1367.00     0.0349
1368.00     0.0382
1369.00     0.0412
1370.00     0.0443
1371.00     0.0471
1372.00     0.0486
1373.00     0.0500
1374.00     0.0512
1375.00     0.0513
1376.00     0.0510
1377.00     0.0506
1378.00     0.0487
1379.00     0.0469
1380.00     0.0451
1381.00     0.0427
1382.00     0.0401
1383.00     0.0376
1384.00     0.0340
1385.00     0.0311
1386.00     0.0285
1387.00     0.0255
1388.00     0.0230
1389.00     0.0209
1390.00     0.0180
1391.00     0.0160
1392.00     0.0145
1393.00     0.0130
1394.00     0.0121
1395.00     0.0115
1396.00     0.0104
1397.00     0.0100
1398.00     0.0099
1399.00     0.0097
1400.00     0.0100
1401.00     0.0100
1402.00     0.0096
1403.00     0.0098
1404.00     0.0104
1405.00     0.0106
1406.00     0.0111
1407.00     0.0115
1408.00     0.0114
1409.00     0.0121
1410.00     0.0130
1411.00     0.0137
1412.00     0.0148
1413.00     0.0157
1414.00     0.0162
1415.00     0.0176
1416.00     0.0192
1417.00     0.0205
1418.00     0.0223
1419.00     0.0238
1420.00     0.0250
1421.00     0.0270
1422.00     0.0290
1423.00     0.0306
1424.00     0.0327
1425.00     0.0344
1426.00     0.0356
1427.00     0.0373
1428.00     0.0388
1429.00     0.0397
1430.00     0.0411
1431.00     0.0418
1432.00     0.0420
1433.00     0.0426
1434.00     0.0428
1435.00     0.0426
1436.00     0.0425
1437.00     0.0415
1438.00     0.0402
1439.00     0.0392
1440.00     0.0381
1441.00     0.0364
1442.00     0.0353
1443.00     0.0333
1444.00     0.0310
1445.00     0.0295
1446.00     0.0280
1447.00     0.0261
1448.00     0.0248
1449.00     0.0227
1450.00     0.0209
1451.00     0.0195
1452.00     0.0182
1453.00     0.0170
1454.00     0.0162
1455.00     0.0147
1456.00     0.0135
1457.00     0.0129
1458.00     0.0121
1459.00     0.0116
1460.00     0.0116
1461.00     0.0107
1462.00     0.0097
1463.00     0.0095
1464.00     0.0091
1465.00     0.0090
1466.00     0.0091
1467.00     0.0084
1468.00     0.0080
1469.00     0.0081
1470.00     0.0076
1471.00     0.0075
1472.00     0.0076
1473.00     0.0072
1474.00     0.0068
1475.00     0.0071
1476.00     0.0067
1477.00     0.0070
1478.00     0.0073
1479.00     0.0069
1480.00     0.0065
1481.00     0.0069
1482.00     0.0068
1483.00     0.0070
1484.00     0.0072
1485.00     0.0071
1486.00     0.0070
1487.00     0.0072
1488.00     0.0071
1489.00     0.0076
1490.00     0.0078
1491.00     0.0075
1492.00     0.0075
1493.00     0.0081
1494.00     0.0076
1495.00     0.0084
1496.00     0.0086
1497.00     0.0086
1498.00     0.0088
1499.00     0.0095
1500.00     0.0093
1501.00     0.0102
1502.00     0.0104
1503.00     0.0105
1504.00     0.0109
1505.00     0.0116
1506.00     0.0115
1507.00     0.0125
1508.00     0.0128
1509.00     0.0129
1510.00     0.0136
1511.00     0.0150
1512.00     0.0144
1513.00     0.0155
1514.00     0.0161
1515.00     0.0163
1516.00     0.0167
1517.00     0.0184
1518.00     0.0180
1519.00     0.0196
1520.00     0.0197
1521.00     0.0203
1522.00     0.0207
1523.00     0.0217
1524.00     0.0212
1525.00     0.0230
1526.00     0.0230
1527.00     0.0230
1528.00     0.0234
1529.00     0.0240
1530.00     0.0238
1531.00     0.0245
1532.00     0.0235
1533.00     0.0236
1534.00     0.0243
1535.00     0.0238
1536.00     0.0239
1537.00     0.0238
1538.00     0.0229
1539.00     0.0225
1540.00     0.0224
1541.00     0.0217
1542.00     0.0216
1543.00     0.0213
1544.00     0.0199
1545.00     0.0197
1546.00     0.0197
1547.00     0.0182
1548.00     0.0182
1549.00     0.0178
1550.00     0.0166
1551.00     0.0161
1552.00     0.0160
1553.00     0.0151
1554.00     0.0150
1555.00     0.0147
1556.00     0.0137
1557.00     0.0132
1558.00     0.0133
1559.00     0.0122
1560.00     0.0124
1561.00     0.0120
1562.00     0.0113
1563.00     0.0109
1564.00     0.0110
1565.00     0.0102
1566.00     0.0104
1567.00     0.0102
1568.00     0.0096
1569.00     0.0097
1570.00     0.0096
1571.00     0.0090
1572.00     0.0094
1573.00     0.0089
1574.00     0.0086
1575.00     0.0084
1576.00     0.0088
1577.00     0.0080
1578.00     0.0084
1579.00     0.0080
1580.00     0.0077
1581.00     0.0080
1582.00     0.0082
1583.00     0.0077
1584.00     0.0081
1585.00     0.0080
1586.00     0.0075
1587.00     0.0077
1588.00     0.0080
1589.00     0.0075
1590.00     0.0079
1591.00     0.0078
1592.00     0.0074
1593.00     0.0077
1594.00     0.0079
1595.00     0.0073
1596.00     0.0079
1597.00     0.0080
1598.00     0.0077
1599.00     0.0076
1600.00     0.0077
1601.00     0.0076
1602.00     0.0079
1603.00     0.0082
1604.00     0.0080
1605.00     0.0081
1606.00     0.0081
1607.00     0.0080
1608.00     0.0087
1609.00     0.0084
1610.00     0.0082
1611.00     0.0086
1612.00     0.0090
1613.00     0.0086
1614.00     0.0091
1615.00     0.0090
1616.00     0.0090
1617.00     0.0094
1618.00     0.0096
1619.00     0.0094
1620.00     0.0100
1621.00     0.0101
1622.00     0.0102
1623.00     0.0105
1624.00     0.0107
1625.00     0.0105
1626.00     0.0110
1627.00     0.0112
1628.00     0.0113
1629.00     0.0119
1630.00     0.0124
1631.00     0.0126
1632.00     0.0130
1633.00     0.0131
1634.00     0.0135
1635.00     0.0140
1636.00     0.0139
1637.00     0.0143
1638.00     0.0151
1639.00     0.0153
1640.00     0.0156
1641.00     0.0158
1642.00     0.0161
1643.00     0.0166
1644.00     0.0173
1645.00     0.0174
1646.00     0.0178
1647.00     0.0182
1648.00     0.0183
1649.00     0.0188
1650.00     0.0193
1651.00     0.0194
1652.00     0.0198
1653.00     0.0200
1654.00     0.0201
1655.00     0.0206
1656.00     0.0208
1657.00     0.0206
1658.00     0.0208
1659.00     0.0208
1660.00     0.0209
1661.00     0.0209
1662.00     0.0207
1663.00     0.0204
1664.00     0.0202
1665.00     0.0198
1666.00     0.0193
1667.00     0.0187
1668.00     0.0184
1669.00     0.0174
1670.00     0.0169
1671.00     0.0173
1672.00     0.0173
1673.00     0.0162
1674.00     0.0156
1675.00     0.0145
1676.00     0.0133
1677.00     0.0138
1678.00     0.0136
1679.00     0.0122
1680.00     0.0112
1681.00     0.0103
1682.00     0.0096
1683.00     0.0106
1684.00     0.0104
1685.00     0.0087
1686.00     0.0077
1687.00     0.0064
1688.00     0.0052
1689.00     0.0067
1690.00     0.0069
1691.00     0.0053
1692.00     0.0049
1693.00     0.0039
1694.00     0.0031
1695.00     0.0047
1696.00     0.0046
1697.00     0.0030
1698.00     0.0027
1699.00     0.0022
1700.00     0.0017
1701.00     0.0035
1702.00     0.0034
1703.00     0.0016
1704.00     0.0017
1705.00     0.0013
1706.00     0.0008
1707.00     0.0023
1708.00     0.0020
1709.00     0.0011
1710.00     0.0014
1711.00     0.0003
1712.00     0.0000
1713.00     0.0015
1714.00     0.0020
1715.00     0.0009
1716.00     0.0013
1717.00     0.0003
1718.00     0.0000
1719.00     0.0016
1720.00     0.0019
1721.00     0.0008
1722.00     0.0009
1723.00     0.0000
1724.00     0.0000
1725.00     0.0020
1726.00     0.0020
1727.00     0.0005
1728.00     0.0008
1729.00     0.0000
1730.00    -0.0010
1731.00     0.0012
1732.00     0.0018
1733.00     0.0009
1734.00     0.0006
1735.00     0.0001
1736.00     0.0002
1737.00     0.0020
1738.00     0.0011
1739.00     0.0007
1740.00     0.0000
1741.00    -0.0010
1742.00     0.0000
1743.00     0.0014
1744.00     0.0007
1745.00     0.0002
1746.00     0.0004
1747.00     0.0000
1748.00     0.0000
1749.00     0.0018
1750.00     0.0005
1751.00     0.0001
1752.00     0.0001
1753.00    -0.0010
1754.00     0.0005
1755.00     0.0016
1756.00     0.0005
1757.00     0.0004
1758.00     0.0003
1759.00     0.0000
1760.00     0.0000
1761.00     0.0018
1762.00     0.0000
1763.00     0.0008
1764.00     0.0006
1765.00     0.0000
1766.00     0.0003
1767.00     0.0013
1768.00     0.0002
1769.00     0.0000
1770.00     0.0000
1771.00    -0.0010
1772.00     0.0006
1773.00     0.0004
1774.00     0.0000
1775.00     0.0006
1776.00     0.0000
1777.00     0.0000
1778.00     0.0017
1779.00     0.0009
1780.00     0.0014
1781.00     0.0000
1782.00    -0.0010
1783.00     0.0000
1784.00     0.0017
1785.00     0.0004
1786.00     0.0004
1787.00     0.0000
1788.00    -0.0010
1789.00     0.0000
1790.00     0.0016
1791.00     0.0000
1792.00     0.0001
1793.00     0.0000
1794.00    -0.0010
1795.00     0.0001
1796.00     0.0014
1797.00     0.0001
1798.00     0.0003
1799.00     0.0001
1800.00    -0.0010
1801.00     0.0005
1802.00     0.0015
1803.00     0.0005
1804.00     0.0001
1805.00     0.0000
1806.00    -0.0010
1807.00     0.0005
1808.00     0.0016
1809.00     0.0000
1810.00     0.0000
1811.00     0.0000
1812.00    -0.0010
1813.00     0.0003
1814.00     0.0009
1815.00     0.0002
1816.00     0.0002
1817.00     0.0003
1818.00     0.0000
1819.00     0.0001
1820.00     0.0010
1821.00     0.0001
1822.00     0.0005
1823.00     0.0000
1824.00    -0.0010
1825.00     0.0002
1826.00     0.0010
1827.00     0.0000
1828.00     0.0001
1829.00     0.0000
1830.00    -0.0010
1831.00     0.0009
1832.00     0.0016
1833.00     0.0001
1834.00     0.0004
1835.00     0.0000
1836.00    -0.0010
1837.00     0.0007
1838.00     0.0013
1839.00     0.0000
1840.00     0.0003
1841.00     0.0000
1842.00    -0.0010
1843.00     0.0010
1844.00     0.0008
1845.00     0.0000
1846.00     0.0000
1847.00     0.0000
1848.00     0.0000
1849.00     0.0013
1850.00     0.0016
1851.00     0.0002
1852.00     0.0000
1853.00    -0.0010
1854.00    -0.0010
1855.00     0.0001
1856.00     0.0017
1857.00     0.0002
1858.00     0.0000
1859.00     0.0000
1860.00    -0.0010
1861.00     0.0006
1862.00     0.0018
1863.00     0.0001
1864.00     0.0000
1865.00    -0.0010
1866.00     0.0000
1867.00     0.0007
1868.00     0.0019
1869.00     0.0007
1870.00     0.0002
1871.00    -0.0010
1872.00    -0.0010
1873.00     0.0002
1874.00     0.0011
1875.00     0.0000
1876.00     0.0000
1877.00    -0.0010
1878.00    -0.0010
1879.00     0.0001
1880.00     0.0014
1881.00     0.0003
1882.00     0.0000
1883.00    -0.0010
1884.00    -0.0010
1885.00     0.0004
1886.00     0.0016
1887.00     0.0002
1888.00     0.0000
1889.00     0.0000
1890.00    -0.0010
1891.00     0.0004
1892.00     0.0020
1893.00     0.0007
1894.00     0.0000
1895.00     0.0000
1896.00    -0.0010
1897.00     0.0008
1898.00     0.0016
1899.00     0.0000
1900.00     0.0000
1901.00     0.0000
1902.00    -0.0010
1903.00     0.0002
1904.00     0.0022
1905.00     0.0014
1906.00     0.0009
1907.00     0.0000
1908.00    -0.0010
1909.00     0.0000
1910.00     0.0022
1911.00     0.0012
1912.00     0.0001
1913.00     0.0000
1914.00    -0.0020
1915.00     0.0000
1916.00     0.0020
1917.00     0.0002
1918.00     0.0000
1919.00     0.0000
1920.00    -0.0010
1921.00     0.0011
1922.00     0.0023
1923.00     0.0012
1924.00     0.0003
1925.00     0.0000
1926.00    -0.0010
1927.00     0.0010
1928.00     0.0029
1929.00     0.0014
1930.00     0.0003
1931.00    -0.0010
1932.00    -0.0010
1933.00     0.0018
1934.00     0.0017
1935.00     0.0000
1936.00    -0.0010
1937.00    -0.0020
1938.00    -0.0010
1939.00     0.0018
1940.00     0.0018
1941.00     0.0006
1942.00    -0.0010
1943.00    -0.0020
1944.00    -0.0010
1945.00     0.0022
1946.00     0.0021
1947.00     0.0006
1948.00     0.0000
1949.00    -0.0010
1950.00    -0.0010
1951.00     0.0019
1952.00     0.0019
1953.00     0.0004
1954.00    -0.0010
1955.00    -0.0010
1956.00    -0.0010
1957.00     0.0021
1958.00     0.0013
1959.00     0.0009
1960.00    -0.0010
1961.00    -0.0010
1962.00    -0.0010
1963.00     0.0008
1964.00     0.0010
1965.00     0.0000
1966.00    -0.0020
1967.00    -0.0010
1968.00     0.0000
1969.00     0.0016
1970.00     0.0000
1971.00     0.0001
1972.00     0.0000
1973.00     0.0000
1974.00     0.0000
1975.00     0.0015
1976.00     0.0000
1977.00     0.0000
1978.00    -0.0010
1979.00    -0.0010
1980.00     0.0000
1981.00     0.0014
1982.00     0.0000
1983.00     0.0005
1984.00     0.0000
1985.00    -0.0010
1986.00     0.0003
1987.00     0.0023
1988.00     0.0003
1989.00     0.0000
1990.00     0.0000
1991.00    -0.0010
1992.00     0.0000
1993.00     0.0016
1994.00     0.0002
1995.00     0.0003
1996.00     0.0000
1997.00    -0.0010
1998.00     0.0013
1999.00     0.0010
2000.00     0.0000
2001.00     0.0004
2002.00     0.0000
2003.00     0.0000
2004.00     0.0005
2005.00     0.0004
2006.00    -0.0010
2007.00     0.0000
2008.00     0.0000
2009.00    -0.0010
2010.00     0.0017
2011.00     0.0013
2012.00     0.0000
2013.00     0.0000
2014.00    -0.0020
2015.00    -0.0010
2016.00     0.0022
2017.00     0.0004
2018.00     0.0003
2019.00     0.0000
2020.00    -0.0010
2021.00     0.0000
2022.00     0.0018
2023.00     0.0001
2024.00     0.0007
2025.00     0.0000
2026.00    -0.0020
2027.00     0.0000
2028.00     0.0017
2029.00     0.0001
2030.00     0.0000
2031.00     0.0000
2032.00    -0.0010
2033.00     0.0000
2034.00     0.0014
2035.00     0.0000
2036.00     0.0000
2037.00     0.0000
2038.00    -0.0010
2039.00     0.0004
2040.00     0.0017
2041.00     0.0000
2042.00     0.0000
2043.00     0.0000
2044.00    -0.0010
2045.00     0.0006
2046.00     0.0010
2047.00     0.0000
2048.00     0.0000
2049.00     0.0004
2050.00    -0.0010
2051.00     0.0002
2052.00     0.0012
2053.00     0.0002
2054.00     0.0004
2055.00     0.0000
2056.00    -0.0020
2057.00     0.0001
2058.00     0.0020
2059.00     0.0005
2060.00     0.0004
2061.00     0.0000
2062.00    -0.0010
2063.00     0.0000
2064.00     0.0013
2065.00     0.0000
2066.00     0.0000
2067.00     0.0000
2068.00     0.0000
2069.00     0.0009
2070.00     0.0014
2071.00     0.0000
2072.00     0.0000
2073.00     0.0000
2074.00    -0.0010
2075.00     0.0005
2076.00     0.0012
2077.00     0.0000
2078.00     0.0000
2079.00     0.0000
2080.00    -0.0010
2081.00     0.0003
2082.00     0.0019
2083.00     0.0005
2084.00     0.0003
2085.00     0.0000
2086.00    -0.0010
2087.00     0.0000
2088.00     0.0014
2089.00     0.0006
2090.00     0.0003
2091.00     0.0000
2092.00    -0.0010
2093.00     0.0005
2094.00     0.0009
2095.00     0.0000
2096.00     0.0004
2097.00    -0.0010
2098.00    -0.0010
2099.00     0.0006
2100.00     0.0011
2101.00     0.0000
2102.00     0.0000
2103.00     0.0000
2104.00    -0.0010
2105.00     0.0010
2106.00     0.0019
2107.00     0.0004
2108.00     0.0000
2109.00    -0.0010
2110.00    -0.0010
2111.00     0.0007
2112.00     0.0014
2113.00     0.0000
2114.00     0.0000
2115.00    -0.0010
2116.00    -0.0010
2117.00     0.0009
2118.00     0.0017
2119.00     0.0005
2120.00     0.0000
2121.00    -0.0010
2122.00    -0.0010
2123.00     0.0006
2124.00     0.0009
2125.00     0.0003
2126.00     0.0009
2127.00     0.0000
2128.00     0.0000
2129.00     0.0012
2130.00     0.0012
2131.00     0.0000
2132.00     0.0002
2133.00     0.0000
2134.00    -0.0010
2135.00     0.0013
2136.00     0.0015
2137.00     0.0004
2138.00     0.0003
2139.00    -0.0010
2140.00    -0.0010
2141.00     0.0014
2142.00     0.0010
2143.00     0.0000
2144.00     0.0001
2145.00    -0.0010
2146.00    -0.0010
2147.00     0.0013
2148.00     0.0015
2149.00     0.0004
2150.00     0.0000
2151.00    -0.0010
2152.00    -0.0010
2153.00     0.0004
2154.00     0.0002
2155.00     0.0000
2156.00     0.0000
2157.00    -0.0010
2158.00    -0.0010
2159.00     0.0013
2160.00     0.0008
2161.00     0.0004
2162.00     0.0001
2163.00    -0.0010
2164.00     0.0000
2165.00     0.0026
2166.00     0.0017
2167.00     0.0001
2168.00     0.0000
2169.00    -0.0020
2170.00    -0.0010
2171.00     0.0016
2172.00     0.0013
2173.00     0.0009
2174.00     0.0004
2175.00    -0.0010
2176.00    -0.0010
2177.00     0.0024
2178.00     0.0013
2179.00     0.0011
2180.00     0.0006
2181.00    -0.0010
2182.00     0.0000
2183.00     0.0019
2184.00     0.0006
2185.00     0.0000
2186.00    -0.0010
2187.00    -0.0010
2188.00     0.0000
2189.00     0.0021
2190.00     0.0010
2191.00     0.0007
2192.00     0.0001
2193.00    -0.0010
2194.00     0.0005
2195.00     0.0025
2196.00     0.0012
2197.00     0.0018
2198.00     0.0000
2199.00    -0.0020
2200.00     0.0000
2201.00     0.0033
2202.00     0.0018
2203.00    -0.0010
2204.00     0.0011
2205.00    -0.0010
2206.00     0.0000
2207.00     0.0028
2208.00     0.0002
2209.00     0.0000
2210.00     0.0009
2211.00    -0.0030
2212.00    -0.0010
2213.00     0.0019
2214.00     0.0018
2215.00     0.0007
2216.00     0.0008
2217.00    -0.0040
2218.00     0.0000
2219.00     0.0026
2220.00     0.0018
2221.00     0.0000
2222.00     0.0005
2223.00    -0.0040
2224.00    -0.0010
2225.00     0.0030
2226.00     0.0013
2227.00     0.0000
2228.00     0.0019
2229.00    -0.0030
2230.00     0.0000
2231.00     0.0037
2232.00     0.0017
2233.00    -0.0010
2234.00     0.0020
2235.00    -0.0030
2236.00     0.0000
2237.00     0.0026
2238.00     0.0023
2239.00     0.0000
2240.00     0.0018
2241.00    -0.0030
2242.00    -0.0010
2243.00     0.0022
2244.00     0.0005
2245.00    -0.0010
2246.00     0.0003
2247.00    -0.0040
2248.00    -0.0010
2249.00     0.0024
2250.00     0.0011
2251.00     0.0012
2252.00     0.0028
2253.00    -0.0030
2254.00     0.0017
2255.00     0.0008
2256.00    -0.0020
2257.00     0.0001
2258.00    -0.0020
2259.00    -0.0010
2260.00     0.0033
2261.00     0.0022
2262.00     0.0000
2263.00     0.0012
2264.00    -0.0010
2265.00    -0.0010
2266.00     0.0034
2267.00     0.0034
2268.00    -0.0010
2269.00     0.0019
2270.00     0.0000
2271.00    -0.0010
2272.00     0.0038
2273.00     0.0010
2274.00    -0.0020
2275.00     0.0002
2276.00    -0.0030
2277.00    -0.0040
2278.00     0.0022
2279.00     0.0014
2280.00    -0.0010
2281.00     0.0010
2282.00    -0.0010
2283.00    -0.0050
2284.00     0.0013
2285.00     0.0000
2286.00    -0.0020
2287.00     0.0012
2288.00    -0.0030
2289.00    -0.0030
2290.00     0.0034
2291.00     0.0024
2292.00    -0.0010
2293.00     0.0029
2294.00     0.0000
2295.00    -0.0010
2296.00     0.0039
2297.00     0.0006
2298.00     0.0000
2299.00     0.0013
2300.00    -0.0030
2301.00    -0.0020
2302.00     0.0038
2303.00     0.0014
2304.00    -0.0020
2305.00     0.0012
2306.00    -0.0030
2307.00    -0.0010
2308.00     0.0040
2309.00     0.0015
2310.00     0.0000
2311.00     0.0016
2312.00    -0.0030
2313.00    -0.0030
2314.00     0.0034
2315.00     0.0018
2316.00    -0.0010
2317.00     0.0006
2318.00    -0.0040
2319.00    -0.0020
2320.00     0.0025
2321.00     0.0005
2322.00     0.0000
2323.00     0.0024
2324.00    -0.0010
2325.00     0.0000
2326.00     0.0029
2327.00     0.0017
2328.00    -0.0010
2329.00     0.0004
2330.00    -0.0010
2331.00     0.0005
2332.00     0.0046
2333.00     0.0008
2334.00    -0.0020
2335.00     0.0000
2336.00    -0.0030
2337.00    -0.0010
2338.00     0.0033
2339.00     0.0002
2340.00    -0.0020
2341.00    -0.0010
2342.00    -0.0020
2343.00     0.0000
2344.00     0.0044
2345.00     0.0024
2346.00    -0.0010
2347.00     0.0000
2348.00    -0.0040
2349.00    -0.0010
2350.00     0.0034
2351.00     0.0000
2352.00    -0.0010
2353.00     0.0004
2354.00    -0.0010
2355.00     0.0000
2356.00     0.0033
2357.00     0.0009
2358.00     0.0003
2359.00     0.0002
2360.00    -0.0040
2361.00     0.0000
2362.00     0.0044
2363.00     0.0000
2364.00     0.0003
2365.00     0.0010
2366.00    -0.0020
2367.00     0.0000
2368.00     0.0038
2369.00     0.0007
2370.00     0.0000
2371.00     0.0001
2372.00    -0.0030
2373.00     0.0004
2374.00     0.0050
2375.00     0.0011
2376.00     0.0000
2377.00    -0.0010
2378.00    -0.0040
2379.00     0.0000
2380.00     0.0053
2381.00     0.0014
2382.00     0.0000
2383.00     0.0003
2384.00    -0.0020
2385.00     0.0008
2386.00     0.0022
2387.00    -0.0020
2388.00     0.0005
2389.00     0.0013
2390.00    -0.0010
2391.00     0.0022
2392.00     0.0047
2393.00     0.0006
2394.00     0.0017
2395.00     0.0004
2396.00    -0.0030
2397.00     0.0000
2398.00     0.0021
2399.00    -0.0020
2400.00     0.0000
2401.00     0.0004
2402.00    -0.0030
2403.00     0.0000
2404.00     0.0034
2405.00    -0.0020
2406.00    -0.0010
2407.00     0.0004
2408.00    -0.0020
2409.00     0.0017
2410.00     0.0018
2411.00    -0.0040
2412.00    -0.0010
2413.00    -0.0010
2414.00    -0.0050
2415.00     0.0011
2416.00     0.0057
2417.00    -0.0010
2418.00     0.0006
2419.00    -0.0020
2420.00    -0.0030
2421.00     0.0035
2422.00     0.0037
2423.00    -0.0030
2424.00     0.0000
2425.00    -0.0020
2426.00    -0.0050
2427.00     0.0012
2428.00     0.0058
2429.00     0.0005
2430.00     0.0035
2431.00    -0.0010
2432.00    -0.0050
2433.00     0.0030
2434.00     0.0038
2435.00    -0.0010
2436.00     0.0010
2437.00    -0.0020
2438.00    -0.0060
2439.00     0.0046
2440.00     0.0045
2441.00    -0.0020
2442.00     0.0000
2443.00    -0.0030
2444.00    -0.0050
2445.00     0.0024
2446.00     0.0046
2447.00    -0.0020
2448.00    -0.0020
2449.00     0.0003
2450.00    -0.0050
2451.00     0.0031
2452.00     0.0045
2453.00    -0.0050
2454.00    -0.0020
2455.00    -0.0010
2456.00    -0.0120
2457.00    -0.0010
2458.00     0.0045
2459.00    -0.0010
2460.00    -0.0010
2461.00    -0.0020
2462.00    -0.0080
2463.00     0.0051
2464.00     0.0058
2465.00    -0.0020
2466.00    -0.0020
2467.00     0.0016
2468.00    -0.0040
2469.00     0.0029
2470.00     0.0025
2471.00     0.0038
2472.00     0.0020
2473.00     0.0012
2474.00    -0.0050
2475.00    -0.0010
2476.00     0.0000
2477.00    -0.0020
2478.00    -0.0060
2479.00    -0.0050
2480.00    -0.0100
2481.00     0.0028
2482.00     0.0029
2483.00     0.0028
2484.00    -0.0010
2485.00    -0.0010
2486.00    -0.0020
2487.00     0.0025
2488.00     0.0015
2489.00     0.0019
2490.00    -0.0040
2491.00    -0.0030
2492.00    -0.0030
2493.00    -0.0040
2494.00    -0.0040
2495.00    -0.0010
2496.00    -0.0050
2497.00     0.0000
2498.00    -0.0020
2499.00     0.0001
2500.00    -0.0010
2501.25    -0.0217
2502.50    -0.0362
2503.76     0.0631
2505.01    -0.0290
2506.27     0.0054
2507.52    -0.0162
2508.78     0.0855
2510.04     0.0238
2511.30    -0.0149
2512.56    -0.0033
2513.83     0.1324
2515.09     0.0492
2516.36    -0.0412
2517.62    -0.0371
2518.89     0.0750
2520.16     0.0218
2521.43    -0.1098
2522.70     0.0891
2523.98     0.0723
2525.25     0.0669
2526.53     0.0205
2527.81     0.1209
2529.08     0.0323
2530.36     0.0295
2531.65    -0.0111
2532.93     0.0759
2534.21     0.0077
2535.50     0.0484
2536.78    -0.0286
2538.07     0.0860
2539.36     0.1759
2540.65     0.0322
2541.94    -0.0454
2543.23     0.0344
2544.53     0.0570
2545.82     0.0973
2547.12    -0.0825
2548.42     0.0238
2549.72    -0.0805
2551.02     0.0153
2552.32    -0.0137
2553.63    -0.0795
2554.93     0.0777
2556.24    -0.0780
2557.54    -0.0647
2558.85    -0.0329
2560.16    -0.0107
2561.48    -0.0468
2562.79     0.0459
2564.10     0.0047
2565.42     0.0630
2566.74    -0.0495
2568.05    -0.0222
2569.37    -0.0015
2570.69     0.0941
2572.02     0.0290
2573.34     0.0935
2574.67     0.0148
2575.99     0.0490
2577.32     0.0041
2578.65     0.0319
2579.98     0.0135
2581.31     0.0316
2582.64    -0.0004
2583.98     0.2087
2585.32     0.0511
2586.65     0.0638
2587.99     0.1071
2589.33     0.1120
2590.67     0.0621
2592.02     0.0575
2593.36     0.1250
2594.71     0.1209
2596.05     0.1188
2597.40    -0.0708
2598.75    -0.0095
2600.10    -0.0197
2601.46    -0.0203
2602.81     0.0206
2604.17     0.0202
2605.52    -0.0541
2606.88    -0.0617
2608.24     0.0350
2609.60     0.1580
2610.97     0.0981
2612.33    -0.0051
2613.70    -0.0353
2615.06     0.0687
2616.43     0.1432
2617.80     0.0125
2619.17    -0.1379
2620.55     0.1522
2621.92    -0.0149
2623.29    -0.0526
2624.67    -0.0083
2626.05     0.0285
2627.43     0.0278
2628.81     0.0374
2630.19     0.0533
2631.58    -0.0212
2632.96    -0.0832
2634.35     0.0928
2635.74    -0.0226
2637.13     0.0133
2638.52    -0.0012
2639.92     0.0332
2641.31    -0.0191
2642.71     0.0002
2644.10     0.0716
2645.50    -0.0310
2646.90     0.1021
2648.31    -0.0557
2649.71     0.0300
2651.11    -0.0129
2652.52    -0.0181
2653.93    -0.0642
2655.34     0.0416
2656.75     0.0527
2658.16    -0.0151
2659.57    -0.0232
2660.99     0.1743
2662.41    -0.0496
2663.83    -0.0031
2665.25     0.0395
2666.67     0.0206
2668.09    -0.0470
2669.51     0.0760
2670.94     0.0527
2672.37     0.0414
2673.80    -0.0100
2675.23    -0.0027
2676.66    -0.0203
2678.09    -0.0073
2679.53     0.0042
2680.97     0.0051
2682.40     0.0056
2683.84     0.0131
2685.28    -0.0249
2686.73     0.0251
2688.17    -0.0462
2689.62     0.0105
2691.07    -0.0174
2692.51    -0.0031
2693.97     0.0390
2695.42     0.0038
2696.87    -0.0108
2698.33     0.1092
2699.78     0.0937
2701.24     0.1327
2702.70    -0.0633
2704.16    -0.0087
2705.63     0.0004
2707.09     0.0330
2708.56    -0.0445
2710.03     0.0159
2711.50     0.1229
2712.97     0.0057
2714.44    -0.0594
2715.92     0.0503
2717.39     0.0022
2718.87    -0.0132
2720.35     0.1842
2721.83    -0.0366
2723.31     0.0718
2724.80     0.0124
2726.28     0.0606
2727.77    -0.0349
2729.26    -0.0155
2730.75    -0.0006
2732.24     0.0708
2733.73     0.0277
2735.23     0.0382
2736.73     0.0931
2738.23    -0.0252
2739.73    -0.0162
2741.23     0.0823
2742.73    -0.0705
2744.24    -0.0350
2745.74    -0.0295
2747.25    -0.0703
2748.76     0.0064
2750.28     0.0787
2751.79     0.0201
2753.30     0.0284
2754.82     0.0969
2756.34     0.1511
2757.86     0.0921
2759.38     0.0107
2760.91     0.0004
2762.43     0.0004
2763.96    -0.1554
2765.49     0.0018
2767.02    -0.0066
2768.55    -0.0242
2770.08     0.0281
2771.62     0.0807
2773.16     0.0540
2774.69    -0.0266
2776.24     0.0133
2777.78    -0.0418
2779.32     0.0432
2780.87    -0.0170
2782.42    -0.0740
2783.96     0.0606
2785.52     0.0346
2787.07    -0.0257
2788.62     0.0551
2790.18     0.0795
2791.74     0.1723
2793.30     0.0550
2794.86    -0.0336
2796.42     0.0707
2797.99    -0.0063
2799.55    -0.0427
2801.12    -0.0820
2802.69     0.0095
2804.26     0.1116
2805.84    -0.0231
2807.41     0.1201
2808.99    -0.0006
2810.57     0.0351
2812.15     0.0657
2813.73    -0.0453
2815.32     0.0285
2816.90    -0.0492
2818.49     0.0430
2820.08    -0.0173
2821.67    -0.0905
2823.26     0.0049
2824.86     0.0505
2826.46    -0.0211
2828.05     0.0041
2829.65     0.0145
2831.26     0.0746
2832.86    -0.0045
2834.47     0.0893
2836.07    -0.0408
2837.68    -0.0889
2839.30     0.0460
2840.91    -0.0090
2842.52     0.0641
2844.14    -0.0482
2845.76    -0.0640
2847.38    -0.1216
2849.00     0.0826
2850.63    -0.0335
2852.25    -0.1567
2853.88     0.0090
2855.51     0.0361
2857.14     0.0381
2858.78     0.0576
2860.41    -0.0228
2862.05     0.0621
2863.69     0.0268
2865.33    -0.0447
2866.97     0.0274
2868.62     0.0561
2870.26     0.0586
2871.91     0.0453
2873.56    -0.0268
2875.22     0.1135
2876.87     0.0819
2878.53     0.0498
2880.18     0.0629
2881.84    -0.0137
2883.51    -0.0616
2885.17     0.0175
2886.84     0.0546
2888.50     0.1017
2890.17     0.0034
2891.84    -0.0124
2893.52     0.0530
2895.19     0.0657
2896.87     0.0575
2898.55     0.0753
2900.23     0.0262
2901.92     0.0156
2903.60     0.0730
2905.29     0.0994
2906.98     0.1014
2908.67    -0.0239
2910.36     0.1345
2912.06     0.0441
2913.75     0.0366
2915.45     0.0605
2917.15     0.1244
2918.86    -0.0622
2920.56     0.0016
2922.27    -0.0103
2923.98    -0.0396
2925.69     0.0528
2927.40     0.0215
2929.12     0.0085
2930.83     0.0268
2932.55     0.0533
2934.27     0.0269
2936.00     0.0482
2937.72     0.0134
2939.45     0.0214
2941.18     0.1061
2942.91     0.0449
2944.64     0.0180
2946.38     0.0533
2948.11     0.0123
2949.85     0.0365
2951.59     0.0282
2953.34     0.0531
2955.08     0.0122
2956.83     0.0389
2958.58     0.0767
2960.33     0.0401
2962.09    -0.0849
2963.84    -0.0499
2965.60    -0.0266
2967.36     0.0208
2969.12     0.0500
2970.89     0.0279
2972.65     0.1214
2974.42     0.0183
2976.19    -0.0953
2977.96     0.0868
2979.74     0.0324
2981.51     0.0756
2983.29    -0.0458
2985.07     0.0034
2986.86     0.0770
2988.64    -0.0323
2990.43     0.0294
2992.22     0.1070
2994.01    -0.0793
2995.81     0.0984
2997.60    -0.0258
2999.40     0.0422
3001.20     0.0530
3003.00     0.0887
3004.81     0.0227
3006.61     0.0043
3008.42     0.0156
3010.23     0.0492
3012.05     0.0570
3013.86    -0.0250
3015.68     0.0361
3017.50     0.0362
3019.32     0.0708
3021.15     0.0596
3022.97     0.0898
3024.80     0.0089
3026.63     0.0804
3028.47     0.0427
3030.30     0.0384
3032.14     0.0269
3033.98     0.0036
3035.82     0.0240
3037.67     0.1052
3039.51     0.1618
3041.36     0.0846
3043.21     0.2219
3045.07     0.1548
3046.92     0.1634
3048.78     0.1120
3050.64     0.2243
3052.50     0.2614
3054.37     0.3030
3056.23     0.2839
3058.10     0.3614
3059.98     0.3247
3061.85     0.3930
3063.73     0.5807
3065.60     0.6845
3067.48     0.6408
3069.37     0.8904
3071.25     0.9322
3073.14     1.0029
3075.03     1.1855
3076.92     1.3794
3078.82     1.4288
3080.71     1.6104
3082.61     1.8342
3084.52     1.8608
3086.42     1.8120
3088.33     1.8673
3090.23     1.9380
3092.15     1.8122
3094.06     1.7829
3095.98     1.7515
3097.89     1.6005
3099.81     1.4870
3101.74     1.4745
3103.66     1.1920
3105.59     1.2323
3107.52     1.1432
3109.45     1.0613
3111.39     0.9018
3113.33     0.9724
3115.26     0.8416
3117.21     0.8632
3119.15     0.6868
3121.10     0.7381
3123.05     0.7619
3125.00     0.7609
3126.95     0.6325
3128.91     0.6883
3130.87     0.6075
3132.83     0.6278
3134.80     0.6259
3136.76     0.5419
3138.73     0.6052
3140.70     0.5828
3142.68     0.4870
3144.65     0.5790
3146.63     0.5220
3148.61     0.4649
3150.60     0.4484
3152.59     0.5178
3154.57     0.3545
3156.57     0.4950
3158.56     0.3763
3160.56     0.4303
3162.56     0.4697
3164.56     0.3846
3166.56     0.3865
3168.57     0.2870
3170.58     0.4456
3172.59     0.3530
3174.60     0.3939
3176.62     0.4136
3178.64     0.3871
3180.66     0.2475
3182.69     0.2897
3184.71     0.3844
3186.74     0.3204
3188.78     0.2003
3190.81     0.3187
3192.85     0.1965
3194.89     0.3000
3196.93     0.2873
3198.98     0.2694
3201.02     0.2557
