  500.00   0.0004
  501.00   0.0004
  502.00   0.0004
  503.00   0.0004
  504.00   0.0002
  505.00   0.0000
  506.00   0.0000
  507.00   0.0001
  508.00   0.0000
  509.00   0.0000
  510.00   0.0002
  511.00   0.0003
  512.00   0.0002
  513.00   0.0000
  514.00   0.0000
  515.00   0.0003
  516.00   0.0002
  517.00   0.0001
  518.00   0.0000
  519.00   0.0000
  520.00   0.0000
  521.00   0.0001
  522.00   0.0002
  523.00   0.0001
  524.00   0.0000
  525.00   0.0000
  526.00   0.0000
  527.00   0.0000
  528.00   0.0000
  529.00   0.0000
  530.00   0.0001
  531.00   0.0000
  532.00   0.0000
  533.00   0.0000
  534.00   0.0000
  535.00   0.0000
  536.00   0.0000
  537.00   0.0000
  538.00   0.0000
  539.00   0.0000
  540.00   0.0001
  541.00   0.0001
  542.00   0.0000
  543.00   0.0003
  544.00   0.0003
  545.00   0.0004
  546.00   0.0005
  547.00   0.0001
  548.00   0.0000
  549.00   0.0000
  550.00   0.0000
  551.00   0.0000
  552.00   0.0000
  553.00   0.0000
  554.00   0.0000
  555.00   0.0000
  556.00   0.0000
  557.00   0.0000
  558.00   0.0000
  559.00   0.0000
  560.00   0.0001
  561.00   0.0004
  562.00   0.0003
  563.00   0.0000
  564.00   0.0000
  565.00   0.0000
  566.00   0.0000
  567.00   0.0001
  568.00   0.0001
  569.00   0.0001
  570.00   0.0000
  571.00   0.0000
  572.00   0.0000
  573.00   0.0000
  574.00   0.0000
  575.00   0.0000
  576.00   0.0000
  577.00   0.0001
  578.00   0.0000
  579.00   0.0001
  580.00   0.0000
  581.00   0.0000
  582.00   0.0000
  583.00   0.0000
  584.00   0.0000
  585.00   0.0000
  586.00   0.0000
  587.00   0.0000
  588.00   0.0001
  589.00   0.0000
  590.00   0.0000
  591.00   0.0000
  592.00   0.0005
  593.00   0.0000
  594.00   0.0000
  595.00   0.0001
  596.00   0.0000
  597.00   0.0000
  598.00   0.0000
  599.00   0.0000
  600.00   0.0002
  601.00   0.0000
  602.00   0.0000
  603.00   0.0000
  604.00   0.0000
  605.00   0.0000
  606.00   0.0000
  607.00   0.0000
  608.00   0.0000
  609.00   0.0000
  610.00   0.0000
  611.00   0.0000
  612.00   0.0000
  613.00   0.0000
  614.00   0.0000
  615.00   0.0000
  616.00   0.0001
  617.00   0.0000
  618.00   0.0000
  619.00   0.0001
  620.00   0.0000
  621.00   0.0000
  622.00   0.0000
  623.00   0.0000
  624.00   0.0000
  625.00   0.0000
  626.00   0.0000
  627.00   0.0000
  628.00   0.0000
  629.00   0.0000
  630.00   0.0000
  631.00   0.0002
  632.00   0.0000
  633.00   0.0000
  634.00   0.0001
  635.00   0.0001
  636.00   0.0003
  637.00   0.0001
  638.00   0.0001
  639.00   0.0000
  640.00   0.0000
  641.00   0.0000
  642.00   0.0001
  643.00   0.0001
  644.00   0.0000
  645.00   0.0000
  646.00   0.0000
  647.00   0.0001
  648.00   0.0000
  649.00   0.0001
  650.00   0.0000
  651.00   0.0000
  652.00   0.0000
  653.00   0.0003
  654.00   0.0001
  655.00   0.0000
  656.00   0.0001
  657.00   0.0000
  658.00   0.0000
  659.00   0.0000
  660.00   0.0000
  661.00   0.0000
  662.00   0.0005
  663.00   0.0002
  664.00   0.0001
  665.00   0.0000
  666.00   0.0001
  667.00   0.0000
  668.00   0.0001
  669.00   0.0000
  670.00   0.0000
  671.00   0.0000
  672.00   0.0000
  673.00   0.0000
  674.00   0.0000
  675.00   0.0000
  676.00   0.0000
  677.00   0.0001
  678.00   0.0000
  679.00   0.0002
  680.00   0.0000
  681.00   0.0001
  682.00   0.0001
  683.00   0.0003
  684.00   0.0000
  685.00   0.0000
  686.00   0.0002
  687.00   0.0006
  688.00   0.0021
  689.00   0.0030
  690.00   0.0003
  691.00   0.0001
  692.00   0.0003
  693.00   0.0000
  694.00   0.0002
  695.00   0.0000
  696.00   0.0002
  697.00   0.0000
  698.00   0.0003
  699.00   0.0000
  700.00   0.0003
  701.00   0.0000
  702.00   0.0000
  703.00   0.0000
  704.00   0.0001
  705.00   0.0003
  706.00   0.0002
  707.00   0.0004
  708.00   0.0001
  709.00   0.0004
  710.00   0.0002
  711.00   0.0008
  712.00   0.0002
  713.00   0.0005
  714.00   0.0001
  715.00   0.0007
  716.00   0.0006
  717.00   0.0005
  718.00   0.0005
  719.00   0.0002
  720.00   0.0004
  721.00   0.0002
  722.00   0.0009
  723.00   0.0003
  724.00   0.0005
  725.00   0.0001
  726.00   0.0005
  727.00   0.0001
  728.00   0.0001
  729.00   0.0003
  730.00   0.0002
  731.00   0.0000
  732.00   0.0000
  733.00   0.0004
  734.00   0.0000
  735.00   0.0001
  736.00   0.0000
  737.00   0.0000
  738.00   0.0000
  739.00   0.0002
  740.00   0.0000
  741.00   0.0000
  742.00   0.0000
  743.00   0.0000
  744.00   0.0000
  745.00   0.0000
  746.00   0.0000
  747.00   0.0000
  748.00   0.0002
  749.00   0.0000
  750.00   0.0001
  751.00   0.0000
  752.00   0.0000
  753.00   0.0000
  754.00   0.0000
  755.00   0.0000
  756.00   0.0000
  757.00   0.0002
  758.00   0.0000
  759.00   0.0000
  760.00   0.0000
  761.00   0.0000
  762.00   0.0000
  763.00   0.0004
  764.00   0.0000
  765.00   0.0000
  766.00   0.0000
  767.00   0.0000
  768.00   0.0000
  769.00   0.0000
  770.00   0.0000
  771.00   0.0000
  772.00   0.0001
  773.00   0.0000
  774.00   0.0000
  775.00   0.0000
  776.00   0.0000
  777.00   0.0000
  778.00   0.0002
  779.00   0.0000
  780.00   0.0002
  781.00   0.0000
  782.00   0.0000
  783.00   0.0000
  784.00   0.0000
  785.00   0.0000
  786.00   0.0000
  787.00   0.0000
  788.00   0.0000
  789.00   0.0000
  790.00   0.0000
  791.00   0.0000
  792.00   0.0000
  793.00   0.0000
  794.00   0.0000
  795.00   0.0000
  796.00   0.0000
  797.00   0.0000
  798.00   0.0000
  799.00   0.0000
  800.00   0.0000
  801.00   0.0000
  802.00   0.0000
  803.00   0.0000
  804.00   0.0005
  805.00   0.0012
  806.00   0.0040
  807.00   0.0090
  808.00   0.0169
  809.00   0.0085
  810.00   0.0000
  811.00   0.0000
  812.00   0.0000
  813.00   0.0000
  814.00   0.0000
  815.00   0.0000
  816.00   0.0000
  817.00   0.0000
  818.00   0.0000
  819.00  -0.0010
  820.00  -0.0010
  821.00   0.0000
  822.00  -0.0010
  823.00  -0.0010
  824.00  -0.0020
  825.00  -0.0020
  826.00  -0.0030
  827.00  -0.0020
  828.00  -0.0030
  829.00  -0.0030
  830.00  -0.0050
  831.00  -0.0040
  832.00  -0.0060
  833.00  -0.0060
  834.00  -0.0060
  835.00  -0.0070
  836.00  -0.0070
  837.00  -0.0080
  838.00  -0.0080
  839.00  -0.0090
  840.00  -0.0090
  841.00  -0.0090
  842.00  -0.0090
  843.00  -0.0090
  844.00  -0.0090
  845.00  -0.0090
  846.00  -0.0090
  847.00  -0.0090
  848.00  -0.0090
  849.00  -0.0100
  850.00  -0.0090
  851.00  -0.0100
  852.00  -0.0100
  853.00  -0.0100
  854.00  -0.0090
  855.00  -0.0060
  856.00  -0.0090
  857.00   0.0398
  858.00   0.0823
  859.00   0.1786
  860.00   0.0517
  861.00  -0.0010
  862.00   0.0047
  863.00   0.0060
  864.00   0.0005
  865.00   0.0010
  866.00   0.0006
  867.00  -0.0010
  868.00   0.0023
  869.00   0.0017
  870.00  -0.0010
  871.00   0.0025
  872.00   0.0001
  873.00  -0.0030
  874.00   0.0008
  875.00   0.0029
  876.00   0.0000
  877.00   0.0010
  878.00  -0.0030
  879.00  -0.0030
  880.00   0.0027
  881.00   0.0027
  882.00   0.0000
  883.00   0.0036
  884.00   0.0010
  885.00   0.0000
  886.00   0.0027
  887.00   0.0003
  888.00  -0.0030
  889.00   0.0016
  890.00  -0.0010
  891.00  -0.0020
  892.00   0.0018
  893.00   0.0005
  894.00  -0.0010
  895.00   0.0026
  896.00   0.0001
  897.00   0.0000
  898.00   0.0017
  899.00   0.0012
  900.00  -0.0010
  901.00   0.0017
  902.00   0.0000
  903.00  -0.0010
  904.00   0.0027
  905.00   0.0023
  906.00  -0.0010
  907.00   0.0008
  908.00   0.0000
  909.00  -0.0010
  910.00   0.0003
  911.00   0.0005
  912.00   0.0000
  913.00   0.0016
  914.00   0.0000
  915.00   0.0000
  916.00   0.0011
  917.00   0.0005
  918.00   0.0000
  919.00   0.0008
  920.00  -0.0020
  921.00   0.0009
  922.00   0.0014
  923.00   0.0000
  924.00   0.0003
  925.00   0.0015
  926.00   0.0000
  927.00   0.0015
  928.00   0.0016
  929.00   0.0000
  930.00   0.0003
  931.00   0.0011
  932.00  -0.0010
  933.00   0.0011
  934.00   0.0006
  935.00   0.0000
  936.00   0.0006
  937.00   0.0020
  938.00   0.0002
  939.00   0.0026
  940.00   0.0015
  941.00   0.0002
  942.00   0.0005
  943.00   0.0014
  944.00   0.0001
  945.00   0.0015
  946.00   0.0014
  947.00   0.0000
  948.00   0.0006
  949.00   0.0009
  950.00   0.0000
  951.00   0.0008
  952.00   0.0005
  953.00   0.0001
  954.00   0.0007
  955.00   0.0009
  956.00   0.0000
  957.00   0.0009
  958.00   0.0013
  959.00   0.0002
  960.00   0.0003
  961.00   0.0009
  962.00   0.0001
  963.00   0.0013
  964.00   0.0010
  965.00   0.0000
  966.00   0.0006
  967.00   0.0011
  968.00   0.0000
  969.00   0.0008
  970.00   0.0003
  971.00   0.0000
  972.00   0.0001
  973.00   0.0003
  974.00   0.0000
  975.00   0.0009
  976.00   0.0010
  977.00   0.0002
  978.00   0.0005
  979.00   0.0007
  980.00   0.0000
  981.00   0.0008
  982.00   0.0002
  983.00   0.0000
  984.00   0.0000
  985.00   0.0003
  986.00   0.0000
  987.00   0.0006
  988.00   0.0005
  989.00   0.0000
  990.00   0.0001
  991.00   0.0003
  992.00   0.0000
  993.00   0.0001
  994.00   0.0000
  995.00   0.0000
  996.00   0.0003
  997.00   0.0006
  998.00   0.0000
  999.00   0.0003
 1000.00   0.0002
 1001.00   0.0002
 1002.00   0.0004
 1003.00   0.0003
 1004.00   0.0000
 1005.00   0.0000
 1006.00   0.0001
 1007.00   0.0000
 1008.00   0.0000
 1009.00   0.0002
 1010.00   0.0000
 1011.00   0.0005
 1012.00   0.0003
 1013.00   0.0000
 1014.00   0.0000
 1015.00   0.0002
 1016.00   0.0000
 1017.00   0.0000
 1018.00   0.0001
 1019.00   0.0000
 1020.00   0.0000
 1021.00   0.0000
 1022.00   0.0000
 1023.00   0.0004
 1024.00   0.0001
 1025.00   0.0000
 1026.00   0.0000
 1027.00   0.0001
 1028.00   0.0000
 1029.00   0.0003
 1030.00   0.0003
 1031.00   0.0003
 1032.00   0.0004
 1033.00   0.0003
 1034.00   0.0000
 1035.00   0.0002
 1036.00   0.0000
 1037.00   0.0000
 1038.00   0.0001
 1039.00   0.0003
 1040.00   0.0001
 1041.00   0.0002
 1042.00   0.0003
 1043.00   0.0002
 1044.00   0.0001
 1045.00   0.0000
 1046.00   0.0000
 1047.00   0.0003
 1048.00   0.0000
 1049.00   0.0001
 1050.00   0.0006
 1051.00   0.0005
 1052.00   0.0002
 1053.00   0.0001
 1054.00   0.0002
 1055.00   0.0004
 1056.00   0.0003
 1057.00   0.0000
 1058.00   0.0000
 1059.00   0.0001
 1060.00   0.0000
 1061.00   0.0000
 1062.00   0.0000
 1063.00   0.0002
 1064.00   0.0002
 1065.00   0.0000
 1066.00   0.0000
 1067.00   0.0000
 1068.00   0.0001
 1069.00   0.0002
 1070.00   0.0000
 1071.00   0.0001
 1072.00   0.0002
 1073.00   0.0000
 1074.00   0.0000
 1075.00   0.0000
 1076.00   0.0003
 1077.00   0.0000
 1078.00   0.0000
 1079.00   0.0000
 1080.00   0.0002
 1081.00   0.0003
 1082.00   0.0000
 1083.00   0.0000
 1084.00   0.0001
 1085.00   0.0000
 1086.00   0.0001
 1087.00   0.0000
 1088.00   0.0000
 1089.00   0.0001
 1090.00   0.0001
 1091.00   0.0003
 1092.00   0.0002
 1093.00   0.0000
 1094.00   0.0000
 1095.00   0.0000
 1096.00   0.0002
 1097.00   0.0001
 1098.00   0.0000
 1099.00   0.0000
 1100.00   0.0000
 1101.00   0.0000
 1102.00   0.0003
 1103.00   0.0002
 1104.00   0.0003
 1105.00   0.0003
 1106.00   0.0000
 1107.00   0.0000
 1108.00   0.0000
 1109.00   0.0000
 1110.00   0.0000
 1111.00   0.0002
 1112.00   0.0003
 1113.00   0.0003
 1114.00   0.0002
 1115.00   0.0002
 1116.00   0.0002
 1117.00   0.0000
 1118.00   0.0000
 1119.00   0.0000
 1120.00   0.0002
 1121.00   0.0004
 1122.00   0.0004
 1123.00   0.0005
 1124.00   0.0005
 1125.00   0.0002
 1126.00   0.0000
 1127.00   0.0000
 1128.00   0.0000
 1129.00   0.0000
 1130.00   0.0001
 1131.00   0.0004
 1132.00   0.0003
 1133.00   0.0002
 1134.00   0.0003
 1135.00   0.0002
 1136.00   0.0003
 1137.00   0.0000
 1138.00   0.0000
 1139.00   0.0000
 1140.00   0.0002
 1141.00   0.0003
 1142.00   0.0004
 1143.00   0.0002
 1144.00   0.0001
 1145.00   0.0001
 1146.00   0.0000
 1147.00   0.0001
 1148.00   0.0000
 1149.00   0.0000
 1150.00   0.0007
 1151.00   0.0005
 1152.00   0.0002
 1153.00   0.0005
 1154.00   0.0000
 1155.00   0.0000
 1156.00   0.0000
 1157.00   0.0000
 1158.00   0.0000
 1159.00   0.0000
 1160.00   0.0004
 1161.00   0.0005
 1162.00   0.0003
 1163.00   0.0002
 1164.00   0.0002
 1165.00   0.0005
 1166.00   0.0006
 1167.00   0.0007
 1168.00   0.0006
 1169.00   0.0001
 1170.00   0.0000
 1171.00   0.0000
 1172.00   0.0000
 1173.00   0.0000
 1174.00   0.0000
 1175.00   0.0000
 1176.00   0.0000
 1177.00   0.0000
 1178.00   0.0005
 1179.00   0.0005
 1180.00   0.0006
 1181.00   0.0003
 1182.00   0.0004
 1183.00   0.0003
 1184.00   0.0004
 1185.00   0.0003
 1186.00   0.0003
 1187.00   0.0004
 1188.00   0.0004
 1189.00   0.0003
 1190.00   0.0000
 1191.00   0.0000
 1192.00   0.0000
 1193.00   0.0004
 1194.00   0.0000
 1195.00   0.0005
 1196.00   0.0007
 1197.00   0.0005
 1198.00   0.0005
 1199.00   0.0006
 1200.00   0.0008
 1201.00   0.0006
 1202.00   0.0005
 1203.00   0.0005
 1204.00   0.0010
 1205.00   0.0008
 1206.00   0.0001
 1207.00   0.0002
 1208.00   0.0000
 1209.00   0.0000
 1210.00   0.0003
 1211.00   0.0000
 1212.00   0.0000
 1213.00   0.0001
 1214.00   0.0000
 1215.00   0.0004
 1216.00   0.0004
 1217.00   0.0005
 1218.00   0.0003
 1219.00   0.0002
 1220.00   0.0003
 1221.00   0.0006
 1222.00   0.0008
 1223.00   0.0007
 1224.00   0.0003
 1225.00   0.0005
 1226.00   0.0008
 1227.00   0.0010
 1228.00   0.0009
 1229.00   0.0005
 1230.00   0.0004
 1231.00   0.0008
 1232.00   0.0009
 1233.00   0.0009
 1234.00   0.0006
 1235.00   0.0000
 1236.00   0.0000
 1237.00   0.0001
 1238.00   0.0001
 1239.00   0.0000
 1240.00   0.0004
 1241.00   0.0000
 1242.00   0.0000
 1243.00   0.0002
 1244.00   0.0000
 1245.00   0.0000
 1246.00   0.0003
 1247.00   0.0000
 1248.00   0.0000
 1249.00   0.0000
 1250.00   0.0000
 1251.00   0.0000
 1252.00   0.0003
 1253.00   0.0005
 1254.00   0.0003
 1255.00   0.0002
 1256.00   0.0007
 1257.00   0.0009
 1258.00   0.0008
 1259.00   0.0006
 1260.00   0.0006
 1261.00   0.0007
 1262.00   0.0008
 1263.00   0.0008
 1264.00   0.0007
 1265.00   0.0002
 1266.00   0.0000
 1267.00   0.0000
 1268.00   0.0001
 1269.00   0.0001
 1270.00   0.0000
 1271.00   0.0000
 1272.00   0.0005
 1273.00   0.0007
 1274.00   0.0008
 1275.00   0.0009
 1276.00   0.0010
 1277.00   0.0009
 1278.00   0.0011
 1279.00   0.0012
 1280.00   0.0011
 1281.00   0.0006
 1282.00   0.0003
 1283.00   0.0006
 1284.00   0.0007
 1285.00   0.0012
 1286.00   0.0013
 1287.00   0.0013
 1288.00   0.0011
 1289.00   0.0015
 1290.00   0.0019
 1291.00   0.0021
 1292.00   0.0018
 1293.00   0.0018
 1294.00   0.0015
 1295.00   0.0014
 1296.00   0.0015
 1297.00   0.0017
 1298.00   0.0018
 1299.00   0.0022
 1300.00   0.0026
 1301.00   0.0028
 1302.00   0.0031
 1303.00   0.0027
 1304.00   0.0028
 1305.00   0.0041
 1306.00   0.0058
 1307.00   0.0078
 1308.00   0.0097
 1309.00   0.0101
 1310.00   0.0082
 1311.00   0.0040
 1312.00   0.0003
 1313.00   0.0000
 1314.00   0.0000
 1315.00   0.0000
 1316.00   0.0000
 1317.00   0.0000
 1318.00   0.0000
 1319.00   0.0000
 1320.00   0.0000
 1321.00  -0.0010
 1322.00  -0.0010
 1323.00  -0.0010
 1324.00  -0.0010
 1325.00  -0.0010
 1326.00  -0.0010
 1327.00   0.0000
 1328.00  -0.0010
 1329.00  -0.0010
 1330.00  -0.0010
 1331.00  -0.0010
 1332.00  -0.0010
 1333.00  -0.0010
 1334.00  -0.0010
 1335.00  -0.0010
 1336.00  -0.0010
 1337.00  -0.0010
 1338.00  -0.0010
 1339.00  -0.0010
 1340.00  -0.0010
 1341.00  -0.0010
 1342.00  -0.0010
 1343.00   0.0000
 1344.00   0.0000
 1345.00   0.0000
 1346.00   0.0000
 1347.00   0.0003
 1348.00   0.0003
 1349.00   0.0008
 1350.00   0.0011
 1351.00   0.0013
 1352.00   0.0019
 1353.00   0.0019
 1354.00   0.0024
 1355.00   0.0028
 1356.00   0.0029
 1357.00   0.0028
 1358.00   0.0028
 1359.00   0.0028
 1360.00   0.0028
 1361.00   0.0028
 1362.00   0.0030
 1363.00   0.0031
 1364.00   0.0031
 1365.00   0.0031
 1366.00   0.0035
 1367.00   0.0037
 1368.00   0.0040
 1369.00   0.0038
 1370.00   0.0041
 1371.00   0.0041
 1372.00   0.0040
 1373.00   0.0042
 1374.00   0.0044
 1375.00   0.0039
 1376.00   0.0046
 1377.00   0.0044
 1378.00   0.0045
 1379.00   0.0048
 1380.00   0.0050
 1381.00   0.0050
 1382.00   0.0057
 1383.00   0.0057
 1384.00   0.0056
 1385.00   0.0061
 1386.00   0.0067
 1387.00   0.0068
 1388.00   0.0078
 1389.00   0.0077
 1390.00   0.0079
 1391.00   0.0085
 1392.00   0.0087
 1393.00   0.0093
 1394.00   0.0102
 1395.00   0.0102
 1396.00   0.0109
 1397.00   0.0122
 1398.00   0.0127
 1399.00   0.0138
 1400.00   0.0619
 1401.00   0.0408
 1402.00  -0.0440
 1403.00  -0.0230
 1404.00   0.0131
 1405.00   0.0840
 1406.00   0.0286
 1407.00   0.0045
 1408.00  -0.0750
 1409.00   0.0328
 1410.00   0.0000
 1411.00   0.0585
 1412.00   0.0114
 1413.00  -0.0290
 1414.00   0.0385
 1415.00   0.1362
 1416.00   0.0135
 1417.00  -0.0440
 1418.00  -0.0430
 1419.00   0.0297
 1420.00   0.0419
 1421.00   0.0596
 1422.00   0.1146
 1423.00   0.0020
 1424.00   0.0836
 1425.00   0.1698
 1426.00   0.1580
 1427.00   0.1106
 1428.00  -0.0120
 1429.00   0.0558
 1430.00   0.0821
 1431.00   0.1479
 1432.00   0.0924
 1433.00   0.2295
 1434.00   0.1479
 1435.00   0.1562
 1436.00   0.1779
 1437.00   0.2277
 1438.00   0.2401
 1439.00   0.3021
 1440.00   0.3063
 1441.00   0.2793
 1442.00   0.2633
 1443.00   0.2436
 1444.00   0.2887
 1445.00   0.3666
 1446.00   0.4107
 1447.00   0.4528
 1448.00   0.4152
 1449.00   0.2479
 1450.00   0.4827
 1451.00   0.5627
 1452.00   0.5117
 1453.00   0.4975
 1454.00   0.3983
 1455.00   0.6724
 1456.00   0.6780
 1457.00   0.7285
 1458.00   0.7516
 1459.00   0.8875
 1460.00   0.9238
 1461.00   1.0095
 1462.00   0.9817
 1463.00   0.9654
 1464.00   1.0953
 1465.00   1.2660
 1466.00   1.4414
 1467.00   1.4773
 1468.00   1.6973
 1469.00   1.7678
 1470.00   2.0131
 1471.00   2.2561
 1472.00   2.3878
 1473.00   2.6577
 1474.00   3.0127
 1475.00   3.2411
 1476.00   3.5526
 1477.00   3.9811
 1478.00   4.3953
 1479.00   4.9686
 1480.00   5.5056
 1481.00   6.1373
 1482.00   6.9916
 1483.00   7.8400
 1484.00   8.7439
 1485.00   9.9695
 1486.00  10.9680
 1487.00  12.4630
 1488.00  14.1090
 1489.00  15.7990
 1490.00  17.7160
 1491.00  19.8960
 1492.00  22.4160
 1493.00  25.0050
 1494.00  27.9440
 1495.00  31.0050
 1496.00  34.4520
 1497.00  38.1140
 1498.00  42.2830
 1499.00  46.1760
 1500.00  50.0900
 1501.00  54.6480
 1502.00  58.6200
 1503.00  62.6340
 1504.00  67.1020
 1505.00  70.8730
 1506.00  74.0880
 1507.00  77.8720
 1508.00  80.6880
 1509.00  82.5640
 1510.00  85.4810
 1511.00  87.1950
 1512.00  88.1380
 1513.00  89.5870
 1514.00  90.4410
 1515.00  90.1970
 1516.00  90.5610
 1517.00  90.8270
 1518.00  90.0470
 1519.00  89.7210
 1520.00  89.7530
 1521.00  88.5800
 1522.00  87.9510
 1523.00  87.8560
 1524.00  86.8250
 1525.00  86.0660
 1526.00  86.1900
 1527.00  85.2490
 1528.00  84.6340
 1529.00  84.8210
 1530.00  84.1040
 1531.00  83.7320
 1532.00  84.2690
 1533.00  83.6860
 1534.00  83.5400
 1535.00  84.1530
 1536.00  83.6940
 1537.00  83.9480
 1538.00  84.6310
 1539.00  84.2460
 1540.00  84.9040
 1541.00  85.5500
 1542.00  85.3740
 1543.00  86.2790
 1544.00  86.6960
 1545.00  86.6640
 1546.00  87.7650
 1547.00  87.9860
 1548.00  88.1150
 1549.00  89.2690
 1550.00  89.2630
 1551.00  89.5030
 1552.00  90.5270
 1553.00  90.2940
 1554.00  90.7640
 1555.00  91.5340
 1556.00  91.1530
 1557.00  91.7060
 1558.00  92.2320
 1559.00  91.6030
 1560.00  92.4020
 1561.00  92.6380
 1562.00  92.0380
 1563.00  92.7230
 1564.00  92.4140
 1565.00  92.2240
 1566.00  92.8440
 1567.00  92.2420
 1568.00  92.3080
 1569.00  92.6870
 1570.00  92.0060
 1571.00  92.4410
 1572.00  92.3560
 1573.00  91.9120
 1574.00  92.4830
 1575.00  92.0180
 1576.00  91.9420
 1577.00  92.3290
 1578.00  91.7960
 1579.00  92.1670
 1580.00  92.0390
 1581.00  91.8450
 1582.00  92.3670
 1583.00  91.8000
 1584.00  92.0970
 1585.00  92.1310
 1586.00  91.7440
 1587.00  92.2490
 1588.00  91.7260
 1589.00  91.8540
 1590.00  91.9910
 1591.00  91.4250
 1592.00  92.1730
 1593.00  91.8140
 1594.00  91.5230
 1595.00  91.9180
 1596.00  91.2760
 1597.00  91.6310
 1598.00  91.5040
 1599.00  91.1760
 1600.00  91.6540
 1601.00  91.0280
 1602.00  91.1760
 1603.00  91.2320
 1604.00  90.8130
 1605.00  91.2350
 1606.00  90.5920
 1607.00  90.7910
 1608.00  90.9350
 1609.00  90.3840
 1610.00  90.7270
 1611.00  90.2700
 1612.00  90.4790
 1613.00  90.4520
 1614.00  90.1240
 1615.00  90.4840
 1616.00  89.9520
 1617.00  90.3650
 1618.00  90.2550
 1619.00  89.9960
 1620.00  90.3670
 1621.00  89.9190
 1622.00  90.3020
 1623.00  90.0290
 1624.00  90.2460
 1625.00  90.2480
 1626.00  90.0580
 1627.00  90.6070
 1628.00  90.0950
 1629.00  90.5690
 1630.00  90.3860
 1631.00  90.3270
 1632.00  90.6270
 1633.00  90.3150
 1634.00  90.8610
 1635.00  90.4130
 1636.00  90.7090
 1637.00  90.7650
 1638.00  90.4970
 1639.00  91.0650
 1640.00  90.5070
 1641.00  91.2990
 1642.00  91.0860
 1643.00  90.8070
 1644.00  91.2490
 1645.00  90.8390
 1646.00  91.4650
 1647.00  90.9830
 1648.00  91.4450
 1649.00  91.4080
 1650.00  91.2980
 1651.00  91.7780
 1652.00  91.2860
 1653.00  91.9520
 1654.00  91.3600
 1655.00  91.8950
 1656.00  91.6910
 1657.00  91.8640
 1658.00  92.1080
 1659.00  91.8350
 1660.00  92.5350
 1661.00  91.9860
 1662.00  92.7330
 1663.00  92.1490
 1664.00  92.7250
 1665.00  92.5240
 1666.00  92.7770
 1667.00  93.0490
 1668.00  92.6750
 1669.00  93.5720
 1670.00  92.7330
 1671.00  93.5620
 1672.00  93.1300
 1673.00  93.8510
 1674.00  93.5940
 1675.00  93.6680
 1676.00  94.2140
 1677.00  93.7300
 1678.00  94.4480
 1679.00  93.7550
 1680.00  94.6010
 1681.00  94.0200
 1682.00  94.5700
 1683.00  94.4350
 1684.00  94.3720
 1685.00  94.7850
 1686.00  94.3060
 1687.00  94.9990
 1688.00  94.3820
 1689.00  95.4650
 1690.00  94.3690
 1691.00  95.0480
 1692.00  94.5020
 1693.00  95.0450
 1694.00  94.7800
 1695.00  94.7020
 1696.00  95.0030
 1697.00  94.6610
 1698.00  95.1560
 1699.00  94.6110
 1700.00  95.2100
 1701.00  94.5230
 1702.00  95.1400
 1703.00  94.3910
 1704.00  95.2320
 1705.00  94.4740
 1706.00  95.1040
 1707.00  94.5720
 1708.00  94.9820
 1709.00  94.7780
 1710.00  94.7840
 1711.00  94.9560
 1712.00  94.7320
 1713.00  95.0000
 1714.00  94.5270
 1715.00  95.1280
 1716.00  94.5580
 1717.00  95.1540
 1718.00  94.4090
 1719.00  95.1290
 1720.00  94.4300
 1721.00  94.9160
 1722.00  94.4310
 1723.00  94.7540
 1724.00  94.5330
 1725.00  94.5840
 1726.00  94.5390
 1727.00  94.3670
 1728.00  94.4680
 1729.00  94.1370
 1730.00  94.4230
 1731.00  94.0240
 1732.00  94.5360
 1733.00  93.7110
 1734.00  94.0960
 1735.00  93.4220
 1736.00  94.1810
 1737.00  93.2640
 1738.00  93.7620
 1739.00  93.0540
 1740.00  93.3240
 1741.00  92.8110
 1742.00  92.9820
 1743.00  92.3830
 1744.00  92.6590
 1745.00  92.0910
 1746.00  92.3500
 1747.00  91.7350
 1748.00  91.9450
 1749.00  91.3450
 1750.00  91.6640
 1751.00  90.9180
 1752.00  91.1250
 1753.00  90.5420
 1754.00  90.6860
 1755.00  90.2030
 1756.00  90.3580
 1757.00  89.7500
 1758.00  89.8460
 1759.00  89.3550
 1760.00  89.3600
 1761.00  88.7930
 1762.00  88.7400
 1763.00  88.1800
 1764.00  87.9640
 1765.00  87.4560
 1766.00  87.2310
 1767.00  86.6010
 1768.00  86.2330
 1769.00  85.4130
 1770.00  85.1060
 1771.00  84.1770
 1772.00  83.5200
 1773.00  82.6760
 1774.00  81.7730
 1775.00  80.6480
 1776.00  79.5120
 1777.00  78.1280
 1778.00  76.8780
 1779.00  75.2210
 1780.00  73.7530
 1781.00  71.9050
 1782.00  69.8050
 1783.00  67.7080
 1784.00  65.4690
 1785.00  63.1330
 1786.00  60.8040
 1787.00  58.4490
 1788.00  55.6940
 1789.00  53.1350
 1790.00  50.5140
 1791.00  47.6670
 1792.00  45.0440
 1793.00  42.2280
 1794.00  39.4930
 1795.00  36.9950
 1796.00  34.4150
 1797.00  32.2130
 1798.00  29.6850
 1799.00  27.6480
 1800.00  25.4900
 1801.00  23.5180
 1802.00  21.6270
 1803.00  19.9440
 1804.00  18.2080
 1805.00  16.8460
 1806.00  15.3480
 1807.00  14.1570
 1808.00  13.0670
 1809.00  11.9660
 1810.00  11.0480
 1811.00  10.0540
 1812.00   9.2229
 1813.00   8.4464
 1814.00   7.9523
 1815.00   7.2897
 1816.00   6.6755
 1817.00   6.1063
 1818.00   5.5639
 1819.00   5.0554
 1820.00   4.7180
 1821.00   4.2827
 1822.00   3.8582
 1823.00   3.7087
 1824.00   3.3558
 1825.00   3.0698
 1826.00   2.8302
 1827.00   2.6804
 1828.00   2.5557
 1829.00   2.3581
 1830.00   2.1339
 1831.00   1.8867
 1832.00   1.8091
 1833.00   1.8694
 1834.00   1.5903
 1835.00   1.4968
 1836.00   1.4490
 1837.00   1.2759
 1838.00   1.1616
 1839.00   1.0433
 1840.00   0.9995
 1841.00   1.0292
 1842.00   0.9889
 1843.00   0.8268
 1844.00   0.7483
 1845.00   0.7963
 1846.00   0.8404
 1847.00   0.7333
 1848.00   0.6310
 1849.00   0.6155
 1850.00   0.5962
 1851.00   0.5038
 1852.00   0.4815
 1853.00   0.4381
 1854.00   0.4089
 1855.00   0.4315
 1856.00   0.4607
 1857.00   0.4119
 1858.00   0.2454
 1859.00   0.2147
 1860.00   0.3187
 1861.00   0.2705
 1862.00   0.2308
 1863.00   0.2605
 1864.00   0.2144
 1865.00   0.2537
 1866.00   0.2327
 1867.00   0.0000
 1868.00   0.0609
 1869.00   0.3088
 1870.00   0.2907
 1871.00   0.1935
 1872.00   0.1577
 1873.00   0.1578
 1874.00   0.1518
 1875.00   0.1135
 1876.00   0.0778
 1877.00   0.1753
 1878.00   0.2779
 1879.00   0.2146
 1880.00   0.1036
 1881.00   0.1162
 1882.00   0.1009
 1883.00   0.0113
 1884.00   0.0860
 1885.00   0.1011
 1886.00   0.0646
 1887.00   0.0677
 1888.00   0.1023
 1889.00   0.0525
 1890.00   0.0283
 1891.00   0.0333
 1892.00   0.0554
 1893.00   0.0654
 1894.00   0.0984
 1895.00   0.1124
 1896.00   0.0607
 1897.00   0.0686
 1898.00   0.1112
 1899.00   0.0826
 1900.00   0.1016
 1901.00   0.0584
 1902.00   0.0575
 1903.00   0.0548
 1904.00   0.0522
 1905.00   0.0487
 1906.00   0.0480
 1907.00   0.0464
 1908.00   0.0462
 1909.00   0.0442
 1910.00   0.0418
 1911.00   0.0384
 1912.00   0.0385
 1913.00   0.0372
 1914.00   0.0376
 1915.00   0.0358
 1916.00   0.0335
 1917.00   0.0305
 1918.00   0.0308
 1919.00   0.0287
 1920.00   0.0293
 1921.00   0.0279
 1922.00   0.0273
 1923.00   0.0244
 1924.00   0.0247
 1925.00   0.0233
 1926.00   0.0244
 1927.00   0.0226
 1928.00   0.0216
 1929.00   0.0189
 1930.00   0.0200
 1931.00   0.0193
 1932.00   0.0202
 1933.00   0.0182
 1934.00   0.0179
 1935.00   0.0164
 1936.00   0.0160
 1937.00   0.0147
 1938.00   0.0167
 1939.00   0.0148
 1940.00   0.0150
 1941.00   0.0137
 1942.00   0.0132
 1943.00   0.0120
 1944.00   0.0140
 1945.00   0.0128
 1946.00   0.0119
 1947.00   0.0101
 1948.00   0.0101
 1949.00   0.0101
 1950.00   0.0108
 1951.00   0.0093
 1952.00   0.0095
 1953.00   0.0090
 1954.00   0.0085
 1955.00   0.0090
 1956.00   0.0101
 1957.00   0.0076
 1958.00   0.0077
 1959.00   0.0081
 1960.00   0.0073
 1961.00   0.0069
 1962.00   0.0085
 1963.00   0.0067
 1964.00   0.0080
 1965.00   0.0072
 1966.00   0.0057
 1967.00   0.0066
 1968.00   0.0067
 1969.00   0.0053
 1970.00   0.0063
 1971.00   0.0042
 1972.00   0.0051
 1973.00   0.0062
 1974.00   0.0053
 1975.00   0.0057
 1976.00   0.0049
 1977.00   0.0046
 1978.00   0.0035
 1979.00   0.0061
 1980.00   0.0037
 1981.00   0.0043
 1982.00   0.0041
 1983.00   0.0037
 1984.00   0.0031
 1985.00   0.0050
 1986.00   0.0044
 1987.00   0.0030
 1988.00   0.0035
 1989.00   0.0035
 1990.00   0.0034
 1991.00   0.0050
 1992.00   0.0037
 1993.00   0.0029
 1994.00   0.0036
 1995.00   0.0024
 1996.00   0.0020
 1997.00   0.0039
 1998.00   0.0036
 1999.00   0.0030
 2000.00   0.0033
 2001.00   0.0018
 2002.00   0.0029
 2003.00   0.0037
 2004.00   0.0026
 2005.00   0.0025
 2006.00   0.0029
 2007.00   0.0017
 2008.00   0.0022
 2009.00   0.0030
 2010.00   0.0018
 2011.00   0.0015
 2012.00   0.0028
 2013.00   0.0016
 2014.00   0.0016
 2015.00   0.0032
 2016.00   0.0029
 2017.00   0.0016
 2018.00   0.0036
 2019.00   0.0011
 2020.00   0.0017
 2021.00   0.0025
 2022.00   0.0016
 2023.00   0.0009
 2024.00   0.0024
 2025.00   0.0014
 2026.00   0.0019
 2027.00   0.0026
 2028.00   0.0023
 2029.00   0.0008
 2030.00   0.0017
 2031.00   0.0005
 2032.00   0.0019
 2033.00   0.0022
 2034.00   0.0018
 2035.00   0.0009
 2036.00   0.0018
 2037.00   0.0008
 2038.00   0.0015
 2039.00   0.0024
 2040.00   0.0017
 2041.00   0.0012
 2042.00   0.0015
 2043.00   0.0006
 2044.00   0.0017
 2045.00   0.0019
 2046.00   0.0012
 2047.00   0.0008
 2048.00   0.0017
 2049.00   0.0007
 2050.00   0.0014
 2051.00   0.0020
 2052.00   0.0014
 2053.00   0.0006
 2054.00   0.0012
 2055.00   0.0009
 2056.00   0.0011
 2057.00   0.0016
 2058.00   0.0009
 2059.00   0.0004
 2060.00   0.0007
 2061.00   0.0001
 2062.00   0.0004
 2063.00   0.0013
 2064.00   0.0010
 2065.00   0.0009
 2066.00   0.0005
 2067.00   0.0003
 2068.00   0.0000
 2069.00   0.0005
 2070.00   0.0010
 2071.00   0.0009
 2072.00   0.0008
 2073.00   0.0008
 2074.00   0.0003
 2075.00   0.0007
 2076.00   0.0008
 2077.00   0.0005
 2078.00   0.0001
 2079.00   0.0000
 2080.00   0.0000
 2081.00   0.0002
 2082.00   0.0001
 2083.00   0.0001
 2084.00   0.0000
 2085.00   0.0002
 2086.00   0.0001
 2087.00   0.0002
 2088.00   0.0000
 2089.00   0.0000
 2090.00   0.0000
 2091.00   0.0002
 2092.00   0.0001
 2093.00   0.0006
 2094.00   0.0010
 2095.00   0.0001
 2096.00   0.0000
 2097.00   0.0000
 2098.00   0.0000
 2099.00   0.0000
 2100.00   0.0000
 2101.00   0.0000
 2102.00   0.0004
 2103.00   0.0000
 2104.00   0.0000
 2105.00   0.0000
 2106.00   0.0000
 2107.00   0.0002
 2108.00   0.0003
 2109.00   0.0003
 2110.00   0.0004
 2111.00   0.0001
 2112.00   0.0000
 2113.00   0.0002
 2114.00   0.0000
 2115.00   0.0000
 2116.00   0.0004
 2117.00   0.0000
 2118.00   0.0000
 2119.00   0.0005
 2120.00   0.0000
 2121.00   0.0000
 2122.00   0.0000
 2123.00   0.0000
 2124.00   0.0000
 2125.00   0.0000
 2126.00   0.0000
 2127.00   0.0004
 2128.00   0.0008
 2129.00   0.0005
 2130.00   0.0000
 2131.00   0.0001
 2132.00   0.0000
 2133.00   0.0000
 2134.00   0.0009
 2135.00   0.0005
 2136.00   0.0000
 2137.00   0.0001
 2138.00   0.0000
 2139.00   0.0003
 2140.00   0.0006
 2141.00   0.0000
 2142.00   0.0000
 2143.00   0.0009
 2144.00   0.0008
 2145.00   0.0009
 2146.00   0.0014
 2147.00   0.0001
 2148.00   0.0000
 2149.00   0.0004
 2150.00   0.0001
 2151.00   0.0001
 2152.00   0.0012
 2153.00   0.0000
 2154.00   0.0000
 2155.00   0.0001
 2156.00   0.0006
 2157.00   0.0005
 2158.00   0.0015
 2159.00   0.0000
 2160.00   0.0000
 2161.00   0.0008
 2162.00   0.0004
 2163.00   0.0000
 2164.00   0.0008
 2165.00  -0.0010
 2166.00  -0.0010
 2167.00   0.0000
 2168.00   0.0000
 2169.00   0.0000
 2170.00   0.0009
 2171.00   0.0000
 2172.00   0.0000
 2173.00   0.0000
 2174.00   0.0008
 2175.00   0.0003
 2176.00   0.0014
 2177.00   0.0000
 2178.00  -0.0010
 2179.00   0.0007
 2180.00   0.0000
 2181.00   0.0000
 2182.00   0.0018
 2183.00   0.0001
 2184.00  -0.0010
 2185.00   0.0003
 2186.00   0.0006
 2187.00   0.0005
 2188.00   0.0017
 2189.00   0.0015
 2190.00  -0.0010
 2191.00   0.0000
 2192.00   0.0000
 2193.00   0.0008
 2194.00   0.0002
 2195.00   0.0007
 2196.00  -0.0020
 2197.00  -0.0010
 2198.00   0.0000
 2199.00   0.0002
 2200.00   0.0026
 2201.00   0.0023
 2202.00   0.0000
 2203.00   0.0004
 2204.00   0.0007
 2205.00   0.0000
 2206.00   0.0010
 2207.00   0.0018
 2208.00  -0.0010
 2209.00  -0.0010
 2210.00   0.0008
 2211.00   0.0008
 2212.00   0.0018
 2213.00   0.0010
 2214.00  -0.0010
 2215.00  -0.0020
 2216.00   0.0002
 2217.00   0.0000
 2218.00  -0.0010
 2219.00   0.0014
 2220.00  -0.0010
 2221.00  -0.0030
 2222.00   0.0012
 2223.00   0.0002
 2224.00   0.0011
 2225.00   0.0031
 2226.00   0.0002
 2227.00  -0.0010
 2228.00   0.0000
 2229.00   0.0000
 2230.00   0.0003
 2231.00   0.0023
 2232.00   0.0000
 2233.00  -0.0020
 2234.00   0.0013
 2235.00   0.0010
 2236.00   0.0031
 2237.00   0.0002
 2238.00   0.0000
 2239.00  -0.0010
 2240.00   0.0000
 2241.00   0.0015
 2242.00   0.0018
 2243.00   0.0025
 2244.00  -0.0010
 2245.00   0.0015
 2246.00   0.0000
 2247.00   0.0005
 2248.00   0.0004
 2249.00   0.0022
 2250.00  -0.0010
 2251.00  -0.0010
 2252.00   0.0000
 2253.00   0.0019
 2254.00   0.0000
 2255.00   0.0020
 2256.00  -0.0010
 2257.00   0.0000
 2258.00   0.0000
 2259.00   0.0000
 2260.00   0.0006
 2261.00   0.0003
 2262.00  -0.0020
 2263.00  -0.0020
 2264.00  -0.0010
 2265.00  -0.0010
 2266.00   0.0015
 2267.00   0.0003
 2268.00   0.0017
 2269.00  -0.0010
 2270.00  -0.0010
 2271.00   0.0000
 2272.00   0.0031
 2273.00   0.0000
 2274.00   0.0013
 2275.00   0.0004
 2276.00   0.0000
 2277.00   0.0002
 2278.00   0.0032
 2279.00   0.0003
 2280.00   0.0000
 2281.00   0.0000
 2282.00  -0.0010
 2283.00   0.0000
 2284.00   0.0022
 2285.00   0.0001
 2286.00   0.0000
 2287.00   0.0002
 2288.00  -0.0010
 2289.00   0.0005
 2290.00   0.0028
 2291.00  -0.0010
 2292.00   0.0000
 2293.00  -0.0010
 2294.00  -0.0020
 2295.00   0.0001
 2296.00   0.0019
 2297.00  -0.0010
 2298.00   0.0011
 2299.00   0.0003
 2300.00  -0.0030
 2301.00   0.0000
 2302.00   0.0021
 2303.00   0.0004
 2304.00   0.0020
 2305.00   0.0004
 2306.00  -0.0010
 2307.00   0.0009
 2308.00   0.0026
 2309.00   0.0003
 2310.00   0.0006
 2311.00   0.0000
 2312.00  -0.0020
 2313.00   0.0016
 2314.00   0.0015
 2315.00   0.0000
 2316.00  -0.0010
 2317.00  -0.0010
 2318.00  -0.0020
 2319.00   0.0012
 2320.00   0.0017
 2321.00   0.0000
 2322.00   0.0003
 2323.00  -0.0010
 2324.00  -0.0030
 2325.00   0.0016
 2326.00   0.0030
 2327.00   0.0000
 2328.00   0.0001
 2329.00   0.0009
 2330.00  -0.0010
 2331.00   0.0008
 2332.00   0.0025
 2333.00   0.0000
 2334.00   0.0001
 2335.00   0.0000
 2336.00  -0.0030
 2337.00   0.0004
 2338.00   0.0020
 2339.00   0.0011
 2340.00   0.0018
 2341.00   0.0022
 2342.00  -0.0020
 2343.00   0.0000
 2344.00   0.0016
 2345.00  -0.0010
 2346.00  -0.0020
 2347.00  -0.0010
 2348.00  -0.0030
 2349.00   0.0000
 2350.00   0.0038
 2351.00   0.0016
 2352.00   0.0009
 2353.00   0.0008
 2354.00  -0.0010
 2355.00   0.0013
 2356.00   0.0023
 2357.00   0.0006
 2358.00   0.0015
 2359.00   0.0009
 2360.00  -0.0020
 2361.00   0.0000
 2362.00   0.0008
 2363.00  -0.0010
 2364.00  -0.0010
 2365.00   0.0003
 2366.00  -0.0010
 2367.00   0.0002
 2368.00   0.0019
 2369.00   0.0000
 2370.00   0.0000
 2371.00   0.0016
 2372.00   0.0000
 2373.00   0.0000
 2374.00   0.0001
 2375.00   0.0000
 2376.00   0.0008
 2377.00   0.0015
 2378.00  -0.0010
 2379.00   0.0001
 2380.00   0.0023
 2381.00   0.0013
 2382.00   0.0003
 2383.00   0.0000
 2384.00  -0.0020
 2385.00   0.0000
 2386.00   0.0021
 2387.00   0.0005
 2388.00  -0.0010
 2389.00   0.0000
 2390.00   0.0000
 2391.00  -0.0010
 2392.00  -0.0010
 2393.00   0.0001
 2394.00   0.0011
 2395.00   0.0017
 2396.00   0.0009
 2397.00   0.0006
 2398.00   0.0005
 2399.00   0.0007
 2400.00   0.0013
 2401.00   0.0014
 2402.00   0.0008
 2403.00   0.0013
 2404.00   0.0018
 2405.00   0.0022
 2406.00   0.0028
 2407.00   0.0012
 2408.00  -0.0010
 2409.00   0.0000
 2410.00   0.0000
 2411.00  -0.0010
 2412.00   0.0015
 2413.00   0.0000
 2414.00   0.0003
 2415.00   0.0013
 2416.00   0.0002
 2417.00   0.0006
 2418.00   0.0037
 2419.00   0.0003
 2420.00   0.0003
 2421.00   0.0000
 2422.00   0.0000
 2423.00   0.0007
 2424.00   0.0037
 2425.00   0.0000
 2426.00   0.0000
 2427.00  -0.0010
 2428.00  -0.0010
 2429.00   0.0005
 2430.00   0.0028
 2431.00  -0.0010
 2432.00   0.0019
 2433.00   0.0028
 2434.00   0.0000
 2435.00   0.0000
 2436.00   0.0023
 2437.00  -0.0010
 2438.00   0.0006
 2439.00   0.0006
 2440.00   0.0000
 2441.00   0.0001
 2442.00   0.0021
 2443.00  -0.0010
 2444.00   0.0003
 2445.00   0.0025
 2446.00   0.0001
 2447.00   0.0008
 2448.00   0.0049
 2449.00   0.0013
 2450.00   0.0014
 2451.00   0.0018
 2452.00  -0.0020
 2453.00  -0.0030
 2454.00   0.0018
 2455.00   0.0003
 2456.00   0.0000
 2457.00   0.0035
 2458.00  -0.0010
 2459.00   0.0000
 2460.00   0.0020
 2461.00   0.0004
 2462.00  -0.0020
 2463.00   0.0017
 2464.00  -0.0020
 2465.00  -0.0020
 2466.00   0.0015
 2467.00   0.0000
 2468.00  -0.0040
 2469.00   0.0033
 2470.00  -0.0010
 2471.00  -0.0050
 2472.00   0.0000
 2473.00   0.0000
 2474.00  -0.0040
 2475.00   0.0033
 2476.00  -0.0020
 2477.00  -0.0030
 2478.00  -0.0010
 2479.00   0.0029
 2480.00   0.0009
 2481.00   0.0053
 2482.00   0.0025
 2483.00  -0.0030
 2484.00   0.0056
 2485.00   0.0067
 2486.00   0.0065
 2487.00   0.0088
 2488.00   0.0033
 2489.00   0.0006
 2490.00  -0.0040
 2491.00   0.0011
 2492.00  -0.0010
 2493.00   0.0001
 2494.00   0.0014
 2495.00  -0.0030
 2496.00   0.0000
 2497.00   0.0000
 2498.00   0.0000
 2499.00   0.0008
 2500.00   0.0006
 2503.13   0.0236
 2506.27   0.0115
 2509.41  -0.0134
 2512.56   0.0156
 2515.72   0.0033
 2518.89  -0.0050
 2522.07   0.0354
 2525.25   0.0121
 2528.45  -0.0051
 2531.65   0.0093
 2534.85  -0.0033
 2538.07   0.0091
 2541.30  -0.0195
 2544.53   0.0268
 2547.77   0.0023
 2551.02   0.0008
 2554.28   0.0102
 2557.54  -0.0039
 2560.82   0.0293
 2564.10  -0.0107
 2567.39   0.0343
 2570.69  -0.0015
 2574.00   0.0060
 2577.32   0.0000
 2580.65  -0.0010
 2583.98  -0.0176
 2587.32   0.0103
 2590.67   0.0068
 2594.03  -0.0132
 2597.40   0.0009
 2600.78   0.0076
 2604.17   0.0243
 2607.56  -0.0159
 2610.97   0.0011
 2614.38   0.0237
 2617.80   0.0560
 2621.23  -0.0374
 2624.67   0.0054
 2628.12  -0.0009
 2631.58   0.0260
 2635.05   0.0154
 2638.52   0.0071
 2642.01  -0.0048
 2645.50  -0.0323
 2649.01   0.0111
 2652.52   0.0085
 2656.04   0.0121
 2659.57  -0.0007
 2663.12   0.0091
 2666.67  -0.0120
 2670.23  -0.0035
 2673.80   0.0153
 2677.38  -0.0307
 2680.97   0.0100
 2684.56   0.0361
 2688.17  -0.0400
 2691.79   0.0245
 2695.42   0.0022
 2699.06   0.0049
 2702.70  -0.0171
 2706.36   0.0107
 2710.03   0.0172
 2713.70  -0.0071
 2717.39   0.0143
 2721.09   0.0328
 2724.80  -0.0021
 2728.51   0.0236
 2732.24   0.0091
 2735.98  -0.0049
 2739.73   0.0140
 2743.48   0.0059
 2747.25   0.0347
 2751.03   0.0129
 2754.82  -0.0430
 2758.62   0.0142
 2762.43   0.0298
 2766.25  -0.0001
 2770.08   0.0036
 2773.93   0.0139
 2777.78  -0.0019
 2781.64   0.0019
 2785.52  -0.0086
 2789.40   0.0384
 2793.30  -0.0112
 2797.20   0.0134
 2801.12  -0.0220
 2805.05   0.0191
 2808.99   0.0017
 2812.94   0.0453
 2816.90  -0.0058
 2820.87  -0.0087
 2824.86   0.0063
 2828.85   0.0071
 2832.86   0.0286
 2836.88  -0.0153
 2840.91  -0.0153
 2844.95   0.0076
 2849.00   0.0100
 2853.07   0.0006
 2857.14  -0.0020
 2861.23   0.0134
 2865.33   0.0507
 2869.44  -0.0123
 2873.56   0.0249
 2877.70   0.0013
 2881.84   0.0167
 2886.00   0.0261
 2890.17   0.0107
 2894.36   0.0347
 2898.55   0.0019
 2902.76  -0.0046
 2906.98   0.0156
 2911.21   0.0123
 2915.45  -0.0171
 2919.71   0.0276
 2923.98   0.0061
 2928.26   0.0002
 2932.55   0.0190
 2936.86   0.0036
 2941.18   0.0354
 2945.51  -0.0008
 2949.85   0.0115
 2954.21   0.0129
 2958.58  -0.0120
 2962.96   0.0007
 2967.36  -0.0017
 2971.77   0.0081
 2976.19  -0.0191
 2980.63   0.0301
 2985.07   0.0210
 2989.54   0.0365
 2994.01   0.0067
 2998.50   0.0210
 3003.00  -0.0016
 3007.52   0.0030
 3012.05   0.0262
 3016.59   0.0232
 3021.15   0.0229
 3025.72   0.0347
 3030.30   0.0365
 3034.90   0.0205
 3039.51  -0.0165
 3044.14   0.0196
 3048.78   0.0259
 3053.44   0.0126
 3058.10  -0.0020
 3062.79   0.0166
 3067.48   0.0245
 3072.20   0.0221
 3076.92   0.0286
 3081.66   0.0096
 3086.42   0.0394
 3091.19  -0.0043
 3095.98   0.0187
 3100.78   0.0053
 3105.59   0.0126
 3110.42  -0.0147
 3115.26   0.0228
 3120.12   0.0417
 3125.00   0.0093
 3129.89   0.0249
 3134.80   0.0122
 3139.72   0.0545
 3144.65   0.0176
 3149.61  -0.0005
 3154.57   0.0204
 3159.56   0.0222
 3164.56  -0.0107
 3169.57   0.0309
 3174.60   0.0083
 3179.65   0.0090
 3184.71   0.0252
 3189.79  -0.0033
 3194.89   0.0046
 3200.00   0.0056
