   500.00   0.0000
   501.00   0.0000
   502.00   0.0000
   503.00   0.0003
   504.00   0.0001
   505.00   0.0001
   506.00   0.0002
   507.00   0.0002
   508.00   0.0001
   509.00   0.0002
   510.00   0.0002
   511.00   0.0001
   512.00   0.0000
   513.00   0.0000
   514.00   0.0000
   515.00   0.0000
   516.00   0.0000
   517.00   0.0000
   518.00   0.0000
   519.00   0.0000
   520.00   0.0000
   521.00   0.0000
   522.00   0.0001
   523.00   0.0002
   524.00   0.0002
   525.00   0.0001
   526.00   0.0000
   527.00   0.0001
   528.00   0.0000
   529.00   0.0001
   530.00   0.0001
   531.00   0.0000
   532.00   0.0000
   533.00   0.0000
   534.00   0.0000
   535.00   0.0000
   536.00   0.0000
   537.00   0.0000
   538.00   0.0000
   539.00   0.0000
   540.00   0.0000
   541.00   0.0000
   542.00   0.0000
   543.00   0.0001
   544.00   0.0000
   545.00   0.0000
   546.00   0.0000
   547.00   0.0000
   548.00   0.0000
   549.00   0.0000
   550.00   0.0000
   551.00   0.0000
   552.00   0.0000
   553.00   0.0000
   554.00   0.0000
   555.00   0.0000
   556.00   0.0000
   557.00   0.0000
   558.00   0.0001
   559.00   0.0001
   560.00   0.0000
   561.00   0.0000
   562.00   0.0000
   563.00   0.0000
   564.00   0.0000
   565.00   0.0001
   566.00   0.0000
   567.00   0.0000
   568.00   0.0000
   569.00   0.0000
   570.00   0.0000
   571.00   0.0000
   572.00   0.0000
   573.00   0.0000
   574.00   0.0000
   575.00   0.0000
   576.00   0.0000
   577.00   0.0000
   578.00   0.0000
   579.00   0.0000
   580.00   0.0000
   581.00   0.0001
   582.00   0.0001
   583.00   0.0001
   584.00   0.0000
   585.00   0.0000
   586.00   0.0000
   587.00   0.0000
   588.00   0.0001
   589.00   0.0002
   590.00   0.0002
   591.00   0.0003
   592.00   0.0002
   593.00   0.0001
   594.00   0.0002
   595.00   0.0002
   596.00   0.0003
   597.00   0.0005
   598.00   0.0003
   599.00   0.0000
   600.00   0.0000
   601.00   0.0001
   602.00   0.0001
   603.00   0.0000
   604.00   0.0000
   605.00   0.0000
   606.00   0.0001
   607.00   0.0000
   608.00   0.0001
   609.00   0.0000
   610.00   0.0000
   611.00   0.0000
   612.00   0.0000
   613.00   0.0001
   614.00   0.0000
   615.00   0.0000
   616.00   0.0000
   617.00   0.0000
   618.00   0.0000
   619.00   0.0001
   620.00   0.0002
   621.00   0.0002
   622.00   0.0001
   623.00   0.0004
   624.00   0.0001
   625.00   0.0001
   626.00   0.0001
   627.00   0.0000
   628.00   0.0000
   629.00   0.0000
   630.00   0.0001
   631.00   0.0001
   632.00   0.0000
   633.00   0.0000
   634.00   0.0000
   635.00   0.0000
   636.00   0.0002
   637.00   0.0000
   638.00   0.0001
   639.00   0.0002
   640.00   0.0000
   641.00   0.0004
   642.00   0.0006
   643.00   0.0003
   644.00   0.0001
   645.00   0.0000
   646.00   0.0000
   647.00   0.0000
   648.00   0.0000
   649.00   0.0001
   650.00   0.0000
   651.00   0.0000
   652.00   0.0000
   653.00   0.0000
   654.00   0.0000
   655.00   0.0000
   656.00   0.0000
   657.00   0.0000
   658.00   0.0000
   659.00   0.0000
   660.00   0.0000
   661.00   0.0000
   662.00   0.0001
   663.00   0.0004
   664.00   0.0000
   665.00   0.0001
   666.00   0.0003
   667.00   0.0001
   668.00   0.0002
   669.00   0.0002
   670.00   0.0004
   671.00   0.0000
   672.00   0.0001
   673.00   0.0000
   674.00   0.0000
   675.00   0.0000
   676.00   0.0001
   677.00   0.0001
   678.00   0.0000
   679.00   0.0000
   680.00   0.0000
   681.00   0.0000
   682.00   0.0000
   683.00   0.0000
   684.00   0.0000
   685.00   0.0001
   686.00   0.0000
   687.00   0.0001
   688.00   0.0004
   689.00   0.0003
   690.00   0.0000
   691.00   0.0002
   692.00   0.0001
   693.00   0.0000
   694.00   0.0000
   695.00   0.0000
   696.00   0.0000
   697.00   0.0000
   698.00   0.0000
   699.00   0.0000
   700.00   0.0001
   701.00   0.0001
   702.00   0.0000
   703.00   0.0000
   704.00   0.0001
   705.00   0.0000
   706.00   0.0000
   707.00   0.0000
   708.00   0.0004
   709.00   0.0005
   710.00   0.0002
   711.00   0.0001
   712.00   0.0000
   713.00   0.0000
   714.00   0.0001
   715.00   0.0000
   716.00   0.0002
   717.00   0.0003
   718.00   0.0001
   719.00   0.0000
   720.00   0.0000
   721.00   0.0000
   722.00   0.0001
   723.00   0.0000
   724.00   0.0000
   725.00   0.0000
   726.00   0.0002
   727.00   0.0001
   728.00   0.0000
   729.00   0.0002
   730.00   0.0002
   731.00   0.0003
   732.00   0.0004
   733.00   0.0000
   734.00   0.0000
   735.00   0.0000
   736.00   0.0000
   737.00   0.0002
   738.00   0.0003
   739.00   0.0000
   740.00   0.0000
   741.00   0.0000
   742.00   0.0000
   743.00   0.0000
   744.00   0.0000
   745.00   0.0000
   746.00   0.0000
   747.00   0.0000
   748.00   0.0000
   749.00   0.0000
   750.00   0.0000
   751.00   0.0000
   752.00   0.0000
   753.00   0.0000
   754.00   0.0001
   755.00   0.0000
   756.00   0.0000
   757.00   0.0001
   758.00   0.0001
   759.00   0.0000
   760.00   0.0000
   761.00   0.0000
   762.00   0.0000
   763.00   0.0000
   764.00   0.0000
   765.00   0.0001
   766.00   0.0001
   767.00   0.0000
   768.00   0.0000
   769.00   0.0001
   770.00   0.0001
   771.00   0.0000
   772.00   0.0000
   773.00   0.0000
   774.00   0.0000
   775.00   0.0000
   776.00   0.0000
   777.00   0.0001
   778.00   0.0001
   779.00   0.0000
   780.00   0.0000
   781.00   0.0000
   782.00   0.0001
   783.00   0.0001
   784.00   0.0000
   785.00   0.0000
   786.00   0.0000
   787.00   0.0000
   788.00   0.0000
   789.00   0.0000
   790.00   0.0000
   791.00   0.0004
   792.00   0.0003
   793.00   0.0002
   794.00   0.0002
   795.00   0.0004
   796.00   0.0002
   797.00   0.0001
   798.00   0.0004
   799.00   0.0005
   800.00   0.0004
   801.00   0.0004
   802.00   0.0000
   803.00   0.0000
   804.00   0.0003
   805.00   0.0003
   806.00   0.0002
   807.00   0.0008
   808.00   0.0018
   809.00   0.0020
   810.00   0.0007
   811.00   0.0003
   812.00   0.0001
   813.00   0.0003
   814.00   0.0002
   815.00   0.0000
   816.00   0.0001
   817.00   0.0001
   818.00   0.0002
   819.00   0.0000
   820.00   0.0002
   821.00   0.0001
   822.00   0.0000
   823.00   0.0000
   824.00   0.0000
   825.00   0.0000
   826.00   0.0000
   827.00   0.0000
   828.00   0.0001
   829.00   0.0000
   830.00  -0.0010
   831.00  -0.0010
   832.00  -0.0010
   833.00  -0.0010
   834.00  -0.0010
   835.00   0.0000
   836.00  -0.0010
   837.00  -0.0010
   838.00  -0.0020
   839.00  -0.0010
   840.00  -0.0020
   841.00  -0.0030
   842.00  -0.0030
   843.00  -0.0020
   844.00  -0.0030
   845.00  -0.0020
   846.00  -0.0030
   847.00  -0.0010
   848.00  -0.0020
   849.00  -0.0030
   850.00  -0.0040
   851.00  -0.0050
   852.00   0.0000
   853.00   0.0000
   854.00   0.0053
   855.00   0.0109
   856.00   0.0213
   857.00   0.0273
   858.00   0.0379
   859.00   0.0369
   860.00   0.0023
   861.00   0.0000
   862.00   0.0016
   863.00  -0.0010
   864.00  -0.0010
   865.00  -0.0020
   866.00  -0.0030
   867.00  -0.0020
   868.00  -0.0020
   869.00  -0.0050
   870.00  -0.0050
   871.00   0.0000
   872.00  -0.0030
   873.00  -0.0030
   874.00   0.0006
   875.00   0.0015
   876.00   0.0021
   877.00   0.0000
   878.00   0.0000
   879.00  -0.0010
   880.00  -0.0010
   881.00   0.0023
   882.00   0.0009
   883.00   0.0004
   884.00   0.0013
   885.00   0.0002
   886.00   0.0004
   887.00  -0.0010
   888.00   0.0000
   889.00   0.0010
   890.00   0.0008
   891.00   0.0008
   892.00   0.0000
   893.00   0.0000
   894.00  -0.0010
   895.00   0.0000
   896.00   0.0001
   897.00   0.0019
   898.00   0.0000
   899.00   0.0004
   900.00   0.0003
   901.00   0.0002
   902.00  -0.0030
   903.00   0.0019
   904.00   0.0021
   905.00   0.0006
   906.00   0.0000
   907.00   0.0000
   908.00   0.0013
   909.00   0.0000
   910.00   0.0001
   911.00   0.0006
   912.00   0.0009
   913.00   0.0008
   914.00   0.0009
   915.00   0.0007
   916.00   0.0009
   917.00   0.0000
   918.00   0.0001
   919.00   0.0013
   920.00   0.0000
   921.00   0.0000
   922.00   0.0004
   923.00   0.0005
   924.00   0.0000
   925.00   0.0000
   926.00   0.0002
   927.00   0.0000
   928.00   0.0004
   929.00   0.0007
   930.00   0.0001
   931.00   0.0008
   932.00   0.0001
   933.00   0.0011
   934.00   0.0009
   935.00  -0.0010
   936.00   0.0000
   937.00   0.0000
   938.00   0.0000
   939.00   0.0000
   940.00   0.0000
   941.00   0.0003
   942.00   0.0000
   943.00   0.0000
   944.00   0.0010
   945.00   0.0009
   946.00   0.0009
   947.00   0.0000
   948.00   0.0000
   949.00   0.0010
   950.00   0.0006
   951.00   0.0004
   952.00   0.0008
   953.00   0.0008
   954.00   0.0004
   955.00   0.0001
   956.00   0.0007
   957.00   0.0000
   958.00   0.0002
   959.00   0.0000
   960.00   0.0000
   961.00   0.0000
   962.00   0.0004
   963.00   0.0013
   964.00   0.0007
   965.00   0.0006
   966.00   0.0016
   967.00   0.0003
   968.00  -0.0010
   969.00   0.0007
   970.00   0.0000
   971.00   0.0008
   972.00   0.0006
   973.00   0.0000
   974.00   0.0000
   975.00   0.0007
   976.00   0.0002
   977.00   0.0000
   978.00  -0.0010
   979.00   0.0000
   980.00   0.0000
   981.00   0.0000
   982.00   0.0008
   983.00   0.0009
   984.00   0.0001
   985.00   0.0000
   986.00   0.0000
   987.00   0.0000
   988.00   0.0000
   989.00   0.0001
   990.00   0.0000
   991.00   0.0000
   992.00   0.0001
   993.00   0.0003
   994.00   0.0000
   995.00   0.0004
   996.00   0.0001
   997.00   0.0005
   998.00   0.0007
   999.00  -0.0010
  1000.00   0.0000
  1001.00   0.0000
  1002.00   0.0000
  1003.00   0.0003
  1004.00   0.0006
  1005.00   0.0000
  1006.00   0.0002
  1007.00   0.0015
  1008.00   0.0016
  1009.00   0.0016
  1010.00   0.0000
  1011.00   0.0000
  1012.00   0.0000
  1013.00   0.0000
  1014.00   0.0000
  1015.00   0.0000
  1016.00   0.0001
  1017.00   0.0000
  1018.00   0.0000
  1019.00   0.0011
  1020.00   0.0016
  1021.00   0.0004
  1022.00   0.0000
  1023.00   0.0001
  1024.00   0.0000
  1025.00   0.0000
  1026.00   0.0000
  1027.00   0.0003
  1028.00   0.0008
  1029.00   0.0003
  1030.00   0.0000
  1031.00   0.0000
  1032.00   0.0007
  1033.00   0.0006
  1034.00   0.0000
  1035.00   0.0000
  1036.00   0.0000
  1037.00   0.0000
  1038.00   0.0000
  1039.00   0.0000
  1040.00   0.0002
  1041.00   0.0012
  1042.00   0.0015
  1043.00   0.0010
  1044.00   0.0008
  1045.00   0.0008
  1046.00   0.0007
  1047.00   0.0010
  1048.00   0.0005
  1049.00   0.0000
  1050.00   0.0004
  1051.00   0.0008
  1052.00   0.0002
  1053.00   0.0000
  1054.00   0.0000
  1055.00   0.0000
  1056.00   0.0006
  1057.00   0.0010
  1058.00   0.0007
  1059.00   0.0002
  1060.00   0.0000
  1061.00   0.0000
  1062.00   0.0000
  1063.00   0.0000
  1064.00   0.0000
  1065.00   0.0000
  1066.00   0.0000
  1067.00   0.0000
  1068.00   0.0002
  1069.00   0.0009
  1070.00   0.0022
  1071.00   0.0012
  1072.00   0.0003
  1073.00   0.0006
  1074.00   0.0010
  1075.00   0.0007
  1076.00   0.0000
  1077.00   0.0000
  1078.00   0.0011
  1079.00   0.0015
  1080.00   0.0009
  1081.00   0.0008
  1082.00   0.0008
  1083.00   0.0017
  1084.00   0.0018
  1085.00   0.0026
  1086.00   0.0028
  1087.00   0.0020
  1088.00   0.0019
  1089.00   0.0021
  1090.00   0.0010
  1091.00   0.0020
  1092.00   0.0023
  1093.00   0.0027
  1094.00   0.0030
  1095.00   0.0028
  1096.00   0.0031
  1097.00   0.0028
  1098.00   0.0036
  1099.00   0.0041
  1100.00   0.0041
  1101.00   0.0034
  1102.00   0.0046
  1103.00   0.0047
  1104.00   0.0040
  1105.00   0.0046
  1106.00   0.0045
  1107.00   0.0050
  1108.00   0.0058
  1109.00   0.0066
  1110.00   0.0063
  1111.00   0.0069
  1112.00   0.0078
  1113.00   0.0083
  1114.00   0.0082
  1115.00   0.0087
  1116.00   0.0097
  1117.00   0.0098
  1118.00   0.0108
  1119.00   0.0130
  1120.00   0.0142
  1121.00   0.0154
  1122.00   0.0178
  1123.00   0.0196
  1124.00   0.0225
  1125.00   0.0253
  1126.00   0.0297
  1127.00   0.0339
  1128.00   0.0388
  1129.00   0.0449
  1130.00   0.0517
  1131.00   0.0592
  1132.00   0.0677
  1133.00   0.0736
  1134.00   0.0836
  1135.00   0.0932
  1136.00   0.1032
  1137.00   0.1147
  1138.00   0.1255
  1139.00   0.1383
  1140.00   0.1510
  1141.00   0.1668
  1142.00   0.1829
  1143.00   0.2015
  1144.00   0.2206
  1145.00   0.2465
  1146.00   0.2730
  1147.00   0.3039
  1148.00   0.3387
  1149.00   0.3771
  1150.00   0.4206
  1151.00   0.4674
  1152.00   0.5163
  1153.00   0.5676
  1154.00   0.6170
  1155.00   0.6674
  1156.00   0.7137
  1157.00   0.7550
  1158.00   0.7868
  1159.00   0.8204
  1160.00   0.8362
  1161.00   0.8419
  1162.00   0.8411
  1163.00   0.8285
  1164.00   0.8086
  1165.00   0.7862
  1166.00   0.7566
  1167.00   0.7302
  1168.00   0.6928
  1169.00   0.6631
  1170.00   0.6332
  1171.00   0.6044
  1172.00   0.5793
  1173.00   0.5579
  1174.00   0.5418
  1175.00   0.5273
  1176.00   0.5167
  1177.00   0.5107
  1178.00   0.5076
  1179.00   0.5094
  1180.00   0.5167
  1181.00   0.5281
  1182.00   0.5456
  1183.00   0.5671
  1184.00   0.5956
  1185.00   0.6302
  1186.00   0.6708
  1187.00   0.7163
  1188.00   0.7609
  1189.00   0.7981
  1190.00   0.8389
  1191.00   0.8662
  1192.00   0.8776
  1193.00   0.8728
  1194.00   0.8512
  1195.00   0.8086
  1196.00   0.7479
  1197.00   0.6756
  1198.00   0.5953
  1199.00   0.5115
  1200.00   0.4294
  1201.00   0.3544
  1202.00   0.2884
  1203.00   0.2361
  1204.00   0.1824
  1205.00   0.1437
  1206.00   0.1135
  1207.00   0.0904
  1208.00   0.0728
  1209.00   0.0580
  1210.00   0.0475
  1211.00   0.0381
  1212.00   0.0322
  1213.00   0.0268
  1214.00   0.0224
  1215.00   0.0185
  1216.00   0.0141
  1217.00   0.0116
  1218.00   0.0104
  1219.00   0.0084
  1220.00   0.0072
  1221.00   0.0074
  1222.00   0.0057
  1223.00   0.0050
  1224.00   0.0051
  1225.00   0.0053
  1226.00   0.0046
  1227.00   0.0047
  1228.00   0.0043
  1229.00   0.0040
  1230.00   0.0037
  1231.00   0.0036
  1232.00   0.0025
  1233.00   0.0025
  1234.00   0.0022
  1235.00   0.0016
  1236.00   0.0015
  1237.00   0.0003
  1238.00   0.0010
  1239.00   0.0019
  1240.00   0.0015
  1241.00   0.0006
  1242.00   0.0010
  1243.00   0.0002
  1244.00   0.0002
  1245.00   0.0000
  1246.00   0.0003
  1247.00   0.0009
  1248.00   0.0005
  1249.00   0.0005
  1250.00   0.0005
  1251.00   0.0009
  1252.00   0.0002
  1253.00   0.0000
  1254.00   0.0002
  1255.00   0.0005
  1256.00   0.0004
  1257.00   0.0000
  1258.00   0.0000
  1259.00  -0.0010
  1260.00  -0.0020
  1261.00  -0.0010
  1262.00   0.0000
  1263.00   0.0010
  1264.00   0.0010
  1265.00   0.0002
  1266.00   0.0002
  1267.00   0.0013
  1268.00   0.0018
  1269.00   0.0017
  1270.00   0.0015
  1271.00   0.0012
  1272.00   0.0011
  1273.00   0.0012
  1274.00   0.0002
  1275.00   0.0000
  1276.00   0.0000
  1277.00  -0.0010
  1278.00  -0.0010
  1279.00  -0.0010
  1280.00  -0.0020
  1281.00  -0.0010
  1282.00   0.0000
  1283.00   0.0000
  1284.00   0.0000
  1285.00   0.0002
  1286.00   0.0007
  1287.00   0.0016
  1288.00   0.0023
  1289.00   0.0018
  1290.00   0.0013
  1291.00   0.0010
  1292.00   0.0000
  1293.00   0.0000
  1294.00   0.0000
  1295.00   0.0000
  1296.00   0.0000
  1297.00   0.0000
  1298.00  -0.0010
  1299.00  -0.0010
  1300.00   0.0000
  1301.00   0.0000
  1302.00   0.0001
  1303.00   0.0007
  1304.00   0.0002
  1305.00   0.0002
  1306.00   0.0015
  1307.00   0.0019
  1308.00   0.0008
  1309.00   0.0000
  1310.00   0.0000
  1311.00  -0.0010
  1312.00   0.0000
  1313.00   0.0006
  1314.00   0.0008
  1315.00   0.0000
  1316.00   0.0000
  1317.00   0.0000
  1318.00   0.0000
  1319.00   0.0001
  1320.00   0.0004
  1321.00   0.0002
  1322.00   0.0000
  1323.00   0.0011
  1324.00   0.0018
  1325.00   0.0012
  1326.00   0.0004
  1327.00   0.0000
  1328.00   0.0000
  1329.00   0.0000
  1330.00   0.0003
  1331.00   0.0007
  1332.00   0.0000
  1333.00   0.0000
  1334.00   0.0004
  1335.00   0.0003
  1336.00   0.0002
  1337.00   0.0007
  1338.00   0.0012
  1339.00   0.0007
  1340.00   0.0000
  1341.00   0.0000
  1342.00   0.0000
  1343.00   0.0000
  1344.00   0.0002
  1345.00   0.0001
  1346.00   0.0000
  1347.00   0.0000
  1348.00   0.0000
  1349.00   0.0000
  1350.00   0.0001
  1351.00   0.0000
  1352.00   0.0000
  1353.00   0.0000
  1354.00  -0.0010
  1355.00   0.0000
  1356.00   0.0000
  1357.00   0.0001
  1358.00   0.0008
  1359.00   0.0008
  1360.00   0.0000
  1361.00   0.0000
  1362.00   0.0000
  1363.00   0.0000
  1364.00   0.0004
  1365.00   0.0001
  1366.00   0.0000
  1367.00   0.0000
  1368.00   0.0000
  1369.00   0.0000
  1370.00   0.0000
  1371.00   0.0001
  1372.00   0.0007
  1373.00   0.0003
  1374.00   0.0003
  1375.00   0.0002
  1376.00   0.0000
  1377.00   0.0000
  1378.00   0.0000
  1379.00   0.0000
  1380.00  -0.0010
  1381.00  -0.0010
  1382.00  -0.0010
  1383.00   0.0000
  1384.00   0.0001
  1385.00   0.0010
  1386.00   0.0003
  1387.00   0.0003
  1388.00   0.0007
  1389.00   0.0006
  1390.00   0.0003
  1391.00   0.0009
  1392.00   0.0004
  1393.00   0.0004
  1394.00   0.0003
  1395.00   0.0002
  1396.00   0.0002
  1397.00   0.0006
  1398.00   0.0002
  1399.00   0.0000
  1400.00   0.0000
  1401.00   0.0008
  1402.00   0.0010
  1403.00   0.0000
  1404.00   0.0000
  1405.00  -0.0010
  1406.00  -0.0010
  1407.00   0.0002
  1408.00   0.0009
  1409.00   0.0006
  1410.00   0.0000
  1411.00   0.0000
  1412.00   0.0005
  1413.00   0.0007
  1414.00   0.0014
  1415.00   0.0000
  1416.00  -0.0010
  1417.00   0.0000
  1418.00   0.0000
  1419.00  -0.0010
  1420.00   0.0005
  1421.00   0.0000
  1422.00   0.0000
  1423.00   0.0000
  1424.00   0.0000
  1425.00  -0.0010
  1426.00   0.0000
  1427.00   0.0007
  1428.00   0.0000
  1429.00   0.0001
  1430.00   0.0012
  1431.00   0.0011
  1432.00   0.0011
  1433.00   0.0017
  1434.00   0.0017
  1435.00   0.0017
  1436.00   0.0013
  1437.00   0.0012
  1438.00   0.0006
  1439.00   0.0008
  1440.00   0.0006
  1441.00   0.0000
  1442.00   0.0001
  1443.00   0.0007
  1444.00   0.0000
  1445.00   0.0000
  1446.00  -0.0010
  1447.00   0.0000
  1448.00   0.0010
  1449.00   0.0009
  1450.00   0.0000
  1451.00  -0.0010
  1452.00   0.0000
  1453.00   0.0000
  1454.00   0.0000
  1455.00  -0.0010
  1456.00   0.0000
  1457.00   0.0007
  1458.00   0.0000
  1459.00   0.0007
  1460.00   0.0001
  1461.00   0.0000
  1462.00   0.0000
  1463.00   0.0000
  1464.00   0.0005
  1465.00   0.0000
  1466.00   0.0000
  1467.00   0.0008
  1468.00   0.0007
  1469.00   0.0010
  1470.00   0.0012
  1471.00   0.0014
  1472.00   0.0010
  1473.00   0.0008
  1474.00   0.0014
  1475.00   0.0005
  1476.00   0.0001
  1477.00   0.0000
  1478.00   0.0001
  1479.00   0.0000
  1480.00   0.0000
  1481.00   0.0002
  1482.00   0.0005
  1483.00   0.0000
  1484.00   0.0000
  1485.00   0.0001
  1486.00   0.0000
  1487.00   0.0000
  1488.00   0.0000
  1489.00   0.0009
  1490.00   0.0004
  1491.00   0.0000
  1492.00   0.0000
  1493.00   0.0003
  1494.00   0.0002
  1495.00   0.0000
  1496.00   0.0000
  1497.00   0.0002
  1498.00   0.0000
  1499.00   0.0002
  1500.00   0.0004
  1501.00   0.0001
  1502.00   0.0000
  1503.00   0.0000
  1504.00   0.0000
  1505.00   0.0000
  1506.00  -0.0010
  1507.00   0.0000
  1508.00   0.0000
  1509.00   0.0000
  1510.00   0.0000
  1511.00   0.0007
  1512.00   0.0004
  1513.00   0.0001
  1514.00   0.0000
  1515.00   0.0000
  1516.00   0.0000
  1517.00  -0.0010
  1518.00  -0.0010
  1519.00  -0.0010
  1520.00  -0.0010
  1521.00  -0.0010
  1522.00  -0.0010
  1523.00   0.0000
  1524.00   0.0005
  1525.00   0.0009
  1526.00   0.0004
  1527.00   0.0000
  1528.00   0.0000
  1529.00   0.0001
  1530.00   0.0000
  1531.00   0.0000
  1532.00   0.0003
  1533.00   0.0007
  1534.00   0.0010
  1535.00   0.0011
  1536.00   0.0008
  1537.00   0.0004
  1538.00   0.0006
  1539.00   0.0000
  1540.00   0.0005
  1541.00   0.0000
  1542.00  -0.0010
  1543.00   0.0000
  1544.00   0.0006
  1545.00   0.0000
  1546.00   0.0000
  1547.00   0.0000
  1548.00   0.0000
  1549.00   0.0000
  1550.00   0.0000
  1551.00   0.0002
  1552.00   0.0000
  1553.00   0.0003
  1554.00   0.0007
  1555.00   0.0007
  1556.00   0.0003
  1557.00   0.0000
  1558.00   0.0000
  1559.00   0.0000
  1560.00   0.0000
  1561.00   0.0000
  1562.00   0.0000
  1563.00   0.0000
  1564.00   0.0001
  1565.00   0.0000
  1566.00   0.0000
  1567.00   0.0005
  1568.00   0.0010
  1569.00   0.0009
  1570.00   0.0014
  1571.00   0.0012
  1572.00   0.0003
  1573.00   0.0000
  1574.00   0.0000
  1575.00   0.0000
  1576.00  -0.0010
  1577.00  -0.0010
  1578.00  -0.0010
  1579.00   0.0000
  1580.00   0.0000
  1581.00   0.0000
  1582.00   0.0000
  1583.00   0.0000
  1584.00   0.0001
  1585.00   0.0001
  1586.00   0.0000
  1587.00  -0.0010
  1588.00   0.0000
  1589.00   0.0000
  1590.00   0.0000
  1591.00   0.0000
  1592.00   0.0005
  1593.00   0.0009
  1594.00   0.0005
  1595.00   0.0007
  1596.00   0.0009
  1597.00   0.0006
  1598.00   0.0001
  1599.00   0.0002
  1600.00   0.0005
  1601.00   0.0007
  1602.00   0.0006
  1603.00   0.0005
  1604.00   0.0008
  1605.00   0.0003
  1606.00   0.0000
  1607.00   0.0000
  1608.00   0.0003
  1609.00   0.0002
  1610.00   0.0000
  1611.00   0.0000
  1612.00   0.0001
  1613.00   0.0000
  1614.00   0.0002
  1615.00   0.0005
  1616.00   0.0009
  1617.00   0.0000
  1618.00   0.0000
  1619.00   0.0000
  1620.00   0.0004
  1621.00   0.0005
  1622.00   0.0013
  1623.00   0.0015
  1624.00   0.0000
  1625.00   0.0000
  1626.00   0.0000
  1627.00   0.0002
  1628.00   0.0003
  1629.00   0.0001
  1630.00   0.0002
  1631.00   0.0004
  1632.00   0.0007
  1633.00   0.0000
  1634.00   0.0000
  1635.00   0.0000
  1636.00   0.0000
  1637.00   0.0000
  1638.00   0.0000
  1639.00   0.0005
  1640.00   0.0005
  1641.00   0.0000
  1642.00   0.0000
  1643.00  -0.0010
  1644.00   0.0000
  1645.00   0.0000
  1646.00   0.0000
  1647.00   0.0001
  1648.00   0.0010
  1649.00   0.0008
  1650.00   0.0004
  1651.00   0.0001
  1652.00   0.0000
  1653.00   0.0004
  1654.00   0.0002
  1655.00   0.0000
  1656.00   0.0000
  1657.00   0.0000
  1658.00   0.0001
  1659.00   0.0004
  1660.00   0.0007
  1661.00   0.0000
  1662.00   0.0000
  1663.00   0.0000
  1664.00  -0.0010
  1665.00  -0.0010
  1666.00   0.0000
  1667.00   0.0001
  1668.00   0.0000
  1669.00   0.0000
  1670.00   0.0000
  1671.00   0.0004
  1672.00   0.0009
  1673.00   0.0009
  1674.00   0.0001
  1675.00   0.0006
  1676.00   0.0007
  1677.00   0.0000
  1678.00   0.0000
  1679.00   0.0000
  1680.00   0.0010
  1681.00   0.0011
  1682.00   0.0012
  1683.00   0.0001
  1684.00   0.0000
  1685.00   0.0001
  1686.00  -0.0010
  1687.00  -0.0010
  1688.00   0.0000
  1689.00   0.0004
  1690.00   0.0000
  1691.00   0.0000
  1692.00   0.0000
  1693.00   0.0000
  1694.00   0.0000
  1695.00   0.0000
  1696.00   0.0010
  1697.00   0.0001
  1698.00   0.0007
  1699.00   0.0002
  1700.00   0.0000
  1701.00   0.0008
  1702.00   0.0001
  1703.00   0.0000
  1704.00   0.0000
  1705.00   0.0007
  1706.00   0.0000
  1707.00   0.0000
  1708.00   0.0005
  1709.00   0.0000
  1710.00   0.0004
  1711.00   0.0008
  1712.00   0.0011
  1713.00   0.0004
  1714.00   0.0000
  1715.00   0.0003
  1716.00   0.0000
  1717.00   0.0005
  1718.00   0.0003
  1719.00   0.0004
  1720.00   0.0000
  1721.00   0.0000
  1722.00  -0.0010
  1723.00   0.0000
  1724.00   0.0000
  1725.00   0.0000
  1726.00  -0.0010
  1727.00   0.0000
  1728.00  -0.0010
  1729.00  -0.0010
  1730.00   0.0000
  1731.00   0.0000
  1732.00   0.0000
  1733.00   0.0000
  1734.00   0.0000
  1735.00   0.0008
  1736.00   0.0000
  1737.00   0.0005
  1738.00   0.0000
  1739.00  -0.0010
  1740.00   0.0000
  1741.00   0.0000
  1742.00   0.0000
  1743.00   0.0010
  1744.00   0.0000
  1745.00   0.0000
  1746.00   0.0003
  1747.00   0.0011
  1748.00   0.0009
  1749.00   0.0008
  1750.00   0.0008
  1751.00   0.0010
  1752.00   0.0005
  1753.00   0.0009
  1754.00   0.0011
  1755.00   0.0016
  1756.00   0.0019
  1757.00   0.0012
  1758.00   0.0014
  1759.00   0.0007
  1760.00   0.0001
  1761.00   0.0010
  1762.00   0.0005
  1763.00   0.0006
  1764.00   0.0010
  1765.00   0.0011
  1766.00   0.0014
  1767.00   0.0011
  1768.00   0.0022
  1769.00   0.0021
  1770.00   0.0010
  1771.00   0.0011
  1772.00   0.0021
  1773.00   0.0017
  1774.00   0.0010
  1775.00   0.0008
  1776.00   0.0014
  1777.00   0.0010
  1778.00   0.0013
  1779.00   0.0019
  1780.00   0.0016
  1781.00   0.0010
  1782.00   0.0010
  1783.00   0.0013
  1784.00   0.0009
  1785.00   0.0011
  1786.00   0.0013
  1787.00   0.0007
  1788.00   0.0016
  1789.00   0.0026
  1790.00   0.0029
  1791.00   0.0026
  1792.00   0.0019
  1793.00   0.0023
  1794.00   0.0023
  1795.00   0.0019
  1796.00   0.0021
  1797.00   0.0019
  1798.00   0.0019
  1799.00   0.0029
  1800.00   0.0032
  1801.00   0.0815
  1802.00   0.0289
  1803.00  -0.0870
  1804.00  -0.0570
  1805.00  -0.0150
  1806.00   0.0120
  1807.00   0.0362
  1808.00   0.0310
  1809.00  -0.0170
  1810.00   0.0066
  1811.00  -0.0290
  1812.00  -0.0330
  1813.00   0.0413
  1814.00   0.0561
  1815.00  -0.0200
  1816.00   0.0262
  1817.00   0.0376
  1818.00   0.0114
  1819.00  -0.0190
  1820.00   0.0072
  1821.00  -0.0170
  1822.00   0.0843
  1823.00   0.1093
  1824.00  -0.0240
  1825.00  -0.0290
  1826.00  -0.0630
  1827.00   0.0061
  1828.00   0.0940
  1829.00  -0.0250
  1830.00  -0.0950
  1831.00  -0.0300
  1832.00   0.0229
  1833.00  -0.0260
  1834.00  -0.0470
  1835.00  -0.0190
  1836.00   0.0223
  1837.00   0.0330
  1838.00  -0.0350
  1839.00   0.0398
  1840.00   0.0591
  1841.00   0.0339
  1842.00   0.0869
  1843.00  -0.0120
  1844.00   0.0494
  1845.00   0.1495
  1846.00   0.0494
  1847.00  -0.0290
  1848.00  -0.0150
  1849.00   0.0165
  1850.00   0.0787
  1851.00   0.1133
  1852.00   0.0923
  1853.00   0.0050
  1854.00  -0.0550
  1855.00   0.0519
  1856.00   0.1010
  1857.00  -0.0050
  1858.00  -0.0080
  1859.00   0.0331
  1860.00   0.0218
  1861.00   0.0056
  1862.00  -0.0660
  1863.00   0.0160
  1864.00   0.1108
  1865.00   0.0377
  1866.00   0.0712
  1867.00   0.1264
  1868.00  -0.0010
  1869.00  -0.1360
  1870.00  -0.0800
  1871.00   0.0850
  1872.00   0.0349
  1873.00  -0.0410
  1874.00   0.0121
  1875.00   0.0008
  1876.00   0.0271
  1877.00   0.1188
  1878.00   0.1517
  1879.00   0.0755
  1880.00  -0.0360
  1881.00   0.0267
  1882.00   0.0667
  1883.00   0.0346
  1884.00   0.0707
  1885.00   0.0615
  1886.00   0.0174
  1887.00   0.1096
  1888.00   0.1231
  1889.00   0.0566
  1890.00   0.0537
  1891.00   0.0210
  1892.00   0.0530
  1893.00   0.1015
  1894.00   0.2008
  1895.00   0.1455
  1896.00   0.1063
  1897.00   0.1021
  1898.00  -0.0240
  1899.00   0.1328
  1900.00   0.2281
  1901.00   0.2166
  1902.00   0.2027
  1903.00   0.1844
  1904.00   0.1846
  1905.00   0.1460
  1906.00   0.1200
  1907.00   0.0329
  1908.00   0.0801
  1909.00   0.1555
  1910.00   0.1741
  1911.00   0.2046
  1912.00   0.2456
  1913.00   0.1091
  1914.00   0.1262
  1915.00   0.2274
  1916.00   0.3093
  1917.00   0.3389
  1918.00   0.3369
  1919.00   0.3436
  1920.00   0.3025
  1921.00   0.4340
  1922.00   0.4707
  1923.00   0.3666
  1924.00   0.5718
  1925.00   0.6515
  1926.00   0.5738
  1927.00   0.5953
  1928.00   0.7580
  1929.00   0.8632
  1930.00   0.9318
  1931.00   0.8624
  1932.00   0.8906
  1933.00   0.9129
  1934.00   1.0218
  1935.00   1.0223
  1936.00   1.0903
  1937.00   1.2344
  1938.00   1.3214
  1939.00   1.6507
  1940.00   1.7571
  1941.00   1.7276
  1942.00   1.6384
  1943.00   1.6079
  1944.00   1.9199
  1945.00   2.0101
  1946.00   2.2213
  1947.00   2.3513
  1948.00   2.4623
  1949.00   2.5908
  1950.00   2.8987
  1951.00   3.0738
  1952.00   3.1819
  1953.00   3.4743
  1954.00   3.6861
  1955.00   3.7143
  1956.00   4.0057
  1957.00   4.3516
  1958.00   4.7412
  1959.00   5.0775
  1960.00   5.3992
  1961.00   6.0281
  1962.00   6.5784
  1963.00   7.0465
  1964.00   7.4707
  1965.00   7.6885
  1966.00   8.3109
  1967.00   9.0237
  1968.00   9.5727
  1969.00  10.2370
  1970.00  10.7930
  1971.00  11.9680
  1972.00  12.7260
  1973.00  13.6000
  1974.00  14.7350
  1975.00  15.5490
  1976.00  16.9390
  1977.00  18.2430
  1978.00  19.6610
  1979.00  21.1390
  1980.00  21.9480
  1981.00  23.8890
  1982.00  25.6280
  1983.00  27.2860
  1984.00  29.4300
  1985.00  30.5990
  1986.00  33.0820
  1987.00  35.1280
  1988.00  37.1470
  1989.00  40.0500
  1990.00  41.5700
  1991.00  44.6390
  1992.00  46.5130
  1993.00  48.9180
  1994.00  52.2730
  1995.00  53.6150
  1996.00  56.7040
  1997.00  58.7180
  1998.00  60.4430
  1999.00  63.8080
  2000.00  64.2800
  2001.00  67.6890
  2002.00  69.5520
  2003.00  70.3880
  2004.00  73.5500
  2005.00  73.6830
  2006.00  75.8440
  2007.00  77.7710
  2008.00  77.4620
  2009.00  80.1440
  2010.00  79.7580
  2011.00  80.8930
  2012.00  82.4380
  2013.00  81.6270
  2014.00  83.5400
  2015.00  83.3190
  2016.00  83.1520
  2017.00  85.1300
  2018.00  83.6690
  2019.00  84.8250
  2020.00  85.2860
  2021.00  84.1160
  2022.00  85.7160
  2023.00  84.9900
  2024.00  84.6920
  2025.00  86.3110
  2026.00  84.7770
  2027.00  85.8270
  2028.00  85.9790
  2029.00  84.7530
  2030.00  86.5040
  2031.00  85.3820
  2032.00  85.3470
  2033.00  86.4530
  2034.00  84.9810
  2035.00  86.1540
  2036.00  85.8140
  2037.00  84.8410
  2038.00  86.6090
  2039.00  85.3230
  2040.00  85.8570
  2041.00  86.5040
  2042.00  85.1160
  2043.00  86.7150
  2044.00  86.0650
  2045.00  85.4310
  2046.00  87.1920
  2047.00  85.8720
  2048.00  86.6500
  2049.00  87.2050
  2050.00  86.0140
  2051.00  87.4120
  2052.00  87.0870
  2053.00  86.5580
  2054.00  88.0040
  2055.00  86.9750
  2056.00  87.4740
  2057.00  88.3440
  2058.00  87.1830
  2059.00  88.4640
  2060.00  88.4090
  2061.00  87.5530
  2062.00  88.9510
  2063.00  88.2810
  2064.00  88.2690
  2065.00  89.4840
  2066.00  88.2850
  2067.00  88.9610
  2068.00  89.6410
  2069.00  88.5210
  2070.00  89.7930
  2071.00  89.7040
  2072.00  89.1070
  2073.00  90.3830
  2074.00  89.5880
  2075.00  89.7650
  2076.00  90.7490
  2077.00  89.6890
  2078.00  90.5410
  2079.00  90.7590
  2080.00  89.8840
  2081.00  91.0780
  2082.00  90.6650
  2083.00  90.3370
  2084.00  91.4950
  2085.00  90.5840
  2086.00  90.8860
  2087.00  91.6330
  2088.00  90.4890
  2089.00  91.2950
  2090.00  91.6410
  2091.00  90.7420
  2092.00  91.9410
  2093.00  91.7040
  2094.00  90.9900
  2095.00  92.4300
  2096.00  91.9260
  2097.00  91.5080
  2098.00  92.5170
  2099.00  91.5120
  2100.00  91.6710
  2101.00  92.5150
  2102.00  91.6100
  2103.00  92.2490
  2104.00  92.6690
  2105.00  91.5880
  2106.00  92.3700
  2107.00  92.4120
  2108.00  91.6740
  2109.00  93.1120
  2110.00  92.6820
  2111.00  91.7290
  2112.00  92.7290
  2113.00  91.9780
  2114.00  91.9430
  2115.00  92.8770
  2116.00  91.9130
  2117.00  92.2450
  2118.00  92.8790
  2119.00  91.5150
  2120.00  92.2590
  2121.00  92.7590
  2122.00  91.8600
  2123.00  92.6500
  2124.00  92.4810
  2125.00  91.8060
  2126.00  92.8900
  2127.00  92.5580
  2128.00  92.0430
  2129.00  93.0430
  2130.00  92.2100
  2131.00  91.9020
  2132.00  92.9800
  2133.00  92.2650
  2134.00  92.1440
  2135.00  93.2840
  2136.00  92.3240
  2137.00  92.1290
  2138.00  92.9970
  2139.00  92.2510
  2140.00  92.4110
  2141.00  92.9420
  2142.00  91.8690
  2143.00  92.1000
  2144.00  92.8910
  2145.00  91.8590
  2146.00  92.1110
  2147.00  93.1290
  2148.00  92.0710
  2149.00  92.4100
  2150.00  92.8580
  2151.00  91.6580
  2152.00  92.1530
  2153.00  92.6280
  2154.00  91.7620
  2155.00  92.3600
  2156.00  92.3950
  2157.00  91.5840
  2158.00  92.6200
  2159.00  92.7250
  2160.00  91.7700
  2161.00  92.5650
  2162.00  92.2870
  2163.00  91.6610
  2164.00  92.6770
  2165.00  92.6290
  2166.00  91.6060
  2167.00  92.5220
  2168.00  92.5300
  2169.00  91.7810
  2170.00  92.6580
  2171.00  92.6460
  2172.00  91.9650
  2173.00  92.7090
  2174.00  92.6070
  2175.00  91.8430
  2176.00  92.8460
  2177.00  92.8220
  2178.00  92.0680
  2179.00  92.7580
  2180.00  93.0330
  2181.00  92.0740
  2182.00  92.8030
  2183.00  93.0990
  2184.00  92.3630
  2185.00  92.9750
  2186.00  93.0910
  2187.00  92.4020
  2188.00  93.2050
  2189.00  93.7570
  2190.00  92.5410
  2191.00  93.0610
  2192.00  93.4290
  2193.00  92.6150
  2194.00  93.2180
  2195.00  93.6770
  2196.00  92.8910
  2197.00  93.2710
  2198.00  93.7900
  2199.00  93.0730
  2200.00  93.1530
  2201.00  94.0830
  2202.00  93.3820
  2203.00  93.5190
  2204.00  93.8240
  2205.00  93.1730
  2206.00  93.3260
  2207.00  93.9580
  2208.00  93.4770
  2209.00  93.3110
  2210.00  93.9130
  2211.00  93.3910
  2212.00  93.0710
  2213.00  94.1800
  2214.00  93.4880
  2215.00  93.0880
  2216.00  93.6440
  2217.00  93.7310
  2218.00  92.9450
  2219.00  93.3010
  2220.00  93.6880
  2221.00  92.8660
  2222.00  93.1290
  2223.00  93.5540
  2224.00  93.0960
  2225.00  92.9470
  2226.00  93.3440
  2227.00  92.7680
  2228.00  92.5340
  2229.00  93.2670
  2230.00  92.9180
  2231.00  92.4800
  2232.00  92.8320
  2233.00  92.5820
  2234.00  92.1540
  2235.00  92.6330
  2236.00  92.5920
  2237.00  92.1760
  2238.00  92.4910
  2239.00  92.5170
  2240.00  91.8140
  2241.00  91.9000
  2242.00  92.5170
  2243.00  92.0830
  2244.00  91.9930
  2245.00  92.3220
  2246.00  91.9450
  2247.00  91.9370
  2248.00  92.3690
  2249.00  92.0040
  2250.00  91.7920
  2251.00  92.2830
  2252.00  92.5480
  2253.00  92.1170
  2254.00  92.2700
  2255.00  92.5940
  2256.00  92.3190
  2257.00  92.3220
  2258.00  92.9290
  2259.00  92.5260
  2260.00  92.4890
  2261.00  92.9450
  2262.00  92.9610
  2263.00  92.9530
  2264.00  93.2070
  2265.00  93.3040
  2266.00  93.0760
  2267.00  93.4100
  2268.00  93.5210
  2269.00  93.2970
  2270.00  93.3500
  2271.00  93.2890
  2272.00  93.1020
  2273.00  92.9240
  2274.00  92.8000
  2275.00  92.3820
  2276.00  91.9290
  2277.00  91.6420
  2278.00  91.1170
  2279.00  90.2240
  2280.00  89.5120
  2281.00  88.7950
  2282.00  87.6430
  2283.00  86.5010
  2284.00  85.3130
  2285.00  83.7630
  2286.00  82.0540
  2287.00  80.4310
  2288.00  78.6170
  2289.00  76.6790
  2290.00  74.6740
  2291.00  72.5360
  2292.00  70.1690
  2293.00  67.7320
  2294.00  65.3000
  2295.00  62.8100
  2296.00  60.2460
  2297.00  57.8430
  2298.00  55.2890
  2299.00  52.8050
  2300.00  50.2860
  2301.00  47.8120
  2302.00  45.2530
  2303.00  42.9980
  2304.00  40.7900
  2305.00  38.2580
  2306.00  36.1410
  2307.00  34.0510
  2308.00  32.0870
  2309.00  30.1390
  2310.00  28.3010
  2311.00  26.5300
  2312.00  24.7680
  2313.00  23.1980
  2314.00  21.6580
  2315.00  20.1810
  2316.00  18.9020
  2317.00  17.7090
  2318.00  16.5000
  2319.00  15.4730
  2320.00  14.4680
  2321.00  13.5730
  2322.00  12.7190
  2323.00  11.9160
  2324.00  11.1930
  2325.00  10.4560
  2326.00   9.8507
  2327.00   9.2965
  2328.00   8.7366
  2329.00   8.1925
  2330.00   7.6645
  2331.00   7.1447
  2332.00   6.6398
  2333.00   6.2585
  2334.00   5.8830
  2335.00   5.4297
  2336.00   5.0968
  2337.00   4.8127
  2338.00   4.4645
  2339.00   4.1688
  2340.00   3.9438
  2341.00   3.7530
  2342.00   3.5529
  2343.00   3.3971
  2344.00   3.2676
  2345.00   3.1080
  2346.00   2.9333
  2347.00   2.8023
  2348.00   2.7090
  2349.00   2.5615
  2350.00   2.4059
  2351.00   2.2604
  2352.00   2.0962
  2353.00   1.9654
  2354.00   1.8883
  2355.00   1.8009
  2356.00   1.6438
  2357.00   1.5283
  2358.00   1.4765
  2359.00   1.4328
  2360.00   1.3975
  2361.00   1.3395
  2362.00   1.2048
  2363.00   1.1132
  2364.00   1.0883
  2365.00   1.0320
  2366.00   0.9807
  2367.00   0.9767
  2368.00   0.8961
  2369.00   0.8579
  2370.00   0.9238
  2371.00   0.8881
  2372.00   0.8514
  2373.00   0.8500
  2374.00   0.7366
  2375.00   0.5766
  2376.00   0.5037
  2377.00   0.4876
  2378.00   0.4537
  2379.00   0.4424
  2380.00   0.4165
  2381.00   0.3478
  2382.00   0.4195
  2383.00   0.4621
  2384.00   0.3875
  2385.00   0.3789
  2386.00   0.3774
  2387.00   0.3741
  2388.00   0.4201
  2389.00   0.4567
  2390.00   0.4271
  2391.00   0.3474
  2392.00   0.2594
  2393.00   0.2330
  2394.00   0.1803
  2395.00   0.1796
  2396.00   0.2146
  2397.00   0.1897
  2398.00   0.1499
  2399.00   0.1446
  2400.00   0.1055
  2401.00   0.2823
  2402.00   0.3109
  2403.00   0.1847
  2404.00   0.1919
  2405.00   0.2258
  2406.00   0.2618
  2407.00   0.2606
  2408.00   0.1655
  2409.00   0.1916
  2410.00   0.1958
  2411.00   0.1500
  2412.00   0.1237
  2413.00   0.0773
  2414.00   0.0572
  2415.00   0.0260
  2416.00   0.0280
  2417.00   0.0656
  2418.00   0.0430
  2419.00   0.0612
  2420.00   0.1051
  2421.00   0.0821
  2422.00   0.0563
  2423.00   0.1872
  2424.00   0.2695
  2425.00   0.1852
  2426.00   0.0840
  2427.00  -0.0060
  2428.00   0.0436
  2429.00   0.0462
  2430.00   0.1639
  2431.00   0.0904
  2432.00   0.0007
  2433.00  -0.0810
  2434.00   0.0230
  2435.00   0.0673
  2436.00   0.0396
  2437.00   0.0202
  2438.00   0.0723
  2439.00   0.0764
  2440.00   0.0862
  2441.00   0.1211
  2442.00   0.0922
  2443.00   0.0326
  2444.00   0.1120
  2445.00   0.1524
  2446.00   0.0765
  2447.00   0.1102
  2448.00   0.0429
  2449.00   0.0350
  2450.00  -0.0080
  2451.00  -0.0200
  2452.00   0.0219
  2453.00   0.1298
  2454.00   0.0328
  2455.00  -0.0450
  2456.00  -0.0670
  2457.00  -0.0900
  2458.00  -0.0650
  2459.00   0.0789
  2460.00   0.0844
  2461.00   0.1260
  2462.00  -0.0390
  2463.00  -0.0160
  2464.00  -0.0070
  2465.00  -0.0680
  2466.00  -0.0470
  2467.00  -0.1180
  2468.00   0.0278
  2469.00   0.0261
  2470.00   0.0240
  2471.00  -0.0380
  2472.00  -0.0130
  2473.00   0.0284
  2474.00  -0.0250
  2475.00  -0.0540
  2476.00   0.0757
  2477.00   0.1341
  2478.00   0.0317
  2479.00   0.0829
  2480.00  -0.0130
  2481.00  -0.0500
  2482.00  -0.1020
  2483.00  -0.1000
  2484.00  -0.0180
  2485.00   0.0629
  2486.00   0.0306
  2487.00  -0.0550
  2488.00  -0.0150
  2489.00   0.0855
  2490.00   0.0375
  2491.00   0.0103
  2492.00   0.0008
  2493.00   0.0594
  2494.00   0.0437
  2495.00   0.0116
  2496.00  -0.1160
  2497.00  -0.0790
  2498.00  -0.0150
  2499.00   0.0106
  2500.00  -0.0330
  2503.13   0.0175
  2506.27   0.0024
  2509.41  -0.0011
  2512.56   0.0132
  2515.72   0.0147
  2518.89  -0.0151
  2522.07  -0.0057
  2525.25  -0.0015
  2528.45   0.0167
  2531.65   0.0081
  2534.85  -0.0114
  2538.07  -0.0002
  2541.30   0.0046
  2544.53  -0.0201
  2547.77  -0.0128
  2551.02  -0.0185
  2554.28  -0.0105
  2557.54  -0.0112
  2560.82   0.0041
  2564.10  -0.0227
  2567.39  -0.0066
  2570.69  -0.0294
  2574.00  -0.0116
  2577.32  -0.0094
  2580.65  -0.0066
  2583.98   0.0041
  2587.32   0.0144
  2590.67   0.0049
  2594.03   0.0224
  2597.40  -0.0131
  2600.78   0.0031
  2604.17   0.0216
  2607.56   0.0081
  2610.97  -0.0015
  2614.38   0.0125
  2617.80   0.0170
  2621.23  -0.0078
  2624.67  -0.0084
  2628.12   0.0230
  2631.58   0.0077
  2635.05   0.0037
  2638.52   0.0192
  2642.01   0.0068
  2645.50  -0.0060
  2649.01   0.0022
  2652.52   0.0013
  2656.04   0.0113
  2659.57  -0.0016
  2663.12  -0.0167
  2666.67  -0.0096
  2670.23   0.0063
  2673.80   0.0000
  2677.38   0.0117
  2680.97  -0.0030
  2684.56  -0.0007
  2688.17  -0.0009
  2691.79   0.0141
  2695.42   0.0217
  2699.06   0.0017
  2702.70   0.0057
  2706.36   0.0022
  2710.03   0.0181
  2713.70   0.0107
  2717.39  -0.0004
  2721.09   0.0293
  2724.80   0.0033
  2728.51   0.0119
  2732.24   0.0244
  2735.98  -0.0075
  2739.73   0.0119
  2743.48   0.0218
  2747.25  -0.0015
  2751.03   0.0049
  2754.82   0.0077
  2758.62   0.0007
  2762.43   0.0015
  2766.25  -0.0059
  2770.08  -0.0041
  2773.93   0.0078
  2777.78   0.0014
  2781.64   0.0159
  2785.52   0.0290
  2789.40   0.0066
  2793.30   0.0221
  2797.20   0.0153
  2801.12   0.0270
  2805.05   0.0245
  2808.99   0.0275
  2812.94   0.0108
  2816.90   0.0002
  2820.87   0.0120
  2824.86   0.0075
  2828.85   0.0088
  2832.86   0.0189
  2836.88   0.0046
  2840.91  -0.0046
  2844.95   0.0112
  2849.00   0.0063
  2853.07   0.0046
  2857.14   0.0127
  2861.23   0.0089
  2865.33   0.0157
  2869.44   0.0047
  2873.56   0.0048
  2877.70   0.0166
  2881.84   0.0110
  2886.00   0.0241
  2890.17   0.0249
  2894.36   0.0370
  2898.55   0.0067
  2902.76   0.0133
  2906.98   0.0230
  2911.21   0.0053
  2915.45   0.0176
  2919.71   0.0287
  2923.98   0.0258
  2928.26   0.0198
  2932.55   0.0091
  2936.86   0.0271
  2941.18  -0.0026
  2945.51   0.0081
  2949.85   0.0127
  2954.21  -0.0001
  2958.58   0.0014
  2962.96   0.0068
  2967.36   0.0215
  2971.77   0.0153
  2976.19   0.0137
  2980.63   0.0119
  2985.07   0.0155
  2989.54   0.0280
  2994.01   0.0145
  2998.50   0.0112
  3003.00   0.0032
  3007.52  -0.0062
  3012.05  -0.0122
  3016.59  -0.0091
  3021.15   0.0101
  3025.72   0.0103
  3030.30   0.0033
  3034.90   0.0177
  3039.51  -0.0083
  3044.14   0.0073
  3048.78   0.0204
  3053.44   0.0004
  3058.10   0.0025
  3062.79  -0.0012
  3067.48  -0.0006
  3072.20   0.0019
  3076.92  -0.0023
  3081.66   0.0088
  3086.42   0.0212
  3091.19   0.0169
  3095.98   0.0023
  3100.78   0.0066
  3105.59   0.0147
  3110.42   0.0080
  3115.26   0.0225
  3120.12   0.0140
  3125.00   0.0101
  3129.89   0.0269
  3134.80   0.0175
  3139.72   0.0060
  3144.65   0.0252
  3149.61   0.0102
  3154.57   0.0086
  3159.56   0.0091
  3164.56   0.0174
  3169.57   0.0170
  3174.60   0.0266
  3179.65   0.0110
  3184.71   0.0155
  3189.79   0.0144
  3194.89   0.0088
  3200.00   0.0194
