     500.00     0.0001
     501.00     0.0001
     502.00     0.0001
     503.00     0.0001
     504.00     0.0001
     505.00     0.0001
     506.00     0.0000
     507.00     0.0001
     508.00     0.0001
     509.00     0.0001
     510.00     0.0000
     511.00     0.0000
     512.00     0.0000
     513.00     0.0000
     514.00     0.0000
     515.00     0.0001
     516.00     0.0001
     517.00     0.0001
     518.00     0.0001
     519.00     0.0001
     520.00     0.0000
     521.00     0.0000
     522.00     0.0000
     523.00     0.0000
     524.00     0.0000
     525.00     0.0000
     526.00     0.0000
     527.00     0.0000
     528.00     0.0000
     529.00     0.0000
     530.00     0.0000
     531.00     0.0000
     532.00     0.0000
     533.00     0.0001
     534.00     0.0001
     535.00     0.0001
     536.00     0.0000
     537.00     0.0001
     538.00     0.0001
     539.00     0.0001
     540.00     0.0001
     541.00     0.0001
     542.00     0.0000
     543.00     0.0000
     544.00     0.0000
     545.00     0.0000
     546.00     0.0000
     547.00     0.0000
     548.00     0.0000
     549.00     0.0000
     550.00     0.0000
     551.00     0.0000
     552.00     0.0000
     553.00     0.0000
     554.00     0.0000
     555.00     0.0000
     556.00     0.0000
     557.00     0.0000
     558.00     0.0000
     559.00     0.0000
     560.00     0.0000
     561.00     0.0000
     562.00     0.0000
     563.00     0.0000
     564.00     0.0000
     565.00     0.0000
     566.00     0.0000
     567.00     0.0000
     568.00     0.0000
     569.00     0.0000
     570.00     0.0000
     571.00     0.0001
     572.00     0.0001
     573.00     0.0001
     574.00     0.0000
     575.00     0.0000
     576.00     0.0000
     577.00     0.0000
     578.00     0.0000
     579.00     0.0001
     580.00     0.0001
     581.00     0.0001
     582.00     0.0000
     583.00     0.0000
     584.00     0.0000
     585.00     0.0000
     586.00     0.0000
     587.00     0.0000
     588.00     0.0000
     589.00     0.0000
     590.00     0.0000
     591.00     0.0000
     592.00     0.0000
     593.00     0.0001
     594.00     0.0001
     595.00     0.0001
     596.00     0.0000
     597.00     0.0000
     598.00     0.0000
     599.00     0.0000
     600.00     0.0000
     601.00     0.0001
     602.00     0.0001
     603.00     0.0001
     604.00     0.0000
     605.00     0.0000
     606.00     0.0000
     607.00     0.0000
     608.00     0.0000
     609.00     0.0000
     610.00     0.0000
     611.00     0.0000
     612.00     0.0000
     613.00     0.0000
     614.00     0.0000
     615.00     0.0000
     616.00     0.0000
     617.00     0.0000
     618.00     0.0000
     619.00     0.0000
     620.00     0.0000
     621.00     0.0000
     622.00     0.0000
     623.00     0.0000
     624.00     0.0000
     625.00     0.0001
     626.00     0.0001
     627.00     0.0001
     628.00     0.0001
     629.00     0.0001
     630.00     0.0000
     631.00     0.0000
     632.00     0.0000
     633.00     0.0001
     634.00     0.0001
     635.00     0.0002
     636.00     0.0002
     637.00     0.0001
     638.00     0.0000
     639.00     0.0001
     640.00     0.0001
     641.00     0.0002
     642.00     0.0002
     643.00     0.0002
     644.00     0.0002
     645.00     0.0003
     646.00     0.0003
     647.00     0.0004
     648.00     0.0004
     649.00     0.0005
     650.00     0.0006
     651.00     0.0008
     652.00     0.0009
     653.00     0.0010
     654.00     0.0011
     655.00     0.0012
     656.00     0.0012
     657.00     0.0014
     658.00     0.0015
     659.00     0.0016
     660.00     0.0017
     661.00     0.0018
     662.00     0.0019
     663.00     0.0021
     664.00     0.0022
     665.00     0.0024
     666.00     0.0025
     667.00     0.0028
     668.00     0.0030
     669.00     0.0034
     670.00     0.0038
     671.00     0.0043
     672.00     0.0047
     673.00     0.0054
     674.00     0.0060
     675.00     0.0069
     676.00     0.0078
     677.00     0.0089
     678.00     0.0100
     679.00     0.0113
     680.00     0.0126
     681.00     0.0141
     682.00     0.0156
     683.00     0.0175
     684.00     0.0193
     685.00     0.0215
     686.00     0.0237
     687.00     0.0262
     688.00     0.0287
     689.00     0.0312
     690.00     0.0337
     691.00     0.0357
     692.00     0.0377
     693.00     0.0379
     694.00     0.0381
     695.00     0.0367
     696.00     0.0353
     697.00     0.0333
     698.00     0.0313
     699.00     0.0290
     700.00     0.0267
     701.00     0.0241
     702.00     0.0214
     703.00     0.0185
     704.00     0.0156
     705.00     0.0128
     706.00     0.0099
     707.00     0.0078
     708.00     0.0057
     709.00     0.0045
     710.00     0.0032
     711.00     0.0023
     712.00     0.0014
     713.00     0.0011
     714.00     0.0007
     715.00     0.0006
     716.00     0.0004
     717.00     0.0003
     718.00     0.0002
     719.00     0.0002
     720.00     0.0001
     721.00     0.0001
     722.00     0.0000
     723.00     0.0001
     724.00     0.0002
     725.00     0.0001
     726.00     0.0000
     727.00     0.0000
     728.00     0.0000
     729.00     0.0000
     730.00     0.0000
     731.00     0.0001
     732.00     0.0001
     733.00     0.0001
     734.00     0.0001
     735.00     0.0001
     736.00     0.0000
     737.00     0.0001
     738.00     0.0001
     739.00     0.0001
     740.00     0.0000
     741.00     0.0000
     742.00     0.0000
     743.00     0.0000
     744.00     0.0000
     745.00     0.0000
     746.00     0.0000
     747.00     0.0000
     748.00     0.0000
     749.00     0.0000
     750.00     0.0000
     751.00     0.0000
     752.00     0.0000
     753.00     0.0000
     754.00     0.0000
     755.00     0.0000
     756.00     0.0000
     757.00     0.0000
     758.00     0.0000
     759.00     0.0000
     760.00     0.0000
     761.00     0.0000
     762.00     0.0000
     763.00     0.0000
     764.00     0.0000
     765.00     0.0000
     766.00     0.0000
     767.00     0.0001
     768.00     0.0001
     769.00     0.0001
     770.00     0.0000
     771.00     0.0000
     772.00     0.0000
     773.00     0.0000
     774.00     0.0000
     775.00     0.0000
     776.00     0.0000
     777.00     0.0000
     778.00     0.0000
     779.00     0.0000
     780.00     0.0000
     781.00     0.0000
     782.00     0.0000
     783.00     0.0000
     784.00     0.0000
     785.00     0.0000
     786.00     0.0000
     787.00     0.0000
     788.00     0.0000
     789.00     0.0000
     790.00     0.0000
     791.00     0.0000
     792.00     0.0000
     793.00     0.0000
     794.00     0.0000
     795.00     0.0000
     796.00     0.0000
     797.00     0.0000
     798.00     0.0000
     799.00     0.0000
     800.00     0.0000
     801.00     0.0000
     802.00     0.0000
     803.00     0.0001
     804.00     0.0001
     805.00     0.0003
     806.00     0.0005
     807.00     0.0012
     808.00     0.0018
     809.00     0.0017
     810.00     0.0016
     811.00     0.0008
     812.00     0.0000
     813.00     0.0000
     814.00     0.0000
     815.00     0.0000
     816.00     0.0000
     817.00     0.0000
     818.00     0.0000
     819.00     0.0000
     820.00     0.0000
     821.00     0.0000
     822.00     0.0000
     823.00     0.0000
     824.00     0.0000
     825.00     0.0000
     826.00     0.0000
     827.00     0.0000
     828.00     0.0000
     829.00    -0.0005
     830.00    -0.0010
     831.00    -0.0005
     832.00     0.0000
     833.00     0.0000
     834.00     0.0000
     835.00     0.0000
     836.00     0.0000
     837.00     0.0000
     838.00     0.0000
     839.00    -0.0005
     840.00    -0.0010
     841.00    -0.0015
     842.00    -0.0020
     843.00    -0.0020
     844.00    -0.0020
     845.00    -0.0025
     846.00    -0.0030
     847.00    -0.0004
     848.00     0.0022
     849.00     0.0001
     850.00    -0.0020
     851.00    -0.0045
     852.00    -0.0070
     853.00    -0.0070
     854.00    -0.0070
     855.00    -0.0055
     856.00    -0.0040
     857.00     0.0123
     858.00     0.0285
     859.00     0.0302
     860.00     0.0318
     861.00     0.0241
     862.00     0.0164
     863.00     0.0186
     864.00     0.0207
     865.00     0.0219
     866.00     0.0230
     867.00     0.0234
     868.00     0.0238
     869.00     0.0251
     870.00     0.0264
     871.00     0.0273
     872.00     0.0281
     873.00     0.0276
     874.00     0.0270
     875.00     0.0277
     876.00     0.0283
     877.00     0.0275
     878.00     0.0267
     879.00     0.0249
     880.00     0.0231
     881.00     0.0227
     882.00     0.0223
     883.00     0.0219
     884.00     0.0215
     885.00     0.0212
     886.00     0.0209
     887.00     0.0216
     888.00     0.0223
     889.00     0.0228
     890.00     0.0233
     891.00     0.0229
     892.00     0.0225
     893.00     0.0243
     894.00     0.0261
     895.00     0.0267
     896.00     0.0273
     897.00     0.0274
     898.00     0.0275
     899.00     0.0278
     900.00     0.0280
     901.00     0.0284
     902.00     0.0288
     903.00     0.0279
     904.00     0.0269
     905.00     0.0265
     906.00     0.0260
     907.00     0.0254
     908.00     0.0247
     909.00     0.0237
     910.00     0.0227
     911.00     0.0219
     912.00     0.0210
     913.00     0.0202
     914.00     0.0193
     915.00     0.0187
     916.00     0.0181
     917.00     0.0172
     918.00     0.0162
     919.00     0.0159
     920.00     0.0156
     921.00     0.0153
     922.00     0.0149
     923.00     0.0139
     924.00     0.0128
     925.00     0.0122
     926.00     0.0116
     927.00     0.0114
     928.00     0.0111
     929.00     0.0103
     930.00     0.0094
     931.00     0.0089
     932.00     0.0084
     933.00     0.0078
     934.00     0.0072
     935.00     0.0065
     936.00     0.0057
     937.00     0.0053
     938.00     0.0048
     939.00     0.0049
     940.00     0.0049
     941.00     0.0041
     942.00     0.0033
     943.00     0.0033
     944.00     0.0032
     945.00     0.0034
     946.00     0.0036
     947.00     0.0041
     948.00     0.0046
     949.00     0.0048
     950.00     0.0050
     951.00     0.0053
     952.00     0.0056
     953.00     0.0059
     954.00     0.0062
     955.00     0.0064
     956.00     0.0065
     957.00     0.0066
     958.00     0.0066
     959.00     0.0064
     960.00     0.0062
     961.00     0.0060
     962.00     0.0057
     963.00     0.0058
     964.00     0.0058
     965.00     0.0053
     966.00     0.0048
     967.00     0.0042
     968.00     0.0036
     969.00     0.0034
     970.00     0.0032
     971.00     0.0028
     972.00     0.0023
     973.00     0.0019
     974.00     0.0014
     975.00     0.0010
     976.00     0.0006
     977.00     0.0008
     978.00     0.0009
     979.00     0.0005
     980.00     0.0001
     981.00     0.0003
     982.00     0.0005
     983.00     0.0005
     984.00     0.0005
     985.00     0.0005
     986.00     0.0005
     987.00     0.0005
     988.00     0.0004
     989.00     0.0004
     990.00     0.0004
     991.00     0.0004
     992.00     0.0003
     993.00     0.0003
     994.00     0.0002
     995.00     0.0003
     996.00     0.0004
     997.00     0.0004
     998.00     0.0004
     999.00     0.0006
    1000.00     0.0007
    1001.00     0.0006
    1002.00     0.0005
    1003.00     0.0005
    1004.00     0.0004
    1005.00     0.0006
    1006.00     0.0008
    1007.00     0.0008
    1008.00     0.0007
    1009.00     0.0006
    1010.00     0.0005
    1011.00     0.0006
    1012.00     0.0007
    1013.00     0.0007
    1014.00     0.0006
    1015.00     0.0005
    1016.00     0.0003
    1017.00     0.0005
    1018.00     0.0006
    1019.00     0.0004
    1020.00     0.0002
    1021.00     0.0001
    1022.00     0.0000
    1023.00     0.0002
    1024.00     0.0003
    1025.00     0.0002
    1026.00     0.0001
    1027.00     0.0001
    1028.00     0.0000
    1029.00     0.0002
    1030.00     0.0004
    1031.00     0.0002
    1032.00     0.0000
    1033.00     0.0002
    1034.00     0.0003
    1035.00     0.0004
    1036.00     0.0005
    1037.00     0.0005
    1038.00     0.0004
    1039.00     0.0004
    1040.00     0.0004
    1041.00     0.0005
    1042.00     0.0006
    1043.00     0.0007
    1044.00     0.0008
    1045.00     0.0007
    1046.00     0.0006
    1047.00     0.0006
    1048.00     0.0005
    1049.00     0.0007
    1050.00     0.0009
    1051.00     0.0009
    1052.00     0.0008
    1053.00     0.0008
    1054.00     0.0008
    1055.00     0.0010
    1056.00     0.0012
    1057.00     0.0011
    1058.00     0.0010
    1059.00     0.0011
    1060.00     0.0012
    1061.00     0.0011
    1062.00     0.0010
    1063.00     0.0010
    1064.00     0.0010
    1065.00     0.0013
    1066.00     0.0015
    1067.00     0.0014
    1068.00     0.0013
    1069.00     0.0015
    1070.00     0.0016
    1071.00     0.0017
    1072.00     0.0017
    1073.00     0.0020
    1074.00     0.0022
    1075.00     0.0022
    1076.00     0.0021
    1077.00     0.0024
    1078.00     0.0026
    1079.00     0.0026
    1080.00     0.0026
    1081.00     0.0027
    1082.00     0.0027
    1083.00     0.0031
    1084.00     0.0034
    1085.00     0.0037
    1086.00     0.0040
    1087.00     0.0041
    1088.00     0.0041
    1089.00     0.0043
    1090.00     0.0044
    1091.00     0.0048
    1092.00     0.0051
    1093.00     0.0056
    1094.00     0.0061
    1095.00     0.0067
    1096.00     0.0072
    1097.00     0.0076
    1098.00     0.0080
    1099.00     0.0086
    1100.00    -0.0200
    1101.00    -0.0305
    1102.00    -0.0410
    1103.00    -0.0755
    1104.00    -0.1100
    1105.00    -0.0081
    1106.00     0.0939
    1107.00     0.0340
    1108.00    -0.0260
    1109.00     0.0450
    1110.00     0.1159
    1111.00     0.0310
    1112.00    -0.0540
    1113.00    -0.0595
    1114.00    -0.0650
    1115.00    -0.0299
    1116.00     0.0052
    1117.00     0.0605
    1118.00     0.1158
    1119.00     0.0773
    1120.00     0.0387
    1121.00     0.0203
    1122.00     0.0019
    1123.00     0.0587
    1124.00     0.1154
    1125.00     0.1327
    1126.00     0.1499
    1127.00     0.1584
    1128.00     0.1668
    1129.00     0.1789
    1130.00     0.1910
    1131.00     0.2530
    1132.00     0.3149
    1133.00     0.3267
    1134.00     0.3385
    1135.00     0.3614
    1136.00     0.3842
    1137.00     0.4572
    1138.00     0.5301
    1139.00     0.6286
    1140.00     0.7270
    1141.00     0.7339
    1142.00     0.7408
    1143.00     0.9365
    1144.00     1.1322
    1145.00     1.2570
    1146.00     1.3818
    1147.00     1.6103
    1148.00     1.8388
    1149.00     2.1589
    1150.00     2.4790
    1151.00     2.9972
    1152.00     3.5154
    1153.00     4.2034
    1154.00     4.8914
    1155.00     5.8487
    1156.00     6.8059
    1157.00     8.3060
    1158.00     9.8061
    1159.00    12.1571
    1160.00    14.5080
    1161.00    17.9855
    1162.00    21.4630
    1163.00    26.3295
    1164.00    31.1960
    1165.00    37.3305
    1166.00    43.4650
    1167.00    49.9745
    1168.00    56.4840
    1169.00    61.9145
    1170.00    67.3450
    1171.00    70.6590
    1172.00    73.9730
    1173.00    75.1700
    1174.00    76.3670
    1175.00    76.2805
    1176.00    76.1940
    1177.00    75.5635
    1178.00    74.9330
    1179.00    74.3030
    1180.00    73.6730
    1181.00    73.1525
    1182.00    72.6320
    1183.00    72.4070
    1184.00    72.1820
    1185.00    72.1570
    1186.00    72.1320
    1187.00    72.3845
    1188.00    72.6370
    1189.00    73.0950
    1190.00    73.5530
    1191.00    74.0780
    1192.00    74.6030
    1193.00    75.2375
    1194.00    75.8720
    1195.00    76.5400
    1196.00    77.2080
    1197.00    77.8240
    1198.00    78.4400
    1199.00    79.0285
    1200.00    79.6170
    1201.00    80.1835
    1202.00    80.7500
    1203.00    81.1420
    1204.00    81.5340
    1205.00    81.8805
    1206.00    82.2270
    1207.00    82.5250
    1208.00    82.8230
    1209.00    83.0450
    1210.00    83.2670
    1211.00    83.3760
    1212.00    83.4850
    1213.00    83.6225
    1214.00    83.7600
    1215.00    83.8025
    1216.00    83.8450
    1217.00    83.9515
    1218.00    84.0580
    1219.00    84.1560
    1220.00    84.2540
    1221.00    84.3460
    1222.00    84.4380
    1223.00    84.5320
    1224.00    84.6260
    1225.00    84.7285
    1226.00    84.8310
    1227.00    84.9675
    1228.00    85.1040
    1229.00    85.3525
    1230.00    85.6010
    1231.00    85.7575
    1232.00    85.9140
    1233.00    86.1095
    1234.00    86.3050
    1235.00    86.4405
    1236.00    86.5760
    1237.00    86.7640
    1238.00    86.9520
    1239.00    87.0480
    1240.00    87.1440
    1241.00    87.1960
    1242.00    87.2480
    1243.00    87.2300
    1244.00    87.2120
    1245.00    87.1505
    1246.00    87.0890
    1247.00    86.9145
    1248.00    86.7400
    1249.00    86.5495
    1250.00    86.3590
    1251.00    86.0435
    1252.00    85.7280
    1253.00    85.2715
    1254.00    84.8150
    1255.00    84.2870
    1256.00    83.7590
    1257.00    83.1755
    1258.00    82.5920
    1259.00    82.1515
    1260.00    81.7110
    1261.00    81.3980
    1262.00    81.0850
    1263.00    80.6690
    1264.00    80.2530
    1265.00    79.7115
    1266.00    79.1700
    1267.00    78.6295
    1268.00    78.0890
    1269.00    77.7815
    1270.00    77.4740
    1271.00    77.3535
    1272.00    77.2330
    1273.00    77.1535
    1274.00    77.0740
    1275.00    76.8935
    1276.00    76.7130
    1277.00    76.4295
    1278.00    76.1460
    1279.00    76.1495
    1280.00    76.1530
    1281.00    76.5285
    1282.00    76.9040
    1283.00    77.3170
    1284.00    77.7300
    1285.00    77.8835
    1286.00    78.0370
    1287.00    78.0510
    1288.00    78.0650
    1289.00    78.5095
    1290.00    78.9540
    1291.00    79.7735
    1292.00    80.5930
    1293.00    81.0315
    1294.00    81.4700
    1295.00    81.4310
    1296.00    81.3920
    1297.00    82.0080
    1298.00    82.6240
    1299.00    83.4985
    1300.00    84.3730
    1301.00    84.5245
    1302.00    84.6760
    1303.00    84.7565
    1304.00    84.8370
    1305.00    85.7065
    1306.00    86.5760
    1307.00    86.9820
    1308.00    87.3880
    1309.00    87.0030
    1310.00    86.6180
    1311.00    87.0930
    1312.00    87.5680
    1313.00    88.1080
    1314.00    88.6480
    1315.00    88.0720
    1316.00    87.4960
    1317.00    87.1795
    1318.00    86.8630
    1319.00    87.2150
    1320.00    87.5670
    1321.00    86.6600
    1322.00    85.7530
    1323.00    84.3270
    1324.00    82.9010
    1325.00    82.1890
    1326.00    81.4770
    1327.00    79.6405
    1328.00    77.8040
    1329.00    75.0600
    1330.00    72.3160
    1331.00    70.0660
    1332.00    67.8160
    1333.00    64.3025
    1334.00    60.7890
    1335.00    57.0230
    1336.00    53.2570
    1337.00    50.0490
    1338.00    46.8410
    1339.00    42.9610
    1340.00    39.0810
    1341.00    35.9215
    1342.00    32.7620
    1343.00    29.7835
    1344.00    26.8050
    1345.00    24.1005
    1346.00    21.3960
    1347.00    19.3260
    1348.00    17.2560
    1349.00    15.4490
    1350.00    13.6420
    1351.00    12.2980
    1352.00    10.9540
    1353.00     9.8259
    1354.00     8.6977
    1355.00     7.6828
    1356.00     6.6679
    1357.00     6.0518
    1358.00     5.4356
    1359.00     4.8431
    1360.00     4.2506
    1361.00     3.8406
    1362.00     3.4306
    1363.00     3.1117
    1364.00     2.7927
    1365.00     2.4583
    1366.00     2.1238
    1367.00     1.9923
    1368.00     1.8608
    1369.00     1.6907
    1370.00     1.5205
    1371.00     1.3721
    1372.00     1.2237
    1373.00     1.1117
    1374.00     0.9997
    1375.00     0.9402
    1376.00     0.8807
    1377.00     0.8361
    1378.00     0.7915
    1379.00     0.6782
    1380.00     0.5648
    1381.00     0.4777
    1382.00     0.3905
    1383.00     0.3706
    1384.00     0.3506
    1385.00     0.4279
    1386.00     0.5052
    1387.00     0.3680
    1388.00     0.2308
    1389.00     0.2172
    1390.00     0.2036
    1391.00     0.2079
    1392.00     0.2121
    1393.00     0.1948
    1394.00     0.1774
    1395.00     0.1471
    1396.00     0.1168
    1397.00     0.1059
    1398.00     0.0950
    1399.00     0.1084
    1400.00     0.1218
    1401.00     0.1293
    1402.00     0.1368
    1403.00     0.1374
    1404.00     0.1379
    1405.00     0.1077
    1406.00     0.0775
    1407.00     0.0500
    1408.00     0.0225
    1409.00    -0.0018
    1410.00    -0.0260
    1411.00     0.0183
    1412.00     0.0625
    1413.00     0.0771
    1414.00     0.0917
    1415.00     0.0712
    1416.00     0.0507
    1417.00     0.0278
    1418.00     0.0049
    1419.00    -0.0491
    1420.00    -0.1030
    1421.00     0.0043
    1422.00     0.1115
    1423.00     0.0612
    1424.00     0.0109
    1425.00    -0.0061
    1426.00    -0.0230
    1427.00     0.0375
    1428.00     0.0980
    1429.00     0.0871
    1430.00     0.0762
    1431.00     0.0899
    1432.00     0.1035
    1433.00     0.0564
    1434.00     0.0093
    1435.00     0.0058
    1436.00     0.0022
    1437.00     0.0629
    1438.00     0.1235
    1439.00     0.0413
    1440.00    -0.0410
    1441.00    -0.0520
    1442.00    -0.0630
    1443.00     0.0117
    1444.00     0.0863
    1445.00     0.0547
    1446.00     0.0230
    1447.00     0.0202
    1448.00     0.0174
    1449.00    -0.0103
    1450.00    -0.0380
    1451.00    -0.0109
    1452.00     0.0162
    1453.00     0.0531
    1454.00     0.0900
    1455.00     0.0340
    1456.00    -0.0220
    1457.00     0.0078
    1458.00     0.0376
    1459.00     0.0311
    1460.00     0.0245
    1461.00     0.0195
    1462.00     0.0145
    1463.00     0.0096
    1464.00     0.0047
    1465.00    -0.0342
    1466.00    -0.0730
    1467.00    -0.0420
    1468.00    -0.0110
    1469.00     0.0139
    1470.00     0.0387
    1471.00    -0.0422
    1472.00    -0.1230
    1473.00    -0.1070
    1474.00    -0.0910
    1475.00    -0.0510
    1476.00    -0.0110
    1477.00    -0.0029
    1478.00     0.0053
    1479.00     0.0193
    1480.00     0.0333
    1481.00     0.0563
    1482.00     0.0792
    1483.00     0.0459
    1484.00     0.0126
    1485.00     0.0651
    1486.00     0.1176
    1487.00     0.0398
    1488.00    -0.0380
    1489.00    -0.0415
    1490.00    -0.0450
    1491.00    -0.0285
    1492.00    -0.0120
    1493.00    -0.0260
    1494.00    -0.0400
    1495.00    -0.0235
    1496.00    -0.0070
    1497.00     0.0206
    1498.00     0.0481
    1499.00    -0.0200
    1500.00    -0.0880
    1501.00     0.0030
    1502.00     0.0029
    1503.00     0.0027
    1504.00     0.0025
    1505.00     0.0023
    1506.00     0.0021
    1507.00     0.0019
    1508.00     0.0017
    1509.00     0.0025
    1510.00     0.0033
    1511.00     0.0036
    1512.00     0.0038
    1513.00     0.0036
    1514.00     0.0033
    1515.00     0.0035
    1516.00     0.0036
    1517.00     0.0034
    1518.00     0.0031
    1519.00     0.0032
    1520.00     0.0032
    1521.00     0.0032
    1522.00     0.0032
    1523.00     0.0032
    1524.00     0.0031
    1525.00     0.0032
    1526.00     0.0033
    1527.00     0.0032
    1528.00     0.0030
    1529.00     0.0031
    1530.00     0.0031
    1531.00     0.0031
    1532.00     0.0031
    1533.00     0.0031
    1534.00     0.0031
    1535.00     0.0030
    1536.00     0.0029
    1537.00     0.0031
    1538.00     0.0032
    1539.00     0.0031
    1540.00     0.0029
    1541.00     0.0029
    1542.00     0.0029
    1543.00     0.0029
    1544.00     0.0029
    1545.00     0.0029
    1546.00     0.0028
    1547.00     0.0028
    1548.00     0.0028
    1549.00     0.0029
    1550.00     0.0030
    1551.00     0.0030
    1552.00     0.0030
    1553.00     0.0029
    1554.00     0.0027
    1555.00     0.0027
    1556.00     0.0027
    1557.00     0.0028
    1558.00     0.0029
    1559.00     0.0030
    1560.00     0.0030
    1561.00     0.0030
    1562.00     0.0029
    1563.00     0.0029
    1564.00     0.0028
    1565.00     0.0030
    1566.00     0.0031
    1567.00     0.0030
    1568.00     0.0028
    1569.00     0.0029
    1570.00     0.0029
    1571.00     0.0029
    1572.00     0.0028
    1573.00     0.0029
    1574.00     0.0030
    1575.00     0.0029
    1576.00     0.0028
    1577.00     0.0029
    1578.00     0.0030
    1579.00     0.0030
    1580.00     0.0030
    1581.00     0.0030
    1582.00     0.0030
    1583.00     0.0029
    1584.00     0.0027
    1585.00     0.0028
    1586.00     0.0029
    1587.00     0.0030
    1588.00     0.0030
    1589.00     0.0031
    1590.00     0.0031
    1591.00     0.0031
    1592.00     0.0031
    1593.00     0.0033
    1594.00     0.0034
    1595.00     0.0033
    1596.00     0.0031
    1597.00     0.0032
    1598.00     0.0033
    1599.00     0.0033
    1600.00     0.0032
    1601.00     0.0033
    1602.00     0.0033
    1603.00     0.0034
    1604.00     0.0034
    1605.00     0.0035
    1606.00     0.0035
    1607.00     0.0036
    1608.00     0.0037
    1609.00     0.0038
    1610.00     0.0038
    1611.00     0.0038
    1612.00     0.0038
    1613.00     0.0036
    1614.00     0.0034
    1615.00     0.0036
    1616.00     0.0038
    1617.00     0.0040
    1618.00     0.0041
    1619.00     0.0042
    1620.00     0.0042
    1621.00     0.0041
    1622.00     0.0040
    1623.00     0.0041
    1624.00     0.0042
    1625.00     0.0043
    1626.00     0.0043
    1627.00     0.0043
    1628.00     0.0043
    1629.00     0.0044
    1630.00     0.0044
    1631.00     0.0045
    1632.00     0.0045
    1633.00     0.0045
    1634.00     0.0045
    1635.00     0.0047
    1636.00     0.0048
    1637.00     0.0047
    1638.00     0.0046
    1639.00     0.0049
    1640.00     0.0051
    1641.00     0.0051
    1642.00     0.0051
    1643.00     0.0053
    1644.00     0.0055
    1645.00     0.0055
    1646.00     0.0055
    1647.00     0.0058
    1648.00     0.0060
    1649.00     0.0061
    1650.00     0.0061
    1651.00     0.0061
    1652.00     0.0060
    1653.00     0.0063
    1654.00     0.0066
    1655.00     0.0069
    1656.00     0.0071
    1657.00     0.0071
    1658.00     0.0071
    1659.00     0.0072
    1660.00     0.0072
    1661.00     0.0075
    1662.00     0.0078
    1663.00     0.0079
    1664.00     0.0080
    1665.00     0.0082
    1666.00     0.0083
    1667.00     0.0087
    1668.00     0.0090
    1669.00     0.0094
    1670.00     0.0097
    1671.00     0.0100
    1672.00     0.0102
    1673.00     0.0102
    1674.00     0.0102
    1675.00     0.0108
    1676.00     0.0113
    1677.00     0.0115
    1678.00     0.0116
    1679.00     0.0118
    1680.00     0.0119
    1681.00     0.0124
    1682.00     0.0128
    1683.00     0.0127
    1684.00     0.0125
    1685.00     0.0125
    1686.00     0.0125
    1687.00     0.0127
    1688.00     0.0128
    1689.00     0.0129
    1690.00     0.0129
    1691.00     0.0130
    1692.00     0.0130
    1693.00     0.0128
    1694.00     0.0126
    1695.00     0.0123
    1696.00     0.0119
    1697.00     0.0119
    1698.00     0.0119
    1699.00     0.0116
    1700.00     0.0112
    1701.00     0.0111
    1702.00     0.0110
    1703.00     0.0104
    1704.00     0.0098
    1705.00     0.0095
    1706.00     0.0091
    1707.00     0.0088
    1708.00     0.0084
    1709.00     0.0079
    1710.00     0.0073
    1711.00     0.0072
    1712.00     0.0070
    1713.00     0.0067
    1714.00     0.0064
    1715.00     0.0059
    1716.00     0.0054
    1717.00     0.0052
    1718.00     0.0050
    1719.00     0.0050
    1720.00     0.0050
    1721.00     0.0048
    1722.00     0.0045
    1723.00     0.0040
    1724.00     0.0035
    1725.00     0.0037
    1726.00     0.0038
    1727.00     0.0037
    1728.00     0.0036
    1729.00     0.0034
    1730.00     0.0032
    1731.00     0.0033
    1732.00     0.0033
    1733.00     0.0032
    1734.00     0.0030
    1735.00     0.0029
    1736.00     0.0028
    1737.00     0.0030
    1738.00     0.0032
    1739.00     0.0031
    1740.00     0.0030
    1741.00     0.0032
    1742.00     0.0034
    1743.00     0.0035
    1744.00     0.0036
    1745.00     0.0035
    1746.00     0.0033
    1747.00     0.0036
    1748.00     0.0038
    1749.00     0.0039
    1750.00     0.0040
    1751.00     0.0042
    1752.00     0.0044
    1753.00     0.0047
    1754.00     0.0050
    1755.00     0.0058
    1756.00     0.0065
    1757.00     0.0068
    1758.00     0.0071
    1759.00     0.0075
    1760.00     0.0078
    1761.00     0.0083
    1762.00     0.0088
    1763.00     0.0091
    1764.00     0.0094
    1765.00     0.0096
    1766.00     0.0098
    1767.00     0.0098
    1768.00     0.0097
    1769.00     0.0097
    1770.00     0.0097
    1771.00     0.0093
    1772.00     0.0088
    1773.00     0.0084
    1774.00     0.0079
    1775.00     0.0075
    1776.00     0.0070
    1777.00     0.0063
    1778.00     0.0056
    1779.00     0.0053
    1780.00     0.0050
    1781.00     0.0045
    1782.00     0.0039
    1783.00     0.0036
    1784.00     0.0033
    1785.00     0.0030
    1786.00     0.0026
    1787.00     0.0024
    1788.00     0.0021
    1789.00     0.0017
    1790.00     0.0013
    1791.00     0.0012
    1792.00     0.0011
    1793.00     0.0010
    1794.00     0.0008
    1795.00     0.0007
    1796.00     0.0006
    1797.00     0.0005
    1798.00     0.0004
    1799.00     0.0003
    1800.00     0.0001
    1801.00     0.0003
    1802.00     0.0004
    1803.00     0.0003
    1804.00     0.0001
    1805.00     0.0002
    1806.00     0.0002
    1807.00     0.0001
    1808.00     0.0000
    1809.00     0.0001
    1810.00     0.0002
    1811.00     0.0002
    1812.00     0.0002
    1813.00     0.0002
    1814.00     0.0002
    1815.00     0.0003
    1816.00     0.0003
    1817.00     0.0002
    1818.00     0.0000
    1819.00     0.0000
    1820.00     0.0000
    1821.00     0.0002
    1822.00     0.0003
    1823.00     0.0002
    1824.00     0.0000
    1825.00     0.0000
    1826.00     0.0000
    1827.00     0.0001
    1828.00     0.0002
    1829.00     0.0002
    1830.00     0.0002
    1831.00     0.0003
    1832.00     0.0003
    1833.00     0.0005
    1834.00     0.0006
    1835.00     0.0005
    1836.00     0.0003
    1837.00     0.0002
    1838.00     0.0001
    1839.00     0.0002
    1840.00     0.0002
    1841.00     0.0004
    1842.00     0.0006
    1843.00     0.0004
    1844.00     0.0001
    1845.00     0.0001
    1846.00     0.0000
    1847.00     0.0002
    1848.00     0.0003
    1849.00     0.0002
    1850.00     0.0000
    1851.00     0.0000
    1852.00     0.0000
    1853.00     0.0000
    1854.00     0.0000
    1855.00     0.0002
    1856.00     0.0004
    1857.00     0.0002
    1858.00     0.0000
    1859.00     0.0000
    1860.00     0.0000
    1861.00     0.0001
    1862.00     0.0001
    1863.00     0.0001
    1864.00     0.0000
    1865.00     0.0000
    1866.00     0.0000
    1867.00     0.0002
    1868.00     0.0003
    1869.00     0.0002
    1870.00     0.0000
    1871.00     0.0002
    1872.00     0.0003
    1873.00     0.0002
    1874.00     0.0000
    1875.00     0.0000
    1876.00     0.0000
    1877.00     0.0002
    1878.00     0.0004
    1879.00     0.0003
    1880.00     0.0002
    1881.00     0.0002
    1882.00     0.0002
    1883.00     0.0001
    1884.00     0.0000
    1885.00     0.0000
    1886.00     0.0000
    1887.00     0.0001
    1888.00     0.0002
    1889.00     0.0003
    1890.00     0.0003
    1891.00     0.0002
    1892.00     0.0000
    1893.00     0.0001
    1894.00     0.0002
    1895.00     0.0001
    1896.00     0.0000
    1897.00     0.0000
    1898.00     0.0000
    1899.00     0.0002
    1900.00     0.0004
    1901.00    -0.0003
    1902.00    -0.0010
    1903.00    -0.0005
    1904.00     0.0000
    1905.00     0.0000
    1906.00     0.0000
    1907.00     0.0000
    1908.00     0.0000
    1909.00     0.0000
    1910.00     0.0000
    1911.00     0.0004
    1912.00     0.0007
    1913.00     0.0004
    1914.00     0.0000
    1915.00     0.0000
    1916.00     0.0000
    1917.00     0.0002
    1918.00     0.0004
    1919.00     0.0002
    1920.00     0.0000
    1921.00     0.0000
    1922.00     0.0000
    1923.00     0.0004
    1924.00     0.0008
    1925.00     0.0004
    1926.00     0.0000
    1927.00     0.0000
    1928.00     0.0000
    1929.00     0.0000
    1930.00     0.0000
    1931.00     0.0002
    1932.00     0.0004
    1933.00     0.0002
    1934.00     0.0000
    1935.00     0.0001
    1936.00     0.0002
    1937.00     0.0002
    1938.00     0.0002
    1939.00     0.0001
    1940.00     0.0000
    1941.00     0.0002
    1942.00     0.0004
    1943.00     0.0005
    1944.00     0.0006
    1945.00     0.0003
    1946.00     0.0000
    1947.00     0.0004
    1948.00     0.0007
    1949.00     0.0004
    1950.00     0.0000
    1951.00     0.0000
    1952.00     0.0000
    1953.00     0.0000
    1954.00     0.0000
    1955.00     0.0002
    1956.00     0.0003
    1957.00     0.0002
    1958.00     0.0000
    1959.00     0.0001
    1960.00     0.0001
    1961.00     0.0005
    1962.00     0.0009
    1963.00     0.0005
    1964.00     0.0000
    1965.00     0.0000
    1966.00     0.0000
    1967.00     0.0003
    1968.00     0.0006
    1969.00     0.0007
    1970.00     0.0007
    1971.00     0.0004
    1972.00     0.0000
    1973.00     0.0004
    1974.00     0.0008
    1975.00     0.0008
    1976.00     0.0008
    1977.00     0.0004
    1978.00     0.0000
    1979.00     0.0005
    1980.00     0.0010
    1981.00     0.0012
    1982.00     0.0013
    1983.00     0.0007
    1984.00     0.0000
    1985.00     0.0005
    1986.00     0.0009
    1987.00     0.0006
    1988.00     0.0003
    1989.00     0.0002
    1990.00     0.0000
    1991.00     0.0004
    1992.00     0.0007
    1993.00     0.0009
    1994.00     0.0011
    1995.00     0.0006
    1996.00     0.0000
    1997.00     0.0002
    1998.00     0.0003
    1999.00     0.0006
    2000.00     0.0008
    2001.00     0.0004
    2002.00     0.0000
    2003.00     0.0000
    2004.00     0.0000
    2005.00     0.0004
    2006.00     0.0007
    2007.00     0.0004
    2008.00     0.0000
    2009.00     0.0002
    2010.00     0.0004
    2011.00     0.0006
    2012.00     0.0008
    2013.00     0.0004
    2014.00     0.0000
    2015.00     0.0003
    2016.00     0.0005
    2017.00     0.0005
    2018.00     0.0005
    2019.00    -0.0003
    2020.00    -0.0010
    2021.00    -0.0005
    2022.00     0.0000
    2023.00     0.0000
    2024.00     0.0000
    2025.00     0.0000
    2026.00     0.0000
    2027.00     0.0001
    2028.00     0.0002
    2029.00     0.0006
    2030.00     0.0010
    2031.00     0.0005
    2032.00     0.0000
    2033.00     0.0002
    2034.00     0.0004
    2035.00     0.0004
    2036.00     0.0004
    2037.00     0.0002
    2038.00     0.0000
    2039.00     0.0002
    2040.00     0.0004
    2041.00     0.0007
    2042.00     0.0009
    2043.00     0.0005
    2044.00     0.0000
    2045.00     0.0001
    2046.00     0.0002
    2047.00     0.0004
    2048.00     0.0005
    2049.00     0.0003
    2050.00     0.0000
    2051.00     0.0000
    2052.00     0.0000
    2053.00     0.0007
    2054.00     0.0013
    2055.00     0.0007
    2056.00     0.0000
    2057.00     0.0000
    2058.00     0.0000
    2059.00     0.0005
    2060.00     0.0010
    2061.00     0.0008
    2062.00     0.0006
    2063.00     0.0003
    2064.00     0.0000
    2065.00     0.0003
    2066.00     0.0006
    2067.00     0.0004
    2068.00     0.0002
    2069.00     0.0001
    2070.00     0.0000
    2071.00     0.0002
    2072.00     0.0003
    2073.00     0.0002
    2074.00     0.0000
    2075.00     0.0000
    2076.00     0.0000
    2077.00     0.0004
    2078.00     0.0008
    2079.00     0.0006
    2080.00     0.0004
    2081.00     0.0002
    2082.00     0.0000
    2083.00     0.0005
    2084.00     0.0009
    2085.00     0.0006
    2086.00     0.0003
    2087.00     0.0002
    2088.00     0.0000
    2089.00     0.0003
    2090.00     0.0005
    2091.00     0.0006
    2092.00     0.0006
    2093.00     0.0003
    2094.00     0.0000
    2095.00     0.0002
    2096.00     0.0003
    2097.00     0.0002
    2098.00     0.0000
    2099.00     0.0000
    2100.00     0.0000
    2101.00     0.0003
    2102.00     0.0006
    2103.00     0.0009
    2104.00     0.0011
    2105.00     0.0006
    2106.00     0.0000
    2107.00     0.0003
    2108.00     0.0006
    2109.00     0.0006
    2110.00     0.0005
    2111.00     0.0003
    2112.00     0.0000
    2113.00     0.0002
    2114.00     0.0003
    2115.00     0.0005
    2116.00     0.0007
    2117.00     0.0004
    2118.00     0.0000
    2119.00     0.0001
    2120.00     0.0001
    2121.00     0.0001
    2122.00     0.0000
    2123.00     0.0000
    2124.00     0.0000
    2125.00     0.0004
    2126.00     0.0007
    2127.00     0.0010
    2128.00     0.0012
    2129.00     0.0006
    2130.00     0.0000
    2131.00     0.0002
    2132.00     0.0003
    2133.00     0.0006
    2134.00     0.0009
    2135.00     0.0005
    2136.00     0.0000
    2137.00     0.0003
    2138.00     0.0006
    2139.00     0.0009
    2140.00     0.0012
    2141.00     0.0001
    2142.00    -0.0010
    2143.00    -0.0005
    2144.00     0.0000
    2145.00     0.0002
    2146.00     0.0004
    2147.00     0.0002
    2148.00     0.0000
    2149.00     0.0002
    2150.00     0.0004
    2151.00     0.0008
    2152.00     0.0012
    2153.00     0.0006
    2154.00     0.0000
    2155.00     0.0001
    2156.00     0.0002
    2157.00     0.0002
    2158.00     0.0002
    2159.00     0.0001
    2160.00     0.0000
    2161.00    -0.0005
    2162.00    -0.0010
    2163.00    -0.0004
    2164.00     0.0002
    2165.00     0.0001
    2166.00     0.0000
    2167.00     0.0000
    2168.00     0.0000
    2169.00     0.0000
    2170.00     0.0000
    2171.00     0.0000
    2172.00     0.0000
    2173.00    -0.0005
    2174.00    -0.0010
    2175.00    -0.0004
    2176.00     0.0003
    2177.00     0.0002
    2178.00     0.0000
    2179.00     0.0000
    2180.00     0.0000
    2181.00     0.0004
    2182.00     0.0007
    2183.00     0.0004
    2184.00     0.0000
    2185.00     0.0000
    2186.00     0.0000
    2187.00     0.0007
    2188.00     0.0013
    2189.00     0.0008
    2190.00     0.0002
    2191.00     0.0001
    2192.00     0.0000
    2193.00     0.0004
    2194.00     0.0007
    2195.00    -0.0002
    2196.00    -0.0010
    2197.00    -0.0010
    2198.00    -0.0010
    2199.00     0.0004
    2200.00     0.0018
    2201.00     0.0004
    2202.00    -0.0010
    2203.00    -0.0010
    2204.00    -0.0010
    2205.00     0.0002
    2206.00     0.0014
    2207.00     0.0007
    2208.00     0.0000
    2209.00    -0.0005
    2210.00    -0.0010
    2211.00    -0.0003
    2212.00     0.0005
    2213.00     0.0007
    2214.00     0.0008
    2215.00     0.0004
    2216.00     0.0000
    2217.00     0.0015
    2218.00     0.0030
    2219.00     0.0017
    2220.00     0.0004
    2221.00     0.0002
    2222.00     0.0000
    2223.00     0.0009
    2224.00     0.0018
    2225.00     0.0011
    2226.00     0.0003
    2227.00     0.0004
    2228.00     0.0005
    2229.00     0.0016
    2230.00     0.0026
    2231.00     0.0013
    2232.00     0.0000
    2233.00     0.0002
    2234.00     0.0003
    2235.00     0.0017
    2236.00     0.0031
    2237.00     0.0023
    2238.00     0.0015
    2239.00     0.0003
    2240.00    -0.0010
    2241.00     0.0012
    2242.00     0.0034
    2243.00     0.0028
    2244.00     0.0022
    2245.00     0.0012
    2246.00     0.0001
    2247.00     0.0018
    2248.00     0.0034
    2249.00     0.0020
    2250.00     0.0005
    2251.00    -0.0003
    2252.00    -0.0010
    2253.00    -0.0001
    2254.00     0.0009
    2255.00     0.0007
    2256.00     0.0004
    2257.00    -0.0003
    2258.00    -0.0010
    2259.00     0.0005
    2260.00     0.0019
    2261.00     0.0012
    2262.00     0.0004
    2263.00    -0.0003
    2264.00    -0.0010
    2265.00     0.0006
    2266.00     0.0022
    2267.00     0.0015
    2268.00     0.0008
    2269.00    -0.0006
    2270.00    -0.0020
    2271.00     0.0000
    2272.00     0.0021
    2273.00     0.0011
    2274.00     0.0000
    2275.00    -0.0015
    2276.00    -0.0030
    2277.00    -0.0003
    2278.00     0.0025
    2279.00     0.0013
    2280.00     0.0000
    2281.00    -0.0015
    2282.00    -0.0030
    2283.00    -0.0002
    2284.00     0.0026
    2285.00     0.0017
    2286.00     0.0007
    2287.00    -0.0007
    2288.00    -0.0020
    2289.00    -0.0005
    2290.00     0.0010
    2291.00     0.0000
    2292.00    -0.0010
    2293.00    -0.0010
    2294.00    -0.0010
    2295.00     0.0002
    2296.00     0.0014
    2297.00     0.0002
    2298.00    -0.0010
    2299.00    -0.0010
    2300.00    -0.0010
    2301.00     0.0005
    2302.00     0.0020
    2303.00     0.0011
    2304.00     0.0002
    2305.00    -0.0009
    2306.00    -0.0020
    2307.00     0.0002
    2308.00     0.0024
    2309.00     0.0013
    2310.00     0.0001
    2311.00     0.0001
    2312.00     0.0000
    2313.00     0.0011
    2314.00     0.0021
    2315.00     0.0012
    2316.00     0.0003
    2317.00     0.0002
    2318.00     0.0000
    2319.00     0.0001
    2320.00     0.0002
    2321.00     0.0006
    2322.00     0.0010
    2323.00     0.0008
    2324.00     0.0005
    2325.00     0.0008
    2326.00     0.0011
    2327.00     0.0006
    2328.00     0.0000
    2329.00     0.0003
    2330.00     0.0006
    2331.00     0.0006
    2332.00     0.0005
    2333.00     0.0006
    2334.00     0.0007
    2335.00     0.0011
    2336.00     0.0015
    2337.00     0.0012
    2338.00     0.0008
    2339.00     0.0006
    2340.00     0.0004
    2341.00    -0.0003
    2342.00    -0.0010
    2343.00    -0.0005
    2344.00     0.0000
    2345.00     0.0003
    2346.00     0.0006
    2347.00     0.0005
    2348.00     0.0003
    2349.00     0.0002
    2350.00     0.0000
    2351.00     0.0000
    2352.00     0.0000
    2353.00     0.0000
    2354.00     0.0000
    2355.00     0.0004
    2356.00     0.0008
    2357.00     0.0007
    2358.00     0.0005
    2359.00     0.0003
    2360.00     0.0001
    2361.00     0.0001
    2362.00     0.0000
    2363.00     0.0000
    2364.00     0.0000
    2365.00     0.0001
    2366.00     0.0001
    2367.00    -0.0005
    2368.00    -0.0010
    2369.00    -0.0005
    2370.00     0.0000
    2371.00     0.0004
    2372.00     0.0007
    2373.00     0.0004
    2374.00     0.0001
    2375.00     0.0013
    2376.00     0.0024
    2377.00     0.0018
    2378.00     0.0011
    2379.00     0.0007
    2380.00     0.0002
    2381.00     0.0009
    2382.00     0.0015
    2383.00     0.0017
    2384.00     0.0018
    2385.00     0.0004
    2386.00    -0.0010
    2387.00    -0.0010
    2388.00    -0.0010
    2389.00     0.0003
    2390.00     0.0016
    2391.00     0.0008
    2392.00     0.0000
    2393.00     0.0004
    2394.00     0.0008
    2395.00     0.0006
    2396.00     0.0003
    2397.00    -0.0004
    2398.00    -0.0010
    2399.00    -0.0003
    2400.00     0.0004
    2401.00     0.0002
    2402.00     0.0000
    2403.00     0.0000
    2404.00     0.0000
    2405.00     0.0000
    2406.00     0.0000
    2407.00     0.0001
    2408.00     0.0002
    2409.00    -0.0004
    2410.00    -0.0010
    2411.00    -0.0001
    2412.00     0.0009
    2413.00    -0.0001
    2414.00    -0.0010
    2415.00    -0.0001
    2416.00     0.0009
    2417.00     0.0014
    2418.00     0.0019
    2419.00     0.0005
    2420.00    -0.0010
    2421.00    -0.0005
    2422.00     0.0000
    2423.00     0.0008
    2424.00     0.0015
    2425.00     0.0009
    2426.00     0.0002
    2427.00     0.0010
    2428.00     0.0017
    2429.00     0.0011
    2430.00     0.0004
    2431.00    -0.0008
    2432.00    -0.0020
    2433.00    -0.0010
    2434.00     0.0001
    2435.00     0.0001
    2436.00     0.0000
    2437.00    -0.0010
    2438.00    -0.0020
    2439.00    -0.0010
    2440.00     0.0000
    2441.00     0.0002
    2442.00     0.0004
    2443.00     0.0002
    2444.00     0.0000
    2445.00     0.0004
    2446.00     0.0007
    2447.00     0.0016
    2448.00     0.0024
    2449.00     0.0025
    2450.00     0.0025
    2451.00     0.0018
    2452.00     0.0011
    2453.00     0.0015
    2454.00     0.0019
    2455.00     0.0015
    2456.00     0.0010
    2457.00     0.0018
    2458.00     0.0025
    2459.00     0.0008
    2460.00    -0.0010
    2461.00    -0.0010
    2462.00    -0.0010
    2463.00     0.0005
    2464.00     0.0020
    2465.00     0.0012
    2466.00     0.0003
    2467.00    -0.0009
    2468.00    -0.0020
    2469.00    -0.0010
    2470.00     0.0000
    2471.00    -0.0015
    2472.00    -0.0030
    2473.00    -0.0020
    2474.00    -0.0010
    2475.00    -0.0005
    2476.00     0.0000
    2477.00    -0.0005
    2478.00    -0.0010
    2479.00    -0.0005
    2480.00     0.0000
    2481.00     0.0035
    2482.00     0.0069
    2483.00     0.0087
    2484.00     0.0105
    2485.00     0.0072
    2486.00     0.0039
    2487.00     0.0031
    2488.00     0.0023
    2489.00    -0.0004
    2490.00    -0.0030
    2491.00    -0.0015
    2492.00     0.0000
    2493.00    -0.0005
    2494.00    -0.0010
    2495.00    -0.0015
    2496.00    -0.0020
    2497.00    -0.0009
    2498.00     0.0002
    2499.00     0.0003
    2500.00     0.0004
    2503.13     0.0112
    2506.27     0.0154
    2509.41     0.0090
    2512.56     0.0374
    2515.72     0.0211
    2518.89    -0.0101
    2522.07     0.0111
    2525.25     0.0499
    2528.45    -0.0123
    2531.65    -0.0142
    2534.85    -0.0239
    2538.07    -0.0103
    2541.30     0.0147
    2544.53    -0.0012
    2547.77     0.0101
    2551.02    -0.0309
    2554.28     0.0321
    2557.54    -0.0116
    2560.82     0.0257
    2564.10     0.0013
    2567.39     0.0023
    2570.69     0.0149
    2574.00    -0.0052
    2577.32     0.0148
    2580.65    -0.0083
    2583.98    -0.0406
    2587.32     0.0181
    2590.67    -0.0088
    2594.03    -0.0031
    2597.40    -0.0067
    2600.78     0.0374
    2604.17    -0.0048
    2607.56     0.0208
    2610.97     0.0358
    2614.38     0.0252
    2617.80    -0.0024
    2621.23     0.0254
    2624.67     0.0459
    2628.12     0.0254
    2631.58     0.0066
    2635.05     0.0033
    2638.52    -0.0039
    2642.01    -0.0281
    2645.50     0.0053
    2649.01     0.0052
    2652.52     0.0152
    2656.04     0.0349
    2659.57     0.0332
    2663.12    -0.0156
    2666.67    -0.0207
    2670.23     0.0405
    2673.80     0.0214
    2677.38    -0.0079
    2680.97     0.0264
    2684.56     0.0208
    2688.17    -0.0308
    2691.79    -0.0096
    2695.42     0.0357
    2699.06     0.0319
    2702.70    -0.0171
    2706.36    -0.0187
    2710.03     0.0292
    2713.70    -0.0010
    2717.39     0.0087
    2721.09     0.0352
    2724.80    -0.0155
    2728.51    -0.0008
    2732.24     0.0086
    2735.98    -0.0088
    2739.73     0.0077
    2743.48     0.0293
    2747.25    -0.0066
    2751.03    -0.0058
    2754.82    -0.0196
    2758.62    -0.0285
    2762.43     0.0061
    2766.25     0.0306
    2770.08     0.0312
    2773.93    -0.0013
    2777.78    -0.0095
    2781.64    -0.0152
    2785.52    -0.0343
    2789.40    -0.0066
    2793.30    -0.0278
    2797.20    -0.0011
    2801.12    -0.0152
    2805.05     0.0129
    2808.99     0.0261
    2812.94    -0.0225
    2816.90    -0.0252
    2820.87     0.0356
    2824.86     0.0259
    2828.85     0.0033
    2832.86    -0.0026
    2836.88     0.0071
    2840.91     0.0165
    2844.95    -0.0069
    2849.00     0.0308
    2853.07     0.0162
    2857.14    -0.0050
    2861.23    -0.0108
    2865.33    -0.0203
    2869.44     0.0074
    2873.56     0.0011
    2877.70     0.0479
    2881.84    -0.0096
    2886.00     0.0229
    2890.17    -0.0021
    2894.36     0.0056
    2898.55    -0.0203
    2902.76     0.0040
    2906.98    -0.0127
    2911.21     0.0200
    2915.45     0.0096
    2919.71     0.0118
    2923.98    -0.0152
    2928.26    -0.0279
    2932.55     0.0120
    2936.86     0.0164
    2941.18    -0.0194
    2945.51    -0.0007
    2949.85     0.0128
    2954.21     0.0072
    2958.58     0.0290
    2962.96     0.0102
    2967.36     0.0234
    2971.77     0.0437
    2976.19     0.0095
    2980.63     0.0216
    2985.07     0.0341
    2989.54     0.0693
    2994.01     0.0378
    2998.50     0.0900
    3003.00     0.0522
    3007.52     0.0736
    3012.05     0.0873
    3016.59     0.0491
    3021.15     0.0918
    3025.72     0.1157
    3030.30     0.1592
    3034.90     0.1816
    3039.51     0.2378
    3044.14     0.2735
    3048.78     0.3453
    3053.44     0.4286
    3058.10     0.5331
    3062.79     0.6510
    3067.48     0.8255
    3072.20     1.1918
    3076.92     1.6173
    3081.66     2.1216
    3086.42     2.7416
    3091.19     3.4830
    3095.98     3.8105
    3100.78     3.4667
    3105.59     2.7947
    3110.42     2.2612
    3115.26     1.7382
    3120.12     1.2398
    3125.00     0.9232
    3129.89     0.8343
    3134.80     0.6777
    3139.72     0.5291
    3144.65     0.4545
    3149.61     0.4314
    3154.57     0.3753
    3159.56     0.3251
    3164.56     0.2860
    3169.57     0.2784
    3174.60     0.2805
    3179.65     0.2122
    3184.71     0.2058
    3189.79     0.2007
    3194.89     0.1853
    3200.00     0.1957
