#Wavelength	Transmission
2.1007830000	-0.0001356108
2.1007840000	0.0691163000
2.1008790000	0.0690998600
2.1009740000	0.0690834200
2.1010690000	0.0690669800
2.1011640000	0.0690505500
2.1012590000	0.0690341100
2.1013540000	0.0690176700
2.1014490000	0.0690012300
2.1015440000	0.0689847900
2.1016390000	0.0689683600
2.1017340000	0.0689519200
2.1018290000	0.0689354800
2.1019240000	0.0689190400
2.1020190000	0.0689026100
2.1021130000	0.0688861700
2.1022080000	0.0688697300
2.1023030000	0.0688532900
2.1023980000	0.0688368600
2.1024930000	0.0688204200
2.1025880000	0.0688039800
2.1026830000	0.0687875400
2.1027780000	0.0687711000
2.1028730000	0.0687546700
2.1029680000	0.0687382300
2.1030630000	0.0687217900
2.1031580000	0.0687053500
2.1032530000	0.0686889200
2.1033480000	0.0686724800
2.1034430000	0.0686560400
2.1035380000	0.0686396000
2.1036330000	0.0686231700
2.1037280000	0.0686067300
2.1038220000	0.0685902900
2.1039170000	0.0685738500
2.1040120000	0.0685574200
2.1041070000	0.0685409800
2.1042020000	0.0685245400
2.1042970000	0.0685081000
2.1043920000	0.0684916600
2.1044870000	0.0684752300
2.1045820000	0.0684587900
2.1046770000	0.0684423500
2.1047720000	0.0684259100
2.1048670000	0.0684094800
2.1049620000	0.0683930400
2.1050570000	0.0683766000
2.1051520000	0.0683601600
2.1052470000	0.0683437300
2.1053420000	0.0683272900
2.1054370000	0.0683108500
2.1055310000	0.0682944100
2.1056260000	0.0682779700
2.1057210000	0.0682615400
2.1058160000	0.0682451000
2.1059110000	0.0682286600
2.1060060000	0.0682122200
2.1061010000	0.0681957900
2.1061960000	0.0681793500
2.1062910000	0.0681629100
2.1063860000	0.0681464700
2.1064810000	0.0681300400
2.1065760000	0.0681136000
2.1066710000	0.0680971600
2.1067660000	0.0680807200
2.1068610000	0.0680642900
2.1069560000	0.0680478500
2.1070510000	0.0680314100
2.1071460000	0.0680149700
2.1072400000	0.0679985300
2.1073350000	0.0679821000
2.1074300000	0.0679656600
2.1075250000	0.0679492200
2.1076200000	0.0679327800
2.1077150000	0.0679163500
2.1078100000	0.0678999100
2.1079050000	0.0678834700
2.1080000000	0.0678670300
2.1080950000	0.0678506000
2.1080960000	0.1371025000
2.1081910000	0.1370861000
2.1082850000	0.0678177200
2.1083800000	0.0678012800
2.1084750000	0.0677848400
2.1085700000	0.0677684100
2.1086650000	0.0677519700
2.1087600000	0.0677355300
2.1087610000	0.1369874000
2.1088550000	0.0677190900
2.1089490000	0.0677026600
2.1090440000	0.0676862200
2.1091390000	0.0676697800
2.1092340000	0.0676533400
2.1093290000	0.0676369100
2.1094240000	0.0676204700
2.1095190000	0.0676040300
2.1096140000	0.0675875900
2.1097090000	0.0675711500
2.1098040000	0.0675547200
2.1098990000	0.0675382800
2.1099940000	0.0675218400
2.1100890000	0.0675054000
2.1101840000	0.0674889700
2.1102790000	0.0674725300
2.1103740000	0.0674560900
2.1103750000	0.1367080000
2.1104700000	0.1366916000
2.1105640000	0.0674232200
2.1106580000	0.0674067800
2.1107530000	0.0673903400
2.1108480000	0.0673739000
2.1109430000	0.0673574700
2.1110380000	0.0673410300
2.1111330000	0.0673245900
2.1112280000	0.0673081500
2.1113230000	0.0672917100
2.1114180000	0.0672752800
2.1114190000	0.1365272000
2.1115140000	0.1365107000
2.1116090000	0.1364943000
2.1117040000	0.1364779000
2.1117980000	0.0672095300
2.1118930000	0.0671930900
2.1119880000	0.0671766500
2.1120830000	0.0671602100
2.1121780000	0.0671437800
2.1121790000	0.1363957000
2.1122730000	0.1363792000
2.1123670000	0.0671109000
2.1124620000	0.0670944600
2.1125570000	0.0670780200
2.1126520000	0.0670615900
2.1127470000	0.0670451500
2.1128420000	0.0670287100
2.1129370000	0.0670122700
2.1130320000	0.0669958400
2.1131270000	0.0669794000
2.1132220000	0.0669629600
2.1133170000	0.0669465200
2.1134120000	0.0669300900
2.1135070000	0.0669136500
2.1136020000	0.0668972100
2.1136970000	0.0668807700
2.1137920000	0.0668643400
2.1138870000	0.0668479000
2.1139810000	0.0668314600
2.1140760000	0.0668150200
2.1140770000	0.1360669000
2.1141720000	0.1360505000
2.1142670000	0.1360341000
2.1143620000	0.1360176000
2.1144570000	0.1360012000
2.1145510000	0.0667328300
2.1146460000	0.0667164000
2.1147410000	0.0666999600
2.1147420000	0.1359519000
2.1148370000	0.1359354000
2.1149320000	0.1359190000
2.1150270000	0.1359026000
2.1151220000	0.1358861000
2.1152170000	0.1358697000
2.1153110000	0.0666013300
2.1154060000	0.0665848900
2.1155010000	0.0665684600
2.1155960000	0.0665520200
2.1156900000	0.0665355800
2.1157850000	0.0665191400
2.1158800000	0.0665027100
2.1159750000	0.0664862700
2.1160700000	0.0664698300
2.1161650000	0.0664533900
2.1162600000	0.0664369600
2.1162610000	0.1356889000
2.1163560000	0.1356724000
2.1164510000	0.1356560000
2.1165450000	0.0663876400
2.1165460000	0.1356395000
2.1166410000	0.1356231000
2.1167360000	0.1356067000
2.1168310000	0.1355902000
2.1169260000	0.1355738000
2.1170210000	0.1355574000
2.1171150000	0.0662890200
2.1172100000	0.0662725800
2.1173050000	0.0662561400
2.1173990000	0.0662397000
2.1174000000	0.1354916000
2.1174940000	0.0662232700
2.1175890000	0.0662068300
2.1176840000	0.0661903900
2.1177790000	0.0661739500
2.1177800000	0.1354259000
2.1178750000	0.1354094000
2.1179690000	0.0661410800
2.1180640000	0.0661246400
2.1181590000	0.0661082000
2.1182540000	0.0660917600
2.1183490000	0.0660753300
2.1184440000	0.0660588900
2.1185390000	0.0660424500
2.1186340000	0.0660260100
2.1187290000	0.0660095800
2.1188240000	0.0659931400
2.1189190000	0.0659767000
2.1190140000	0.0659602600
2.1190150000	0.1352122000
2.1191090000	0.1351957000
2.1192040000	0.1351793000
2.1192990000	0.1351629000
2.1193940000	0.1351464000
2.1194880000	0.0658780700
2.1195830000	0.0658616400
2.1196780000	0.0658452000
2.1197730000	0.0658287600
2.1198680000	0.0658123200
2.1199630000	0.0657958900
2.1200580000	0.0657794500
2.1201530000	0.0657630100
2.1202480000	0.0657465700
2.1203430000	0.0657301400
2.1204380000	0.0657137000
2.1205330000	0.0656972600
2.1206280000	0.0656808200
2.1207230000	0.0656643900
2.1208170000	0.0656479500
2.1209120000	0.0656315100
2.1210070000	0.0656150700
2.1210080000	0.1348670000
2.1211030000	0.1348505000
2.1211980000	0.1348341000
2.1212930000	0.1348177000
2.1213880000	0.1348012000
2.1214830000	0.1347848000
2.1215780000	0.1347684000
2.1216730000	0.1347519000
2.1217680000	0.1347355000
2.1218630000	0.1347190000
2.1219580000	0.1347026000
2.1220530000	0.1346862000
2.1221480000	0.1346697000
2.1222430000	0.1346533000
2.1223380000	0.1346369000
2.1224320000	0.1346204000
2.1225270000	0.1346040000
2.1226220000	0.1345875000
2.1227170000	0.1345711000
2.1228120000	0.1345547000
2.1229070000	0.1345382000
2.1230020000	0.1345218000
2.1230970000	0.1345054000
2.1231920000	0.1344889000
2.1232870000	0.1344725000
2.1233820000	0.1344560000
2.1234770000	0.1344396000
2.1235720000	0.1344232000
2.1236670000	0.1344067000
2.1237620000	0.1343903000
2.1238570000	0.1343738000
2.1239520000	0.1343574000
2.1240470000	0.1343410000
2.1241410000	0.1343245000
2.1242360000	0.1343081000
2.1243310000	0.1342917000
2.1244260000	0.1342752000
2.1245210000	0.1342588000
2.1246160000	0.1342423000
2.1247110000	0.1342259000
2.1248060000	0.1342095000
2.1249010000	0.1341930000
2.1249960000	0.1341766000
2.1250910000	0.1341602000
2.1251860000	0.1341437000
2.1252810000	0.1341273000
2.1253760000	0.1341108000
2.1254710000	0.1340944000
2.1255660000	0.1340780000
2.1256610000	0.1340615000
2.1257560000	0.1340451000
2.1258500000	0.1340287000
2.1259450000	0.1340122000
2.1260400000	0.1339958000
2.1261350000	0.1339793000
2.1262300000	0.1339629000
2.1263250000	0.1339465000
2.1264200000	0.1339300000
2.1265150000	0.1339136000
2.1266100000	0.1338972000
2.1267050000	0.1338807000
2.1268000000	0.1338643000
2.1268950000	0.1338478000
2.1269900000	0.1338314000
2.1270850000	0.1338150000
2.1271800000	0.1337985000
2.1272750000	0.1337821000
2.1273700000	0.1337657000
2.1273710000	0.2030176000
2.1274660000	0.2030011000
2.1275600000	0.2029847000
2.1276550000	0.2029682000
2.1277500000	0.2029518000
2.1278450000	0.2029354000
2.1279400000	0.2029189000
2.1280350000	0.2029025000
2.1281300000	0.2028861000
2.1282250000	0.2028696000
2.1283200000	0.2028532000
2.1284150000	0.2028367000
2.1285100000	0.2028203000
2.1286050000	0.2028039000
2.1287000000	0.2027874000
2.1287950000	0.2027710000
2.1288900000	0.2027546000
2.1289850000	0.2027381000
2.1290800000	0.2027217000
2.1291740000	0.2027052000
2.1291750000	0.2719572000
2.1292700000	0.2719407000
2.1293650000	0.2719243000
2.1294600000	0.2719078000
2.1295550000	0.2718914000
2.1295560000	0.3411433000
2.1296510000	0.3411269000
2.1297460000	0.3411104000
2.1298410000	0.3410940000
2.1299360000	0.3410776000
2.1300310000	0.3410611000
2.1301260000	0.3410447000
2.1302210000	0.3410282000
2.1303160000	0.3410118000
2.1304110000	0.3409954000
2.1305060000	0.3409789000
2.1306010000	0.3409625000
2.1306960000	0.3409461000
2.1307910000	0.3409296000
2.1308850000	0.3409132000
2.1309800000	0.3408967000
2.1310750000	0.3408803000
2.1311700000	0.3408639000
2.1312650000	0.3408474000
2.1313600000	0.3408310000
2.1314550000	0.3408146000
2.1315500000	0.3407981000
2.1315510000	0.4100500000
2.1316460000	0.4100336000
2.1317410000	0.4100171000
2.1318360000	0.4100007000
2.1319310000	0.4099843000
2.1320260000	0.4099678000
2.1321210000	0.4099514000
2.1322160000	0.4099350000
2.1322170000	0.4791869000
2.1323120000	0.4791704000
2.1324070000	0.4791540000
2.1325010000	0.4791376000
2.1325960000	0.4791211000
2.1326910000	0.4791047000
2.1327860000	0.4790882000
2.1328810000	0.4790718000
2.1329760000	0.4790554000
2.1330710000	0.4790389000
2.1331660000	0.4790225000
2.1331670000	0.5482744000
2.1332620000	0.5482580000
2.1333570000	0.5482415000
2.1334520000	0.5482251000
2.1335470000	0.5482086000
2.1336420000	0.5481922000
2.1337370000	0.5481758000
2.1338320000	0.5481593000
2.1339270000	0.5481429000
2.1339280000	0.6173948000
2.1340230000	0.6173784000
2.1341180000	0.6173619000
2.1342120000	0.6173455000
2.1343070000	0.6173291000
2.1344020000	0.6173126000
2.1344970000	0.6172962000
2.1344980000	0.6865481000
2.1345930000	0.6865316000
2.1346880000	0.6865152000
2.1347830000	0.6864988000
2.1348780000	0.6864823000
2.1348790000	0.7557342000
2.1349740000	0.7557178000
2.1350690000	0.7557014000
2.1351640000	0.7556849000
2.1352590000	0.7556685000
2.1352600000	0.8249204000
2.1353550000	0.8249040000
2.1354500000	0.8248875000
2.1355450000	0.8248711000
2.1356400000	0.8248546000
2.1356410000	0.8941066000
2.1357350000	0.8940901000
2.1358300000	0.8940737000
2.1358310000	0.9633256000
2.1359260000	0.9633091000
2.1360210000	0.9632927000
2.1360220000	1.0325450000
2.1361170000	1.0325280000
2.1362120000	1.0325120000
2.1363070000	1.0324950000
2.1363080000	1.1017470000
2.1364030000	1.1017310000
2.1364980000	1.1017140000
2.1365930000	1.1016980000
2.1365940000	1.1709500000
2.1366890000	1.1709330000
2.1366900000	1.2401850000
2.1367850000	1.2401690000
2.1368800000	1.2401520000
2.1368810000	1.3094040000
2.1369760000	1.3093880000
2.1370710000	1.3093710000
2.1370720000	1.3786230000
2.1371670000	1.3786070000
2.1372620000	1.3785900000
2.1372620000	1.4478420000
2.1373570000	1.4478260000
2.1374520000	1.4478090000
2.1374530000	1.5170610000
2.1375480000	1.5170450000
2.1376430000	1.5170290000
2.1377380000	1.5170120000
2.1377390000	1.5862640000
2.1378340000	1.5862480000
2.1378350000	1.6554990000
2.1379300000	1.6554830000
2.1380250000	1.6554670000
2.1380260000	1.7247180000
2.1381210000	1.7247020000
2.1382160000	1.7246860000
2.1382170000	1.7939380000
2.1383120000	1.7939210000
2.1383130000	1.8631730000
2.1384080000	1.8631570000
2.1384090000	1.9324080000
2.1385040000	1.9323920000
2.1385050000	2.0016440000
2.1385060000	2.0708960000
2.1386010000	2.0708790000
2.1386960000	2.0708630000
2.1386970000	2.1401150000
2.1387910000	2.1400980000
2.1388860000	2.1400820000
2.1388870000	2.2093340000
2.1389820000	2.2093170000
2.1390770000	2.2093010000
2.1390780000	2.2785530000
2.1391730000	2.2785360000
2.1391740000	2.3477880000
2.1391750000	2.4170400000
2.1392700000	2.4170240000
2.1392710000	2.4862760000
2.1393660000	2.4862590000
2.1393670000	2.5555110000
2.1394620000	2.5554950000
2.1394630000	2.6247470000
2.1395580000	2.6247300000
2.1395590000	2.6939820000
2.1395600000	2.7632340000
2.1396550000	2.7632180000
2.1396560000	2.8324700000
2.1396570000	2.9017210000
2.1397520000	2.9017050000
2.1397530000	2.9709570000
2.1398480000	2.9709400000
2.1398490000	3.0401920000
2.1398500000	3.1094440000
2.1399450000	3.1094280000
2.1399460000	3.1786800000
2.1400410000	3.1786630000
2.1400420000	3.2479150000
2.1401360000	3.2478990000
2.1401370000	3.3171510000
2.1402320000	3.3171340000
2.1402330000	3.3863860000
2.1403280000	3.3863700000
2.1403290000	3.4556220000
2.1403300000	3.5248740000
2.1404250000	3.5248570000
2.1404260000	3.5941090000
2.1405210000	3.5940930000
2.1405220000	3.6633450000
2.1405230000	3.7325960000
2.1406180000	3.7325800000
2.1406190000	3.8018320000
2.1407140000	3.8018150000
2.1407150000	3.8710670000
2.1407160000	3.9403190000
2.1408110000	3.9403030000
2.1408120000	4.0095550000
2.1408130000	4.0788070000
2.1409080000	4.0787900000
2.1409090000	4.1480420000
2.1409100000	4.2172940000
2.1410050000	4.2172780000
2.1410070000	4.3557810000
2.1410080000	4.4250330000
2.1411030000	4.4250170000
2.1411040000	4.4942690000
2.1411050000	4.5635210000
2.1412000000	4.5635040000
2.1412010000	4.6327560000
2.1412020000	4.7020080000
2.1412960000	4.7019920000
2.1412970000	4.7712440000
2.1412980000	4.8404950000
2.1413930000	4.8404790000
2.1413960000	5.0482350000
2.1413970000	5.1174870000
2.1414920000	5.1174700000
2.1414930000	5.1867220000
2.1415880000	5.1867060000
2.1415890000	5.2559580000
2.1416840000	5.2559410000
2.1416850000	5.3251930000
2.1416860000	5.3944450000
2.1416870000	5.4636970000
2.1417820000	5.4636800000
2.1417840000	5.6021840000
2.1417850000	5.6714360000
2.1418820000	5.8099230000
2.1418830000	5.8791750000
2.1419780000	5.8791590000
2.1419810000	6.0869150000
2.1419820000	6.1561670000
2.1419830000	6.2254180000
2.1420780000	6.2254020000
2.1420790000	6.2946540000
2.1421740000	6.2946380000
2.1421750000	6.3638890000
2.1421760000	6.4331410000
2.1422710000	6.4331250000
2.1422730000	6.5716290000
2.1422740000	6.6408810000
2.1422750000	6.7101330000
2.1423690000	6.7101160000
2.1423720000	6.9178720000
2.1423730000	6.9871240000
2.1424680000	6.9871070000
2.1424700000	7.1256110000
2.1424710000	7.1948630000
2.1424720000	7.2641150000
2.1425670000	7.2640980000
2.1425680000	7.3333500000
2.1425690000	7.4026020000
2.1426640000	7.4025860000
2.1426670000	7.6103420000
2.1426680000	7.6795930000
2.1426690000	7.7488450000
2.1427640000	7.7488290000
2.1427670000	7.9565850000
2.1427680000	8.0258370000
2.1428630000	8.0258200000
2.1428660000	8.2335760000
2.1428670000	8.3028280000
2.1429620000	8.3028110000
2.1429640000	8.4413150000
2.1429650000	8.5105670000
2.1429660000	8.5798190000
2.1430610000	8.5798030000
2.1430630000	8.7183060000
2.1430640000	8.7875580000
2.1431590000	8.7875420000
2.1431620000	8.9952980000
2.1431640000	9.1338010000
2.1432580000	9.1337850000
2.1432610000	9.3415410000
2.1432620000	9.4107930000
2.1433570000	9.4107760000
2.1433600000	9.6185320000
2.1433620000	9.7570360000
2.1433630000	9.8262880000
2.1434580000	9.8262710000
2.1434620000	10.1032800000
2.1434630000	10.1725300000
2.1435580000	10.1725100000
2.1435600000	10.3110200000
2.1435610000	10.3802700000
2.1436560000	10.3802500000
2.1436620000	10.7957600000
2.1436650000	11.0035200000
2.1436660000	11.0727700000
2.1437610000	11.0727600000
2.1437640000	11.2805100000
2.1437650000	11.3497600000
2.1438600000	11.3497500000
2.1438630000	11.5575000000
2.1438650000	11.6960100000
2.1438660000	11.7652600000
2.1439610000	11.7652400000
2.1439650000	12.0422500000
2.1439660000	12.1807500000
2.1439670000	12.2500100000
2.1440620000	12.2499900000
2.1440660000	12.5270000000
2.1440680000	12.6655000000
2.1440690000	12.7347500000
2.1441640000	12.7347400000
2.1441680000	13.0117400000
2.1441700000	13.1502500000
2.1442650000	13.1502300000
2.1442680000	13.3579900000
2.1442700000	13.4964900000
2.1442710000	13.5657400000
2.1443660000	13.5657300000
2.1443710000	13.9119900000
2.1443720000	13.9812400000
2.1443730000	14.0504900000
2.1444680000	14.0504700000
2.1444720000	14.3274800000
2.1444740000	14.4659800000
2.1444750000	14.5352400000
2.1445700000	14.5352200000
2.1445750000	14.8814800000
2.1445770000	15.0199800000
2.1446720000	15.0199700000
2.1446750000	15.2969700000
2.1447700000	15.2969600000
2.1447740000	15.5739700000
2.1447760000	15.7124700000
2.1447770000	15.7817200000
2.1447780000	15.8509700000
2.1448730000	15.8509600000
2.1448780000	16.1972200000
2.1448810000	16.4049700000
2.1448820000	16.4742200000
2.1448830000	16.5434800000
2.1449830000	16.8897200000
2.1449860000	17.0974700000
2.1449870000	17.1667300000
2.1449880000	17.2359800000
2.1450830000	17.2359600000
2.1450900000	17.7207300000
2.1450930000	17.9284800000
2.1450950000	18.0669800000
2.1451900000	18.0669700000
2.1451930000	18.2747200000
2.1451950000	18.4132300000
2.1451960000	18.4824800000
2.1452910000	18.4824600000
2.1452960000	18.8979700000
2.1452990000	19.1057300000
2.1453000000	19.1749800000
2.1453950000	19.1749700000
2.1454010000	19.5904800000
2.1454040000	19.7982300000
2.1454990000	19.7982200000
2.1455060000	20.2829800000
2.1455080000	20.4214800000
2.1456030000	20.4214700000
2.1456120000	21.0447300000
2.1456170000	21.3909900000
2.1456190000	21.5295000000
2.1457140000	21.5294800000
2.1457200000	21.9449900000
2.1457220000	22.0835000000
2.1457230000	22.1527500000
2.1458180000	22.1527300000
2.1458230000	22.5682400000
2.1458260000	22.7760000000
2.1458270000	22.8452500000
2.1458280000	22.9145000000
2.1459230000	22.9144900000
2.1459280000	23.2607500000
2.1459290000	23.3300000000
2.1459300000	23.3992500000
2.1460250000	23.3992300000
2.1460330000	23.9532500000
2.1460370000	24.2302600000
2.1461320000	24.2302400000
2.1461390000	24.7150000000
2.1462340000	24.7149900000
2.1462410000	25.1997500000
2.1462430000	25.3382500000
2.1462450000	25.4767600000
2.1462460000	25.5460100000
2.1462470000	25.6152600000
2.1462520000	25.9615200000
2.1463450000	25.8922500000
2.1463560000	26.6540200000
2.1463610000	27.0002800000
2.1463640000	27.2080400000
2.1463650000	27.2772900000
2.1464600000	27.2772700000
2.1464680000	27.8312900000
2.1464710000	28.0390500000
2.1465660000	28.0390300000
2.1465700000	28.3160400000
2.1465720000	28.4545400000
2.1465730000	28.5237900000
2.1466680000	28.5237800000
2.1466750000	29.0085400000
2.1466790000	29.2855500000
2.1466810000	29.4240500000
2.1467760000	29.4240300000
2.1467810000	29.8395500000
2.1467840000	30.0473000000
2.1467850000	30.1165500000
2.1467860000	30.1858100000
2.1468810000	30.1857900000
2.1468850000	30.4628000000
2.1468870000	30.6013000000
2.1468880000	30.6705500000
2.1468890000	30.7398000000
2.1468940000	31.0860600000
2.1469890000	31.0860500000
2.1469950000	31.5015600000
2.1469980000	31.7093100000
2.1469990000	31.7785700000
2.1470000000	31.8478200000
2.1470040000	32.1248300000
2.1470050000	32.1940800000
2.1470060000	32.2633300000
2.1470070000	32.3325800000
2.1471020000	32.3325700000
2.1471080000	32.7480800000
2.1471110000	32.9558300000
2.1471120000	33.0250800000
2.1471130000	33.0943400000
2.1472080000	33.0943200000
2.1472150000	33.6483400000
2.1472190000	33.9253400000
2.1472210000	34.0638500000
2.1472220000	34.1331000000
2.1473170000	34.1330800000
2.1473210000	34.4100900000
2.1473230000	34.5485900000
2.1473240000	34.6178500000
2.1474280000	35.2411000000
2.1474300000	35.3796000000
2.1474310000	35.4488500000
2.1474320000	35.5181000000
2.1475220000	35.1718300000
2.1475300000	35.7258400000
2.1475360000	36.1413500000
2.1475370000	36.2106100000
2.1475380000	36.2798600000
2.1475390000	36.3491100000
2.1475430000	36.6261200000
2.1475440000	36.6953700000
2.1476310000	36.1413400000
2.1476470000	37.2493700000
2.1476490000	37.3878700000
2.1476500000	37.4571200000
2.1476510000	37.5263800000
2.1476570000	38.0111400000
2.1476590000	38.1496400000
2.1476600000	38.2189000000
2.1477550000	38.2188800000
2.1477620000	38.7036400000
2.1477660000	38.9806500000
2.1477670000	39.0499000000
2.1478620000	39.0498900000
2.1478700000	39.6039000000
2.1478740000	39.8809100000
2.1479690000	39.8808900000
2.1479750000	40.2964000000
2.1479780000	40.5041600000
2.1479800000	40.6426600000
2.1480750000	40.6426500000
2.1480830000	41.1966600000
2.1480860000	41.4044200000
2.1480870000	41.5429200000
2.1480880000	41.6121700000
2.1480950000	42.0969400000
2.1481900000	42.0969200000
2.1481980000	42.6509400000
2.1482020000	42.9279400000
2.1482040000	43.0664500000
2.1482050000	43.1357000000
2.1482060000	43.2049500000
2.1483120000	43.9667100000
2.1483150000	44.1744600000
2.1483170000	44.3129600000
2.1483180000	44.3822200000
2.1484190000	44.7977100000
2.1484220000	45.0054700000
2.1484240000	45.1439700000
2.1485190000	45.1439500000
2.1485250000	45.6287200000
2.1485290000	45.9057300000
2.1485300000	45.9749800000
2.1485310000	46.0442300000
2.1486260000	46.0442100000
2.1486270000	46.1134600000
2.1486350000	46.6674800000
2.1486380000	46.8752400000
2.1486390000	46.9444900000
2.1486400000	47.0137400000
2.1487410000	47.4292300000
2.1487440000	47.6369900000
2.1487450000	47.7062400000
2.1487460000	47.7754900000
2.1488510000	48.4680000000
2.1488520000	48.5372500000
2.1488570000	48.8835100000
2.1488590000	49.0220100000
2.1488600000	49.0912600000
2.1488630000	49.2990200000
2.1488640000	49.3682700000
2.1489650000	49.8530200000
2.1489680000	50.0607700000
2.1489690000	50.1300300000
2.1490640000	50.1300100000
2.1490680000	50.4070200000
2.1490710000	50.6147700000
2.1490730000	50.7532800000
2.1490740000	50.8225300000
2.1491690000	50.8225100000
2.1491720000	51.0302700000
2.1491740000	51.1687700000
2.1491750000	51.2380200000
2.1492770000	51.7227700000
2.1492800000	51.9305300000
2.1492820000	52.0690300000
2.1492830000	52.1382800000
2.1492860000	52.3460400000
2.1493800000	52.2767700000
2.1493880000	52.8307800000
2.1493920000	53.1077900000
2.1493930000	53.2463000000
2.1493940000	53.3155500000
2.1495000000	54.0773000000
2.1495030000	54.2850600000
2.1495040000	54.3543100000
2.1495050000	54.4235600000
2.1495090000	54.7005700000
2.1496100000	55.1160600000
2.1496130000	55.3238200000
2.1496150000	55.4623200000
2.1497100000	55.4623100000
2.1497150000	55.8085700000
2.1497170000	55.9470700000
2.1497180000	56.0163200000
2.1497190000	56.0855800000
2.1498210000	56.5703200000
2.1498230000	56.7088300000
2.1498240000	56.7780800000
2.1498250000	56.8473300000
2.1498280000	57.0550900000
2.1498280000	57.1243400000
2.1499260000	57.3320800000
2.1499270000	57.4013300000
2.1499280000	57.4705800000
2.1499310000	57.6783400000
2.1499320000	57.7475900000
2.1499330000	57.8168400000
2.1500330000	58.1630800000
2.1500350000	58.3015900000
2.1500360000	58.3708400000
2.1500370000	58.4400900000
2.1500410000	58.7171000000
2.1500420000	58.7863500000
2.1500430000	58.8556000000
2.1501460000	59.4096000000
2.1501490000	59.6173600000
2.1501510000	59.7558600000
2.1502460000	59.7558400000
2.1502500000	60.0328500000
2.1502510000	60.1021000000
2.1502520000	60.1713600000
2.1502530000	60.2406100000
2.1503460000	60.1020900000
2.1503550000	60.7253500000
2.1503560000	60.8638600000
2.1503570000	60.9331100000
2.1504520000	60.9330900000
2.1504570000	61.2793500000
2.1504600000	61.4871100000
2.1504610000	61.5563600000
2.1504620000	61.6256100000
2.1505570000	61.6256000000
2.1505620000	61.9718600000
2.1505640000	62.1103600000
2.1505650000	62.1796100000
2.1505660000	62.2488600000
2.1506610000	62.2488500000
2.1506660000	62.5951100000
2.1506680000	62.7336100000
2.1506690000	62.8028600000
2.1506700000	62.8721100000
2.1507650000	62.8721000000
2.1507680000	63.0798500000
2.1507700000	63.2183600000
2.1507710000	63.2876100000
2.1508710000	63.6338500000
2.1508720000	63.7031000000
2.1508730000	63.7723600000
2.1508760000	63.9801100000
2.1508770000	64.0493600000
2.1509750000	64.3263500000
2.1509770000	64.4648600000
2.1509780000	64.5341100000
2.1510800000	65.0188600000
2.1510810000	65.0881100000
2.1510820000	65.1573600000
2.1511770000	65.1573400000
2.1511800000	65.3651000000
2.1511810000	65.4343500000
2.1511820000	65.5036000000
2.1512820000	65.8498500000
2.1512840000	65.9883500000
2.1512850000	66.0576000000
2.1513800000	66.0575900000
2.1513820000	66.1960900000
2.1513830000	66.2653400000
2.1513840000	66.3345900000
2.1514840000	66.6808400000
2.1514860000	66.8193400000
2.1514870000	66.8885900000
2.1515820000	66.8885800000
2.1515850000	67.0963300000
2.1515860000	67.1655800000
2.1515870000	67.2348400000
2.1516840000	67.4425800000
2.1516850000	67.5118300000
2.1516860000	67.5810800000
2.1517840000	67.7888200000
2.1517860000	67.9273200000
2.1518810000	67.9273100000
2.1518840000	68.1350600000
2.1518860000	68.2735700000
2.1518870000	68.3428200000
2.1519820000	68.3428000000
2.1519840000	68.4813000000
2.1519850000	68.5505600000
2.1519860000	68.6198100000
2.1520850000	68.8968000000
2.1520860000	68.9660500000
2.1520870000	69.0353000000
2.1521820000	69.0352900000
2.1521830000	69.1045400000
2.1521840000	69.1737900000
2.1522790000	69.1737700000
2.1522800000	69.2430300000
2.1522810000	69.3122800000
2.1523790000	69.5200200000
2.1523800000	69.5892700000
2.1524790000	69.8662600000
2.1524800000	70.0047600000
2.1524810000	70.0740200000
2.1525760000	70.0740000000
2.1525770000	70.1432500000
2.1525780000	70.2125000000
2.1526730000	70.2124900000
2.1526750000	70.3509900000
2.1526760000	70.4202400000
2.1527730000	70.5587300000
2.1527740000	70.6279800000
2.1528700000	70.6972200000
2.1528710000	70.7664700000
2.1529660000	70.7664500000
2.1529670000	70.8357100000
2.1529680000	70.9049600000
2.1530630000	70.9049400000
2.1530640000	70.9741900000
2.1531590000	70.9741800000
2.1531600000	71.0434300000
2.1532550000	71.0434100000
2.1533500000	71.0434000000
2.1533510000	71.1126500000
2.1534460000	71.1126300000
2.1535400000	71.0433600000
2.1536350000	71.0433500000
2.1537290000	70.9740800000
2.1538230000	70.9048100000
2.1539170000	70.9047900000
2.1541040000	70.6970000000
2.1541980000	70.6277400000
2.1542920000	70.5584700000
2.1543850000	70.4199500000
2.1544790000	70.3506800000
2.1546670000	70.2121400000
2.1547610000	70.1428700000
2.1548560000	70.1428600000
2.1549510000	70.1428400000
2.1550450000	70.0735700000
2.1551400000	70.0735600000
2.1552330000	69.9350400000
2.1552340000	70.0042900000
2.1553290000	70.0042700000
2.1554150000	69.3809900000
2.1555060000	69.1039600000
2.1555070000	69.1732200000
2.1555990000	68.9654400000
2.1556920000	68.8269200000
2.1556930000	68.8961800000
2.1556940000	68.9654300000
2.1557850000	68.6884000000
2.1558780000	68.5498800000
2.1559710000	68.4113600000
2.1559720000	68.4806100000
2.1559730000	68.5498700000
2.1560620000	68.1343400000
2.1560630000	68.2035900000
2.1561530000	67.8573100000
2.1561550000	67.9958200000
2.1561560000	68.0650700000
2.1562440000	67.5802900000
2.1563320000	67.0955100000
2.1564220000	66.7492300000
2.1564230000	66.8184900000
2.1565140000	66.5414600000
2.1566050000	66.2644400000
2.1566060000	66.3336900000
2.1566970000	66.0566700000
2.1567910000	65.9874000000
2.1567920000	66.0566500000
2.1568830000	65.7796300000
2.1568840000	65.8488800000
2.1569760000	65.6411100000
2.1569770000	65.7103600000
2.1570690000	65.5025900000
2.1570700000	65.5718400000
2.1571610000	65.2948100000
2.1571620000	65.3640600000
2.1572530000	65.0870400000
2.1573480000	65.0870200000
2.1574340000	64.4637400000
2.1574350000	64.5329900000
2.1575250000	64.1867200000
2.1575260000	64.2559700000
2.1576170000	63.9789400000
2.1576180000	64.0482000000
2.1578020000	63.6326500000
2.1578940000	63.4248800000
2.1578950000	63.4941300000
2.1579860000	63.2171100000
2.1579870000	63.2863600000
2.1580780000	63.0785900000
2.1580790000	63.1478400000
2.1581690000	62.8015600000
2.1582610000	62.5937900000
2.1582620000	62.6630400000
2.1583530000	62.3860200000
2.1584440000	62.1090000000
2.1585370000	61.9704700000
2.1585380000	62.0397300000
2.1586290000	61.7627000000
2.1587220000	61.6241800000
2.1587230000	61.6934300000
2.1588140000	61.4164100000
2.1588150000	61.4856600000
2.1589070000	61.2778900000
2.1589080000	61.3471400000
2.1590000000	61.1393700000
2.1590930000	61.0008500000
2.1592800000	60.7930600000
2.1593730000	60.6545400000
2.1594670000	60.5852700000
2.1595610000	60.5160000000
2.1596550000	60.4467400000
2.1597500000	60.4467200000
2.1598440000	60.3774500000
2.1599390000	60.3774300000
2.1600320000	60.2389100000
2.1601270000	60.2389000000
2.1602210000	60.1696300000
2.1603150000	60.1003600000
2.1604100000	60.1003400000
2.1605040000	60.0310800000
2.1605990000	60.0310600000
2.1606940000	60.0310400000
2.1607880000	60.0310300000
2.1608830000	60.0310100000
2.1609780000	60.0309900000
2.1609790000	60.1002500000
2.1610740000	60.1002300000
2.1611690000	60.1002100000
2.1611700000	60.1694600000
2.1612650000	60.1694500000
2.1612660000	60.2387000000
2.1613610000	60.2386800000
2.1613620000	60.3079400000
2.1613630000	60.3771900000
2.1614580000	60.3771700000
2.1614590000	60.4464200000
2.1614600000	60.5156800000
2.1615550000	60.5156600000
2.1615560000	60.5849100000
2.1615570000	60.6541600000
2.1616520000	60.6541500000
2.1617490000	60.7926300000
2.1617500000	60.8618900000
2.1617510000	60.9311400000
2.1618460000	60.9311200000
2.1618480000	61.0696200000
2.1618490000	61.1388800000
2.1619440000	61.1388600000
2.1619460000	61.2773600000
2.1619470000	61.3466200000
2.1619480000	61.4158700000
2.1620420000	61.4158500000
2.1620430000	61.4851000000
2.1620440000	61.5543600000
2.1621390000	61.5543400000
2.1621410000	61.6928400000
2.1621420000	61.7620900000
2.1621430000	61.8313500000
2.1622380000	61.8313300000
2.1622400000	61.9698300000
2.1622410000	62.0390900000
2.1623360000	62.0390700000
2.1623380000	62.1775700000
2.1623390000	62.2468200000
2.1624340000	62.2468100000
2.1624360000	62.3853100000
2.1624370000	62.4545600000
2.1625320000	62.4545500000
2.1625340000	62.5930500000
2.1625350000	62.6623000000
2.1626300000	62.6622900000
2.1626320000	62.8007900000
2.1626330000	62.8700400000
2.1627280000	62.8700300000
2.1627300000	63.0085300000
2.1627310000	63.0777800000
2.1628260000	63.0777700000
2.1628280000	63.2162700000
2.1628290000	63.2855200000
2.1629240000	63.2855000000
2.1629250000	63.3547600000
2.1630220000	63.4932400000
2.1630220000	63.5625000000
2.1631170000	63.5624800000
2.1631190000	63.7009800000
2.1631200000	63.7702400000
2.1632150000	63.7702200000
2.1632170000	63.9087200000
2.1632180000	63.9779700000
2.1633130000	63.9779600000
2.1633140000	64.0472100000
2.1633150000	64.1164600000
2.1634100000	64.1164500000
2.1634110000	64.1857000000
2.1634120000	64.2549500000
2.1635070000	64.2549300000
2.1635080000	64.3241800000
2.1635090000	64.3934400000
2.1636040000	64.3934200000
2.1636050000	64.4626700000
2.1637020000	64.6011600000
2.1637030000	64.6704100000
2.1638020000	64.9474000000
2.1638030000	65.0166500000
2.1638980000	65.0166400000
2.1638990000	65.0858900000
2.1639940000	65.0858700000
2.1639960000	65.2243800000
2.1640910000	65.2243600000
2.1640920000	65.2936100000
2.1640930000	65.3628600000
2.1641870000	65.3628500000
2.1642820000	65.3628300000
2.1643770000	65.3628200000
2.1644720000	65.3628000000
2.1645660000	65.2935300000
2.1646600000	65.2242600000
2.1646610000	65.2935100000
2.1646620000	65.3627700000
2.1647530000	65.0857400000
2.1648450000	64.8779700000
2.1648470000	65.0164700000
2.1648480000	65.0857300000
2.1649350000	64.5316900000
2.1649360000	64.6009500000
2.1649370000	64.6702000000
2.1650250000	64.1854200000
2.1650270000	64.3239200000
2.1650280000	64.3931700000
2.1650290000	64.4624300000
2.1651170000	63.9776500000
2.1652070000	63.6313700000
2.1652100000	63.8391300000
2.1652120000	63.9776300000
2.1652130000	64.0468800000
2.1652960000	63.2158400000
2.1652990000	63.4236000000
2.1653000000	63.4928500000
2.1653010000	63.5621000000
2.1653850000	62.8003100000
2.1653870000	62.9388200000
2.1653880000	63.0080700000
2.1654680000	61.9692700000
2.1654700000	62.1077800000
2.1654710000	62.1770300000
2.1654720000	62.2462800000
2.1655550000	61.4152400000
2.1655580000	61.6230000000
2.1655590000	61.6922500000
2.1655600000	61.7615000000
2.1656400000	60.7227100000
2.1656420000	60.8612100000
2.1656430000	60.9304600000
2.1657260000	60.0301700000
2.1657270000	60.0994200000
2.1657280000	60.1686800000
2.1658210000	60.0301600000
2.1658910000	58.2988400000
2.1658950000	58.5758500000
2.1658970000	58.7143500000
2.1658980000	58.7836000000
2.1659730000	57.3985500000
2.1659760000	57.6063100000
2.1659770000	57.6755600000
2.1659780000	57.7448100000
2.1660550000	56.4982600000
2.1660590000	56.7752700000
2.1660610000	56.9137700000
2.1660620000	56.9830200000
2.1660630000	57.0522700000
2.1661480000	56.3597400000
2.1662210000	54.8361800000
2.1662260000	55.1824400000
2.1662290000	55.3902000000
2.1662300000	55.4594500000
2.1662310000	55.5287000000
2.1663190000	55.0439200000
2.1663910000	53.4511100000
2.1664790000	52.9663300000
2.1665630000	52.1352900000
2.1665680000	52.4815500000
2.1665700000	52.6893100000
2.1665710000	52.7585600000
2.1666660000	52.7585400000
2.1667370000	51.0272300000
2.1667790000	47.3568600000
2.1667870000	47.9108700000
2.1667910000	48.1878800000
2.1667930000	48.3263900000
2.1667940000	48.3956400000
2.1668620000	46.5258200000
2.1668660000	46.8028300000
2.1668680000	46.9413300000
2.1668690000	47.0105800000
2.1668700000	47.0798400000
2.1669420000	45.4177700000
2.1669480000	45.8332800000
2.1669510000	46.0410400000
2.1669520000	46.1795400000
2.1669530000	46.2488000000
2.1670220000	44.3789800000
2.1670270000	44.7252400000
2.1670300000	44.9329900000
2.1670310000	45.0022500000
2.1670320000	45.0715000000
2.1671110000	43.9634500000
2.1671760000	41.8858800000
2.1671830000	42.3706400000
2.1671860000	42.5784000000
2.1671880000	42.7169000000
2.1671890000	42.7861500000
2.1672550000	40.7778300000
2.1672610000	41.1933400000
2.1672640000	41.4011000000
2.1672650000	41.4703500000
2.1672660000	41.5396000000
2.1673330000	39.5312800000
2.1673370000	39.8775400000
2.1673400000	40.0852900000
2.1673410000	40.1545500000
2.1673420000	40.2238000000
2.1674230000	39.1850000000
2.1675030000	38.1462100000
2.1675650000	35.8608800000
2.1675700000	36.2071400000
2.1675720000	36.3456400000
2.1675730000	36.4148900000
2.1675740000	36.4841500000
2.1676450000	34.8220800000
2.1676500000	35.1683400000
2.1676520000	35.3068500000
2.1676540000	35.4453500000
2.1676550000	35.5146000000
2.1677450000	35.1683300000
2.1677460000	35.2375800000
2.1678040000	32.6059900000
2.1678080000	32.9522500000
2.1678110000	33.1600000000
2.1678120000	33.2292600000
2.1678130000	33.2985100000
2.1678920000	32.1212100000
2.1679550000	29.9051300000
2.1679600000	30.2513900000
2.1679610000	30.3206400000
2.1679620000	30.3899000000
2.1679630000	30.4591500000
2.1679640000	30.5284000000
2.1680550000	30.2513800000
2.1680560000	30.3206300000
2.1681170000	27.9660500000
2.1681220000	28.3123100000
2.1681250000	28.5200600000
2.1681260000	28.5893100000
2.1681270000	28.6585700000
2.1681950000	26.7887500000
2.1682000000	27.1350100000
2.1682020000	27.2735100000
2.1682030000	27.3427600000
2.1682040000	27.4120100000
2.1682770000	25.8192000000
2.1682810000	26.1654600000
2.1682830000	26.3039700000
2.1682840000	26.3732200000
2.1682850000	26.4424700000
2.1683580000	24.8496600000
2.1683630000	25.1959200000
2.1683650000	25.3344200000
2.1683660000	25.4036800000
2.1683670000	25.4729300000
2.1684590000	25.2651600000
2.1685190000	22.8413200000
2.1685240000	23.1875800000
2.1685270000	23.3953400000
2.1685280000	23.4645900000
2.1685290000	23.5338400000
2.1686000000	21.8717800000
2.1686050000	22.2180400000
2.1686080000	22.4258000000
2.1686090000	22.4950500000
2.1686100000	22.5643000000
2.1686820000	20.9714900000
2.1687740000	20.7637200000
2.1687760000	20.9022200000
2.1687770000	20.9714700000
2.1687780000	21.0407200000
2.1688560000	19.8634300000
2.1688610000	20.2096800000
2.1688630000	20.3481900000
2.1688640000	20.4174400000
2.1688650000	20.4866900000
2.1689570000	20.2789200000
2.1690270000	18.5476100000
2.1690330000	18.9631200000
2.1690360000	19.1708700000
2.1690380000	19.3093800000
2.1690390000	19.3786300000
2.1691110000	17.7165700000
2.1692000000	17.3010400000
2.1692030000	17.5087900000
2.1692050000	17.6473000000
2.1692060000	17.7165500000
2.1692830000	16.4700000000
2.1692860000	16.6777600000
2.1692870000	16.7470100000
2.1692880000	16.8162600000
2.1693680000	15.7774600000
2.1693720000	16.0544700000
2.1693740000	16.1929800000
2.1693750000	16.2622300000
2.1693760000	16.3314800000
2.1694530000	15.0849300000
2.1694560000	15.2926800000
2.1694570000	15.3619400000
2.1694580000	15.4311900000
2.1695400000	14.5309000000
2.1695420000	14.6694000000
2.1695430000	14.7386500000
2.1695440000	14.8079000000
2.1696260000	13.9076100000
2.1696290000	14.1153700000
2.1696310000	14.2538700000
2.1696320000	14.3231200000
2.1697130000	13.3535800000
2.1697150000	13.4920900000
2.1697160000	13.5613400000
2.1697170000	13.6305900000
2.1697990000	12.7303000000
2.1698910000	12.5225300000
2.1698930000	12.6610300000
2.1698940000	12.7302800000
2.1699750000	11.7607400000
2.1699780000	11.9684900000
2.1699790000	12.0377500000
2.1699800000	12.1070000000
2.1700640000	11.3452100000
2.1701560000	11.1374400000
2.1701580000	11.2759400000
2.1701590000	11.3451900000
2.1702420000	10.5141500000
2.1703350000	10.3756300000
2.1703370000	10.5141400000
2.1703380000	10.5833900000
2.1704280000	10.2371100000
2.1704290000	10.3063700000
2.1705080000	9.1983190000
2.1706020000	9.1290510000
2.1706030000	9.1983030000
2.1706040000	9.2675550000
2.1706880000	8.5057670000
2.1706900000	8.6442710000
2.1706910000	8.7135230000
2.1707790000	8.2287430000
2.1707810000	8.3672470000
2.1707820000	8.4364990000
2.1708700000	7.9517190000
2.1708720000	8.0902230000
2.1708730000	8.1594750000
2.1709600000	7.6054430000
2.1709620000	7.7439470000
2.1709630000	7.8131990000
2.1709640000	7.8824510000
2.1710490000	7.1899150000
2.1711430000	7.1206470000
2.1711440000	7.1898990000
2.1711450000	7.2591510000
2.1712310000	6.6358670000
2.1713250000	6.5665990000
2.1713260000	6.6358510000
2.1714150000	6.2203230000
2.1715080000	6.0818030000
2.1715090000	6.1510540000
2.1715100000	6.2203060000
2.1715990000	5.8047780000
2.1716000000	5.8740300000
2.1716900000	5.5277540000
2.1716920000	5.6662580000
2.1716930000	5.7355100000
2.1717830000	5.3892340000
2.1717840000	5.4584860000
2.1718750000	5.1814620000
2.1719690000	5.1121940000
2.1719700000	5.1814460000
2.1719710000	5.2506970000
2.1720600000	4.8351700000
2.1720610000	4.9044220000
2.1721520000	4.6273970000
2.1721530000	4.6966490000
2.1722450000	4.4888770000
2.1722460000	4.5581290000
2.1723370000	4.2811050000
2.1724310000	4.2118370000
2.1724320000	4.2810890000
2.1725240000	4.0733160000
2.1725250000	4.1425680000
2.1726160000	3.8655440000
2.1727110000	3.8655280000
2.1728030000	3.6577560000
2.1728970000	3.5884870000
2.1729900000	3.4499670000
2.1729920000	3.5884710000
2.1729930000	3.6577230000
2.1730820000	3.2421950000
2.1730830000	3.3114470000
2.1731740000	3.0344230000
2.1731750000	3.1036750000
2.1731760000	3.1729270000
2.1732670000	2.8959030000
2.1733620000	2.8958860000
2.1734550000	2.7573660000
2.1735480000	2.6188460000
2.1736420000	2.5495770000
2.1737350000	2.4110570000
2.1738290000	2.3417890000
2.1739230000	2.2725200000
2.1740160000	2.1340000000
2.1741100000	2.0647320000
2.1742040000	1.9954630000
2.1742990000	1.9954470000
2.1743000000	2.0646990000
2.1743920000	1.8569270000
2.1744850000	1.7876580000
2.1745790000	1.7183900000
2.1746730000	1.6491220000
2.1747670000	1.5798530000
2.1748610000	1.5105850000
2.1749550000	1.4413170000
2.1750490000	1.3720480000
2.1751430000	1.3027800000
2.1752380000	1.3027630000
2.1753320000	1.2334950000
2.1754260000	1.1642270000
2.1755210000	1.1642100000
2.1756150000	1.0949420000
2.1757100000	1.0949260000
2.1758050000	1.0949090000
2.1758990000	1.0256410000
2.1759940000	1.0256240000
2.1760880000	0.9563560000
2.1761830000	0.9563396000
2.1762780000	0.9563231000
2.1763730000	0.9563067000
2.1764660000	0.8870384000
2.1765610000	0.8870219000
2.1766560000	0.8870055000
2.1767510000	0.8869890000
2.1768450000	0.8177207000
2.1769400000	0.8177043000
2.1770350000	0.8176878000
2.1771300000	0.8176714000
2.1772250000	0.8176549000
2.1773190000	0.7483866000
2.1774140000	0.7483702000
2.1775090000	0.7483537000
2.1776040000	0.7483373000
2.1776990000	0.7483209000
2.1777940000	0.7483044000
2.1778890000	0.7482880000
2.1779840000	0.7482715000
2.1780790000	0.7482551000
2.1781720000	0.6789868000
2.1782670000	0.6789703000
2.1783620000	0.6789539000
2.1784570000	0.6789374000
2.1785520000	0.6789210000
2.1786470000	0.6789046000
2.1787410000	0.6096362000
2.1788360000	0.6096198000
2.1789300000	0.5403514000
2.1790250000	0.5403350000
2.1791200000	0.5403186000
2.1792150000	0.5403021000
2.1793100000	0.5402857000
2.1794040000	0.4710173000
2.1794990000	0.4710009000
2.1795940000	0.4709845000
2.1796890000	0.4709680000
2.1797840000	0.4709516000
2.1798790000	0.4709352000
2.1799730000	0.4709187000
2.1800680000	0.4709023000
2.1801630000	0.4708858000
2.1802580000	0.4708694000
2.1803530000	0.4708530000
2.1804480000	0.4708365000
2.1805430000	0.4708201000
2.1806380000	0.4708037000
2.1807320000	0.4015353000
2.1808270000	0.4015189000
2.1809220000	0.4015024000
2.1810170000	0.4014860000
2.1811120000	0.4014696000
2.1812070000	0.4014531000
2.1813020000	0.4014367000
2.1813970000	0.4014202000
2.1814920000	0.4014038000
2.1815870000	0.4013874000
2.1816810000	0.4013709000
2.1817760000	0.4013545000
2.1818710000	0.4013381000
2.1819660000	0.4013216000
2.1820610000	0.4013052000
2.1821550000	0.3320368000
2.1822500000	0.3320204000
2.1823450000	0.3320040000
2.1824400000	0.3319875000
2.1825350000	0.3319711000
2.1826300000	0.3319547000
2.1827250000	0.3319382000
2.1828200000	0.3319218000
2.1829150000	0.3319053000
2.1830100000	0.3318889000
2.1831040000	0.2626206000
2.1831990000	0.2626041000
2.1832940000	0.2625877000
2.1833890000	0.2625712000
2.1834830000	0.2625548000
2.1835780000	0.2625384000
2.1836730000	0.2625219000
2.1837680000	0.2625055000
2.1838630000	0.2624891000
2.1839580000	0.2624726000
2.1840530000	0.2624562000
2.1841480000	0.2624397000
2.1842430000	0.2624233000
2.1843380000	0.2624069000
2.1844330000	0.2623904000
2.1845280000	0.2623740000
2.1846230000	0.2623576000
2.1847180000	0.2623411000
2.1848130000	0.2623247000
2.1849080000	0.2623082000
2.1850030000	0.2622918000
2.1850970000	0.2622754000
2.1851920000	0.2622589000
2.1852870000	0.2622425000
2.1853820000	0.2622261000
2.1854770000	0.2622096000
2.1855720000	0.2621932000
2.1856670000	0.2621767000
2.1857620000	0.2621603000
2.1858570000	0.2621439000
2.1859510000	0.1928755000
2.1860460000	0.1928591000
2.1861410000	0.1928426000
2.1862360000	0.1928262000
2.1863310000	0.1928098000
2.1864260000	0.1927933000
2.1865210000	0.1927769000
2.1866160000	0.1927605000
2.1867110000	0.1927440000
2.1868050000	0.1927276000
2.1869000000	0.1927111000
2.1869950000	0.1926947000
2.1870900000	0.1926783000
2.1871850000	0.1926618000
2.1872800000	0.1926454000
2.1873750000	0.1926290000
2.1874700000	0.1926125000
2.1875650000	0.1925961000
2.1876600000	0.1925796000
2.1877550000	0.1925632000
2.1878500000	0.1925468000
2.1879450000	0.1925303000
2.1880400000	0.1925139000
2.1881350000	0.1924975000
2.1882300000	0.1924810000
2.1883250000	0.1924646000
2.1884200000	0.1924481000
2.1885140000	0.1924317000
2.1886090000	0.1924153000
2.1887040000	0.1923988000
2.1887990000	0.1923824000
2.1888940000	0.1923660000
2.1889890000	0.1923495000
2.1890840000	0.1923331000
2.1891790000	0.1923166000
2.1892740000	0.1923002000
2.1893690000	0.1922838000
2.1894640000	0.1922673000
2.1895580000	0.1229990000
2.1896530000	0.1229825000
2.1896540000	0.1922344000
2.1897490000	0.1922180000
2.1898430000	0.1229497000
2.1899380000	0.1229332000
2.1900330000	0.1229168000
2.1901280000	0.1229004000
2.1901290000	0.1921523000
2.1902230000	0.1921358000
2.1903170000	0.1228675000
2.1904120000	0.1228510000
2.1905070000	0.1228346000
2.1906020000	0.1228182000
2.1906970000	0.1228017000
2.1907920000	0.1227853000
2.1908870000	0.1227689000
2.1909820000	0.1227524000
2.1910770000	0.1227360000
2.1911720000	0.1227195000
2.1912670000	0.1227031000
2.1913620000	0.1226867000
2.1914570000	0.1226702000
2.1915520000	0.1226538000
2.1916470000	0.1226374000
2.1917420000	0.1226209000
2.1918370000	0.1226045000
2.1919310000	0.1225880000
2.1920260000	0.1225716000
2.1921210000	0.1225552000
2.1922160000	0.1225387000
2.1923110000	0.1225223000
2.1924060000	0.1225059000
2.1925010000	0.1224894000
2.1925960000	0.1224730000
2.1926910000	0.1224565000
2.1927860000	0.1224401000
2.1928810000	0.1224237000
2.1929760000	0.1224072000
2.1930710000	0.1223908000
2.1931660000	0.1223743000
2.1932610000	0.1223579000
2.1933560000	0.1223415000
2.1934510000	0.1223250000
2.1935460000	0.1223086000
2.1936390000	0.0530402500
2.1937340000	0.0530238200
2.1937350000	0.1222757000
2.1938300000	0.1222593000
2.1939250000	0.1222428000
2.1940200000	0.1222264000
2.1941150000	0.1222100000
2.1942100000	0.1221935000
2.1943050000	0.1221771000
2.1943990000	0.0529087500
2.1944940000	0.0528923200
2.1945890000	0.0528758800
2.1945900000	0.1221278000
2.1946850000	0.1221113000
2.1947800000	0.1220949000
2.1948750000	0.1220785000
2.1949700000	0.1220620000
2.1950650000	0.1220456000
2.1951600000	0.1220292000
2.1952550000	0.1220127000
2.1953490000	0.1219963000
2.1954430000	0.0527279400
2.1955380000	0.0527115000
2.1956330000	0.0526950600
2.1957280000	0.0526786300
2.1958230000	0.0526621900
2.1958240000	0.1219141000
2.1959190000	0.1218977000
2.1960130000	0.0526293100
2.1961080000	0.0526128700
2.1962030000	0.0525964400
2.1962980000	0.0525800000
2.1963930000	0.0525635600
2.1964880000	0.0525471200
2.1965830000	0.0525306900
2.1966780000	0.0525142500
2.1967730000	0.0524978100
2.1968680000	0.0524813700
2.1969630000	0.0524649400
2.1970570000	0.0524485000
2.1971520000	0.0524320600
2.1972470000	0.0524156200
2.1973420000	0.0523991800
2.1974370000	0.0523827500
2.1975320000	0.0523663100
2.1976270000	0.0523498700
2.1977220000	0.0523334300
2.1978170000	0.0523170000
2.1979120000	0.0523005600
2.1980070000	0.0522841200
2.1981020000	0.0522676800
2.1981970000	0.0522512500
2.1982920000	0.0522348100
2.1983870000	0.0522183700
2.1984820000	0.0522019300
2.1984820000	0.0522019300
