Wavelength	Transmission
1.5423600000	0.1063460000
1.5424520000	0.1062906000
1.5425450000	0.1062352000
1.5426370000	0.1061798000
1.5427300000	0.1061244000
1.5428220000	0.1060690000
1.5429150000	0.1060136000
1.5430070000	0.1059583000
1.5431000000	0.1059029000
1.5431920000	0.1058475000
1.5432850000	0.1057921000
1.5433770000	0.1057367000
1.5434700000	0.1056813000
1.5435620000	0.1056259000
1.5436550000	0.1055705000
1.5437470000	0.1055151000
1.5438400000	0.1054598000
1.5439330000	0.1054044000
1.5440250000	0.1053490000
1.5441180000	0.1052936000
1.5442100000	0.1052382000
1.5443030000	0.1051828000
1.5443030000	0.1770217000
1.5443950000	0.1769663000
1.5444880000	0.1050720000
1.5444880000	0.1769110000
1.5445800000	0.1768556000
1.5446730000	0.1768002000
1.5447650000	0.1767448000
1.5448580000	0.1766894000
1.5449510000	0.1766340000
1.5450430000	0.1765786000
1.5451350000	0.1046843000
1.5452280000	0.1046289000
1.5453200000	0.1045735000
1.5454130000	0.1045182000
1.5455050000	0.1044628000
1.5455980000	0.1044074000
1.5456900000	0.1043520000
1.5457830000	0.1042966000
1.5458750000	0.1042412000
1.5459680000	0.1041858000
1.5460610000	0.1041304000
1.5461530000	0.1040750000
1.5462460000	0.1040197000
1.5463380000	0.1039643000
1.5464310000	0.1039089000
1.5465230000	0.1038535000
1.5466160000	0.1037981000
1.5467080000	0.1037427000
1.5468010000	0.1036873000
1.5468930000	0.1036319000
1.5469860000	0.1035765000
1.5470780000	0.1035212000
1.5471710000	0.1034658000
1.5472630000	0.1034104000
1.5473560000	0.1033550000
1.5474480000	0.1032996000
1.5475410000	0.1032442000
1.5476330000	0.1031888000
1.5477260000	0.1031334000
1.5478180000	0.1030781000
1.5479110000	0.1030227000
1.5480030000	0.1029673000
1.5480960000	0.1029119000
1.5481890000	0.1028565000
1.5482810000	0.1028011000
1.5483740000	0.1027457000
1.5484660000	0.1026903000
1.5485590000	0.1026349000
1.5486510000	0.1025796000
1.5487440000	0.1025242000
1.5488360000	0.1024688000
1.5489290000	0.1024134000
1.5490210000	0.1023580000
1.5491140000	0.1023026000
1.5492060000	0.1022472000
1.5492990000	0.1021918000
1.5493910000	0.1021364000
1.5494840000	0.1020811000
1.5495760000	0.1020257000
1.5496690000	0.1019703000
1.5496690000	0.1738092000
1.5497620000	0.1737538000
1.5498540000	0.1736984000
1.5499470000	0.1736430000
1.5500390000	0.1735876000
1.5501320000	0.1735323000
1.5502240000	0.1734769000
1.5503170000	0.1734215000
1.5504090000	0.1733661000
1.5505020000	0.1733107000
1.5505940000	0.1732553000
1.5506870000	0.1013610000
1.5507790000	0.1013056000
1.5508720000	0.1012502000
1.5509640000	0.1011948000
1.5510570000	0.1011395000
1.5511490000	0.1010841000
1.5512420000	0.1010287000
1.5513340000	0.1009733000
1.5514270000	0.1009179000
1.5514270000	0.1727568000
1.5515200000	0.1727014000
1.5516120000	0.1008071000
1.5517040000	0.1007517000
1.5517970000	0.1006963000
1.5518890000	0.1006410000
1.5519820000	0.1005856000
1.5520740000	0.1005302000
1.5521670000	0.1004748000
1.5522590000	0.1004194000
1.5523520000	0.1003640000
1.5524440000	0.1003086000
1.5525370000	0.1002532000
1.5526300000	0.1001978000
1.5527220000	0.1001425000
1.5528150000	0.1000871000
1.5529070000	0.1000317000
1.5530000000	0.0999762900
1.5530920000	0.0999209100
1.5531850000	0.0998655200
1.5532770000	0.0998101300
1.5533700000	0.0997547400
1.5534620000	0.0996993500
1.5535550000	0.0996439600
1.5536470000	0.0995885700
1.5536480000	0.1714275000
1.5537400000	0.1713721000
1.5538330000	0.1713167000
1.5539250000	0.1712613000
1.5540180000	0.1712059000
1.5541100000	0.1711506000
1.5542030000	0.1710952000
1.5542950000	0.1710398000
1.5543870000	0.0991454700
1.5543880000	0.1709844000
1.5544800000	0.1709290000
1.5545730000	0.1708736000
1.5546650000	0.1708182000
1.5547580000	0.1707628000
1.5548500000	0.1707074000
1.5549430000	0.1706521000
1.5550350000	0.1705967000
1.5551280000	0.1705413000
1.5552200000	0.1704859000
1.5553130000	0.1704305000
1.5554050000	0.1703751000
1.5554980000	0.1703197000
1.5555900000	0.1702643000
1.5556830000	0.1702089000
1.5557750000	0.1701536000
1.5558680000	0.1700982000
1.5559610000	0.1700428000
1.5560530000	0.1699874000
1.5561460000	0.1699320000
1.5562380000	0.1698766000
1.5563310000	0.1698212000
1.5563310000	0.2416601000
1.5564230000	0.2416048000
1.5565160000	0.2415494000
1.5566080000	0.2414940000
1.5567010000	0.2414386000
1.5567930000	0.2413832000
1.5568860000	0.2413278000
1.5569790000	0.2412724000
1.5570710000	0.2412170000
1.5571640000	0.2411617000
1.5572560000	0.2411063000
1.5573490000	0.2410509000
1.5574410000	0.2409955000
1.5575340000	0.2409401000
1.5576260000	0.2408847000
1.5577190000	0.2408293000
1.5578110000	0.2407739000
1.5579040000	0.2407185000
1.5579960000	0.2406632000
1.5579970000	0.3125021000
1.5580890000	0.3124467000
1.5581820000	0.3123913000
1.5582740000	0.3123359000
1.5583670000	0.3122805000
1.5584590000	0.3122251000
1.5585520000	0.3121697000
1.5586440000	0.3121144000
1.5587370000	0.3120590000
1.5588290000	0.3120036000
1.5589220000	0.3119482000
1.5590140000	0.3118928000
1.5591070000	0.3118374000
1.5591990000	0.3117820000
1.5592920000	0.3117266000
1.5593840000	0.3116712000
1.5594770000	0.3116159000
1.5595690000	0.3115605000
1.5595700000	0.3833994000
1.5596620000	0.3833440000
1.5597550000	0.3832886000
1.5598470000	0.3832332000
1.5599400000	0.3831778000
1.5599400000	0.4550168000
1.5600330000	0.4549614000
1.5601250000	0.4549060000
1.5601250000	0.5267449000
1.5602180000	0.5266895000
1.5603100000	0.5266341000
1.5604030000	0.5265787000
1.5604950000	0.5265234000
1.5605880000	0.5264680000
1.5606800000	0.5264126000
1.5607730000	0.5263572000
1.5608650000	0.5263018000
1.5609580000	0.5262464000
1.5610510000	0.5261910000
1.5611430000	0.5261356000
1.5612360000	0.5260802000
1.5613280000	0.5260249000
1.5614210000	0.5259695000
1.5614210000	0.5978084000
1.5615130000	0.5977530000
1.5616060000	0.5976976000
1.5616980000	0.5976422000
1.5617910000	0.5975868000
1.5618830000	0.5975314000
1.5619760000	0.5974761000
1.5620690000	0.5974207000
1.5621610000	0.5973653000
1.5621610000	0.6692042000
1.5622540000	0.6691488000
1.5623460000	0.6690934000
1.5623470000	0.7409323000
1.5624390000	0.7408770000
1.5625320000	0.7408216000
1.5626240000	0.7407662000
1.5626240000	0.8126051000
1.5627170000	0.8125497000
1.5628090000	0.8124943000
1.5629020000	0.8124389000
1.5629020000	0.8842779000
1.5629950000	0.8842225000
1.5630870000	0.8841671000
1.5631800000	0.8841117000
1.5631800000	0.9559506000
1.5632730000	0.9558952000
1.5633650000	0.9558398000
1.5634580000	0.9557844000
1.5635500000	0.9557291000
1.5635500000	1.0275680000
1.5636430000	1.0275130000
1.5637350000	1.0274570000
1.5638280000	1.0274020000
1.5638280000	1.0992410000
1.5639210000	1.0991850000
1.5640130000	1.0991300000
1.5640140000	1.1709690000
1.5641060000	1.1709130000
1.5641990000	1.1708580000
1.5642910000	1.1708030000
1.5642910000	1.2426420000
1.5643840000	1.2425860000
1.5644760000	1.2425310000
1.5645690000	1.2424750000
1.5646610000	1.2424200000
1.5646620000	1.3142590000
1.5647540000	1.3142040000
1.5648470000	1.3141480000
1.5649390000	1.3140930000
1.5649400000	1.3859320000
1.5650320000	1.3858760000
1.5650320000	1.4577150000
1.5651250000	1.4576600000
1.5652170000	1.4576050000
1.5652180000	1.5294430000
1.5653100000	1.5293880000
1.5653100000	1.6012270000
1.5654030000	1.6011720000
1.5654960000	1.6011160000
1.5654960000	1.6729550000
1.5655880000	1.6729000000
1.5656810000	1.6728440000
1.5656810000	1.7446830000
1.5657740000	1.7446280000
1.5657740000	1.8164670000
1.5658660000	1.8164110000
1.5659590000	1.8163560000
1.5659590000	1.8881950000
1.5660520000	1.8881400000
1.5660520000	1.9599780000
1.5661440000	1.9599230000
1.5661450000	2.0317620000
1.5662370000	2.0317070000
1.5663300000	2.0316510000
1.5663300000	2.1034900000
1.5664230000	2.1034350000
1.5664230000	2.1752740000
1.5665150000	2.1752180000
1.5666080000	2.1751630000
1.5666080000	2.2470020000
1.5667010000	2.2469460000
1.5667010000	2.3187850000
1.5667930000	2.3187300000
1.5667940000	2.3905690000
1.5668860000	2.3905130000
1.5669790000	2.3904580000
1.5669790000	2.4622970000
1.5670720000	2.4622420000
1.5670720000	2.5340810000
1.5670720000	2.6059190000
1.5671650000	2.6058640000
1.5671650000	2.6777030000
1.5672570000	2.6776480000
1.5672580000	2.7494870000
1.5673500000	2.7494310000
1.5673500000	2.8212700000
1.5674430000	2.8212150000
1.5674430000	2.8930540000
1.5674440000	2.9648930000
1.5675360000	2.9648370000
1.5675360000	3.0366760000
1.5676290000	3.0366210000
1.5676290000	3.1084600000
1.5677220000	3.1084040000
1.5677220000	3.1802430000
1.5678140000	3.1801880000
1.5678150000	3.2520270000
1.5678150000	3.3238660000
1.5679070000	3.3238100000
1.5679080000	3.3956490000
1.5680000000	3.3955940000
1.5680000000	3.4674330000
1.5680930000	3.4673770000
1.5680930000	3.5392160000
1.5681860000	3.5391610000
1.5681860000	3.6828390000
1.5682790000	3.6827830000
1.5682790000	3.7546220000
1.5682790000	3.8264610000
1.5683720000	3.8264060000
1.5683720000	3.8982450000
1.5683720000	3.9700840000
1.5684650000	3.9700280000
1.5684650000	4.0418670000
1.5685580000	4.0418120000
1.5685580000	4.1136510000
1.5685580000	4.1854900000
1.5686510000	4.1854340000
1.5686510000	4.2572730000
1.5687440000	4.2572180000
1.5687440000	4.3290570000
1.5687440000	4.4008960000
1.5688370000	4.4008400000
1.5688370000	4.4726790000
1.5688370000	4.5445180000
1.5689300000	4.5444630000
1.5689300000	4.6163020000
1.5689300000	4.6881400000
1.5690230000	4.6880850000
1.5690230000	4.7599240000
1.5691160000	4.7598690000
1.5691160000	4.9035460000
1.5692090000	4.9034910000
1.5692090000	5.1190080000
1.5693020000	5.1189520000
1.5693030000	5.3344690000
1.5693950000	5.3344140000
1.5693960000	5.4780920000
1.5693960000	5.5499310000
1.5694890000	5.5498750000
1.5694890000	5.6935530000
1.5695820000	5.6934980000
1.5695820000	5.8371750000
1.5695820000	5.9090140000
1.5696750000	5.9089590000
1.5696750000	6.0526370000
1.5697680000	6.0525810000
1.5697680000	6.1962590000
1.5698610000	6.1962040000
1.5698620000	6.3398820000
1.5698620000	6.4117210000
1.5699540000	6.4116650000
1.5699550000	6.5553430000
1.5699550000	6.6271820000
1.5700480000	6.6271270000
1.5700480000	6.7708040000
1.5700480000	6.8426430000
1.5701410000	6.8425880000
1.5701420000	7.1299440000
1.5702350000	7.1298880000
1.5702350000	7.3454050000
1.5702360000	7.4172440000
1.5703280000	7.4171890000
1.5703290000	7.6327050000
1.5703290000	7.7045440000
1.5704220000	7.7044890000
1.5704230000	7.9200060000
1.5704230000	7.9918450000
1.5705150000	7.9917890000
1.5705160000	8.1354670000
1.5705160000	8.2073060000
1.5706090000	8.2072510000
1.5706090000	8.4227670000
1.5707020000	8.4227120000
1.5707020000	8.5663900000
1.5707030000	8.6382290000
1.5707950000	8.6381730000
1.5707960000	8.7818510000
1.5707960000	8.8536900000
1.5708890000	8.8536350000
1.5708900000	9.1409900000
1.5708900000	9.2128290000
1.5709820000	9.2127740000
1.5709840000	9.6438070000
1.5709840000	9.7156460000
1.5710770000	9.7155910000
1.5710780000	10.0747900000
1.5711710000	10.0747300000
1.5711720000	10.4339200000
1.5711720000	10.5057600000
1.5712650000	10.5057100000
1.5712660000	10.8649000000
1.5713590000	10.8648500000
1.5713600000	11.2958800000
1.5714530000	11.2958300000
1.5714540000	11.7268600000
1.5715470000	11.7268000000
1.5715490000	12.2296800000
1.5716410000	12.2296200000
1.5716420000	12.5169800000
1.5717350000	12.5169200000
1.5717360000	12.9479500000
1.5718290000	12.9479000000
1.5718310000	13.3789300000
1.5719230000	13.3788800000
1.5719250000	13.8817500000
1.5719250000	13.9535900000
1.5720180000	13.9535300000
1.5720200000	14.5282400000
1.5720200000	14.6000800000
1.5721130000	14.6000300000
1.5721140000	15.1029000000
1.5722070000	15.1028500000
1.5722090000	15.6057200000
1.5723010000	15.6056600000
1.5723030000	16.1085300000
1.5723960000	16.1084800000
1.5723970000	16.4676700000
1.5723970000	16.5395100000
1.5724900000	16.5394600000
1.5724930000	17.2578500000
1.5725850000	17.2577900000
1.5725870000	17.8325000000
1.5725870000	17.9043400000
1.5726800000	17.9042900000
1.5726820000	18.4790000000
1.5726820000	18.5508400000
1.5727750000	18.5507800000
1.5727770000	19.1254900000
1.5727770000	19.1973300000
1.5728700000	19.1972800000
1.5728730000	19.9875000000
1.5728730000	20.0593400000
1.5729660000	20.0592900000
1.5729680000	20.6340000000
1.5729680000	20.7058400000
1.5730600000	20.7057800000
1.5730620000	21.0649800000
1.5730620000	21.1368200000
1.5731550000	21.1367600000
1.5731580000	22.1425100000
1.5732510000	22.1424500000
1.5732540000	23.0045200000
1.5732540000	23.0763600000
1.5733470000	23.0763000000
1.5733490000	23.7228500000
1.5733490000	23.7946900000
1.5734420000	23.7946300000
1.5734460000	24.8003800000
1.5734460000	24.8722200000
1.5735380000	24.8721600000
1.5735420000	25.7342300000
1.5735420000	25.8060700000
1.5736340000	25.8060100000
1.5736390000	27.0272800000
1.5736390000	27.0991100000
1.5737320000	27.0990600000
1.5737340000	27.6737700000
1.5737340000	27.7456100000
1.5738270000	27.7455500000
1.5738310000	28.8231400000
1.5738310000	28.8949800000
1.5739230000	28.8949200000
1.5739260000	29.6851500000
1.5740190000	29.6850900000
1.5740210000	30.3316400000
1.5740220000	30.4034800000
1.5741140000	30.4034300000
1.5741190000	31.6965300000
1.5742110000	31.6964700000
1.5742160000	32.9177300000
1.5742160000	32.9895700000
1.5743090000	32.9895200000
1.5743130000	34.0671000000
1.5743130000	34.1389400000
1.5744050000	34.1388900000
1.5744100000	35.4319900000
1.5744100000	35.5038300000
1.5745030000	35.5037700000
1.5745060000	36.4376800000
1.5745070000	36.5095100000
1.5745990000	36.5094600000
1.5746020000	37.2278500000
1.5746940000	37.2277900000
1.5746970000	37.9461800000
1.5747900000	37.9461300000
1.5747940000	39.0955500000
1.5747940000	39.1673900000
1.5748870000	39.1673300000
1.5748900000	40.1730800000
1.5748910000	40.2449200000
1.5749830000	40.2448600000
1.5749870000	41.2506100000
1.5750790000	41.2505500000
1.5750830000	42.2563000000
1.5751760000	42.2562400000
1.5751800000	43.5493400000
1.5751810000	43.6211800000
1.5752730000	43.6211200000
1.5752760000	44.4113500000
1.5752760000	44.4831900000
1.5753690000	44.4831400000
1.5753720000	45.2015300000
1.5753720000	45.2733600000
1.5754640000	45.2733100000
1.5754680000	46.1353800000
1.5755600000	46.1353200000
1.5755620000	46.7818700000
1.5755630000	46.8537100000
1.5756550000	46.8536500000
1.5756600000	48.2185900000
1.5756610000	48.2904300000
1.5757530000	48.2903800000
1.5757570000	49.2242800000
1.5758490000	49.2242300000
1.5758530000	50.3736500000
1.5758540000	50.4454900000
1.5759460000	50.4454300000
1.5759490000	51.3075000000
1.5759500000	51.3793400000
1.5760420000	51.3792900000
1.5760440000	51.8821600000
1.5760440000	51.9540000000
1.5761370000	51.9539400000
1.5761400000	52.7441700000
1.5761400000	52.8160100000
1.5762320000	52.8159500000
1.5762350000	53.4625000000
1.5762350000	53.5343400000
1.5763280000	53.5342900000
1.5763300000	54.2526800000
1.5764230000	54.2526200000
1.5764260000	55.0428500000
1.5764260000	55.1146900000
1.5765190000	55.1146300000
1.5765220000	56.1203800000
1.5766150000	56.1203200000
1.5766180000	57.0542300000
1.5766190000	57.1260700000
1.5767110000	57.1260100000
1.5767130000	57.7007200000
1.5767130000	57.7725600000
1.5768060000	57.7725100000
1.5768080000	58.4190600000
1.5769010000	58.4190000000
1.5769040000	59.1373900000
1.5769960000	59.1373300000
1.5769980000	59.5683700000
1.5769980000	59.6402100000
1.5770900000	59.6401500000
1.5770920000	60.0711900000
1.5770920000	60.1430200000
1.5771850000	60.1429700000
1.5771860000	60.5740000000
1.5771870000	60.6458400000
1.5772790000	60.6457900000
1.5772810000	61.1486600000
1.5772810000	61.2205000000
1.5773740000	61.2204400000
1.5773760000	61.7233100000
1.5774680000	61.7232600000
1.5774700000	62.2261300000
1.5774700000	62.2979700000
1.5775630000	62.2979100000
1.5775640000	62.7289500000
1.5776570000	62.7288900000
1.5776580000	63.0880900000
1.5777510000	63.0880300000
1.5777530000	63.5909000000
1.5778450000	63.5908500000
1.5778460000	63.8782100000
1.5779390000	63.8781500000
1.5779400000	64.3091800000
1.5780330000	64.3091300000
1.5780340000	64.5964800000
1.5780340000	64.6683200000
1.5781270000	64.6682700000
1.5781280000	64.9556200000
1.5782200000	64.9555700000
1.5782210000	65.0992500000
1.5783130000	65.0991900000
1.5783140000	65.3147100000
1.5784070000	65.3146500000
1.5784080000	65.5301700000
1.5785000000	65.5301100000
1.5785010000	65.7456300000
1.5785930000	65.7455700000
1.5785940000	65.8892500000
1.5786860000	65.8892000000
1.5786870000	66.1047100000
1.5787800000	66.1046600000
1.5787800000	66.2483400000
1.5787810000	66.3201700000
1.5788730000	66.3201200000
1.5788730000	66.3919600000
1.5789660000	66.3919000000
1.5789660000	66.5355800000
1.5789670000	66.6074200000
1.5790590000	66.6073600000
1.5790590000	66.6792000000
1.5790600000	66.7510400000
1.5791520000	66.7509900000
1.5791520000	66.8228300000
1.5792450000	66.8227700000
1.5792450000	66.8946100000
1.5793380000	66.8945500000
1.5793380000	66.9663900000
1.5794310000	66.9663400000
1.5794310000	67.0381800000
1.5794310000	67.1100100000
1.5795240000	67.1099600000
1.5796160000	67.1099000000
1.5796160000	67.1817400000
1.5797090000	67.1816900000
1.5797090000	67.2535300000
1.5798020000	67.2534700000
1.5798020000	67.3253100000
1.5798020000	67.3971500000
1.5798950000	67.3970900000
1.5798950000	67.4689300000
1.5798950000	67.5407700000
1.5799880000	67.5407200000
1.5800800000	67.5406600000
1.5800810000	67.6125000000
1.5801730000	67.6124400000
1.5801730000	67.6842800000
1.5802660000	67.6842300000
1.5802660000	67.7560700000
1.5803590000	67.7560100000
1.5804510000	67.7559600000
1.5804510000	67.8277900000
1.5805440000	67.8277400000
1.5805440000	67.8995800000
1.5806370000	67.8995200000
1.5806370000	67.9713600000
1.5807300000	67.9713100000
1.5808220000	67.9712500000
1.5808220000	68.0430900000
1.5809150000	68.0430300000
1.5809150000	68.1148700000
1.5810080000	68.1148200000
1.5810080000	68.1866600000
1.5811000000	68.1866000000
1.5811930000	68.1865500000
1.5811930000	68.2583900000
1.5812860000	68.2583300000
1.5813780000	68.2582700000
1.5814710000	68.2582200000
1.5814710000	68.3300600000
1.5815640000	68.3300000000
1.5816560000	68.3299500000
1.5816560000	68.4017900000
1.5817490000	68.4017300000
1.5818410000	68.4016800000
1.5818420000	68.4735100000
1.5819340000	68.4734600000
1.5820270000	68.4734000000
1.5821190000	68.4733500000
1.5822120000	68.4732900000
1.5823040000	68.4732400000
1.5823050000	68.5450800000
1.5823970000	68.5450200000
1.5824900000	68.5449700000
1.5825820000	68.5449100000
1.5826750000	68.5448500000
1.5826750000	68.6166900000
1.5827670000	68.6166400000
1.5828600000	68.6165800000
1.5829520000	68.6165300000
1.5830450000	68.6164700000
1.5831370000	68.5445800000
1.5832300000	68.5445200000
1.5833220000	68.4726300000
1.5834150000	68.4725700000
1.5835070000	68.4725200000
1.5835990000	68.4006200000
1.5836920000	68.4005700000
1.5837840000	68.3286700000
1.5838760000	68.2567800000
1.5839690000	68.2567200000
1.5840610000	68.1848300000
1.5841530000	68.1129300000
1.5842460000	68.0410400000
1.5843380000	67.9691500000
1.5844300000	67.8972500000
1.5845220000	67.8253600000
1.5845230000	67.8972000000
1.5846140000	67.6097900000
1.5847070000	67.6097300000
1.5847990000	67.5378400000
1.5848910000	67.3941000000
1.5849830000	67.3222100000
1.5850750000	67.1784800000
1.5851670000	67.0347400000
1.5852590000	66.8910100000
1.5853510000	66.7472800000
1.5853510000	66.8191100000
1.5853520000	66.8909500000
1.5854430000	66.5317000000
1.5855350000	66.4598100000
1.5856270000	66.3160800000
1.5857190000	66.1723400000
1.5858110000	66.0286100000
1.5859030000	65.9567100000
1.5859950000	65.8129800000
1.5860870000	65.6692500000
1.5861790000	65.5255200000
1.5862710000	65.3099400000
1.5863630000	65.1662100000
1.5864550000	65.0224800000
1.5865470000	64.8069000000
1.5866390000	64.7350100000
1.5867310000	64.5912800000
1.5868230000	64.4475400000
1.5869150000	64.3756500000
1.5870070000	64.2319200000
1.5870070000	64.3037600000
1.5870080000	64.3755900000
1.5870990000	63.9445100000
1.5871910000	63.8726100000
1.5872830000	63.7288800000
1.5873750000	63.5851400000
1.5874670000	63.5132500000
1.5875590000	63.3695200000
1.5876510000	63.2976200000
1.5876520000	63.3694600000
1.5877430000	63.0820500000
1.5878350000	63.0101600000
1.5878360000	63.0819900000
1.5878360000	63.1538300000
1.5879270000	62.8664200000
1.5880200000	62.7945300000
1.5881120000	62.7226300000
1.5882040000	62.7225800000
1.5882970000	62.6506800000
1.5883890000	62.6506300000
1.5884810000	62.5787300000
1.5885740000	62.5068400000
1.5886660000	62.5067900000
1.5887580000	62.3630500000
1.5888510000	62.3630000000
1.5889430000	62.2911000000
1.5889430000	62.3629400000
1.5890360000	62.3628900000
1.5891280000	62.2909900000
1.5891280000	62.3628300000
1.5892210000	62.3627700000
1.5893130000	62.3627200000
1.5894060000	62.3626600000
1.5894060000	62.4345000000
1.5894990000	62.4344500000
1.5895910000	62.4343900000
1.5896840000	62.4343400000
1.5896840000	62.5061800000
1.5897760000	62.5061200000
1.5898690000	62.5060700000
1.5898690000	62.5779000000
1.5899620000	62.5778500000
1.5899620000	62.6496900000
1.5900550000	62.6496300000
1.5900550000	62.7933100000
1.5900550000	62.8651500000
1.5901480000	62.8650900000
1.5901480000	62.9369300000
1.5901480000	63.0087700000
1.5902410000	63.0087200000
1.5902410000	63.0805500000
1.5903340000	63.0805000000
1.5903340000	63.2241800000
1.5904270000	63.2241200000
1.5904270000	63.3678000000
1.5905200000	63.3677400000
1.5905200000	63.5114200000
1.5906130000	63.5113700000
1.5906130000	63.6550400000
1.5907060000	63.6549900000
1.5907060000	63.7986700000
1.5907990000	63.7986100000
1.5907990000	63.9422900000
1.5908000000	64.0141300000
1.5908920000	64.0140700000
1.5908930000	64.0859100000
1.5908930000	64.1577500000
1.5909850000	64.1577000000
1.5909860000	64.2295300000
1.5910780000	64.2294800000
1.5910780000	64.3013200000
1.5910790000	64.3731600000
1.5911710000	64.3731000000
1.5911710000	64.4449400000
1.5911720000	64.5167800000
1.5912640000	64.5167200000
1.5912640000	64.5885600000
1.5912650000	64.6604000000
1.5913570000	64.6603500000
1.5913580000	64.8040200000
1.5914500000	64.8039700000
1.5914510000	64.8758100000
1.5914510000	64.9476500000
1.5915430000	64.9475900000
1.5915440000	65.0912700000
1.5916360000	65.0912100000
1.5916370000	65.2348900000
1.5917290000	65.2348400000
1.5917300000	65.3785100000
1.5918230000	65.3784600000
1.5918230000	65.5221400000
1.5919160000	65.5220800000
1.5919160000	65.5939200000
1.5920080000	65.5938600000
1.5920090000	65.6657000000
1.5920090000	65.7375400000
1.5921010000	65.7374900000
1.5921020000	65.8093300000
1.5921940000	65.8092700000
1.5921940000	65.8811100000
1.5922870000	65.8810500000
1.5922870000	65.9528900000
1.5923800000	65.9528400000
1.5923800000	66.0246800000
1.5924730000	66.0246200000
1.5925650000	66.0245700000
1.5925650000	66.0964000000
1.5926580000	66.0963500000
1.5926580000	66.1681900000
1.5927510000	66.1681300000
1.5928430000	66.1680800000
1.5929350000	66.0961800000
1.5930270000	65.9524500000
1.5931200000	65.8805600000
1.5932110000	65.5931400000
1.5933030000	65.3057300000
1.5933940000	65.0183200000
1.5934860000	64.7309100000
1.5935770000	64.5153400000
1.5936690000	64.2279300000
1.5937600000	63.9405200000
1.5938510000	63.4375900000
1.5939410000	62.8628200000
1.5940310000	62.2162200000
1.5941220000	61.6414500000
1.5942120000	61.0666800000
1.5943010000	60.2045600000
1.5943900000	59.1987600000
1.5944790000	58.2648000000
1.5945690000	57.5463500000
1.5946590000	56.8279100000
1.5947490000	56.0376300000
1.5948370000	55.0318300000
1.5949250000	53.8105100000
1.5950150000	52.8765500000
1.5951030000	51.7270700000
1.5951920000	50.9367900000
1.5952800000	49.6436300000
1.5952830000	50.3620200000
1.5952840000	50.7212100000
1.5952850000	50.9367300000
1.5952850000	51.0085700000
1.5952850000	51.0804100000
1.5953740000	50.0027700000
1.5953740000	50.0746100000
1.5954520000	46.1952500000
1.5955430000	45.6204800000
1.5956310000	44.3273300000
1.5957190000	43.1778500000
1.5958070000	41.9565300000
1.5958950000	40.6633800000
1.5959840000	39.8012500000
1.5959870000	40.6633200000
1.5959890000	41.0943600000
1.5959890000	41.3098700000
1.5959900000	41.4535500000
1.5959900000	41.5253900000
1.5960770000	40.0885600000
1.5961570000	36.5683900000
1.5962480000	36.1373000000
1.5963360000	34.9159900000
1.5964250000	33.9820300000
1.5965130000	32.6888700000
1.5966010000	31.4675500000
1.5966030000	32.1859400000
1.5966050000	32.5451400000
1.5966050000	32.6888100000
1.5966050000	32.7606500000
1.5966060000	32.8324900000
1.5966870000	29.6715200000
1.5967770000	29.0249200000
1.5968660000	28.2346300000
1.5969550000	27.3006700000
1.5970440000	26.2948700000
1.5971340000	25.5045900000
1.5972230000	24.7143100000
1.5973130000	23.9240200000
1.5973140000	24.3550600000
1.5973150000	24.5705700000
1.5973160000	24.6424100000
1.5973160000	24.7142500000
1.5973990000	22.2716700000
1.5974900000	21.8405800000
1.5975790000	20.8347800000
1.5976690000	20.1881800000
1.5977580000	19.2542200000
1.5977600000	19.7570900000
1.5977610000	20.0444400000
1.5977620000	20.1881200000
1.5977620000	20.2599600000
1.5978470000	18.1765800000
1.5979380000	17.8891700000
1.5980290000	17.4580800000
1.5981190000	16.7396300000
1.5982090000	16.1648700000
1.5983000000	15.6619400000
1.5983910000	15.1590100000
1.5984810000	14.5124000000
1.5985720000	14.0094800000
1.5985730000	14.2968300000
1.5985730000	14.4405100000
1.5985730000	14.5123500000
1.5985740000	14.5841900000
1.5986600000	13.0036800000
1.5987520000	12.8599400000
1.5987530000	13.1473000000
1.5987540000	13.2909800000
1.5987540000	13.3628100000
1.5987540000	13.4346500000
1.5988420000	12.0696600000
1.5989340000	11.8540900000
1.5990250000	11.4230000000
1.5990250000	11.6385100000
1.5990260000	11.7821900000
1.5990260000	11.8540300000
1.5991140000	10.7045500000
1.5992070000	10.6326600000
1.5992070000	10.7763400000
1.5992070000	10.8481800000
1.5992080000	10.9200100000
1.5992970000	9.9142140000
1.5993890000	9.7704810000
1.5994800000	9.4112310000
1.5995710000	8.9801420000
1.5996620000	8.6208920000
1.5997530000	8.3334810000
1.5998450000	8.0460700000
1.5998460000	8.3334260000
1.5998460000	8.4771030000
1.5998470000	8.5489420000
1.5998470000	8.6207810000
1.5999340000	7.0402700000
1.6000260000	7.0402140000
1.6001180000	6.8246420000
1.6002100000	6.6809090000
1.6002100000	6.8245870000
1.6002110000	6.8964260000
1.6003010000	6.3216590000
1.6003930000	6.1779260000
1.6003930000	6.3216040000
1.6003940000	6.3934420000
1.6004840000	5.7468370000
1.6005760000	5.6031040000
1.6006680000	5.4593700000
1.6006680000	5.6030480000
1.6006690000	5.6748870000
1.6007590000	5.1001200000
1.6008510000	5.0282260000
1.6008520000	5.1000650000
1.6009430000	4.7408150000
1.6010350000	4.7407600000
1.6011270000	4.5251870000
1.6012190000	4.4532930000
1.6012200000	4.5251320000
1.6013110000	4.2377210000
1.6013110000	4.3095600000
1.6013120000	4.3813990000
1.6014030000	4.0221490000
1.6014950000	3.9502540000
1.6014950000	4.0220930000
1.6015870000	3.7346820000
1.6016790000	3.6627880000
1.6016790000	3.7346270000
1.6016790000	3.8064660000
1.6017710000	3.4472160000
1.6018630000	3.3753220000
1.6019550000	3.3034270000
1.6020470000	3.2315330000
1.6020480000	3.3033720000
1.6021390000	3.0878000000
1.6022320000	3.0159050000
1.6022320000	3.0877440000
1.6023240000	2.8721720000
1.6024160000	2.8002780000
1.6025080000	2.7283840000
1.6025080000	2.8002220000
1.6026000000	2.5846500000
1.6026920000	2.5127560000
1.6026930000	2.5845950000
1.6027840000	2.3690230000
1.6028770000	2.3689670000
1.6029690000	2.3689120000
1.6030610000	2.2251790000
1.6031540000	2.2251230000
1.6032460000	2.1532290000
1.6033380000	2.0813350000
1.6034310000	2.0812790000
1.6035230000	1.9375460000
1.6036150000	1.9374910000
1.6037080000	1.8655960000
1.6038000000	1.8655410000
1.6038920000	1.7218080000
1.6039850000	1.7217520000
1.6039850000	1.7935910000
1.6040770000	1.6498580000
1.6041690000	1.5779640000
1.6042620000	1.5779080000
1.6043540000	1.4341750000
1.6044460000	1.4341200000
1.6045390000	1.4340640000
1.6046310000	1.2903310000
1.6047230000	1.2902760000
1.6048160000	1.2183810000
1.6049080000	1.2183260000
1.6050000000	1.1464320000
1.6050930000	1.1463760000
1.6051850000	1.0744820000
1.6052780000	1.0744270000
1.6053700000	1.0025320000
1.6054620000	1.0024770000
1.6055550000	1.0024220000
1.6056470000	0.9305273000
1.6057400000	0.9304719000
1.6058320000	0.8585776000
1.6059250000	0.8585222000
1.6060170000	0.8584668000
1.6061100000	0.8584114000
1.6062020000	0.7865171000
1.6062940000	0.7864617000
1.6063870000	0.7864063000
1.6064790000	0.7145120000
1.6065720000	0.7144566000
1.6066640000	0.7144012000
1.6067560000	0.6425069000
1.6068490000	0.6424515000
1.6069410000	0.6423962000
1.6070340000	0.6423408000
1.6071270000	0.6422854000
1.6072190000	0.6422300000
1.6073120000	0.6421746000
1.6074040000	0.6421192000
1.6074960000	0.5702249000
1.6075890000	0.5701695000
1.6076810000	0.5701141000
1.6077740000	0.5700587000
1.6078660000	0.5700033000
1.6079590000	0.5699480000
1.6080510000	0.5698926000
1.6081440000	0.5698372000
1.6082360000	0.5697818000
1.6083290000	0.5697264000
1.6084220000	0.5696710000
1.6085140000	0.4977767000
1.6086060000	0.4977213000
1.6086990000	0.4976659000
1.6087910000	0.4976105000
1.6088840000	0.4975552000
1.6089760000	0.4974998000
1.6090690000	0.4256055000
1.6090690000	0.4974444000
1.6091610000	0.4973890000
1.6092540000	0.4254947000
1.6093460000	0.4254393000
1.6094390000	0.4253839000
1.6095310000	0.4253285000
1.6096240000	0.4252731000
1.6097160000	0.4252177000
1.6098090000	0.4251623000
1.6099010000	0.4251070000
1.6099940000	0.4250516000
1.6100860000	0.4249962000
1.6101790000	0.3531019000
1.6102710000	0.3530465000
1.6103640000	0.3529911000
1.6104560000	0.3529357000
1.6105490000	0.3528803000
1.6106410000	0.3528249000
1.6107340000	0.3527695000
1.6108260000	0.2808752000
1.6109190000	0.2808198000
1.6110110000	0.2807645000
1.6111040000	0.2807091000
1.6111960000	0.2806537000
1.6112890000	0.2805983000
1.6113810000	0.2805429000
1.6114740000	0.2804875000
1.6115660000	0.2804321000
1.6116590000	0.2803767000
1.6117510000	0.2084824000
1.6118430000	0.2084270000
1.6119360000	0.2083716000
1.6120290000	0.2083163000
1.6121210000	0.2082609000
1.6122140000	0.2082055000
1.6123060000	0.2081501000
1.6123990000	0.2080947000
1.6124910000	0.2080393000
1.6125830000	0.1361450000
1.6126760000	0.1360896000
1.6127680000	0.1360342000
1.6128610000	0.1359788000
1.6129530000	0.1359234000
1.6130460000	0.1358681000
1.6131390000	0.1358127000
1.6132310000	0.1357573000
1.6133240000	0.1357019000
1.6134160000	0.1356465000
1.6135090000	0.1355911000
1.6136010000	0.1355357000
1.6136940000	0.1354803000
1.6137860000	0.0635860300
1.6138780000	0.0635306400
1.6139710000	0.0634752500
1.6140630000	0.0634198600
1.6141560000	0.0633644800
1.6142480000	0.0633090900
1.6143410000	0.0632537000
1.6144340000	0.0631983100
1.6144340000	0.1350372000
1.6145260000	0.1349818000
1.6146190000	0.1349265000
1.6147110000	0.1348711000
1.6148040000	0.1348157000
1.6148960000	0.1347603000
1.6149890000	0.1347049000
1.6150810000	0.1346495000
1.6151740000	0.1345941000
1.6152660000	0.1345387000
1.6153590000	0.0626444300
1.6154510000	0.0625890400
1.6155440000	0.0625336500
1.6156360000	0.0624782600
1.6157290000	0.0624228700
1.6158210000	0.0623674800
1.6159140000	0.0623120900
1.6160060000	0.0622567100
1.6160990000	0.0622013200
1.6161910000	0.0621459300
1.6162840000	0.0620905400
1.6163760000	0.0620351500
1.6164690000	0.0619797600
1.6165620000	0.0619243700
1.6166540000	0.0618689900
1.6167470000	0.0618136000
1.6168390000	0.0617582100
1.6169320000	0.0617028200
1.6170240000	0.0616474300
1.6171170000	0.0615920400
1.6172090000	0.0615366600
1.6173020000	0.0614812700
1.6173940000	0.0614258800
1.6174870000	0.0613704900
1.6175790000	0.0613151000
1.6176720000	0.0612597100
1.6177640000	0.0612043200
1.6178570000	0.0611489400
1.6179490000	0.0610935500
1.6180420000	0.0610381600
1.6181340000	0.0609827700
1.6182270000	0.0609273800
1.6183190000	0.0608719900
1.6184120000	0.0608166000
1.6184120000	0.1326555000
1.6185050000	0.1326001000
1.6185970000	0.1325447000
1.6186900000	0.1324894000
1.6187820000	0.1324340000
1.6188750000	0.1323786000
1.6189670000	0.0604842700
1.6190600000	0.0604288800
1.6191520000	0.0603735000
1.6192450000	0.0603181100
1.6193370000	0.0602627200
1.6194300000	0.0602073300
1.6195220000	0.0601519400
1.6196150000	0.0600965500
1.6197070000	0.0600411600
1.6198000000	0.0599857800
1.6198920000	0.0599303900
1.6199850000	0.0598750000
1.6200770000	0.0598196100
1.6201700000	0.0597642200
1.6202620000	0.0597088300
1.6203550000	0.0596534500
1.6204470000	0.0595980600
1.6205400000	0.0595426700
1.6206320000	0.0594872800
1.6207250000	0.0594318900
1.6208170000	0.0593765000
1.6209100000	0.0593211100
1.6210030000	0.0592657300
1.6210950000	0.0592103400
1.6211880000	0.0591549500
1.6212800000	0.0590995600
1.6213730000	0.0590441700
1.6214650000	0.0589887800
1.6215580000	0.0589333900
1.6216500000	0.0588780100
1.6217430000	0.0588226200
1.6218350000	0.0587672300
1.6219280000	0.0587118400
1.6220200000	0.0586564500
1.6221130000	0.0586010600
1.6222050000	0.0585456700
1.6222980000	0.0584902900
1.6223900000	0.0584349000
1.6224830000	0.0583795100
1.6225750000	0.0583241200
1.6226680000	0.0582687300
1.6227600000	0.0582133400
1.6228530000	0.0581579500
1.6229450000	0.0581025700
1.6230380000	0.0580471800
1.6231310000	0.0579917900
1.6232230000	0.0579364000
1.6233160000	0.0578810100
1.6234080000	0.0578256200
1.6235010000	0.0577702400
1.6235930000	0.0577148500
1.6236860000	0.0576594600
1.6237780000	0.0576040700
1.6238710000	0.0575486800
1.6239630000	0.0574932900
1.6240560000	0.0574379000
1.6241480000	0.0573825200
1.6242410000	0.0573271300
1.6243330000	0.0572717400
1.6244260000	0.0572163500
1.6245180000	0.0571609600
1.6246110000	0.0571055700
1.6247030000	0.0570501800
1.6247960000	0.0569948000
1.6248880000	0.0569394100
1.6249810000	0.0568840200
1.6250730000	0.0568286300
1.6251660000	0.0567732400
1.6252580000	0.0567178500
1.6253510000	0.0566624600
1.6253510000	0.1285014000
1.6254440000	0.1284460000
1.6255360000	0.1283906000
1.6256290000	0.1283352000
1.6257210000	0.0564409100
1.6258140000	0.0563855200
1.6258140000	0.1282244000
1.6259060000	0.1281691000
1.6259990000	0.1281137000
1.6260910000	0.1280583000
1.6261840000	0.1280029000
1.6262760000	0.1279475000
1.6263690000	0.0560531900
1.6264610000	0.0559978000
1.6265540000	0.0559424100
1.6266460000	0.0558870300
1.6267390000	0.0558316400
1.6268310000	0.0557762500
1.6269240000	0.0557208600
1.6270160000	0.0556654700
1.6271090000	0.0556100800
1.6272010000	0.0555546900
1.6272940000	0.0554993100
1.6273860000	0.0554439200
1.6274790000	0.0553885300
1.6275720000	0.0553331400
1.6276640000	0.0552777500
1.6277570000	0.0552223600
1.6278490000	0.0551669700
1.6279420000	0.0551115900
1.6280340000	0.0550562000
1.6281270000	0.0550008100
1.6282190000	0.0549454200
1.6283120000	0.0548900300
1.6284040000	0.0548346400
1.6284970000	0.0547792500
1.6285890000	0.0547238700
1.6286820000	0.0546684800
1.6287740000	0.0546130900
1.6288670000	0.0545577000
1.6289590000	0.0545023100
1.6289600000	0.1263412000
1.6290520000	0.1262858000
1.6291450000	0.1262305000
1.6292370000	0.1261751000
1.6293300000	0.1261197000
1.6294220000	0.1260643000
1.6295150000	0.1260089000
1.6296070000	0.1259535000
1.6297000000	0.0540592000
1.6297000000	0.1258981000
1.6297920000	0.1258427000
1.6298850000	0.0539484300
1.6299770000	0.0538930400
1.6300700000	0.0538376500
1.6301620000	0.0537822600
1.6302550000	0.0537268700
1.6303470000	0.0536714800
1.6304400000	0.0536161000
1.6304400000	0.1254550000
1.6305320000	0.1253996000
1.6306250000	0.0535053200
1.6306250000	0.1253442000
1.6307180000	0.1252889000
1.6308100000	0.1252335000
1.6309030000	0.1251781000
1.6309950000	0.1251227000
1.6310880000	0.1250673000
1.6311800000	0.1250119000
1.6312730000	0.1249565000
1.6313650000	0.1249011000
1.6314580000	0.1248457000
1.6315500000	0.1247904000
1.6316430000	0.1247350000
1.6317350000	0.1246796000
1.6318280000	0.1246242000
1.6319200000	0.1245688000
1.6320130000	0.1245134000
1.6321050000	0.1244580000
1.6321980000	0.1244026000
1.6322900000	0.0525083200
1.6323830000	0.0524529400
1.6324750000	0.0523975500
1.6325680000	0.0523421600
1.6326600000	0.0522867700
1.6327530000	0.0522313800
1.6328450000	0.0521759900
1.6329380000	0.0521206100
1.6330300000	0.0520652200
1.6331230000	0.0520098300
1.6332150000	0.0519544400
1.6333080000	0.0518990500
1.6334000000	0.0518436600
1.6334930000	0.0517882700
1.6334930000	0.1236272000
1.6335860000	0.1235718000
1.6336780000	0.1235164000
1.6337710000	0.1234610000
1.6338630000	0.1234056000
1.6339560000	0.1233503000
1.6340480000	0.1232949000
1.6341410000	0.0514005500
1.6342330000	0.0513451700
1.6343260000	0.0512897800
1.6344180000	0.0512343900
1.6345110000	0.0511790000
1.6346030000	0.0511236100
1.6346960000	0.0510682200
1.6347880000	0.0510128300
1.6348810000	0.0509574500
1.6349730000	0.0509020600
1.6350660000	0.0508466700
1.6351580000	0.0507912800
1.6352510000	0.0507358900
1.6353430000	0.0506805000
1.6353440000	0.1225194000
1.6354360000	0.1224640000
1.6355290000	0.1224086000
1.6356210000	0.0505143400
1.6357130000	0.0504589500
1.6358060000	0.0504035600
1.6358980000	0.0503481700
1.6359910000	0.0502927800
1.6360830000	0.0502374000
1.6361760000	0.0501820100
1.6362680000	0.0501266200
1.6363610000	0.0500712300
1.6364540000	0.0500158400
1.6365460000	0.0499604500
1.6366390000	0.0499050600
1.6367310000	0.0498496800
1.6368240000	0.0497942900
1.6369160000	0.0497389000
1.6370090000	0.0496835100
1.6371010000	0.0496281200
1.6371940000	0.0495727300
1.6372860000	0.0495173400
1.6373790000	0.0494619600
1.6374710000	0.0494065700
1.6375640000	0.0493511800
1.6376560000	0.0492957900
1.6377490000	0.0492404000
1.6378410000	0.0491850100
1.6379340000	0.0491296200
1.6380260000	0.0490742400
1.6381190000	0.0490188500
1.6382110000	0.0489634600
1.6383040000	0.0489080700
1.6383960000	0.0488526800
1.6384890000	0.0487972900
1.6385820000	0.0487419000
1.6386740000	0.0486865200
1.6387670000	0.0486311300
1.6388590000	0.0485757400
1.6389520000	0.0485203500
1.6390440000	0.0484649600
1.6391370000	0.0484095700
1.6392290000	0.0483541900
1.6393220000	0.0482988000
1.6394140000	0.0482434100
1.6395070000	0.0481880200
1.6395990000	0.0481326300
1.6396920000	0.0480772400
1.6397840000	0.0480218500
1.6398770000	0.0479664700
1.6399690000	0.0479110800
1.6399700000	0.1197500000
1.6400620000	0.1196946000
1.6401540000	0.0478003000
1.6402470000	0.0477449100
1.6403390000	0.0476895200
1.6404320000	0.0476341300
1.6405240000	0.0475787500
1.6406170000	0.0475233600
1.6407100000	0.0474679700
1.6408020000	0.0474125800
1.6408950000	0.0473571900
1.6409870000	0.0473018000
1.6410800000	0.0472464100
1.6411720000	0.0471910300
1.6412650000	0.0471356400
1.6413570000	0.0470802500
1.6414500000	0.0470248600
1.6415420000	0.0469694700
1.6416350000	0.0469140800
1.6417270000	0.0468587000
1.6418200000	0.0468033100
1.6419120000	0.0467479200
1.6420050000	0.0466925300
1.6420970000	0.0466371400
1.6421900000	0.0465817500
1.6422820000	0.0465263600
1.6423750000	0.0464709800
1.6424670000	0.0464155900
1.6425600000	0.0463602000
1.6426520000	0.0463048100
1.6427450000	0.0462494200
1.6428370000	0.0461940300
1.6429300000	0.0461386400
1.6430230000	0.0460832600
1.6431150000	0.0460278700
1.6432080000	0.0459724800
1.6433000000	0.0459170900
1.6433930000	0.0458617000
1.6434850000	0.0458063100
1.6435780000	0.0457509200
1.6435780000	0.1175898000
1.6436700000	0.1175345000
1.6437630000	0.0456401500
1.6438550000	0.0455847600
1.6439480000	0.0455293700
1.6440400000	0.0454739800
1.6441330000	0.0454185900
1.6442250000	0.0453632000
1.6443180000	0.0453078200
1.6444100000	0.0452524300
1.6445030000	0.0451970400
1.6445950000	0.0451416500
1.6445960000	0.1169806000
1.6446880000	0.1169252000
1.6447810000	0.1168698000
1.6448730000	0.1168144000
1.6449650000	0.0449201000
1.6450580000	0.0448647100
1.6451510000	0.0448093200
1.6452430000	0.0447539300
1.6453360000	0.0446985400
1.6454280000	0.0446431500
1.6455210000	0.0445877700
1.6456130000	0.0445323800
1.6457060000	0.0444769900
1.6457980000	0.0444216000
1.6458910000	0.0443662100
1.6459830000	0.0443108200
1.6460760000	0.0442554300
1.6461680000	0.0442000500
1.6462610000	0.0441446600
1.6463530000	0.0440892700
1.6464460000	0.0440338800
1.6465380000	0.0439784900
1.6466310000	0.0439231000
1.6467230000	0.0438677100
1.6468160000	0.0438123300
1.6469080000	0.0437569400
1.6470010000	0.0437015500
1.6470930000	0.0436461600
1.6471860000	0.0435907700
1.6472780000	0.0435353800
1.6473710000	0.0434799900
1.6474640000	0.0434246100
1.6475560000	0.0433692200
1.6476490000	0.0433138300
1.6477410000	0.0432584400
1.6478340000	0.0432030500
1.6479260000	0.0431476600
1.6480190000	0.0430922800
1.6481110000	0.0430368900
1.6482040000	0.0429815000
1.6482960000	0.0429261100
1.6483890000	0.0428707200
1.6484810000	0.0428153300
1.6485740000	0.0427599400
1.6486660000	0.0427045600
1.6487590000	0.0426491700
1.6488510000	0.0425937800
1.6489440000	0.0425383900
1.6490360000	0.0424830000
1.6491290000	0.0424276100
1.6492210000	0.0423722200
1.6493140000	0.0423168400
1.6494060000	0.0422614500
1.6494990000	0.0422060600
1.6495920000	0.0421506700
1.6496840000	0.0420952800
1.6497770000	0.0420398900
1.6498690000	0.0419845000
1.6499620000	0.0419291200
1.6500540000	0.0418737300
1.6501470000	0.0418183400
1.6502390000	0.0417629500
1.6503320000	0.0417075600
1.6504240000	0.0416521700
1.6505170000	0.0415967800
1.6506090000	0.0415414000
1.6507020000	0.0414860100
1.6507940000	0.0414306200
1.6508870000	0.0413752300
1.6509790000	0.0413198400
1.6510720000	0.0412644500
1.6511640000	0.0412090700
1.6512570000	0.0411536800
1.6513490000	0.0410982900
1.6514420000	0.0410429000
1.6515340000	0.0409875100
1.6516270000	0.0409321200
1.6517200000	0.0408767300
1.6518120000	0.0408213500
1.6519050000	0.0407659600
1.6519970000	0.0407105700
1.6520900000	0.0406551800
1.6521820000	0.0405997900
1.6522750000	0.0405444000
1.6523670000	0.0404890100
1.6524600000	0.0404336300
1.6525520000	0.0403782400
1.6526450000	0.0403228500
1.6527370000	0.0402674600
1.6528300000	0.0402120700
1.6529220000	0.0401566800
1.6530150000	0.0401012900
1.6531070000	0.0400459100
1.6532000000	0.0399905200
1.6532920000	0.0399351300
1.6533850000	0.0398797400
1.6534770000	0.0398243500
1.6535700000	0.0397689600
1.6536620000	0.0397135700
1.6537550000	0.0396581900
1.6538470000	0.0396028000
1.6539400000	0.0395474100
1.6540330000	0.0394920200
1.6541250000	0.0394366300
1.6542180000	0.0393812400
1.6543100000	0.0393258600
1.6544030000	0.0392704700
1.6544950000	0.0392150800
1.6545880000	0.0391596900
1.6546800000	0.0391043000
1.6547730000	0.0390489100
1.6548650000	0.0389935200
1.6549580000	0.0389381400
1.6550500000	0.0388827500
1.6551430000	0.0388273600
1.6552350000	0.0387719700
1.6553280000	0.0387165800
1.6554200000	0.0386611900
1.6555130000	0.0386058000
1.6556050000	0.0385504200
1.6556980000	0.0384950300
1.6557900000	0.0384396400
1.6558830000	0.0383842500
1.6559750000	0.0383288600
1.6560680000	0.0382734700
1.6561610000	0.0382180800
1.6562530000	0.0381627000
1.6562530000	0.0381627000
