#Wavelength	Transmission
1.9038730000	-0.0036146050
1.9038750000	0.1083659000
1.9042620000	0.1080044000
1.9046500000	0.1076429000
1.9050370000	0.1072815000
1.9054250000	0.1069200000
1.9058120000	0.1065586000
1.9061990000	0.1061971000
1.9065850000	-0.0061448290
1.9069720000	-0.0065062890
1.9073590000	-0.0068677500
1.9077470000	-0.0072292100
1.9077490000	0.1047513000
1.9081360000	0.1043898000
1.9085230000	0.1040283000
1.9089090000	-0.0083135920
1.9092960000	-0.0086750520
1.9096840000	-0.0090365130
1.9100710000	-0.0093979730
1.9100730000	0.1025825000
1.9104600000	0.1022210000
1.9108470000	0.1018596000
1.9112350000	0.1014981000
1.9116220000	0.1011366000
1.9120090000	0.1007752000
1.9123950000	-0.0115667400
1.9123970000	0.1004137000
1.9127840000	0.1000523000
1.9131710000	0.0996908100
1.9135590000	0.0993293500
1.9139460000	0.0989678900
1.9143330000	0.0986064300
1.9147210000	0.0982449600
1.9151080000	0.0978835000
1.9154950000	0.0975220400
1.9158830000	0.0971605800
1.9162700000	0.0967991200
1.9166570000	0.0964376600
1.9170450000	0.0960762000
1.9174320000	0.0957147400
1.9178190000	0.0953532800
1.9182070000	0.0949918200
1.9185920000	-0.0173501000
1.9189800000	-0.0177115600
1.9193670000	-0.0180730300
1.9193690000	0.0939074400
1.9197560000	0.0935459800
1.9201430000	0.0931845200
1.9205310000	0.0928230600
1.9209180000	0.0924616000
1.9213050000	0.0921001400
1.9216930000	0.0917386800
1.9220800000	0.0913772200
1.9224680000	0.0910157500
1.9228550000	0.0906542900
1.9232420000	0.0902928300
1.9232440000	0.2022733000
1.9236310000	0.2019118000
1.9240190000	0.2015504000
1.9244060000	0.2011889000
1.9247930000	0.2008275000
1.9251810000	0.2004660000
1.9255680000	0.2001045000
1.9259550000	0.1997431000
1.9263430000	0.1993816000
1.9267280000	0.0870396900
1.9271160000	0.0866782300
1.9275030000	0.0863167700
1.9278900000	0.0859553100
1.9282780000	0.0855938500
1.9286650000	0.0852323900
1.9290510000	-0.0271095400
1.9294380000	-0.0274710000
1.9298250000	-0.0278324600
1.9302130000	-0.0281939200
1.9306000000	-0.0285553800
1.9309870000	-0.0289168400
1.9313750000	-0.0292783000
1.9317620000	-0.0296397600
1.9317640000	0.0823407000
1.9321510000	0.0819792400
1.9325380000	0.0816177800
1.9329260000	0.0812563200
1.9333130000	0.0808948600
1.9337000000	0.0805334000
1.9340880000	0.0801719400
1.9344750000	0.0798104800
1.9348620000	0.0794490200
1.9352500000	0.0790875600
1.9356370000	0.0787261000
1.9360240000	0.0783646400
1.9364120000	0.0780031800
1.9367990000	0.0776417200
1.9371860000	0.0772802600
1.9375740000	0.0769188000
1.9379610000	0.0765573300
1.9383490000	0.0761958700
1.9387360000	0.0758344100
1.9391230000	0.0754729500
1.9395110000	0.0751114900
1.9398960000	-0.0372304300
1.9398980000	0.0747500300
1.9402850000	0.0743885700
1.9406730000	0.0740271100
1.9410600000	0.0736656500
1.9414470000	0.0733041900
1.9418350000	0.0729427300
1.9422220000	0.0725812700
1.9426090000	0.0722198100
1.9429970000	0.0718583500
1.9433840000	0.0714968900
1.9437710000	0.0711354300
1.9441590000	0.0707739700
1.9445460000	0.0704125100
1.9449330000	0.0700510500
1.9453210000	0.0696895800
1.9457080000	0.0693281200
1.9460950000	0.0689666600
1.9464830000	0.0686052000
1.9468700000	0.0682437400
1.9472570000	0.0678822800
1.9476450000	0.0675208200
1.9480320000	0.0671593600
1.9484190000	0.0667979000
1.9488070000	0.0664364400
1.9491940000	0.0660749800
1.9495810000	0.0657135200
1.9499690000	0.0653520600
1.9503560000	0.0649906000
1.9507430000	0.0646291400
1.9511310000	0.0642676800
1.9515180000	0.0639062200
1.9519050000	0.0635447600
1.9522930000	0.0631833000
1.9526800000	0.0628218400
1.9530660000	-0.0495200900
1.9534530000	-0.0498815500
1.9538400000	-0.0502430100
1.9538420000	0.0617374500
1.9542290000	0.0613759900
1.9546170000	0.0610145300
1.9546190000	0.1729950000
1.9550060000	0.1726335000
1.9553930000	0.1722721000
1.9557810000	0.1719106000
1.9561680000	0.1715492000
1.9565550000	0.1711877000
1.9569410000	0.0588457700
1.9573280000	0.0584843100
1.9577160000	0.0581228500
1.9577170000	0.1701033000
1.9581050000	0.1697419000
1.9584920000	0.1693804000
1.9588790000	0.1690189000
1.9592670000	0.1686575000
1.9596540000	0.1682960000
1.9600410000	0.1679345000
1.9604270000	0.0555926300
1.9608140000	0.0552311600
1.9612020000	0.0548697000
1.9615890000	0.0545082400
1.9619760000	0.0541467800
1.9623640000	0.0537853200
1.9627510000	0.0534238600
1.9631380000	0.0530624000
1.9635260000	0.0527009400
1.9639130000	0.0523394800
1.9643000000	0.0519780200
1.9646880000	0.0516165600
1.9650750000	0.0512551000
1.9654620000	0.0508936400
1.9658500000	0.0505321800
1.9662370000	0.0501707200
1.9666240000	0.0498092600
1.9670120000	0.0494478000
1.9673990000	0.0490863400
1.9674010000	0.1610668000
1.9677880000	0.1607053000
1.9681750000	0.1603439000
1.9685630000	0.1599824000
1.9689500000	0.1596210000
1.9693380000	0.1592595000
1.9697250000	0.1588980000
1.9701120000	0.1585366000
1.9705000000	0.1581751000
1.9708870000	0.1578137000
1.9712740000	0.1574522000
1.9716620000	0.1570907000
1.9720490000	0.1567293000
1.9724360000	0.1563678000
1.9728240000	0.1560064000
1.9728250000	0.2679868000
1.9732130000	0.2676254000
1.9736000000	0.2672639000
1.9739870000	0.2669024000
1.9743750000	0.2665410000
1.9747620000	0.2661795000
1.9751490000	0.2658181000
1.9755370000	0.2654566000
1.9759240000	0.2650951000
1.9763110000	0.2647337000
1.9766990000	0.2643722000
1.9767000000	0.3763527000
1.9770880000	0.3759912000
1.9774750000	0.3756298000
1.9778610000	0.2632878000
1.9782480000	0.2629264000
1.9786350000	0.2625649000
1.9786370000	0.3745454000
1.9790250000	0.3741839000
1.9794120000	0.3738225000
1.9797990000	0.3734610000
1.9801870000	0.3730995000
1.9805740000	0.3727381000
1.9809610000	0.3723766000
1.9809630000	0.4843571000
1.9813500000	0.4839956000
1.9817380000	0.4836342000
1.9821250000	0.4832727000
1.9825120000	0.4829112000
1.9825140000	0.5948917000
1.9829010000	0.5945302000
1.9832890000	0.5941688000
1.9836760000	0.5938073000
1.9836780000	0.7057878000
1.9840650000	0.7054263000
1.9844520000	0.7050649000
1.9848400000	0.7047034000
1.9852290000	0.8163224000
1.9856160000	0.8159609000
1.9856180000	0.9279414000
1.9860050000	0.9275799000
1.9863930000	0.9272185000
1.9863940000	1.0391990000
1.9867820000	1.0388370000
1.9871690000	1.0384760000
1.9875560000	1.0381150000
1.9879440000	1.0377530000
1.9883310000	1.0373920000
1.9887180000	1.0370300000
1.9887200000	1.1490110000
1.9891080000	1.1486490000
1.9894950000	1.1482880000
1.9898820000	1.1479260000
1.9898840000	1.2599070000
1.9902710000	1.2595450000
1.9906590000	1.2591840000
1.9910460000	1.2588220000
1.9914330000	1.2584610000
1.9914350000	1.3704410000
1.9918220000	1.3700800000
1.9922100000	1.3697180000
1.9922110000	1.4816990000
1.9925990000	1.4813370000
1.9929860000	1.4809760000
1.9933730000	1.4806150000
1.9937630000	1.5922340000
1.9941500000	1.5918720000
1.9945390000	1.7034910000
1.9945410000	1.8154720000
1.9949280000	1.8151100000
1.9953150000	1.8147490000
1.9953170000	1.9267290000
1.9957040000	1.9263680000
1.9960920000	1.9260060000
1.9964810000	2.0376250000
1.9968680000	2.0372640000
1.9984210000	2.2597790000
1.9988080000	2.2594170000
1.9988100000	2.3713980000
1.9991970000	2.3710360000
1.9995850000	2.3706750000
1.9995870000	2.4826550000
1.9999740000	2.4822940000
1.9999760000	2.5942740000
1.9999770000	2.7062550000
2.0003650000	2.7058930000
2.0003660000	2.8178740000
2.0007540000	2.8175120000
2.0007570000	3.0414730000
2.0007590000	3.1534540000
2.0011460000	3.1530920000
2.0011480000	3.2650730000
2.0015350000	3.2647110000
2.0019230000	3.2643500000
2.0019240000	3.3763300000
2.0023120000	3.3759690000
2.0027010000	3.4875880000
2.0034790000	3.7108260000
2.0038680000	3.8224450000
2.0038700000	3.9344250000
2.0042570000	3.9340640000
2.0050350000	4.1573020000
2.0050370000	4.2692820000
2.0054260000	4.3809010000
2.0054280000	4.4928820000
2.0058150000	4.4925200000
2.0058170000	4.6045010000
2.0062040000	4.6041390000
2.0062060000	4.7161200000
2.0062080000	4.8281000000
2.0065950000	4.8277390000
2.0065970000	4.9397190000
2.0065990000	5.0517000000
2.0069890000	5.2752990000
2.0073820000	5.6108790000
2.0073840000	5.7228600000
2.0077750000	5.9464590000
2.0077760000	6.0584390000
2.0081640000	6.0580780000
2.0081650000	6.1700580000
2.0081670000	6.2820390000
2.0085560000	6.3936580000
2.0085580000	6.5056380000
2.0089450000	6.5052770000
2.0089470000	6.6172570000
2.0089490000	6.7292380000
2.0093360000	6.7288760000
2.0093380000	6.8408570000
2.0093390000	6.9528370000
2.0097270000	6.9524760000
2.0097290000	7.0644560000
2.0097300000	7.1764370000
2.0101180000	7.1760750000
2.0101230000	7.5120170000
2.0101260000	7.7359780000
2.0105140000	7.7356160000
2.0105170000	7.9595770000
2.0105190000	8.0715580000
2.0105210000	8.1835380000
2.0109080000	8.1831770000
2.0109110000	8.4071380000
2.0109130000	8.5191180000
2.0113040000	8.7427170000
2.0113060000	8.8546980000
2.0116950000	8.9663170000
2.0116970000	9.0782970000
2.0117070000	9.7501800000
2.0120910000	9.5258580000
2.0120930000	9.6378380000
2.0120940000	9.7498190000
2.0124820000	9.7494570000
2.0124830000	9.8614380000
2.0128710000	9.8610760000
2.0128740000	10.0850400000
2.0128760000	10.1970200000
2.0132630000	10.1966600000
2.0132740000	10.8685400000
2.0132750000	10.9805200000
2.0132770000	11.0925000000
2.0136710000	11.5400600000
2.0136730000	11.6520400000
2.0136750000	11.7640200000
2.0140620000	11.7636600000
2.0140660000	11.9876200000
2.0140670000	12.0996000000
2.0140690000	12.2115800000
2.0144560000	12.2112200000
2.0144620000	12.5471600000
2.0144630000	12.6591400000
2.0144650000	12.7711200000
2.0148540000	12.8827400000
2.0148580000	13.1067000000
2.0152450000	13.1063400000
2.0152500000	13.4422800000
2.0152540000	13.6662400000
2.0156410000	13.6658800000
2.0156480000	14.1138000000
2.0156500000	14.2257800000
2.0156510000	14.3377600000
2.0160390000	14.3374000000
2.0160470000	14.8973100000
2.0160490000	15.0092900000
2.0160510000	15.1212700000
2.0164380000	15.1209000000
2.0164450000	15.5688300000
2.0164490000	15.7927900000
2.0164500000	15.9047700000
2.0168380000	15.9044100000
2.0168500000	16.6882700000
2.0168550000	17.0242100000
2.0168570000	17.1361900000
2.0172440000	17.1358300000
2.0172490000	17.4717700000
2.0172510000	17.5837500000
2.0172530000	17.6957300000
2.0176400000	17.6953700000
2.0176450000	18.0313100000
2.0176490000	18.2552700000
2.0176510000	18.3672500000
2.0180380000	18.3668900000
2.0180430000	18.7028300000
2.0180450000	18.8148100000
2.0184320000	18.8144500000
2.0184460000	19.7103000000
2.0184510000	20.0462400000
2.0184530000	20.1582200000
2.0188400000	20.1578600000
2.0188440000	20.3818200000
2.0188460000	20.4938000000
2.0192330000	20.4934400000
2.0192470000	21.3892800000
2.0192540000	21.8372000000
2.0192560000	21.9491800000
2.0196430000	21.9488200000
2.0196520000	22.5087200000
2.0196570000	22.8446700000
2.0200440000	22.8443000000
2.0200580000	23.7401500000
2.0200650000	24.1880700000
2.0200670000	24.3000500000
2.0204540000	24.2996900000
2.0204610000	24.7476100000
2.0204640000	24.9715700000
2.0204660000	25.0835500000
2.0204680000	25.1955300000
2.0208550000	25.1951700000
2.0208600000	25.5311100000
2.0208640000	25.7550700000
2.0212510000	25.7547100000
2.0212580000	26.2026300000
2.0212620000	26.4265900000
2.0212630000	26.5385700000
2.0212650000	26.6505600000
2.0216520000	26.6501900000
2.0216590000	27.0981200000
2.0216630000	27.3220800000
2.0216650000	27.4340600000
2.0220690000	28.5535000000
2.0220760000	29.0014200000
2.0220800000	29.2253800000
2.0220810000	29.3373600000
2.0224690000	29.3370000000
2.0224790000	30.0088800000
2.0224810000	30.1208700000
2.0224830000	30.2328500000
2.0228700000	30.2324800000
2.0228840000	31.1283300000
2.0228910000	31.5762500000
2.0228940000	31.8002100000
2.0228960000	31.9121900000
2.0232830000	31.9118300000
2.0232950000	32.6956900000
2.0233010000	33.0316300000
2.0233020000	33.1436100000
2.0233040000	33.2556000000
2.0236910000	33.2552300000
2.0237020000	33.9271200000
2.0237070000	34.2630600000
2.0237090000	34.3750400000
2.0237110000	34.4870200000
2.0240980000	34.4866600000
2.0241050000	34.9345800000
2.0241080000	35.1585400000
2.0244960000	35.1581800000
2.0245110000	36.1660000000
2.0245130000	36.2779800000
2.0245150000	36.3899600000
2.0249020000	36.3896000000
2.0249190000	37.5094100000
2.0249280000	38.0693100000
2.0249300000	38.1812900000
2.0253170000	38.1809300000
2.0253280000	38.8528100000
2.0253290000	38.9647900000
2.0253310000	39.0767700000
2.0257180000	39.0764100000
2.0257340000	40.0842300000
2.0257410000	40.5321600000
2.0261280000	40.5318000000
2.0261440000	41.5396200000
2.0261510000	41.9875400000
2.0261530000	42.0995200000
2.0265400000	42.0991600000
2.0265540000	42.9950000000
2.0265610000	43.4429300000
2.0265630000	43.5549100000
2.0265640000	43.6668900000
2.0269520000	43.6665300000
2.0269590000	44.1144500000
2.0269620000	44.3384100000
2.0273490000	44.3380500000
2.0273610000	45.1219100000
2.0273650000	45.3458700000
2.0273670000	45.4578500000
2.0277540000	45.4574900000
2.0277730000	46.6892700000
2.0277780000	47.0252200000
2.0277800000	47.1372000000
2.0281670000	47.1368400000
2.0281930000	48.8165400000
2.0281950000	48.9285200000
2.0281970000	49.0405000000
2.0285840000	49.0401400000
2.0285930000	49.6000400000
2.0289800000	49.5996800000
2.0289990000	50.8314700000
2.0290030000	51.0554300000
2.0290050000	51.1674100000
2.0293920000	51.1670500000
2.0294060000	52.0628900000
2.0294130000	52.5108100000
2.0298000000	52.5104500000
2.0298100000	53.1823300000
2.0298160000	53.5182800000
2.0302030000	53.5179100000
2.0302100000	53.9658400000
2.0302130000	54.1898000000
2.0302150000	54.3017800000
2.0306020000	54.3014200000
2.0306160000	55.1972600000
2.0306180000	55.3092400000
2.0310050000	55.3088800000
2.0310230000	56.4286800000
2.0310280000	56.7646200000
2.0314150000	56.7642600000
2.0314340000	57.9960500000
2.0314400000	58.3319900000
2.0314410000	58.4439700000
2.0318290000	58.4436100000
2.0318440000	59.4514300000
2.0318460000	59.5634100000
2.0322330000	59.5630500000
2.0322440000	60.2349300000
2.0322470000	60.4589000000
2.0326350000	60.4585300000
2.0326420000	60.9064600000
2.0330290000	60.9060900000
2.0330380000	61.4660000000
2.0330410000	61.6899600000
2.0330430000	61.8019400000
2.0334300000	61.8015800000
2.0334370000	62.2495000000
2.0334390000	62.3614800000
2.0338260000	62.3611200000
2.0338400000	63.2569600000
2.0338420000	63.3689400000
2.0342290000	63.3685800000
2.0342410000	64.1524400000
2.0342430000	64.2644200000
2.0346300000	64.2640600000
2.0346440000	65.1599100000
2.0346460000	65.2718900000
2.0350330000	65.2715300000
2.0350470000	66.1673700000
2.0350510000	66.3913300000
2.0354380000	66.3909700000
2.0354480000	67.0628500000
2.0354500000	67.1748300000
2.0358370000	67.1744700000
2.0358460000	67.7343700000
2.0358500000	67.9583300000
2.0358510000	68.0703100000
2.0362390000	68.0699500000
2.0362440000	68.4058900000
2.0362460000	68.5178700000
2.0366330000	68.5175100000
2.0366400000	68.9654300000
2.0366420000	69.0774200000
2.0366430000	69.1894000000
2.0370310000	69.1890300000
2.0370380000	69.6369600000
2.0370390000	69.7489400000
2.0374270000	69.7485800000
2.0374340000	70.1965000000
2.0374350000	70.3084800000
2.0378230000	70.3081200000
2.0378260000	70.5320800000
2.0378280000	70.6440600000
2.0382150000	70.6437000000
2.0382240000	71.2036000000
2.0382270000	71.4275600000
2.0382290000	71.5395400000
2.0386160000	71.5391800000
2.0386250000	72.0990800000
2.0390130000	72.0987200000
2.0390210000	72.6586200000
2.0390230000	72.7706000000
2.0390250000	72.8825800000
2.0394120000	72.8822200000
2.0394170000	73.2181600000
2.0394190000	73.3301400000
2.0398060000	73.3297800000
2.0398100000	73.5537400000
2.0398110000	73.6657200000
2.0398130000	73.7777000000
2.0402010000	73.7773400000
2.0402060000	74.1132800000
2.0405930000	74.1129200000
2.0406000000	74.5608400000
2.0406020000	74.6728200000
2.0406040000	74.7848000000
2.0409910000	74.7844400000
2.0409980000	75.2323600000
2.0413850000	75.2320000000
2.0413940000	75.7919100000
2.0417810000	75.7915400000
2.0417860000	76.1274900000
2.0421740000	76.1271200000
2.0421810000	76.5750500000
2.0421820000	76.6870300000
2.0425700000	76.6866700000
2.0425730000	76.9106300000
2.0425750000	77.0226100000
2.0429620000	77.0222500000
2.0429660000	77.2462100000
2.0429670000	77.3581900000
2.0433550000	77.3578200000
2.0433580000	77.5817900000
2.0433600000	77.6937700000
2.0437470000	77.6934000000
2.0437540000	78.1413300000
2.0437560000	78.2533100000
2.0441430000	78.2529500000
2.0441500000	78.7008700000
2.0441520000	78.8128500000
2.0445390000	78.8124900000
2.0445450000	79.1484300000
2.0445460000	79.2604100000
2.0449340000	79.2600500000
2.0449370000	79.4840100000
2.0453240000	79.4836500000
2.0453280000	79.7076100000
2.0453300000	79.8195900000
2.0457170000	79.8192300000
2.0457200000	80.0431900000
2.0461080000	80.0428300000
2.0461110000	80.2667900000
2.0464990000	80.2664300000
2.0465000000	80.3784100000
2.0468880000	80.3780400000
2.0468890000	80.4900200000
2.0468910000	80.6020100000
2.0472790000	80.6016400000
2.0472850000	81.0495700000
2.0472870000	81.1615500000
2.0472890000	81.2735300000
2.0476760000	81.2731700000
2.0476810000	81.6091100000
2.0480690000	81.6087500000
2.0480740000	81.9446900000
2.0484610000	81.9443200000
2.0484650000	82.1682900000
2.0488520000	82.1679200000
2.0488540000	82.2799000000
2.0488560000	82.3918900000
2.0492430000	82.3915200000
2.0492450000	82.5035000000
2.0496320000	82.5031400000
2.0496360000	82.7271000000
2.0496370000	82.8390800000
2.0500250000	82.8387200000
2.0500280000	83.0626800000
2.0500300000	83.1746600000
2.0504170000	83.1743000000
2.0504220000	83.5102400000
2.0504240000	83.6222200000
2.0508110000	83.6218600000
2.0508150000	83.8458200000
2.0508170000	83.9578000000
2.0512040000	83.9574400000
2.0512070000	84.1814000000
2.0515950000	84.1810400000
2.0515970000	84.2930200000
2.0519840000	84.2926600000
2.0519860000	84.4046400000
2.0519870000	84.5166200000
2.0523750000	84.5162600000
2.0523760000	84.6282400000
2.0527640000	84.6278800000
2.0527650000	84.7398600000
2.0531530000	84.7395000000
2.0531560000	84.9634600000
2.0531580000	85.0754400000
2.0535450000	85.0750800000
2.0535490000	85.2990400000
2.0535510000	85.4110200000
2.0539380000	85.4106600000
2.0539410000	85.6346200000
2.0539430000	85.7466000000
2.0543300000	85.7462400000
2.0543320000	85.8582200000
2.0543340000	85.9702000000
2.0547210000	85.9698400000
2.0547230000	86.0818200000
2.0551100000	86.0814600000
2.0551120000	86.1934400000
2.0554990000	86.1930800000
2.0555010000	86.3050600000
2.0558890000	86.3047000000
2.0558900000	86.4166800000
2.0558920000	86.5286600000
2.0562790000	86.5282900000
2.0562810000	86.6402800000
2.0562830000	86.7522600000
2.0566700000	86.7518900000
2.0566720000	86.8638700000
2.0570590000	86.8635100000
2.0570610000	86.9754900000
2.0574480000	86.9751300000
2.0574500000	87.0871100000
2.0578370000	87.0867500000
2.0578410000	87.3107100000
2.0578430000	87.4226900000
2.0578440000	87.5346700000
2.0582320000	87.5343100000
2.0586190000	87.5339500000
2.0590060000	87.5335900000
2.0590080000	87.6455700000
2.0593950000	87.6452100000
2.0597830000	87.6448500000
2.0597840000	87.7568300000
2.0601720000	87.7564700000
2.0605590000	87.7561000000
2.0609470000	87.7557400000
2.0609480000	87.8677200000
2.0613360000	87.8673600000
2.0617230000	87.8670000000
2.0617250000	87.9789800000
2.0621120000	87.9786200000
2.0624990000	87.9782600000
2.0625010000	88.0902400000
2.0628880000	88.0898800000
2.0628920000	88.3138400000
2.0632790000	88.3134800000
2.0636670000	88.3131100000
2.0640540000	88.3127500000
2.0640560000	88.4247300000
2.0644430000	88.4243700000
2.0648300000	88.4240100000
2.0652180000	88.4236500000
2.0656050000	88.4232900000
2.0659920000	88.4229300000
2.0663800000	88.4225600000
2.0667670000	88.4222000000
2.0671540000	88.4218400000
2.0671560000	88.5338200000
2.0675430000	88.5334600000
2.0679310000	88.5331000000
2.0683180000	88.5327400000
2.0687050000	88.5323800000
2.0690930000	88.5320100000
2.0694770000	88.3076900000
2.0698640000	88.3073300000
2.0702500000	88.1949900000
2.0706370000	88.1946300000
2.0710230000	88.0822900000
2.0710240000	88.1942700000
2.0714120000	88.1939000000
2.0717990000	88.1935400000
2.0721860000	88.1931800000
2.0725720000	88.0808400000
2.0729590000	88.0804800000
2.0733470000	88.0801200000
2.0737340000	88.0797600000
2.0741200000	87.9674100000
2.0741210000	88.0793900000
2.0745090000	88.0790300000
2.0748960000	88.0786700000
2.0748980000	88.1906500000
2.0752850000	88.1902900000
2.0756720000	88.1899300000
2.0760600000	88.1895700000
2.0764470000	88.1892100000
2.0768340000	88.1888400000
2.0768360000	88.3008200000
2.0772240000	88.3004600000
2.0776090000	88.1881200000
2.0779960000	88.1877600000
2.0783840000	88.1874000000
2.0783860000	88.2993800000
2.0787730000	88.2990200000
2.0791600000	88.2986600000
2.0795460000	88.1863100000
2.0799330000	88.1859500000
2.0803200000	88.1855900000
2.0807080000	88.1852300000
2.0807100000	88.2972100000
2.0810970000	88.2968500000
2.0810990000	88.4088300000
2.0814860000	88.4084700000
2.0814880000	88.5204500000
2.0814890000	88.6324300000
2.0818770000	88.6320700000
2.0822640000	88.6317100000
2.0826510000	88.6313400000
2.0830390000	88.6309800000
2.0834260000	88.6306200000
2.0834280000	88.7426000000
2.0838150000	88.7422400000
2.0842030000	88.7418800000
2.0842040000	88.8538600000
2.0842060000	88.9658400000
2.0845930000	88.9654800000
2.0845950000	89.0774600000
2.0845970000	89.1894400000
2.0849840000	89.1890800000
2.0849860000	89.3010600000
2.0853730000	89.3007000000
2.0853750000	89.4126800000
2.0853770000	89.5246600000
2.0857640000	89.5243000000
2.0861510000	89.5239300000
2.0865390000	89.5235700000
2.0865410000	89.6355500000
2.0869280000	89.6351900000
2.0873150000	89.6348300000
2.0877030000	89.6344700000
2.0877040000	89.7464500000
2.0880920000	89.7460900000
2.0880930000	89.8580700000
2.0880950000	89.9700500000
2.0884820000	89.9696900000
2.0888700000	89.9693300000
2.0888710000	90.0813100000
2.0892590000	90.0809500000
2.0896460000	90.0805800000
2.0896480000	90.1925600000
2.0900350000	90.1922000000
2.0904230000	90.1918400000
2.0904240000	90.3038200000
2.0908120000	90.3034600000
2.0908130000	90.4154400000
2.0912010000	90.4150800000
2.0912020000	90.5270600000
2.0915900000	90.5267000000
2.0915930000	90.7506600000
2.0915950000	90.8626400000
2.0919820000	90.8622800000
2.0923700000	90.8619200000
2.0923710000	90.9739000000
2.0927590000	90.9735400000
2.0927610000	91.0855200000
2.0931480000	91.0851600000
2.0931500000	91.1971400000
2.0935370000	91.1967700000
2.0935390000	91.3087500000
2.0939260000	91.3083900000
2.0939280000	91.4203700000
2.0943150000	91.4200100000
2.0943170000	91.5319900000
2.0947040000	91.5316300000
2.0950920000	91.5312700000
2.0950930000	91.6432500000
2.0954810000	91.6428900000
2.0954820000	91.7548700000
2.0958700000	91.7545100000
2.0958730000	91.9784700000
2.0958750000	92.0904500000
2.0962620000	92.0900900000
2.0962640000	92.2020700000
2.0966510000	92.2017100000
2.0966530000	92.3136900000
2.0970400000	92.3133300000
2.0970420000	92.4253100000
2.0974290000	92.4249400000
2.0974310000	92.5369200000
2.0978190000	92.5365600000
2.0982060000	92.5362000000
2.0985930000	92.5358400000
2.0985950000	92.6478200000
2.0989820000	92.6474600000
2.0993700000	92.6471000000
2.0993710000	92.7590800000
2.0993730000	92.8710600000
2.0997600000	92.8707000000
2.0997620000	92.9826800000
2.1001500000	92.9823200000
2.1001510000	93.0943000000
2.1001530000	93.2062800000
2.1005400000	93.2059200000
2.1005420000	93.3179000000
2.1009290000	93.3175400000
2.1013170000	93.3171700000
2.1017040000	93.3168100000
2.1020910000	93.3164500000
2.1024790000	93.3160900000
2.1028660000	93.3157300000
2.1028680000	93.4277100000
2.1032550000	93.4273500000
2.1036430000	93.4269900000
2.1040300000	93.4266200000
2.1044170000	93.4262600000
2.1048050000	93.4259000000
2.1051900000	93.3135600000
2.1055770000	93.3132000000
2.1055790000	93.4251800000
2.1059670000	93.4248200000
2.1059680000	93.5368000000
2.1059700000	93.6487800000
2.1063570000	93.6484200000
2.1067450000	93.6480500000
2.1067460000	93.7600400000
2.1071340000	93.7596700000
2.1075210000	93.7593100000
2.1079070000	93.6469700000
2.1082940000	93.6466100000
2.1086810000	93.6462500000
2.1090690000	93.6458900000
2.1094540000	93.5335400000
2.1098420000	93.5331800000
2.1098430000	93.6451600000
2.1102310000	93.6448000000
2.1106180000	93.6444400000
2.1110050000	93.6440800000
2.1113930000	93.6437200000
2.1117800000	93.6433600000
2.1121670000	93.6429900000
2.1125550000	93.6426300000
2.1129420000	93.6422700000
2.1129440000	93.7542500000
2.1133310000	93.7538900000
2.1137190000	93.7535300000
2.1141040000	93.6411900000
2.1144920000	93.6408300000
2.1148770000	93.5284800000
2.1152640000	93.5281200000
2.1156520000	93.5277600000
2.1160390000	93.5274000000
2.1164250000	93.4150600000
2.1168120000	93.4147000000
2.1171960000	93.1903700000
2.1175830000	93.1900100000
2.1179670000	92.9656900000
2.1183550000	92.9653300000
2.1187420000	92.9649700000
2.1191270000	92.8526200000
2.1195150000	92.8522600000
2.1199000000	92.7399200000
2.1202860000	92.6275800000
2.1206730000	92.6272200000
2.1206750000	92.7392000000
2.1206770000	92.8511800000
2.1210560000	92.2909100000
2.1214430000	92.2905500000
2.1218280000	92.1782100000
2.1222160000	92.1778500000
2.1226010000	92.0655100000
2.1229870000	91.9531700000
2.1233730000	91.8408200000
2.1233740000	91.9528000000
2.1233760000	92.0647900000
2.1237560000	91.6165000000
2.1241440000	91.6161400000
2.1245290000	91.5038000000
2.1249170000	91.5034400000
2.1253040000	91.5030800000
2.1256900000	91.3907300000
2.1260770000	91.3903700000
2.1264630000	91.2780300000
2.1268500000	91.2776700000
2.1272360000	91.1653300000
2.1276230000	91.1649700000
2.1280090000	91.0526200000
2.1283960000	91.0522600000
2.1287820000	90.9399200000
2.1291670000	90.8275800000
2.1295530000	90.7152400000
2.1299400000	90.7148700000
2.1299420000	90.8268600000
2.1299440000	90.9388400000
2.1303220000	90.3785700000
2.1307100000	90.3782100000
2.1310950000	90.2658700000
2.1314820000	90.2655100000
2.1318700000	90.2651500000
2.1322570000	90.2647800000
2.1326450000	90.2644200000
2.1330320000	90.2640600000
2.1334190000	90.2637000000
2.1338050000	90.1513600000
2.1341900000	90.0390200000
2.1345780000	90.0386500000
2.1349650000	90.0382900000
2.1353510000	89.9259500000
2.1357380000	89.9255900000
2.1361240000	89.8132500000
2.1365090000	89.7009100000
2.1368950000	89.5885600000
2.1368980000	89.8125200000
2.1369000000	89.9245100000
2.1372790000	89.3642400000
2.1376660000	89.3638800000
2.1380520000	89.2515400000
2.1384390000	89.2511800000
2.1388250000	89.1388300000
2.1392120000	89.1384700000
2.1395980000	89.0261300000
2.1399850000	89.0257700000
2.1403710000	88.9134300000
2.1407580000	88.9130700000
2.1407600000	89.0250500000
2.1411470000	89.0246900000
2.1415340000	89.0243200000
2.1419220000	89.0239600000
2.1419230000	89.1359400000
2.1423110000	89.1355800000
2.1426980000	89.1352200000
2.1430840000	89.0228800000
2.1434690000	88.9105400000
2.1438570000	88.9101700000
2.1442400000	88.6858500000
2.1446280000	88.6854900000
2.1450150000	88.6851300000
2.1454020000	88.6847700000
2.1454040000	88.7967500000
2.1457920000	88.7963900000
2.1461790000	88.7960300000
2.1465660000	88.7956600000
2.1469520000	88.6833200000
2.1473390000	88.6829600000
2.1473410000	88.7949400000
2.1477280000	88.7945800000
2.1481160000	88.7942200000
2.1485030000	88.7938600000
2.1488890000	88.6815100000
2.1492760000	88.6811500000
2.1496630000	88.6807900000
2.1500510000	88.6804300000
2.1504380000	88.6800700000
2.1504400000	88.7920500000
2.1508270000	88.7916900000
2.1508290000	88.9036700000
2.1512160000	88.9033100000
2.1512180000	89.0152900000
2.1516050000	89.0149300000
2.1519920000	89.0145600000
2.1523800000	89.0142000000
2.1527670000	89.0138400000
2.1531550000	89.0134800000
2.1535420000	89.0131200000
2.1539290000	89.0127600000
2.1543170000	89.0124000000
2.1543180000	89.1243800000
2.1547060000	89.1240100000
2.1547070000	89.2360000000
2.1550950000	89.2356300000
2.1550960000	89.3476100000
2.1554840000	89.3472500000
2.1554870000	89.5712100000
2.1558750000	89.5708500000
2.1558760000	89.6828300000
2.1558780000	89.7948100000
2.1562650000	89.7944500000
2.1566530000	89.7940900000
2.1570380000	89.6817500000
2.1574260000	89.6813900000
2.1578130000	89.6810300000
2.1582000000	89.6806600000
2.1582020000	89.7926400000
2.1585890000	89.7922800000
2.1589770000	89.7919200000
2.1593640000	89.7915600000
2.1597510000	89.7912000000
2.1601390000	89.7908400000
2.1605260000	89.7904800000
2.1609130000	89.7901100000
2.1613010000	89.7897500000
2.1616880000	89.7893900000
2.1620750000	89.7890300000
2.1620770000	89.9010100000
2.1624650000	89.9006500000
2.1624660000	90.0126300000
2.1628540000	90.0122700000
2.1632410000	90.0119100000
2.1632430000	90.1238900000
2.1636300000	90.1235300000
2.1640170000	90.1231600000
2.1640190000	90.2351400000
2.1644060000	90.2347800000
2.1644080000	90.3467600000
2.1647960000	90.3464000000
2.1651830000	90.3460400000
2.1655700000	90.3456800000
2.1655720000	90.4576600000
2.1659590000	90.4573000000
2.1663470000	90.4569400000
2.1667340000	90.4565800000
2.1667360000	90.5685600000
2.1671230000	90.5681900000
2.1671270000	90.7921600000
2.1671280000	90.9041400000
2.1675160000	90.9037700000
2.1675170000	91.0157500000
2.1679050000	91.0153900000
2.1682920000	91.0150300000
2.1686790000	91.0146700000
2.1690670000	91.0143100000
2.1690680000	91.1262900000
2.1694560000	91.1259300000
2.1698430000	91.1255700000
2.1702300000	91.1252000000
2.1706180000	91.1248400000
2.1710050000	91.1244800000
2.1710070000	91.2364600000
2.1713940000	91.2361000000
2.1717820000	91.2357400000
2.1717830000	91.3477200000
2.1717850000	91.4597000000
2.1721720000	91.4593400000
2.1721740000	91.5713200000
2.1721760000	91.6833000000
2.1725630000	91.6829400000
2.1725650000	91.7949200000
2.1729520000	91.7945600000
2.1733400000	91.7942000000
2.1737270000	91.7938300000
2.1741140000	91.7934700000
2.1741160000	91.9054500000
2.1745030000	91.9050900000
2.1748910000	91.9047300000
2.1752780000	91.9043700000
2.1756650000	91.9040100000
2.1760530000	91.9036500000
2.1764400000	91.9032800000
2.1764420000	92.0152700000
2.1768290000	92.0149000000
2.1772160000	92.0145400000
2.1772180000	92.1265200000
2.1776060000	92.1261600000
2.1779930000	92.1258000000
2.1783800000	92.1254400000
2.1783820000	92.2374200000
2.1787690000	92.2370600000
2.1791550000	92.1247200000
2.1791570000	92.2367000000
2.1795440000	92.2363300000
2.1795460000	92.3483100000
2.1799330000	92.3479500000
2.1803200000	92.3475900000
2.1803220000	92.4595700000
2.1803240000	92.5715500000
2.1803270000	92.7955100000
2.1803290000	92.9074900000
2.1807030000	92.0112900000
2.1807040000	92.1232700000
2.1810920000	92.1229100000
2.1814790000	92.1225500000
2.1818660000	92.1221900000
2.1818680000	92.2341700000
2.1822550000	92.2338000000
2.1822590000	92.4577700000
2.1826460000	92.4574000000
2.1826480000	92.5693800000
2.1826500000	92.6813600000
2.1830370000	92.6810000000
2.1834240000	92.6806400000
2.1834260000	92.7926200000
2.1838130000	92.7922600000
2.1842010000	92.7919000000
2.1845860000	92.6795600000
2.1849720000	92.5672200000
2.1853590000	92.5668500000
2.1853610000	92.6788300000
2.1857480000	92.6784700000
2.1861360000	92.6781100000
2.1865230000	92.6777500000
2.1869100000	92.6773900000
2.1872980000	92.6770300000
2.1876850000	92.6766700000
2.1880710000	92.5643200000
2.1884580000	92.5639600000
2.1888450000	92.5636000000
2.1892330000	92.5632400000
2.1892340000	92.6752200000
2.1896220000	92.6748600000
2.1900090000	92.6745000000
2.1903950000	92.5621500000
2.1907820000	92.5617900000
2.1911690000	92.5614300000
2.1911710000	92.6734100000
2.1915590000	92.6730500000
2.1919460000	92.6726900000
2.1923330000	92.6723300000
2.1927210000	92.6719700000
2.1931080000	92.6716100000
2.1934950000	92.6712400000
2.1938810000	92.5589000000
2.1942680000	92.5585400000
2.1946560000	92.5581800000
2.1950430000	92.5578200000
2.1954300000	92.5574600000
2.1958180000	92.5570900000
2.1962050000	92.5567300000
2.1965920000	92.5563700000
2.1969800000	92.5560100000
2.1973650000	92.4436700000
2.1977530000	92.4433100000
2.1981400000	92.4429500000
2.1985270000	92.4425800000
2.1989130000	92.3302400000
2.1993000000	92.3298800000
2.1996870000	92.3295200000
2.2000730000	92.2171800000
2.2004600000	92.2168200000
2.2008460000	92.1044700000
2.2012330000	92.1041100000
2.2016190000	91.9917700000
2.2020060000	91.9914100000
2.2023940000	91.9910500000
2.2027810000	91.9906900000
2.2031680000	91.9903200000
2.2035560000	91.9899600000
2.2039430000	91.9896000000
2.2043300000	91.9892400000
2.2043320000	92.1012200000
2.2047190000	92.1008600000
2.2051070000	92.1005000000
2.2054940000	92.1001400000
2.2058810000	92.0997700000
2.2062690000	92.0994100000
2.2066560000	92.0990500000
2.2070430000	92.0986900000
2.2074310000	92.0983300000
2.2078180000	92.0979700000
2.2082060000	92.0976100000
2.2085930000	92.0972400000
2.2089800000	92.0968800000
2.2093680000	92.0965200000
2.2097550000	92.0961600000
2.2101400000	91.9838200000
2.2101420000	92.0958000000
2.2105300000	92.0954400000
2.2109170000	92.0950800000
2.2109190000	92.2070600000
2.2113060000	92.2066900000
2.2116920000	92.0943500000
2.2116930000	92.2063300000
2.2120810000	92.2059700000
2.2120820000	92.3179500000
2.2124700000	92.3175900000
2.2128570000	92.3172300000
2.2128590000	92.4292100000
2.2132460000	92.4288500000
2.2132480000	92.5408300000
2.2136350000	92.5404700000
2.2140230000	92.5401100000
2.2140240000	92.6520900000
2.2144120000	92.6517200000
2.2147990000	92.6513600000
2.2148010000	92.7633400000
2.2151880000	92.7629800000
2.2155750000	92.7626200000
2.2155770000	92.8746000000
2.2159640000	92.8742400000
2.2163520000	92.8738800000
2.2163540000	92.9858600000
2.2167410000	92.9855000000
2.2167430000	93.0974800000
2.2171300000	93.0971200000
2.2175170000	93.0967600000
2.2179050000	93.0963900000
2.2179060000	93.2083700000
2.2182940000	93.2080100000
2.2182950000	93.3199900000
2.2186830000	93.3196300000
2.2186850000	93.4316100000
2.2190720000	93.4312500000
2.2194590000	93.4308900000
2.2198470000	93.4305300000
2.2198480000	93.5425100000
2.2202360000	93.5421500000
2.2206230000	93.5417900000
2.2210100000	93.5414200000
2.2213980000	93.5410600000
2.2217850000	93.5407000000
2.2217870000	93.6526800000
2.2221740000	93.6523200000
2.2225610000	93.6519600000
2.2229490000	93.6516000000
2.2233360000	93.6512400000
2.2237230000	93.6508700000
2.2241110000	93.6505100000
2.2244980000	93.6501500000
2.2245000000	93.7621300000
2.2248870000	93.7617700000
2.2252750000	93.7614100000
2.2252760000	93.8733900000
2.2256640000	93.8730300000
2.2256650000	93.9850100000
2.2260530000	93.9846500000
2.2260540000	94.0966300000
2.2264420000	94.0962700000
2.2264440000	94.2082500000
2.2268310000	94.2078800000
2.2272180000	94.2075200000
2.2276060000	94.2071600000
2.2279930000	94.2068000000
2.2283800000	94.2064400000
2.2287680000	94.2060800000
2.2287690000	94.3180600000
2.2291570000	94.3177000000
2.2291580000	94.4296800000
2.2295460000	94.4293200000
2.2299330000	94.4289500000
2.2303200000	94.4285900000
2.2307060000	94.3162500000
2.2310930000	94.3158900000
2.2314810000	94.3155300000
2.2318680000	94.3151700000
2.2322550000	94.3148000000
2.2326430000	94.3144400000
2.2326440000	94.4264200000
2.2330320000	94.4260600000
2.2330350000	94.6500200000
2.2334230000	94.6496600000
2.2338100000	94.6493000000
2.2338120000	94.7612800000
2.2341990000	94.7609200000
2.2345850000	94.6485800000
2.2349720000	94.6482200000
2.2353590000	94.6478500000
2.2357470000	94.6474900000
2.2361340000	94.6471300000
2.2365210000	94.6467700000
2.2369090000	94.6464100000
2.2369100000	94.7583900000
2.2372980000	94.7580300000
2.2376850000	94.7576700000
2.2376870000	94.8696500000
2.2380740000	94.8692900000
2.2384610000	94.8689200000
2.2384630000	94.9809000000
2.2388450000	94.6446000000
2.2392330000	94.6442400000
2.2396200000	94.6438800000
2.2400070000	94.6435200000
2.2403950000	94.6431600000
2.2407820000	94.6427900000
2.2411690000	94.6424300000
2.2415570000	94.6420700000
2.2415580000	94.7540500000
2.2419460000	94.7536900000
2.2423330000	94.7533300000
2.2427210000	94.7529700000
2.2427220000	94.8649500000
2.2431100000	94.8645900000
2.2434970000	94.8642200000
2.2438840000	94.8638600000
2.2442720000	94.8635000000
2.2446570000	94.7511600000
2.2450450000	94.7508000000
2.2454320000	94.7504400000
2.2458190000	94.7500800000
2.2462070000	94.7497100000
2.2465920000	94.6373700000
2.2469800000	94.6370100000
2.2473670000	94.6366500000
2.2477540000	94.6362900000
2.2481420000	94.6359300000
2.2485250000	94.4116000000
2.2489130000	94.4112400000
2.2493000000	94.4108800000
2.2496870000	94.4105200000
2.2500750000	94.4101600000
2.2500770000	94.5221400000
2.2504640000	94.5217800000
2.2508510000	94.5214200000
2.2512370000	94.4090700000
2.2516220000	94.2967300000
2.2520080000	94.1843900000
2.2520100000	94.2963700000
2.2523970000	94.2960100000
2.2527840000	94.2956500000
2.2527860000	94.4076300000
2.2531740000	94.4072700000
2.2535610000	94.4069000000
2.2539450000	94.1825800000
2.2543320000	94.1822200000
2.2547190000	94.1818600000
2.2551070000	94.1815000000
2.2554940000	94.1811400000
2.2558810000	94.1807800000
2.2562690000	94.1804100000
2.2566560000	94.1800500000
2.2570430000	94.1796900000
2.2574290000	94.0673500000
2.2578160000	94.0669900000
2.2582040000	94.0666300000
2.2585910000	94.0662600000
2.2589780000	94.0659000000
2.2589800000	94.1778800000
2.2593680000	94.1775200000
2.2597530000	94.0651800000
2.2597550000	94.1771600000
2.2601420000	94.1768000000
2.2605300000	94.1764400000
2.2605310000	94.2884200000
2.2609190000	94.2880600000
2.2613060000	94.2877000000
2.2616930000	94.2873300000
2.2620810000	94.2869700000
2.2624660000	94.1746300000
2.2628540000	94.1742700000
2.2628550000	94.2862500000
2.2632430000	94.2858900000
2.2636300000	94.2855300000
2.2640160000	94.1731800000
2.2640170000	94.2851600000
2.2644050000	94.2848000000
2.2644060000	94.3967800000
2.2647940000	94.3964200000
2.2651810000	94.3960600000
2.2651830000	94.5080400000
2.2655700000	94.5076800000
2.2659580000	94.5073200000
2.2663450000	94.5069600000
2.2663470000	94.6189400000
2.2667340000	94.6185800000
2.2671210000	94.6182100000
2.2671230000	94.7302000000
2.2675100000	94.7298300000
2.2675120000	94.8418100000
2.2678990000	94.8414500000
2.2682850000	94.7291100000
2.2686710000	94.6167700000
2.2690560000	94.5044300000
2.2694440000	94.5040700000
2.2698310000	94.5037000000
2.2702180000	94.5033400000
2.2702200000	94.6153200000
2.2702220000	94.7273000000
2.2706090000	94.7269400000
2.2706110000	94.8389200000
2.2709980000	94.8385600000
2.2710000000	94.9505400000
2.2713870000	94.9501800000
2.2717750000	94.9498200000
2.2721620000	94.9494600000
2.2725490000	94.9491000000
2.2729370000	94.9487300000
2.2733240000	94.9483700000
2.2733260000	95.0603500000
2.2737130000	95.0599900000
2.2741000000	95.0596300000
2.2744860000	94.9472900000
2.2748730000	94.9469300000
2.2752590000	94.8345800000
2.2756460000	94.8342200000
2.2756480000	94.9462000000
2.2760350000	94.9458400000
2.2760370000	95.0578200000
2.2760390000	95.1698000000
2.2764260000	95.1694400000
2.2768130000	95.1690800000
2.2771990000	95.0567400000
2.2775860000	95.0563800000
2.2779720000	94.9440400000
2.2779740000	95.0560200000
2.2783610000	95.0556500000
2.2783630000	95.1676300000
2.2787500000	95.1672700000
2.2787520000	95.2792500000
2.2791390000	95.2788900000
2.2795270000	95.2785300000
2.2799140000	95.2781700000
2.2803010000	95.2778100000
2.2806890000	95.2774500000
2.2810760000	95.2770800000
2.2810780000	95.3890700000
2.2814650000	95.3887000000
2.2818520000	95.3883400000
2.2822400000	95.3879800000
2.2826270000	95.3876200000
2.2826290000	95.4996000000
2.2830160000	95.4992400000
2.2834030000	95.4988800000
2.2834050000	95.6108600000
2.2837930000	95.6105000000
2.2837940000	95.7224800000
2.2841820000	95.7221100000
2.2845690000	95.7217500000
2.2849560000	95.7213900000
2.2853400000	95.4970700000
2.2857260000	95.3847300000
2.2861130000	95.3843700000
2.2865000000	95.3840000000
2.2868880000	95.3836400000
2.2868900000	95.4956200000
2.2872770000	95.4952600000
2.2876640000	95.4949000000
2.2876660000	95.6068800000
2.2880530000	95.6065200000
2.2884410000	95.6061600000
2.2884420000	95.7181400000
2.2888300000	95.7177800000
2.2892170000	95.7174200000
2.2896040000	95.7170500000
2.2896060000	95.8290300000
2.2899930000	95.8286700000
2.2903790000	95.7163300000
2.2907660000	95.7159700000
2.2911540000	95.7156100000
2.2911550000	95.8275900000
2.2915430000	95.8272300000
2.2919300000	95.8268700000
2.2923180000	95.8265000000
2.2927050000	95.8261400000
2.2930900000	95.7138000000
2.2934780000	95.7134400000
2.2938650000	95.7130800000
2.2942520000	95.7127200000
2.2946400000	95.7123600000
2.2950270000	95.7119900000
2.2954150000	95.7116300000
2.2958000000	95.5992900000
2.2961870000	95.5989300000
2.2965750000	95.5985700000
2.2969620000	95.5982100000
2.2973480000	95.4858600000
2.2977350000	95.4855000000
2.2981210000	95.3731600000
2.2985060000	95.2608200000
2.2988940000	95.2604600000
2.2992810000	95.2601000000
2.2996680000	95.2597300000
2.3000560000	95.2593700000
2.3004410000	95.1470300000
2.3008290000	95.1466700000
2.3012140000	95.0343300000
2.3016020000	95.0339700000
2.3019890000	95.0336000000
2.3023750000	94.9212600000
2.3027620000	94.9209000000
2.3031490000	94.9205400000
2.3035370000	94.9201800000
2.3035380000	95.0321600000
2.3039260000	95.0318000000
2.3043130000	95.0314400000
2.3046990000	94.9190900000
2.3050860000	94.9187300000
2.3054730000	94.9183700000
2.3058590000	94.8060300000
2.3062440000	94.6936900000
2.3066300000	94.5813500000
2.3070170000	94.5809800000
2.3074030000	94.4686400000
2.3077900000	94.4682800000
2.3081780000	94.4679200000
2.3085650000	94.4675600000
2.3089520000	94.4672000000
2.3093400000	94.4668300000
2.3097270000	94.4664700000
2.3101140000	94.4661100000
2.3105000000	94.3537700000
2.3108870000	94.3534100000
2.3112750000	94.3530500000
2.3116620000	94.3526900000
2.3120480000	94.2403400000
2.3124330000	94.1280000000
2.3128190000	94.0156600000
2.3128210000	94.1276400000
2.3132080000	94.1272800000
2.3135950000	94.1269200000
2.3135970000	94.2389000000
2.3139840000	94.2385400000
2.3143720000	94.2381800000
2.3147590000	94.2378100000
2.3151430000	94.0134900000
2.3155300000	94.0131300000
2.3159160000	93.9007900000
2.3163030000	93.9004300000
2.3166910000	93.9000600000
2.3170760000	93.7877200000
2.3174630000	93.7873600000
2.3178510000	93.7870000000
2.3182380000	93.7866400000
2.3186250000	93.7862800000
2.3190130000	93.7859200000
2.3194000000	93.7855500000
2.3197880000	93.7851900000
2.3201710000	93.5608700000
2.3205590000	93.5605100000
2.3209460000	93.5601500000
2.3213330000	93.5597900000
2.3217210000	93.5594200000
2.3221080000	93.5590600000
2.3224950000	93.5587000000
2.3224970000	93.6706800000
2.3228840000	93.6703200000
2.3232720000	93.6699600000
2.3236570000	93.5576200000
2.3240450000	93.5572600000
2.3244320000	93.5568900000
2.3248180000	93.4445500000
2.3252050000	93.4441900000
2.3255920000	93.4438300000
2.3255940000	93.5558100000
2.3259810000	93.5554500000
2.3263690000	93.5550900000
2.3263710000	93.6670700000
2.3267580000	93.6667100000
2.3271450000	93.6663400000
2.3275330000	93.6659800000
2.3275340000	93.7779600000
2.3279220000	93.7776000000
2.3283090000	93.7772400000
2.3286960000	93.7768800000
2.3290840000	93.7765200000
2.3294710000	93.7761600000
2.3298580000	93.7757900000
2.3302460000	93.7754300000
2.3302470000	93.8874100000
2.3306350000	93.8870500000
2.3310220000	93.8866900000
2.3310240000	93.9986700000
2.3314110000	93.9983100000
2.3317990000	93.9979500000
2.3321860000	93.9975900000
2.3321880000	94.1095700000
2.3325750000	94.1092100000
2.3329620000	94.1088400000
2.3329640000	94.2208200000
2.3333510000	94.2204600000
2.3337390000	94.2201000000
2.3337400000	94.3320800000
2.3341280000	94.3317200000
2.3341300000	94.4437000000
2.3345170000	94.4433400000
2.3345190000	94.5553200000
2.3349060000	94.5549600000
2.3349080000	94.6669400000
2.3349090000	94.7789200000
2.3352970000	94.7785600000
2.3356840000	94.7782000000
2.3356860000	94.8901800000
2.3360730000	94.8898200000
2.3364610000	94.8894500000
2.3364620000	95.0014300000
2.3368500000	95.0010700000
2.3372370000	95.0007100000
2.3372390000	95.1126900000
2.3376260000	95.1123300000
2.3380130000	95.1119700000
2.3380150000	95.2239500000
2.3384020000	95.2235900000
2.3387900000	95.2232300000
2.3391770000	95.2228700000
2.3395640000	95.2225000000
2.3399520000	95.2221400000
2.3399540000	95.3341200000
2.3399550000	95.4461000000
2.3403430000	95.4457400000
2.3403440000	95.5577200000
2.3407320000	95.5573600000
2.3407330000	95.6693400000
2.3411210000	95.6689800000
2.3415080000	95.6686200000
2.3418950000	95.6682600000
2.3422830000	95.6679000000
2.3426700000	95.6675300000
2.3430570000	95.6671700000
2.3434450000	95.6668100000
2.3438320000	95.6664500000
2.3438340000	95.7784300000
2.3442210000	95.7780700000
2.3446090000	95.7777100000
2.3449960000	95.7773500000
2.3453820000	95.6650000000
2.3457690000	95.6646400000
2.3461540000	95.5523000000
2.3465400000	95.4399600000
2.3469260000	95.3276200000
2.3473110000	95.2152800000
2.3473130000	95.3272600000
2.3476930000	94.8789700000
2.3476950000	94.9909500000
2.3480770000	94.6546500000
2.3484630000	94.5423100000
2.3488450000	94.2060100000
2.3492310000	94.0936600000
2.3496110000	93.6453800000
2.3499910000	93.1971000000
2.3503720000	92.7488100000
2.3503770000	93.0847500000
2.3503790000	93.1967300000
2.3503810000	93.3087200000
2.3507470000	91.9645900000
2.3511310000	91.7402700000
2.3511340000	91.9642300000
2.3511360000	92.0762100000
2.3511380000	92.1881900000
2.3514990000	90.5081200000
2.3518830000	90.2838000000
2.3518880000	90.6197400000
2.3518920000	90.8437000000
2.3518930000	90.9556800000
2.3522550000	89.2756100000
2.3526320000	88.6033700000
2.3530070000	87.8191400000
2.3530140000	88.2670600000
2.3530170000	88.4910300000
2.3530190000	88.6030100000
2.3533730000	86.4750200000
2.3533840000	87.1469000000
2.3533890000	87.4828400000
2.3533910000	87.5948200000
2.3533920000	87.7068000000
2.3537450000	85.4668300000
2.3541290000	85.2425100000
2.3541320000	85.4664700000
2.3541340000	85.5784500000
2.3544990000	84.1223400000
2.3548850000	84.0100000000
2.3548880000	84.2339600000
2.3548900000	84.3459400000
2.3552490000	82.5538900000
2.3552560000	83.0018100000
2.3552600000	83.2257700000
2.3552620000	83.3377600000
2.3552630000	83.4497400000
2.3556160000	81.2097600000
2.3556260000	81.8816500000
2.3556320000	82.2175900000
2.3556330000	82.3295700000
2.3556350000	82.4415500000
2.3559810000	79.7536600000
2.3563540000	78.8574500000
2.3563660000	79.6413200000
2.3563720000	79.9772600000
2.3563750000	80.2012200000
2.3563770000	80.3132000000
2.3567100000	76.8414400000
2.3570850000	76.0572200000
2.3570920000	76.5051400000
2.3570960000	76.7291000000
2.3570980000	76.8410800000
2.3570990000	76.9530600000
2.3574400000	73.9292300000
2.3578240000	73.7049100000
2.3578290000	74.0408500000
2.3578320000	74.2648100000
2.3578340000	74.3767900000
2.3578380000	74.6007500000
2.3581750000	71.3529500000
2.3581850000	72.0248400000
2.3581900000	72.3607800000
2.3581920000	72.4727600000
2.3581940000	72.5847400000
2.3585360000	69.6728900000
2.3585480000	70.4567500000
2.3585500000	70.5687300000
2.3585520000	70.6807100000
2.3589390000	70.6803500000
2.3592480000	65.6408700000
2.3592650000	66.7606700000
2.3592740000	67.3205700000
2.3592780000	67.5445300000
2.3592790000	67.6565100000
2.3592810000	67.7684900000
2.3595920000	62.8409900000
2.3596060000	63.7368400000
2.3596130000	64.1847600000
2.3596160000	64.4087200000
2.3596180000	64.5207000000
2.3596200000	64.6326800000
2.3599460000	60.7130000000
2.3599590000	61.4968700000
2.3599660000	61.9447900000
2.3599690000	62.1687500000
2.3599710000	62.2807300000
2.3603160000	59.5928400000
2.3603250000	60.1527400000
2.3603270000	60.2647200000
2.3603290000	60.3767000000
2.3607160000	60.3763400000
2.3610510000	57.0165600000
2.3610620000	57.6884500000
2.3610670000	58.0243900000
2.3610690000	58.1363700000
2.3610700000	58.2483500000
2.3614140000	55.4484700000
2.3617860000	54.4402900000
2.3617950000	55.0001900000
2.3618000000	55.3361300000
2.3618020000	55.4481100000
2.3618030000	55.5600900000
2.3621390000	52.2003200000
2.3621470000	52.7602200000
2.3621510000	52.9841800000
2.3621530000	53.0961600000
2.3621540000	53.2081400000
2.3624810000	49.2884700000
2.3628580000	48.6162200000
2.3628630000	48.9521600000
2.3628670000	49.1761200000
2.3628680000	49.2881000000
2.3628860000	50.4079100000
2.3628870000	50.5198900000
2.3628890000	50.6318700000
2.3632120000	46.4882300000
2.3632210000	47.0481300000
2.3632240000	47.2720900000
2.3632260000	47.3840700000
2.3632280000	47.4960500000
2.3635840000	45.4800400000
2.3635890000	45.8159900000
2.3635930000	46.0399500000
2.3635940000	46.1519300000
2.3639450000	43.7999800000
2.3643220000	43.1277300000
2.3643330000	43.7996100000
2.3643380000	44.1355600000
2.3643400000	44.2475400000
2.3643410000	44.3595200000
2.3646700000	40.5518200000
2.3646840000	41.4476600000
2.3646900000	41.8955900000
2.3646940000	42.1195500000
2.3646960000	42.2315300000
2.3646970000	42.3435100000
2.3650520000	40.2155200000
2.3650530000	40.3275000000
2.3650550000	40.4394800000
2.3653750000	36.0718800000
2.3653870000	36.8557400000
2.3653920000	37.1916800000
2.3653960000	37.4156400000
2.3653970000	37.5276200000
2.3657360000	34.3918100000
2.3657430000	34.8397300000
2.3657470000	35.0636900000
2.3657480000	35.1756700000
2.3657500000	35.2876500000
2.3661030000	33.0476800000
2.3661080000	33.3836200000
2.3661110000	33.6075900000
2.3661130000	33.7195700000
2.3664760000	32.1514800000
2.3664800000	32.3754400000
2.3664810000	32.4874200000
2.3664830000	32.5994000000
2.3668440000	30.9193300000
2.3668530000	31.4792300000
2.3668570000	31.7031900000
2.3668580000	31.8151800000
2.3668600000	31.9271600000
2.3672140000	29.7991700000
2.3675900000	29.0149400000
2.3676000000	29.6868200000
2.3676050000	30.0227600000
2.3676070000	30.1347500000
2.3679940000	30.1343800000
2.3679960000	30.2463600000
2.3683330000	26.9985700000
2.3686840000	24.6466200000
2.3686890000	24.9825600000
2.3686930000	25.2065200000
2.3686940000	25.3185000000
2.3690540000	23.5264500000
2.3690570000	23.7504100000
2.3690590000	23.8623900000
2.3694310000	22.8542100000
2.3694340000	23.0781700000
2.3694360000	23.1901500000
2.3698080000	22.1819600000
2.3698110000	22.4059200000
2.3698130000	22.5179000000
2.3698150000	22.6298900000
2.3701780000	21.0618000000
2.3705600000	20.7254900000
2.3705630000	20.9494600000
2.3705650000	21.0614400000
2.3709280000	19.4933500000
2.3709350000	19.9412700000
2.3709370000	20.0532500000
2.3709390000	20.1652300000
2.3709400000	20.2772100000
2.3709420000	20.3891900000
2.3713230000	19.9409100000
2.3713240000	20.0528900000
2.3716720000	17.4769800000
2.3716770000	17.8129200000
2.3716800000	18.0368800000
2.3716820000	18.1488600000
2.3720450000	16.5807700000
2.3720490000	16.8047300000
2.3720500000	16.9167100000
2.3720520000	17.0286900000
2.3724130000	15.3486300000
2.3724150000	15.4606100000
2.3724170000	15.5725900000
2.3727960000	15.0123200000
2.3727970000	15.1243000000
2.3731760000	14.5640400000
2.3731780000	14.6760200000
2.3735530000	13.8917900000
2.3735560000	14.1157600000
2.3735580000	14.2277400000
2.3735600000	14.3397200000
2.3739280000	13.1075700000
2.3739320000	13.3315300000
2.3739330000	13.4435100000
2.3739350000	13.5554900000
2.3743080000	12.6592900000
2.3743100000	12.7712700000
2.3743120000	12.8832500000
2.3746870000	12.0990200000
2.3746910000	12.3229800000
2.3746920000	12.4349600000
2.3750680000	11.6507400000
2.3754430000	10.8665100000
2.3754440000	10.9785000000
2.3754460000	11.0904800000
2.3758200000	10.1942700000
2.3762050000	10.0819300000
2.3762070000	10.1939100000
2.3762090000	10.3058900000
2.3765870000	9.7456260000
2.3769710000	9.5213030000
2.3769750000	9.7452640000
2.3769760000	9.8572450000
2.3769780000	9.9692250000
2.3773620000	9.7449030000
2.3777290000	8.4007760000
2.3777300000	8.5127560000
2.3777320000	8.6247370000
2.3781070000	7.8405120000
2.3781090000	7.9524930000
2.3784910000	7.6161900000
2.3784930000	7.7281700000
2.3788730000	7.2798870000
2.3788750000	7.3918670000
2.3792550000	6.9435840000
2.3792570000	7.0555640000
2.3796390000	6.7192620000
2.3800210000	6.3829590000
2.3800230000	6.4949390000
2.3804040000	6.0466560000
2.3804050000	6.1586360000
2.3807870000	5.8223330000
2.3807890000	5.9343140000
2.3811680000	5.3740500000
2.3811700000	5.4860310000
2.3815530000	5.2617080000
2.3819360000	4.9254050000
2.3823190000	4.7010830000
2.3823210000	4.8130630000
2.3827030000	4.4767610000
2.3827050000	4.5887410000
2.3830870000	4.2524380000
2.3830890000	4.3644190000
2.3834710000	4.0281160000
2.3838580000	4.0277540000
2.3842410000	3.6914520000
2.3846280000	3.6910900000
2.3850130000	3.5787480000
2.3853990000	3.4664060000
2.3857850000	3.3540640000
2.3861700000	3.2417220000
2.3865540000	3.0174000000
2.3869400000	2.9050580000
2.3869420000	3.0170390000
2.3873240000	2.6807360000
2.3877090000	2.5683940000
2.3880950000	2.4560520000
2.3884800000	2.3437100000
2.3888660000	2.2313680000
2.3892520000	2.1190260000
2.3896390000	2.1186650000
2.3900250000	2.0063230000
2.3904120000	2.0059610000
2.3907990000	2.0056000000
2.3911870000	2.0052380000
2.3915720000	1.8928960000
2.3919600000	1.8925350000
2.3923450000	1.7801930000
2.3923470000	1.8921730000
2.3927310000	1.6678510000
2.3931180000	1.6674900000
2.3935020000	1.4431670000
2.3938890000	1.4428060000
2.3942750000	1.3304640000
2.3946610000	1.2181220000
2.3950480000	1.2177600000
2.3954340000	1.1054190000
2.3958210000	1.1050570000
2.3962060000	0.9927151000
2.3965940000	0.9923537000
2.3969810000	0.9919922000
2.3973670000	0.8796503000
2.3977540000	0.8792888000
2.3981400000	0.7669469000
2.3985270000	0.7665854000
2.3985290000	0.8785659000
2.3989160000	0.8782044000
2.3993030000	0.8778430000
2.3996910000	0.8774815000
2.4000780000	0.8771201000
2.4004640000	0.7647781000
2.4008490000	0.6524362000
2.4012370000	0.6520747000
2.4016220000	0.5397328000
2.4020100000	0.5393714000
2.4023950000	0.4270294000
2.4027830000	0.4266680000
2.4031680000	0.3143261000
2.4035560000	0.3139646000
2.4039430000	0.3136031000
2.4043300000	0.3132417000
2.4047180000	0.3128802000
2.4051050000	0.3125188000
2.4054920000	0.3121573000
2.4058780000	0.1998154000
2.4062650000	0.1994539000
2.4066530000	0.1990924000
2.4070400000	0.1987310000
2.4074270000	0.1983695000
2.4078150000	0.1980081000
2.4082020000	0.1976466000
2.4085890000	0.1972851000
2.4089770000	0.1969237000
2.4093640000	0.1965622000
2.4097510000	0.1962008000
2.4101390000	0.1958393000
2.4105260000	0.1954778000
2.4109120000	0.0831359200
2.4112990000	0.0827744600
2.4116860000	0.0824129900
2.4120740000	0.0820515300
2.4124610000	0.0816900700
2.4128480000	0.0813286100
2.4132360000	0.0809671500
2.4136230000	0.0806056900
2.4140100000	0.0802442300
2.4143980000	0.0798827700
2.4147850000	0.0795213100
2.4151720000	0.0791598500
2.4155600000	0.0787983900
2.4159470000	0.0784369300
2.4163330000	-0.0339050000
2.4163340000	0.0780754700
2.4167220000	0.0777140100
2.4171090000	0.0773525500
2.4174960000	0.0769910900
2.4178840000	0.0766296300
2.4182710000	0.0762681700
2.4186580000	0.0759067100
2.4190460000	0.0755452500
2.4194330000	0.0751837800
2.4198200000	0.0748223200
2.4202080000	0.0744608600
2.4205950000	0.0740994000
2.4209810000	-0.0382425200
2.4213680000	-0.0386039800
2.4217550000	-0.0389654400
2.4221430000	-0.0393269000
2.4225300000	-0.0396883600
2.4225320000	0.0722921000
2.4229190000	0.0719306400
2.4233060000	0.0715691800
2.4236940000	0.0712077200
2.4240810000	0.0708462600
2.4244680000	0.0704848000
2.4248560000	0.0701233400
2.4252410000	-0.0422185900
2.4256290000	-0.0425800500
2.4260160000	-0.0429415100
2.4264030000	-0.0433029700
2.4267910000	-0.0436644300
2.4271780000	-0.0440258900
2.4275650000	-0.0443873500
2.4279530000	-0.0447488100
2.4283400000	-0.0451102700
2.4287280000	-0.0454717300
2.4291150000	-0.0458331900
2.4295020000	-0.0461946500
2.4298900000	-0.0465561100
2.4302770000	-0.0469175700
2.4306640000	-0.0472790300
2.4310520000	-0.0476404900
2.4314390000	-0.0480019500
2.4318260000	-0.0483634200
2.4322140000	-0.0487248800
2.4322150000	0.0632555900
2.4326030000	0.0628941300
2.4329900000	0.0625326700
2.4333770000	0.0621712100
2.4337650000	0.0618097500
2.4341520000	0.0614482900
2.4345390000	0.0610868200
2.4349270000	0.0607253600
2.4353140000	0.0603639000
2.4357010000	0.0600024400
2.4360890000	0.0596409800
2.4364760000	0.0592795200
2.4368630000	0.0589180600
2.4372510000	0.0585566000
2.4376380000	0.0581951400
2.4380250000	0.0578336800
2.4384130000	0.0574722200
2.4388000000	0.0571107600
2.4391870000	0.0567493000
2.4395750000	0.0563878400
2.4399620000	0.0560263800
2.4403490000	0.0556649200
2.4407370000	0.0553034600
2.4411220000	-0.0570384700
2.4415100000	-0.0573999300
2.4418970000	-0.0577613900
2.4422840000	-0.0581228500
2.4422860000	0.0538576100
2.4426740000	0.0534961500
2.4430610000	0.0531346900
2.4434480000	0.0527732300
2.4438360000	0.0524117700
2.4442230000	0.0520503100
2.4446100000	0.0516888500
2.4449980000	0.0513273900
2.4453850000	0.0509659300
2.4457720000	0.0506044700
2.4461600000	0.0502430100
2.4465470000	0.0498815500
2.4469340000	0.0495200900
2.4473220000	0.0491586300
2.4477090000	0.0487971700
2.4480960000	0.0484357100
2.4484840000	0.0480742500
2.4488710000	0.0477127900
2.4492580000	0.0473513300
2.4496460000	0.0469898700
2.4500330000	0.0466284000
2.4504200000	0.0462669400
2.4508080000	0.0459054800
2.4511950000	0.0455440200
2.4515820000	0.0451825600
2.4519700000	0.0448211000
2.4523570000	0.0444596400
2.4527440000	0.0440981800
2.4531320000	0.0437367200
2.4535190000	0.0433752600
2.4539060000	0.0430138000
2.4542940000	0.0426523400
2.4546810000	0.0422908800
2.4550680000	0.0419294200
2.4554560000	0.0415679600
2.4558430000	0.0412065000
2.4562300000	0.0408450400
2.4566180000	0.0404835800
2.4570050000	0.0401221200
2.4573920000	0.0397606600
2.4577800000	0.0393991900
2.4581670000	0.0390377300
2.4585550000	0.0386762700
2.4589420000	0.0383148100
2.4593290000	0.0379533500
2.4597170000	0.0375918900
2.4601040000	0.0372304300
2.4604910000	0.0368689700
2.4608790000	0.0365075100
2.4612660000	0.0361460500
2.4616530000	0.0357845900
2.4620410000	0.0354231300
2.4624280000	0.0350616700
2.4628150000	0.0347002100
2.4632030000	0.0343387500
2.4635900000	0.0339772900
2.4639770000	0.0336158300
2.4643650000	0.0332543700
2.4647520000	0.0328929100
2.4651390000	0.0325314500
2.4655270000	0.0321699800
2.4659140000	0.0318085200
2.4663010000	0.0314470600
2.4666890000	0.0310856000
2.4670760000	0.0307241400
2.4674630000	0.0303626800
2.4678510000	0.0300012200
2.4682380000	0.0296397600
2.4686250000	0.0292783000
2.4690130000	0.0289168400
2.4694000000	0.0285553800
2.4697870000	0.0281939200
2.4701750000	0.0278324600
2.4705620000	0.0274710000
2.4709490000	0.0271095400
2.4713370000	0.0267480800
2.4717240000	0.0263866200
2.4721110000	0.0260251600
2.4724990000	0.0256637000
2.4728860000	0.0253022400
2.4732730000	0.0249407700
2.4736610000	0.0245793100
2.4740480000	0.0242178500
2.4744350000	0.0238563900
2.4748230000	0.0234949300
2.4752100000	0.0231334700
2.4755980000	0.0227720100
2.4759850000	0.0224105500
2.4763720000	0.0220490900
2.4767600000	0.0216876300
2.4771470000	0.0213261700
2.4775340000	0.0209647100
2.4779220000	0.0206032500
2.4783090000	0.0202417900
2.4786960000	0.0198803300
2.4790840000	0.0195188700
2.4794710000	0.0191574100
2.4798580000	0.0187959500
2.4802460000	0.0184344900
2.4806330000	0.0180730300
2.4810200000	0.0177115600
2.4814080000	0.0173501000
2.4817950000	0.0169886400
2.4821820000	0.0166271800
2.4825700000	0.0162657200
2.4829570000	0.0159042600
2.4833440000	0.0155428000
2.4837320000	0.0151813400
2.4841190000	0.0148198800
2.4845060000	0.0144584200
2.4848940000	0.0140969600
2.4852810000	0.0137355000
2.4856680000	0.0133740400
2.4860560000	0.0130125800
2.4864430000	0.0126511200
2.4868300000	0.0122896600
2.4872180000	0.0119282000
2.4876050000	0.0115667400
2.4879920000	0.0112052800
2.4883800000	0.0108438200
2.4887670000	0.0104823500
2.4891540000	0.0101208900
2.4895420000	0.0097594340
2.4899290000	0.0093979730
2.4903160000	0.0090365130
2.4903180000	0.1210170000
2.4907060000	0.1206555000
2.4910930000	0.1202941000
2.4914780000	0.0079521310
2.4918660000	0.0075906710
2.4922530000	0.0072292100
2.4926410000	0.0068677500
2.4930280000	0.0065062890
2.4930300000	0.1184868000
2.4934170000	0.1181253000
2.4938040000	0.1177638000
2.4941920000	0.1174024000
2.4945790000	0.1170409000
2.4949660000	0.1166795000
2.4953540000	0.1163180000
2.4957410000	0.1159565000
2.4961280000	0.1155951000
2.4965140000	0.0032531450
2.4969010000	0.0028916840
2.4972890000	0.0025302240
2.4972890000	0.0025302240
