#Wavelength	Transmission
1.8089000000	-0.0042522190
1.8092870000	-0.0044370990
1.8096740000	-0.0046219780
1.8100610000	-0.0048068570
1.8100620000	0.1066752000
1.8104490000	0.1064904000
1.8108360000	0.1063055000
1.8112230000	0.1061206000
1.8116100000	0.1059357000
1.8119970000	0.1057508000
1.8123840000	0.1055660000
1.8127710000	0.1053811000
1.8131580000	0.1051962000
1.8135450000	0.1050113000
1.8139300000	-0.0066556480
1.8139320000	0.1048265000
1.8143190000	0.1046416000
1.8147040000	-0.0070254060
1.8150910000	-0.0072102850
1.8154780000	-0.0073951640
1.8158650000	-0.0075800430
1.8158660000	0.1039021000
1.8162530000	0.1037172000
1.8166400000	0.1035323000
1.8170260000	-0.0081346810
1.8174130000	-0.0083195600
1.8178000000	-0.0085044390
1.8181870000	-0.0086893180
1.8185740000	-0.0088741970
1.8189610000	-0.0090590760
1.8193480000	-0.0092439550
1.8197350000	-0.0094288340
1.8201220000	-0.0096137140
1.8205080000	-0.0097985930
1.8208950000	-0.0099834720
1.8212820000	-0.0101683500
1.8216690000	-0.0103532300
1.8220560000	-0.0105381100
1.8224430000	-0.0107229900
1.8228300000	-0.0109078700
1.8232170000	-0.0110927500
1.8236040000	-0.0112776300
1.8239910000	-0.0114625000
1.8239920000	0.1000196000
1.8243790000	0.0998347200
1.8247660000	0.0996498400
1.8251530000	0.0994649600
1.8255390000	-0.0122020200
1.8259260000	-0.0123869000
1.8263130000	-0.0125717800
1.8267000000	-0.0127566600
1.8270870000	-0.0129415400
1.8274740000	-0.0131264200
1.8278610000	-0.0133113000
1.8282470000	-0.0134961700
1.8286340000	-0.0136810500
1.8290210000	-0.0138659300
1.8294080000	-0.0140508100
1.8294100000	0.0974312900
1.8297970000	0.0972464100
1.8301840000	0.0970615300
1.8305700000	0.0968766500
1.8309570000	0.0966917700
1.8313440000	0.0965068900
1.8317310000	0.0963220200
1.8321180000	0.0961371400
1.8325050000	0.0959522600
1.8328920000	0.0957673800
1.8332790000	0.0955825000
1.8336660000	0.0953976200
1.8340530000	0.0952127400
1.8344400000	0.0950278600
1.8348270000	0.0948429800
1.8352140000	0.0946581000
1.8356010000	0.0944732200
1.8359870000	-0.0171937600
1.8363730000	-0.0173786400
1.8367600000	-0.0175635200
1.8371470000	-0.0177483900
1.8371490000	0.0937337100
1.8375360000	0.0935488300
1.8379230000	0.0933639500
1.8383100000	0.0931790700
1.8386950000	-0.0184879100
1.8390820000	-0.0186727900
1.8394690000	-0.0188576700
1.8398560000	-0.0190425500
1.8402430000	-0.0192274300
1.8406300000	-0.0194123100
1.8410170000	-0.0195971900
1.8414040000	-0.0197820600
1.8417910000	-0.0199669400
1.8421780000	-0.0201518200
1.8425650000	-0.0203367000
1.8429520000	-0.0205215800
1.8433390000	-0.0207064600
1.8433400000	0.0907756400
1.8437270000	0.0905907600
1.8441140000	0.0904058800
1.8445010000	0.0902210000
1.8448880000	0.0900361300
1.8452750000	0.0898512500
1.8456620000	0.0896663700
1.8460490000	0.0894814900
1.8464360000	0.0892966100
1.8468220000	0.0891117300
1.8472090000	0.0889268500
1.8475960000	0.0887419700
1.8479830000	0.0885570900
1.8483700000	0.0883722100
1.8487570000	0.0881873300
1.8491440000	0.0880024600
1.8495310000	0.0878175800
1.8499180000	0.0876327000
1.8503050000	0.0874478200
1.8506920000	0.0872629400
1.8510790000	0.0870780600
1.8514660000	0.0868931800
1.8518530000	0.0867083000
1.8522400000	0.0865234200
1.8526270000	0.0863385400
1.8530140000	0.0861536600
1.8534010000	0.0859687900
1.8537880000	0.0857839100
1.8541730000	-0.0258830800
1.8545600000	-0.0260679500
1.8549470000	-0.0262528300
1.8553340000	-0.0264377100
1.8557210000	-0.0266225900
1.8561080000	-0.0268074700
1.8561090000	0.0846746300
1.8564960000	0.0844897500
1.8568820000	-0.0271772300
1.8572690000	-0.0273621100
1.8576560000	-0.0275469900
1.8580430000	-0.0277318700
1.8584300000	-0.0279167500
1.8588170000	-0.0281016200
1.8592040000	-0.0282865000
1.8595910000	-0.0284713800
1.8599780000	-0.0286562600
1.8603650000	-0.0288411400
1.8607510000	-0.0290260200
1.8607530000	0.0824560800
1.8611400000	0.0822712000
1.8615270000	0.0820863200
1.8619140000	0.0819014400
1.8623010000	0.0817165700
1.8626880000	0.0815316900
1.8630740000	0.0813468100
1.8634610000	0.0811619300
1.8638470000	-0.0305050500
1.8642340000	-0.0306899300
1.8642350000	0.0807921700
1.8646220000	0.0806072900
1.8650090000	0.0804224100
1.8653960000	0.0802375300
1.8657830000	0.0800526500
1.8661700000	0.0798677700
1.8665570000	0.0796829000
1.8669440000	0.0794980200
1.8673310000	0.0793131400
1.8677180000	0.0791282600
1.8681040000	-0.0325387200
1.8684900000	-0.0327236000
1.8688770000	-0.0329084800
1.8692640000	-0.0330933600
1.8692660000	0.0783887400
1.8696530000	0.0782038600
1.8700400000	0.0780189800
1.8704270000	0.0778341000
1.8708140000	0.0776492300
1.8712000000	0.0774643500
1.8715860000	-0.0342026300
1.8719730000	-0.0343875100
1.8723600000	-0.0345723900
1.8727470000	-0.0347572700
1.8731340000	-0.0349421500
1.8735210000	-0.0351270300
1.8735220000	0.0763550700
1.8739090000	0.0761701900
1.8742960000	0.0759853100
1.8746830000	0.0758004300
1.8750700000	0.0756155500
1.8754570000	0.0754306800
1.8758430000	-0.0362363100
1.8762300000	-0.0364211800
1.8766160000	-0.0366060600
1.8770030000	-0.0367909400
1.8770050000	0.0746911600
1.8773920000	0.0745062800
1.8777790000	0.0743214000
1.8781660000	0.0741365200
1.8785530000	0.0739516400
1.8789390000	0.0737667600
1.8793260000	0.0735818800
1.8797130000	0.0733970100
1.8801000000	0.0732121300
1.8804870000	0.0730272500
1.8808740000	0.0728423700
1.8812600000	-0.0388246100
1.8816470000	-0.0390094900
1.8820340000	-0.0391943700
1.8820350000	0.0722877300
1.8824220000	0.0721028500
1.8828090000	0.0719179700
1.8831950000	-0.0397490100
1.8835820000	-0.0399338900
1.8839690000	-0.0401187700
1.8843560000	-0.0403036500
1.8847420000	-0.0404885200
1.8851290000	-0.0406734000
1.8855160000	-0.0408582800
1.8855180000	0.0706238200
1.8859050000	0.0704389400
1.8862920000	0.0702540600
1.8866790000	0.0700691800
1.8870650000	0.0698843000
1.8874520000	0.0696994200
1.8878390000	0.0695145400
1.8882260000	0.0693296700
1.8886130000	0.0691447900
1.8890000000	0.0689599100
1.8893870000	0.0687750300
1.8897740000	0.0685901500
1.8901610000	0.0684052700
1.8905480000	0.0682203900
1.8909350000	0.0680355100
1.8913220000	0.0678506300
1.8917090000	0.0676657500
1.8920960000	0.0674808700
1.8924830000	0.0672960000
1.8928700000	0.0671111200
1.8932570000	0.0669262400
1.8936440000	0.0667413600
1.8940310000	0.0665564800
1.8944180000	0.0663716000
1.8944190000	0.1778537000
1.8948060000	0.1776688000
1.8951930000	0.1774839000
1.8955800000	0.1772991000
1.8959670000	0.1771142000
1.8963540000	0.1769293000
1.8967390000	0.0652623200
1.8971260000	0.0650774500
1.8975130000	0.0648925700
1.8975140000	0.1763747000
1.8979010000	0.1761898000
1.8982880000	0.1760049000
1.8986750000	0.1758200000
1.8990620000	0.1756352000
1.8994490000	0.1754503000
1.8998360000	0.1752654000
1.8998370000	0.2867475000
1.9002240000	0.2865626000
1.9006110000	0.2863777000
1.9009980000	0.2861929000
1.9013850000	0.2860080000
1.9017720000	0.2858231000
1.9021590000	0.2856382000
1.9021600000	0.3971203000
1.9025470000	0.3969354000
1.9029340000	0.3967506000
1.9033210000	0.3965657000
1.9037080000	0.3963808000
1.9040950000	0.3961959000
1.9044820000	0.3960110000
1.9044840000	0.5074932000
1.9048700000	0.5073083000
1.9052570000	0.5071234000
1.9056440000	0.5069385000
1.9060310000	0.5067536000
1.9064180000	0.5065688000
1.9068050000	0.5063839000
1.9071920000	0.5061990000
1.9075790000	0.5060141000
1.9075800000	0.6174962000
1.9079670000	0.6173113000
1.9083540000	0.6171265000
1.9087410000	0.6169416000
1.9091280000	0.6167567000
1.9091300000	0.7282388000
1.9095160000	0.7280539000
1.9099030000	0.7278690000
1.9102900000	0.7276842000
1.9106770000	0.7274993000
1.9106790000	0.8389814000
1.9110660000	0.8387965000
1.9114530000	0.8386116000
1.9118390000	0.8384268000
1.9122260000	0.8382419000
1.9122280000	0.9497240000
1.9126150000	0.9495391000
1.9130020000	0.9493542000
1.9133890000	0.9491693000
1.9133900000	1.0606510000
1.9137770000	1.0604670000
1.9141640000	1.0602820000
1.9145510000	1.0600970000
1.9145520000	1.1715790000
1.9149390000	1.1713940000
1.9153260000	1.1712090000
1.9153270000	1.2826910000
1.9157140000	1.2825060000
1.9157150000	1.3939880000
1.9161020000	1.3938040000
1.9164890000	1.3936190000
1.9168760000	1.3934340000
1.9168780000	1.5049160000
1.9172650000	1.5047310000
1.9176520000	1.5045460000
1.9176530000	1.6160280000
1.9180400000	1.6158430000
1.9180410000	1.7273260000
1.9184280000	1.7271410000
1.9188150000	1.7269560000
1.9188160000	1.8384380000
1.9192030000	1.8382530000
1.9195900000	1.8380680000
1.9195910000	1.9495500000
1.9199780000	1.9493650000
1.9199800000	2.0608470000
1.9203670000	2.0606630000
1.9207540000	2.0604780000
1.9207550000	2.1719600000
1.9211420000	2.1717750000
1.9211430000	2.2832570000
1.9215300000	2.2830720000
1.9219170000	2.2828870000
1.9219180000	2.3943690000
1.9223050000	2.3941840000
1.9223070000	2.5056670000
1.9226940000	2.5054820000
1.9226950000	2.6169640000
1.9230820000	2.6167790000
1.9230830000	2.7282610000
1.9234700000	2.7280760000
1.9234710000	2.8395580000
1.9238580000	2.8393730000
1.9238600000	2.9508550000
1.9242470000	2.9506710000
1.9242480000	3.0621530000
1.9246350000	3.0619680000
1.9246360000	3.1734500000
1.9250230000	3.1732650000
1.9250240000	3.2847470000
1.9254110000	3.2845620000
1.9254130000	3.3960440000
1.9258000000	3.3958590000
1.9258010000	3.5073420000
1.9261880000	3.5071570000
1.9261900000	3.7301210000
1.9265770000	3.7299360000
1.9265790000	3.8414180000
1.9265800000	3.9529000000
1.9269670000	3.9527150000
1.9269680000	4.0641970000
1.9269690000	4.1756800000
1.9273560000	4.1754950000
1.9273580000	4.2869770000
1.9277450000	4.2867920000
1.9277460000	4.3982740000
1.9281330000	4.3980890000
1.9281340000	4.5095710000
1.9285210000	4.5093860000
1.9285220000	4.6208680000
1.9285240000	4.7323510000
1.9289110000	4.7321660000
1.9289130000	4.9551300000
1.9293000000	4.9549450000
1.9293030000	5.1779090000
1.9293040000	5.2893910000
1.9296910000	5.2892060000
1.9296940000	5.5121710000
1.9296950000	5.6236530000
1.9300820000	5.6234680000
1.9300830000	5.7349500000
1.9300840000	5.8464320000
1.9304710000	5.8462470000
1.9304740000	6.0692110000
1.9308610000	6.0690260000
1.9308640000	6.2919910000
1.9308650000	6.4034730000
1.9312520000	6.4032880000
1.9312540000	6.6262520000
1.9316410000	6.6260670000
1.9316450000	6.9605140000
1.9320320000	6.9603290000
1.9320370000	7.4062570000
1.9320390000	7.5177390000
1.9324260000	7.5175540000
1.9324310000	7.9634830000
1.9328180000	7.9632980000
1.9328220000	8.2977440000
1.9328230000	8.4092260000
1.9332100000	8.4090410000
1.9332110000	8.5205230000
1.9332120000	8.6320060000
1.9335990000	8.6318210000
1.9336060000	9.1892310000
1.9336070000	9.3007130000
1.9339940000	9.3005280000
1.9339950000	9.4120100000
1.9339970000	9.5234930000
1.9343840000	9.5233080000
1.9343860000	9.7462720000
1.9343880000	9.8577540000
1.9347740000	9.8575690000
1.9347780000	10.1920200000
1.9347800000	10.3035000000
1.9351670000	10.3033100000
1.9351760000	11.0836900000
1.9355630000	11.0835000000
1.9355690000	11.6409100000
1.9355720000	11.8638800000
1.9359590000	11.8636900000
1.9359620000	12.1981400000
1.9359640000	12.3096200000
1.9363510000	12.3094400000
1.9363550000	12.6438800000
1.9363560000	12.7553600000
1.9367430000	12.7551800000
1.9367470000	13.0896300000
1.9367480000	13.2011100000
1.9371350000	13.2009200000
1.9371440000	13.9813000000
1.9375310000	13.9811100000
1.9375400000	14.7614900000
1.9375410000	14.8729700000
1.9379280000	14.8727800000
1.9379400000	15.8761200000
1.9379410000	15.9876100000
1.9383280000	15.9874200000
1.9383400000	16.9907600000
1.9383410000	17.1022400000
1.9387280000	17.1020600000
1.9387380000	17.9939100000
1.9387400000	18.1054000000
1.9391270000	18.1052100000
1.9391340000	18.7741000000
1.9391360000	18.8855900000
1.9395230000	18.8854000000
1.9395290000	19.4428100000
1.9395300000	19.5542900000
1.9399170000	19.5541100000
1.9399230000	20.0000400000
1.9399240000	20.1115200000
1.9403110000	20.1113300000
1.9403210000	21.0031900000
1.9403230000	21.1146700000
1.9407090000	21.1144900000
1.9407250000	22.4522700000
1.9407280000	22.6752400000
1.9407290000	22.7867200000
1.9411160000	22.7865300000
1.9411300000	24.0128400000
1.9415170000	24.0126500000
1.9415330000	25.3504400000
1.9415340000	25.4619200000
1.9419210000	25.4617400000
1.9419400000	27.1339700000
1.9423270000	27.1337800000
1.9423410000	28.3600900000
1.9423430000	28.4715700000
1.9427300000	28.4713800000
1.9427410000	29.4747200000
1.9427440000	29.6976900000
1.9431310000	29.6975000000
1.9431410000	30.5893600000
1.9435280000	30.5891700000
1.9435410000	31.7039900000
1.9435420000	31.8154800000
1.9439290000	31.8152900000
1.9439500000	33.5990000000
1.9439510000	33.7104900000
1.9443380000	33.7103000000
1.9443630000	35.8284600000
1.9447500000	35.8282800000
1.9447780000	38.2808800000
1.9451650000	38.2807000000
1.9451830000	39.8414500000
1.9451850000	39.9529300000
1.9455720000	39.9527400000
1.9455870000	41.2905300000
1.9455880000	41.4020100000
1.9459750000	41.4018300000
1.9459920000	42.8510900000
1.9459930000	42.9625800000
1.9463800000	42.9623900000
1.9464020000	44.8575900000
1.9467890000	44.8574000000
1.9468220000	47.6444600000
1.9468280000	48.2018700000
1.9468300000	48.3133500000
1.9472160000	48.3131600000
1.9472400000	50.3198400000
1.9476270000	50.3196600000
1.9476540000	52.6607800000
1.9480410000	52.6606000000
1.9480550000	53.8869000000
1.9484420000	53.8867100000
1.9484580000	55.2245000000
1.9484590000	55.3359800000
1.9488460000	55.3358000000
1.9488650000	57.0080300000
1.9488680000	57.2309900000
1.9488690000	57.3424700000
1.9492560000	57.3422900000
1.9492770000	59.1260000000
1.9496640000	59.1258200000
1.9496920000	61.5784200000
1.9496950000	61.8013900000
1.9500820000	61.8012000000
1.9501010000	63.4734300000
1.9504880000	63.4732500000
1.9505140000	65.7028900000
1.9505150000	65.8143700000
1.9509020000	65.8141900000
1.9509130000	66.7060500000
1.9509140000	66.8175300000
1.9513010000	66.8173400000
1.9513280000	69.1584700000
1.9513290000	69.2699500000
1.9517160000	69.2697600000
1.9517320000	70.6075500000
1.9517380000	71.1649600000
1.9517400000	71.2764400000
1.9521260000	71.2762600000
1.9521410000	72.5025600000
1.9525280000	72.5023800000
1.9525460000	74.0631300000
1.9529330000	74.0629400000
1.9529510000	75.6236900000
1.9533380000	75.6235000000
1.9533520000	76.8498100000
1.9537390000	76.8496200000
1.9537600000	78.6333400000
1.9541470000	78.6331500000
1.9541630000	80.0824200000
1.9545500000	80.0822300000
1.9545610000	80.9740900000
1.9545620000	81.0855700000
1.9549490000	81.0853900000
1.9549650000	82.4231700000
1.9549670000	82.6461400000
1.9553540000	82.6459500000
1.9553640000	83.5378100000
1.9553660000	83.6492900000
1.9557530000	83.6491100000
1.9557630000	84.5409600000
1.9557640000	84.6524500000
1.9561510000	84.6522600000
1.9561590000	85.3211500000
1.9565460000	85.3209700000
1.9565620000	86.6587500000
1.9565630000	86.7702400000
1.9569500000	86.7700500000
1.9569630000	87.8848700000
1.9569640000	87.9963500000
1.9573510000	87.9961700000
1.9573630000	88.9995100000
1.9573640000	89.1109900000
1.9577510000	89.1108100000
1.9577600000	89.8911800000
1.9581470000	89.8910000000
1.9581550000	90.5598900000
1.9581560000	90.6713700000
1.9585430000	90.6711900000
1.9585510000	91.3400800000
1.9585520000	91.4515600000
1.9589390000	91.4513700000
1.9589440000	91.8973000000
1.9589450000	92.0087900000
1.9593320000	92.0086000000
1.9593380000	92.4545300000
1.9593390000	92.5660100000
1.9597260000	92.5658300000
1.9597280000	92.7887900000
1.9597300000	92.9002700000
1.9601170000	92.9000900000
1.9601220000	93.3460200000
1.9605090000	93.3458300000
1.9605110000	93.5688000000
1.9608980000	93.5686100000
1.9609010000	93.7915700000
1.9609020000	93.9030600000
1.9612890000	93.9028700000
1.9612900000	94.0143500000
1.9612920000	94.1258400000
1.9616790000	94.1256500000
1.9616800000	94.2371300000
1.9616810000	94.3486200000
1.9620680000	94.3484300000
1.9620690000	94.4599100000
1.9624560000	94.4597300000
1.9624580000	94.5712100000
1.9628450000	94.5710300000
1.9628460000	94.6825100000
1.9632330000	94.6823200000
1.9632340000	94.7938000000
1.9636210000	94.7936200000
1.9640080000	94.7934300000
1.9640090000	94.9049200000
1.9643960000	94.9047300000
1.9647830000	94.9045500000
1.9647850000	95.0160300000
1.9651720000	95.0158400000
1.9651730000	95.1273300000
1.9655600000	95.1271400000
1.9655610000	95.2386200000
1.9659480000	95.2384400000
1.9659490000	95.3499200000
1.9663360000	95.3497400000
1.9663380000	95.4612200000
1.9667250000	95.4610300000
1.9671110000	95.4608500000
1.9674980000	95.4606600000
1.9678840000	95.3490000000
1.9682710000	95.3488100000
1.9682720000	95.4602900000
1.9686590000	95.4601100000
1.9690460000	95.4599200000
1.9694330000	95.4597400000
1.9698200000	95.4595500000
1.9702060000	95.3478900000
1.9705910000	95.2362200000
1.9709770000	95.1245500000
1.9713640000	95.1243700000
1.9717510000	95.1241800000
1.9717520000	95.2356700000
1.9721390000	95.2354800000
1.9725260000	95.2353000000
1.9729130000	95.2351100000
1.9733000000	95.2349300000
1.9736870000	95.2347400000
1.9736880000	95.3462200000
1.9740750000	95.3460400000
1.9744620000	95.3458500000
1.9748490000	95.3456700000
1.9752360000	95.3454800000
1.9752370000	95.4569700000
1.9756240000	95.4567800000
1.9760110000	95.4566000000
1.9763980000	95.4564100000
1.9764000000	95.5678900000
1.9767870000	95.5677100000
1.9771740000	95.5675200000
1.9771750000	95.6790100000
1.9775620000	95.6788200000
1.9779490000	95.6786400000
1.9779500000	95.7901200000
1.9783370000	95.7899300000
1.9783380000	95.9014200000
1.9787250000	95.9012300000
1.9791120000	95.9010500000
1.9791130000	96.0125300000
1.9795000000	96.0123400000
1.9798870000	96.0121600000
1.9802740000	96.0119700000
1.9806610000	96.0117900000
1.9810480000	96.0116000000
1.9810500000	96.1230900000
1.9814360000	96.1229000000
1.9818230000	96.1227200000
1.9822100000	96.1225300000
1.9825970000	96.1223500000
1.9825990000	96.2338300000
1.9829860000	96.2336400000
1.9829870000	96.3451200000
1.9833740000	96.3449400000
1.9837610000	96.3447600000
1.9837620000	96.4562400000
1.9841490000	96.4560500000
1.9845360000	96.4558700000
1.9849220000	96.3442000000
1.9853090000	96.3440200000
1.9856940000	96.2323500000
1.9860810000	96.2321600000
1.9864680000	96.2319800000
1.9868550000	96.2317900000
1.9872420000	96.2316100000
1.9872430000	96.3430900000
1.9876300000	96.3429100000
1.9880170000	96.3427200000
1.9884030000	96.2310500000
1.9887900000	96.2308700000
1.9891770000	96.2306800000
1.9895640000	96.2305000000
1.9899510000	96.2303100000
1.9903360000	96.1186500000
1.9907230000	96.1184600000
1.9911100000	96.1182800000
1.9914960000	96.0066100000
1.9918830000	96.0064300000
1.9922700000	96.0062400000
1.9926550000	95.8945700000
1.9930410000	95.7829100000
1.9934280000	95.7827200000
1.9938150000	95.7825400000
1.9942010000	95.6708700000
1.9945880000	95.6706900000
1.9949750000	95.6705000000
1.9953600000	95.5588300000
1.9957470000	95.5586500000
1.9961330000	95.4469800000
1.9965190000	95.3353200000
1.9969050000	95.3351300000
1.9972910000	95.2234600000
1.9976770000	95.1118000000
1.9980620000	95.0001300000
1.9984480000	94.8884600000
1.9988340000	94.7768000000
1.9992190000	94.6651300000
1.9996050000	94.5534600000
1.9999910000	94.4417900000
2.0003780000	94.4416100000
2.0007630000	94.3299400000
2.0011490000	94.2182800000
2.0015330000	93.9951300000
2.0019200000	93.9949400000
2.0023060000	93.8832700000
2.0026920000	93.7716100000
2.0030770000	93.6599400000
2.0034630000	93.5482700000
2.0038500000	93.5480900000
2.0038510000	93.6595700000
2.0042340000	93.3249400000
2.0046210000	93.3247500000
2.0050070000	93.2130900000
2.0053940000	93.2129000000
2.0057780000	92.9897500000
2.0061650000	92.9895700000
2.0065500000	92.7664200000
2.0069350000	92.6547500000
2.0073210000	92.5430900000
2.0077070000	92.4314200000
2.0080930000	92.4312300000
2.0084800000	92.4310500000
2.0088670000	92.4308600000
2.0092530000	92.3192000000
2.0096400000	92.3190100000
2.0100270000	92.3188300000
2.0100280000	92.4303100000
2.0104110000	92.0956800000
2.0107970000	91.9840100000
2.0111840000	91.9838300000
2.0115710000	91.9836400000
2.0119570000	91.8719700000
2.0123420000	91.7603100000
2.0127280000	91.6486400000
2.0131150000	91.6484600000
2.0135000000	91.5367900000
2.0138870000	91.5366000000
2.0142740000	91.5364200000
2.0146610000	91.5362300000
2.0146630000	91.6477200000
2.0150500000	91.6475300000
2.0154360000	91.6473500000
2.0158230000	91.6471600000
2.0162100000	91.6469800000
2.0165960000	91.5353100000
2.0169830000	91.5351300000
2.0173700000	91.5349400000
2.0177570000	91.5347600000
2.0181440000	91.5345700000
2.0185300000	91.4229000000
2.0189160000	91.4227200000
2.0193030000	91.4225300000
2.0196900000	91.4223500000
2.0200770000	91.4221600000
2.0200790000	91.5336500000
2.0204660000	91.5334600000
2.0208530000	91.5332800000
2.0212390000	91.5330900000
2.0216260000	91.5329100000
2.0220120000	91.4212400000
2.0223990000	91.4210500000
2.0227860000	91.4208700000
2.0231730000	91.4206900000
2.0235600000	91.4205000000
2.0239470000	91.4203200000
2.0243340000	91.4201300000
2.0247210000	91.4199500000
2.0251080000	91.4197600000
2.0254950000	91.4195800000
2.0258820000	91.4193900000
2.0262690000	91.4192100000
2.0266550000	91.4190200000
2.0270420000	91.4188400000
2.0270440000	91.5303200000
2.0274310000	91.5301300000
2.0274320000	91.6416200000
2.0278190000	91.6414300000
2.0282060000	91.6412500000
2.0282070000	91.7527300000
2.0285940000	91.7525400000
2.0285950000	91.8640300000
2.0289820000	91.8638400000
2.0293690000	91.8636600000
2.0293710000	91.9751400000
2.0297580000	91.9749500000
2.0301450000	91.9747700000
2.0305300000	91.8631000000
2.0309170000	91.8629200000
2.0313030000	91.7512500000
2.0313040000	91.8627300000
2.0316910000	91.8625500000
2.0316920000	91.9740300000
2.0320790000	91.9738400000
2.0320810000	92.0853300000
2.0324680000	92.0851400000
2.0324690000	92.1966200000
2.0324700000	92.3081000000
2.0328570000	92.3079200000
2.0328580000	92.4194000000
2.0332450000	92.4192200000
2.0336320000	92.4190300000
2.0340190000	92.4188500000
2.0344060000	92.4186600000
2.0347930000	92.4184800000
2.0351800000	92.4182900000
2.0355670000	92.4181100000
2.0359540000	92.4179200000
2.0363400000	92.3062600000
2.0363410000	92.4177400000
2.0367280000	92.4175500000
2.0371150000	92.4173700000
2.0371160000	92.5288500000
2.0375030000	92.5286700000
2.0375040000	92.6401500000
2.0378910000	92.6399600000
2.0378930000	92.7514400000
2.0382800000	92.7512600000
2.0382810000	92.8627400000
2.0386680000	92.8625600000
2.0386690000	92.9740400000
2.0390560000	92.9738500000
2.0394430000	92.9736700000
2.0394440000	93.0851500000
2.0398310000	93.0849700000
2.0402180000	93.0847800000
2.0406050000	93.0846000000
2.0409920000	93.0844100000
2.0413790000	93.0842300000
2.0417660000	93.0840400000
2.0421530000	93.0838600000
2.0421540000	93.1953400000
2.0425410000	93.1951500000
2.0425430000	93.3066400000
2.0429290000	93.3064500000
2.0429310000	93.4179300000
2.0433180000	93.4177500000
2.0433200000	93.6407100000
2.0437070000	93.6405300000
2.0437090000	93.7520100000
2.0440960000	93.7518300000
2.0440970000	93.8633100000
2.0444840000	93.8631200000
2.0448710000	93.8629400000
2.0452580000	93.8627500000
2.0456450000	93.8625700000
2.0460320000	93.8623800000
2.0464190000	93.8622000000
2.0468050000	93.8620100000
2.0468070000	93.9735000000
2.0471940000	93.9733100000
2.0475810000	93.9731300000
2.0475820000	94.0846100000
2.0479690000	94.0844200000
2.0479700000	94.1959100000
2.0483570000	94.1957200000
2.0487440000	94.1955400000
2.0491310000	94.1953500000
2.0491320000	94.3068300000
2.0495190000	94.3066500000
2.0499060000	94.3064600000
2.0502930000	94.3062800000
2.0506800000	94.3060900000
2.0506810000	94.4175800000
2.0510680000	94.4173900000
2.0510700000	94.5288700000
2.0514570000	94.5286900000
2.0514580000	94.6401700000
2.0518450000	94.6399800000
2.0522320000	94.6398000000
2.0522330000	94.7512800000
2.0526200000	94.7511000000
2.0526210000	94.8625800000
2.0530080000	94.8623900000
2.0533950000	94.8622100000
2.0537820000	94.8620200000
2.0541690000	94.8618400000
2.0545560000	94.8616500000
2.0549430000	94.8614700000
2.0553300000	94.8612900000
2.0553310000	94.9727700000
2.0557180000	94.9725800000
2.0561050000	94.9724000000
2.0564920000	94.9722100000
2.0568790000	94.9720300000
2.0568800000	95.0835100000
2.0572670000	95.0833300000
2.0576540000	95.0831400000
2.0580410000	95.0829600000
2.0580430000	95.1944400000
2.0584300000	95.1942500000
2.0584310000	95.3057300000
2.0588180000	95.3055500000
2.0592050000	95.3053600000
2.0592060000	95.4168500000
2.0595930000	95.4166600000
2.0595940000	95.5281400000
2.0599810000	95.5279600000
2.0603680000	95.5277700000
2.0603690000	95.6392600000
2.0603710000	95.7507400000
2.0607580000	95.7505500000
2.0607590000	95.8620400000
2.0611460000	95.8618500000
2.0615330000	95.8616700000
2.0619200000	95.8614800000
2.0623070000	95.8613000000
2.0626930000	95.7496300000
2.0630790000	95.7494400000
2.0634660000	95.7492600000
2.0638530000	95.7490700000
2.0642400000	95.7488900000
2.0646270000	95.7487000000
2.0650140000	95.7485200000
2.0654010000	95.7483400000
2.0657880000	95.7481500000
2.0661750000	95.7479700000
2.0661760000	95.8594500000
2.0665630000	95.8592600000
2.0665650000	95.9707400000
2.0669520000	95.9705600000
2.0669530000	96.0820400000
2.0673400000	96.0818600000
2.0677270000	96.0816700000
2.0681140000	96.0814900000
2.0684990000	95.9698200000
2.0688860000	95.9696400000
2.0692730000	95.9694500000
2.0696600000	95.9692700000
2.0700470000	95.9690800000
2.0704340000	95.9689000000
2.0708210000	95.9687100000
2.0712080000	95.9685300000
2.0715950000	95.9683400000
2.0719810000	95.8566700000
2.0719820000	95.9681600000
2.0723690000	95.9679700000
2.0727560000	95.9677900000
2.0731430000	95.9676000000
2.0735300000	95.9674200000
2.0739170000	95.9672300000
2.0743040000	95.9670500000
2.0746910000	95.9668600000
2.0750760000	95.8552000000
2.0754630000	95.8550100000
2.0758500000	95.8548300000
2.0758510000	95.9663100000
2.0762380000	95.9661200000
2.0766240000	95.8544600000
2.0770110000	95.8542700000
2.0773980000	95.8540900000
2.0777850000	95.8539000000
2.0781720000	95.8537200000
2.0785590000	95.8535300000
2.0789460000	95.8533500000
2.0793330000	95.8531600000
2.0797180000	95.7414900000
2.0797200000	95.8529800000
2.0801070000	95.8527900000
2.0804940000	95.8526100000
2.0808810000	95.8524200000
2.0812670000	95.8522400000
2.0816540000	95.8520500000
2.0820410000	95.8518700000
2.0824270000	95.7402000000
2.0824280000	95.8516800000
2.0828150000	95.8515000000
2.0832020000	95.8513100000
2.0835880000	95.7396500000
2.0839750000	95.7394600000
2.0839760000	95.8509400000
2.0843630000	95.8507600000
2.0847500000	95.8505700000
2.0851370000	95.8503900000
2.0855240000	95.8502000000
2.0859110000	95.8500200000
2.0862980000	95.8498300000
2.0866840000	95.7381700000
2.0870700000	95.7379800000
2.0874570000	95.7378000000
2.0878440000	95.7376100000
2.0882300000	95.6259500000
2.0886170000	95.6257600000
2.0890040000	95.6255800000
2.0893900000	95.5139100000
2.0897770000	95.5137200000
2.0901640000	95.5135400000
2.0901650000	95.6250200000
2.0905520000	95.6248400000
2.0909390000	95.6246500000
2.0909400000	95.7361300000
2.0913270000	95.7359500000
2.0917140000	95.7357600000
2.0921000000	95.6241000000
2.0924870000	95.6239100000
2.0928720000	95.5122400000
2.0932580000	95.4005800000
2.0936430000	95.2889100000
2.0940290000	95.1772400000
2.0944150000	95.0655800000
2.0948020000	95.0653900000
2.0951890000	95.0652100000
2.0955760000	95.0650200000
2.0959630000	95.0648400000
2.0959640000	95.1763200000
2.0963510000	95.1761300000
2.0967370000	95.0644700000
2.0971230000	95.0642800000
2.0975090000	94.9526200000
2.0978960000	94.9524300000
2.0982820000	94.8407600000
2.0986670000	94.7291000000
2.0990530000	94.6174300000
2.0994400000	94.6172400000
2.0998260000	94.5055800000
2.1002130000	94.5053900000
2.1006000000	94.5052100000
2.1009850000	94.3935400000
2.1009870000	94.5050200000
2.1013730000	94.5048400000
2.1017600000	94.5046500000
2.1017620000	94.6161400000
2.1021490000	94.6159500000
2.1025360000	94.6157700000
2.1029230000	94.6155800000
2.1033100000	94.6154000000
2.1033110000	94.7268800000
2.1036940000	94.3922500000
2.1040810000	94.3920600000
2.1044660000	94.2804000000
2.1048530000	94.2802100000
2.1052400000	94.2800300000
2.1056260000	94.1683600000
2.1060130000	94.1681700000
2.1063990000	94.0565100000
2.1067860000	94.0563200000
2.1071730000	94.0561400000
2.1075600000	94.0559500000
2.1079460000	94.0557700000
2.1083330000	94.0555800000
2.1087190000	93.9439200000
2.1091060000	93.9437300000
2.1094930000	93.9435500000
2.1098800000	93.9433600000
2.1102670000	93.9431800000
2.1106530000	93.8315100000
2.1110380000	93.7198400000
2.1114250000	93.7196600000
2.1118110000	93.6079900000
2.1121980000	93.6078000000
2.1125830000	93.4961400000
2.1129700000	93.4959500000
2.1133570000	93.4957700000
2.1137440000	93.4955800000
2.1141300000	93.3839200000
2.1145170000	93.3837300000
2.1149030000	93.2720600000
2.1152880000	93.1604000000
2.1156740000	93.0487300000
2.1160600000	92.9370600000
2.1164460000	92.9368800000
2.1168330000	92.9366900000
2.1172190000	92.8250300000
2.1176060000	92.8248400000
2.1179930000	92.8246600000
2.1183800000	92.8244700000
2.1187660000	92.7128100000
2.1191510000	92.6011400000
2.1195370000	92.4894700000
2.1199230000	92.3778000000
2.1203080000	92.2661400000
2.1206950000	92.2659500000
2.1210800000	92.0428000000
2.1214660000	92.0426200000
2.1218520000	91.9309500000
2.1222380000	91.8192800000
2.1226230000	91.7076200000
2.1230100000	91.7074300000
2.1233970000	91.7072500000
2.1237840000	91.7070600000
2.1241710000	91.7068800000
2.1245580000	91.7066900000
2.1249450000	91.7065100000
2.1249460000	91.8179900000
2.1253330000	91.8178100000
2.1257180000	91.5946600000
2.1261050000	91.5944700000
2.1264920000	91.5942900000
2.1268760000	91.3711400000
2.1272630000	91.3709500000
2.1276500000	91.3707700000
2.1280360000	91.2591000000
2.1284210000	91.1474300000
2.1288080000	91.1472500000
2.1291940000	91.0355800000
2.1295810000	91.0354000000
2.1299680000	91.0352100000
2.1303550000	91.0350300000
2.1307420000	91.0348400000
2.1311290000	91.0346600000
2.1315160000	91.0344700000
2.1319010000	90.9228100000
2.1322880000	90.9226200000
2.1326750000	90.9224400000
2.1330610000	90.8107700000
2.1334460000	90.6991000000
2.1338330000	90.6989200000
2.1342200000	90.6987300000
2.1346070000	90.6985500000
2.1349940000	90.6983600000
2.1353810000	90.6981800000
2.1353830000	90.8096600000
2.1357690000	90.8094700000
2.1361560000	90.8092900000
2.1365430000	90.8091000000
2.1369290000	90.6974400000
2.1373160000	90.6972500000
2.1377020000	90.5855900000
2.1380890000	90.5854000000
2.1384760000	90.5852200000
2.1388630000	90.5850300000
2.1392490000	90.5848500000
2.1396360000	90.5846600000
2.1400230000	90.5844800000
2.1400250000	90.6959600000
2.1404120000	90.6957700000
2.1407990000	90.6955900000
2.1411860000	90.6954000000
2.1415720000	90.6952200000
2.1419590000	90.6950300000
2.1423460000	90.6948500000
2.1427320000	90.5831800000
2.1431190000	90.5830000000
2.1435060000	90.5828100000
2.1438930000	90.5826300000
2.1442790000	90.4709600000
2.1446650000	90.4707800000
2.1450520000	90.4705900000
2.1454390000	90.4704100000
2.1458260000	90.4702200000
2.1462130000	90.4700400000
2.1462150000	90.5815200000
2.1466020000	90.5813300000
2.1469890000	90.5811500000
2.1473750000	90.5809600000
2.1477610000	90.4693000000
2.1481480000	90.4691100000
2.1481490000	90.5805900000
2.1485360000	90.5804100000
2.1489230000	90.5802200000
2.1489250000	90.6917100000
2.1493120000	90.6915200000
2.1493130000	90.8030000000
2.1497000000	90.8028200000
2.1497010000	90.9143000000
2.1500880000	90.9141200000
2.1500890000	91.0256000000
2.1504760000	91.0254100000
2.1504780000	91.1369000000
2.1508640000	91.1367100000
2.1512510000	91.1365300000
2.1516380000	91.1363400000
2.1520240000	91.0246700000
2.1524100000	90.9130100000
2.1527970000	90.9128200000
2.1531840000	90.9126400000
2.1535710000	90.9124500000
2.1535720000	91.0239300000
2.1539590000	91.0237500000
2.1539600000	91.1352300000
2.1543470000	91.1350500000
2.1543480000	91.2465300000
2.1547350000	91.2463400000
2.1547370000	91.3578300000
2.1551240000	91.3576400000
2.1551250000	91.4691200000
2.1555120000	91.4689400000
2.1555130000	91.5804200000
2.1559000000	91.5802400000
2.1559010000	91.6917200000
2.1562880000	91.6915300000
2.1566750000	91.6913500000
2.1570620000	91.6911600000
2.1574480000	91.5795000000
2.1578350000	91.5793100000
2.1582220000	91.5791300000
2.1586090000	91.5789400000
2.1586100000	91.6904200000
2.1589970000	91.6902400000
2.1593840000	91.6900500000
2.1593850000	91.8015400000
2.1597720000	91.8013500000
2.1601590000	91.8011700000
2.1601600000	91.9126500000
2.1605470000	91.9124600000
2.1605490000	92.0239500000
2.1609360000	92.0237600000
2.1613230000	92.0235800000
2.1617100000	92.0233900000
2.1620950000	91.9117200000
2.1624820000	91.9115400000
2.1628680000	91.7998700000
2.1632550000	91.7996900000
2.1636420000	91.7995000000
2.1636430000	91.9109800000
2.1640300000	91.9108000000
2.1640310000	92.0222800000
2.1644180000	92.0221000000
2.1648050000	92.0219100000
2.1648060000	92.1333900000
2.1651930000	92.1332100000
2.1655800000	92.1330200000
2.1655820000	92.2445100000
2.1659690000	92.2443200000
2.1663560000	92.2441400000
2.1663570000	92.3556200000
2.1667440000	92.3554300000
2.1671310000	92.3552500000
2.1671320000	92.4667300000
2.1675190000	92.4665500000
2.1679060000	92.4663600000
2.1679070000	92.5778400000
2.1682940000	92.5776600000
2.1686810000	92.5774700000
2.1690680000	92.5772900000
2.1694550000	92.5771000000
2.1694560000	92.6885900000
2.1698430000	92.6884000000
2.1702300000	92.6882200000
2.1706170000	92.6880300000
2.1706180000	92.7995100000
2.1710050000	92.7993300000
2.1710070000	92.9108100000
2.1713940000	92.9106300000
2.1713950000	93.0221100000
2.1717820000	93.0219200000
2.1717830000	93.1334100000
2.1721700000	93.1332200000
2.1725570000	93.1330400000
2.1729440000	93.1328500000
2.1733310000	93.1326700000
2.1737180000	93.1324800000
2.1741040000	93.0208100000
2.1744910000	93.0206300000
2.1744920000	93.1321100000
2.1748790000	93.1319300000
2.1752660000	93.1317400000
2.1756530000	93.1315600000
2.1760400000	93.1313700000
2.1764270000	93.1311900000
2.1764280000	93.2426700000
2.1768150000	93.2424800000
2.1772020000	93.2423000000
2.1772030000	93.3537800000
2.1775900000	93.3536000000
2.1775910000	93.4650800000
2.1779780000	93.4648900000
2.1783650000	93.4647100000
2.1787520000	93.4645200000
2.1791390000	93.4643400000
2.1795250000	93.3526700000
2.1799120000	93.3524900000
2.1802970000	93.2408200000
2.1806830000	93.1291500000
2.1810700000	93.1289700000
2.1814560000	93.0173000000
2.1818430000	93.0171200000
2.1822300000	93.0169300000
2.1826170000	93.0167500000
2.1826180000	93.1282300000
2.1830050000	93.1280400000
2.1833920000	93.1278600000
2.1837790000	93.1276700000
2.1841660000	93.1274900000
2.1845510000	93.0158200000
2.1849370000	92.9041500000
2.1853230000	92.7924900000
2.1857080000	92.6808200000
2.1860950000	92.6806400000
2.1864810000	92.5689700000
2.1864820000	92.6804500000
2.1868690000	92.6802700000
2.1872560000	92.6800800000
2.1876430000	92.6799000000
2.1880290000	92.5682300000
2.1884160000	92.5680400000
2.1888030000	92.5678600000
2.1891900000	92.5676700000
2.1891910000	92.6791600000
2.1895780000	92.6789700000
2.1899650000	92.6787900000
2.1903500000	92.5671200000
2.1907370000	92.5669400000
2.1911230000	92.4552700000
2.1915090000	92.3436000000
2.1918940000	92.2319300000
2.1922800000	92.1202700000
2.1926660000	92.0086000000
2.1930530000	92.0084200000
2.1930540000	92.1199000000
2.1949830000	91.6730400000
2.1953690000	91.5613800000
2.1957560000	91.5611900000
2.1961420000	91.4495300000
2.1965270000	91.3378600000
2.1969130000	91.2261900000
2.1972990000	91.1145300000
2.1976830000	90.8913800000
2.1980690000	90.7797100000
2.1984520000	90.4450800000
2.1988390000	90.4448900000
2.1992260000	90.4447100000
2.1996110000	90.3330400000
2.1999980000	90.3328600000
2.2003840000	90.2211900000
2.2007700000	90.1095200000
2.2011550000	89.9978600000
2.2015410000	89.8861900000
2.2019280000	89.8860000000
2.2023150000	89.8858200000
2.2027010000	89.7741500000
2.2030860000	89.6624800000
2.2034730000	89.6623000000
2.2038590000	89.5506300000
2.2042440000	89.4389700000
2.2046290000	89.2158200000
2.2050140000	89.1041500000
2.2054000000	88.9924800000
2.2057860000	88.8808200000
2.2061710000	88.7691500000
2.2065570000	88.6574800000
2.2069440000	88.6573000000
2.2073280000	88.4341500000
2.2077140000	88.3224800000
2.2081010000	88.3223000000
2.2084840000	87.9876600000
2.2088700000	87.8760000000
2.2092570000	87.8758100000
2.2096420000	87.7641500000
2.2100280000	87.6524800000
2.2104150000	87.6522900000
2.2108010000	87.5406300000
2.2111860000	87.4289600000
2.2115720000	87.3172900000
2.2119580000	87.2056300000
2.2119590000	87.3171100000
2.2123410000	86.8710000000
2.2127280000	86.8708100000
2.2131130000	86.7591400000
2.2135000000	86.7589600000
2.2138870000	86.7587700000
2.2142740000	86.7585900000
2.2146610000	86.7584000000
2.2146620000	86.8698900000
2.2150490000	86.8697000000
2.2154360000	86.8695200000
2.2158220000	86.7578500000
2.2162090000	86.7576600000
2.2165950000	86.6460000000
2.2169800000	86.5343300000
2.2173670000	86.5341500000
2.2177530000	86.4224800000
2.2181400000	86.4222900000
2.2185250000	86.3106300000
2.2189120000	86.3104400000
2.2192990000	86.3102600000
2.2196850000	86.1985900000
2.2200710000	86.0869200000
2.2204560000	85.9752600000
2.2208430000	85.9750700000
2.2212290000	85.8634000000
2.2216160000	85.8632200000
2.2220030000	85.8630300000
2.2223900000	85.8628500000
2.2227750000	85.7511800000
2.2227770000	85.8626600000
2.2231640000	85.8624800000
2.2235510000	85.8622900000
2.2239380000	85.8621100000
2.2243250000	85.8619200000
2.2247110000	85.8617400000
2.2250980000	85.8615600000
2.2254850000	85.8613700000
2.2258710000	85.7497000000
2.2262580000	85.7495200000
2.2266440000	85.6378500000
2.2270310000	85.6376700000
2.2274180000	85.6374800000
2.2278050000	85.6373000000
2.2281910000	85.6371100000
2.2281930000	85.7485900000
2.2285800000	85.7484100000
2.2289670000	85.7482200000
2.2293540000	85.7480400000
2.2293550000	85.8595200000
2.2297420000	85.8593400000
2.2301290000	85.8591500000
2.2301300000	85.9706300000
2.2305170000	85.9704500000
2.2309040000	85.9702600000
2.2309050000	86.0817500000
2.2312920000	86.0815600000
2.2316790000	86.0813800000
2.2320660000	86.0811900000
2.2324530000	86.0810100000
2.2328400000	86.0808200000
2.2328410000	86.1923000000
2.2332280000	86.1921200000
2.2336150000	86.1919300000
2.2336170000	86.3034200000
2.2340040000	86.3032300000
2.2340050000	86.4147100000
2.2343920000	86.4145300000
2.2343930000	86.5260100000
2.2347800000	86.5258300000
2.2347810000	86.6373100000
2.2351680000	86.6371200000
2.2355550000	86.6369400000
2.2359420000	86.6367500000
2.2359430000	86.7482400000
2.2363300000	86.7480500000
2.2363320000	86.8595300000
2.2367190000	86.8593500000
2.2367200000	86.9708300000
2.2371070000	86.9706400000
2.2374940000	86.9704600000
2.2378810000	86.9702800000
2.2378820000	87.0817600000
2.2382690000	87.0815700000
2.2382700000	87.1930500000
2.2386570000	87.1928700000
2.2386600000	87.4158300000
2.2390470000	87.4156500000
2.2390490000	87.6386100000
2.2394360000	87.6384300000
2.2394390000	87.8613900000
2.2394400000	87.9728700000
2.2398270000	87.9726900000
2.2398290000	88.0841700000
2.2402150000	88.0839900000
2.2402170000	88.1954700000
2.2406040000	88.1952800000
2.2406060000	88.4182500000
2.2406080000	88.5297300000
2.2409950000	88.5295500000
2.2409960000	88.6410300000
2.2413830000	88.6408400000
2.2413840000	88.7523200000
2.2413850000	88.8638100000
2.2417720000	88.8636200000
2.2421590000	88.8634400000
2.2421610000	88.9749200000
2.2425480000	88.9747300000
2.2425490000	89.0862200000
2.2429360000	89.0860300000
2.2433230000	89.0858500000
2.2433240000	89.1973300000
2.2437110000	89.1971400000
2.2440980000	89.1969600000
2.2440990000	89.3084400000
2.2441010000	89.4199200000
2.2444870000	89.4197400000
2.2444890000	89.5312200000
2.2448760000	89.5310400000
2.2448780000	89.7540000000
2.2448800000	89.8654800000
2.2452670000	89.8653000000
2.2452680000	89.9767800000
2.2456550000	89.9765900000
2.2456570000	90.1995600000
2.2456590000	90.3110400000
2.2460460000	90.3108600000
2.2460470000	90.4223400000
2.2460480000	90.5338200000
2.2464350000	90.5336400000
2.2464360000	90.6451200000
2.2464380000	90.7566000000
2.2468250000	90.7564100000
2.2468260000	90.8679000000
2.2472130000	90.8677100000
2.2472140000	90.9791900000
2.2476010000	90.9790100000
2.2476040000	91.2019700000
2.2476050000	91.3134600000
2.2479920000	91.3132700000
2.2479930000	91.4247500000
2.2483800000	91.4245700000
2.2483820000	91.5360500000
2.2487690000	91.5358600000
2.2487700000	91.6473500000
2.2491570000	91.6471600000
2.2495440000	91.6469800000
2.2495450000	91.7584600000
2.2495460000	91.8699400000
2.2499330000	91.8697600000
2.2499350000	91.9812400000
2.2499360000	92.0927200000
2.2503230000	92.0925400000
2.2503240000	92.2040200000
2.2507110000	92.2038300000
2.2507120000	92.3153200000
2.2507140000	92.4268000000
2.2511010000	92.4266100000
2.2511020000	92.5380900000
2.2514890000	92.5379100000
2.2514900000	92.6493900000
2.2514910000	92.7608700000
2.2518780000	92.7606900000
2.2518800000	92.8721700000
2.2522670000	92.8719900000
2.2522690000	93.0949500000
2.2526560000	93.0947700000
2.2526570000	93.2062500000
2.2526590000	93.3177300000
2.2530460000	93.3175400000
2.2530470000	93.4290300000
2.2530480000	93.5405100000
2.2534350000	93.5403200000
2.2534370000	93.6518100000
2.2534380000	93.7632900000
2.2538250000	93.7631000000
2.2538260000	93.8745900000
2.2542130000	93.8744000000
2.2542140000	93.9858800000
2.2542160000	94.0973600000
2.2546030000	94.0971800000
2.2546040000	94.2086600000
2.2549910000	94.2084800000
2.2549930000	94.4314400000
2.2553800000	94.4312600000
2.2553820000	94.5427400000
2.2557690000	94.5425500000
2.2561560000	94.5423700000
2.2565430000	94.5421800000
2.2569290000	94.5420000000
2.2573160000	94.5418100000
2.2573180000	94.6533000000
2.2577050000	94.6531100000
2.2577060000	94.7645900000
2.2577070000	94.8760800000
2.2580940000	94.8758900000
2.2580950000	94.9873700000
2.2580970000	95.0988500000
2.2584840000	95.0986700000
2.2584860000	95.3216300000
2.2588730000	95.3214500000
2.2588750000	95.4329300000
2.2592620000	95.4327500000
2.2592630000	95.5442300000
2.2596500000	95.5440400000
2.2596510000	95.6555300000
2.2600380000	95.6553400000
2.2604250000	95.6551600000
2.2608120000	95.6549700000
2.2608130000	95.7664500000
2.2612000000	95.7662700000
2.2615870000	95.7660800000
2.2619740000	95.7659000000
2.2623610000	95.7657100000
2.2627480000	95.7655300000
2.2631350000	95.7653400000
2.2635220000	95.7651600000
2.2639090000	95.7649700000
2.2639100000	95.8764600000
2.2639110000	95.9879400000
2.2642980000	95.9877500000
2.2646850000	95.9875700000
2.2646870000	96.0990500000
2.2650740000	96.0988700000
2.2654610000	96.0986800000
2.2658470000	96.0985000000
2.2662340000	96.0983100000
2.2666210000	96.0981300000
2.2670080000	96.0979400000
2.2673950000	96.0977600000
2.2677820000	96.0975700000
2.2681690000	96.0973900000
2.2685550000	95.9857200000
2.2689400000	95.8740500000
2.2693270000	95.8738700000
2.2697140000	95.8736800000
2.2697160000	95.9851700000
2.2701030000	95.9849800000
2.2704900000	95.9848000000
2.2708770000	95.9846100000
2.2712640000	95.9844300000
2.2716490000	95.8727600000
2.2720360000	95.8725700000
2.2724230000	95.8723900000
2.2728100000	95.8722000000
2.2728110000	95.9836900000
2.2731980000	95.9835000000
2.2735840000	95.8718300000
2.2739710000	95.8716500000
2.2743580000	95.8714600000
2.2747430000	95.7598000000
2.2751300000	95.7596100000
2.2755160000	95.6479500000
2.2759030000	95.6477600000
2.2762900000	95.6475800000
2.2766770000	95.6473900000
2.2770630000	95.5357200000
2.2770640000	95.6472100000
2.2774510000	95.6470200000
2.2778380000	95.6468400000
2.2782230000	95.5351700000
2.2782250000	95.6466500000
2.2786120000	95.6464700000
2.2789990000	95.6462800000
2.2793860000	95.6461000000
2.2797730000	95.6459100000
2.2801580000	95.5342500000
2.2805440000	95.4225800000
2.2809310000	95.4223900000
2.2813150000	95.1992400000
2.2817010000	95.0875800000
2.2820850000	94.8644300000
2.2824710000	94.7527600000
2.2828550000	94.5296100000
2.2832410000	94.4179500000
2.2832420000	94.5294300000
2.2832430000	94.6409100000
2.2836240000	94.0833100000
2.2840080000	93.8601600000
2.2843930000	93.6370200000
2.2847770000	93.4138700000
2.2851610000	93.1907200000
2.2851630000	93.3022000000
2.2851640000	93.4136800000
2.2855420000	92.6331200000
2.2859260000	92.4099700000
2.2863110000	92.1868200000
2.2866920000	91.7407100000
2.2870700000	90.9601500000
2.2874510000	90.4025600000
2.2878310000	89.8449600000
2.2882120000	89.2873600000
2.2885900000	88.5068100000
2.2889690000	87.8377300000
2.2889730000	88.1721700000
2.2889750000	88.3951400000
2.2889770000	88.5066200000
2.2893380000	86.2767900000
2.2897180000	85.7192000000
2.2900970000	85.0501200000
2.2904710000	83.9351100000
2.2908450000	82.8201100000
2.2912210000	81.8165900000
2.2915920000	80.4786200000
2.2919670000	79.4750900000
2.2923440000	78.5830500000
2.2923540000	79.4749100000
2.2923600000	79.9208300000
2.2923620000	80.1438000000
2.2923630000	80.2552800000
2.2927090000	76.6876700000
2.2930860000	75.7956300000
2.2934570000	74.4576600000
2.2938270000	73.0082000000
2.2942000000	71.7817200000
2.2945620000	69.6633700000
2.2949270000	67.7679900000
2.2952960000	66.2070600000
2.2956650000	64.6461200000
2.2956750000	65.5379800000
2.2956800000	65.9839100000
2.2956830000	66.2068700000
2.2956840000	66.3183500000
2.2956850000	66.4298400000
2.2960180000	61.7474000000
2.2963950000	60.8553600000
2.2967640000	59.2944300000
2.2971340000	57.8449800000
2.2975000000	56.0610800000
2.2978700000	54.6116200000
2.2982320000	52.4932800000
2.2986130000	51.9356800000
2.2986260000	53.0505100000
2.2986320000	53.6079200000
2.2986360000	53.9423600000
2.2986370000	54.0538400000
2.2986390000	54.1653300000
2.2989660000	49.0369600000
2.2993400000	47.9219600000
2.2997010000	45.6921300000
2.3000620000	43.4623000000
2.3004310000	41.9013700000
2.3008060000	40.8978500000
2.3008180000	41.9011900000
2.3008250000	42.4586000000
2.3008270000	42.6815600000
2.3008280000	42.7930400000
2.3008300000	42.9045200000
2.3011610000	38.1106100000
2.3015470000	37.9989400000
2.3015510000	38.3333900000
2.3015530000	38.5563500000
2.3015540000	38.6678400000
2.3015730000	40.2285800000
2.3015740000	40.3400700000
2.3015750000	40.4515500000
2.3019100000	35.9920800000
2.3022910000	35.4344800000
2.3022960000	35.8804100000
2.3022990000	36.1033800000
2.3023000000	36.2148600000
2.3026560000	33.5391000000
2.3030380000	33.0929900000
2.3030440000	33.6504000000
2.3030480000	33.9848500000
2.3030490000	34.0963300000
2.3030510000	34.2078100000
2.3034030000	31.1976100000
2.3037820000	30.5285300000
2.3037890000	31.1974300000
2.3037930000	31.5318700000
2.3037950000	31.6433500000
2.3037960000	31.7548400000
2.3041440000	28.4101900000
2.3045230000	27.7411100000
2.3045300000	28.2985200000
2.3045340000	28.6329700000
2.3045350000	28.7444500000
2.3045360000	28.8559300000
2.3045390000	29.0789000000
2.3048890000	25.9572100000
2.3052710000	25.5111000000
2.3052740000	25.7340600000
2.3052750000	25.8455400000
2.3052760000	25.9570300000
2.3056390000	23.8386800000
2.3060210000	23.3925700000
2.3063960000	22.3890400000
2.3064020000	22.9464600000
2.3064060000	23.2809000000
2.3064080000	23.3923800000
2.3064090000	23.5038700000
2.3067660000	20.9395900000
2.3071480000	20.4934800000
2.3071520000	20.8279300000
2.3071530000	20.9394100000
2.3071540000	21.0508900000
2.3075180000	19.0440300000
2.3075260000	19.7129200000
2.3075280000	19.9358800000
2.3079150000	19.9357000000
2.3079180000	20.1586600000
2.3079190000	20.2701500000
2.3082690000	17.0369800000
2.3086530000	16.8138300000
2.3086540000	16.9253100000
2.3086550000	17.0367900000
2.3090260000	15.5873400000
2.3094090000	15.2527100000
2.3094140000	15.6986400000
2.3094160000	15.9216000000
2.3094180000	16.0330900000
2.3094190000	16.1445700000
2.3097840000	14.2491900000
2.3101670000	13.9145600000
2.3101700000	14.1375200000
2.3101710000	14.2490000000
2.3101720000	14.3604800000
2.3105410000	12.7995500000
2.3105460000	13.2454800000
2.3105490000	13.4684400000
2.3105500000	13.5799300000
2.3109200000	12.1304700000
2.3113050000	11.9073200000
2.3113070000	12.1302900000
2.3113090000	12.2417700000
2.3116840000	11.2382500000
2.3120680000	11.0151000000
2.3120690000	11.1265800000
2.3120710000	11.2380600000
2.3124450000	10.1230600000
2.3128300000	10.0113900000
2.3132130000	9.6767570000
2.3135950000	9.2306440000
2.3135990000	9.5650900000
2.3136000000	9.6765720000
2.3139870000	9.6763880000
2.3143560000	8.1154530000
2.3147420000	8.0037860000
2.3147430000	8.1152680000
2.3151210000	7.3347090000
2.3155080000	7.3345240000
2.3158890000	6.7769290000
2.3162740000	6.6652620000
2.3162750000	6.7767440000
2.3162770000	6.8882260000
2.3166550000	6.1076660000
2.3170390000	5.8845170000
2.3170400000	5.9959990000
2.3170420000	6.1074810000
2.3174210000	5.4384040000
2.3178060000	5.3267370000
2.3178080000	5.4382190000
2.3181900000	4.9921060000
2.3185750000	4.8804390000
2.3189610000	4.7687720000
2.3193450000	4.5456230000
2.3193460000	4.6571050000
2.3193480000	4.7685870000
2.3197300000	4.3224740000
2.3197310000	4.4339560000
2.3201130000	3.9878420000
2.3204980000	3.8761750000
2.3208840000	3.7645080000
2.3208850000	3.8759900000
2.3212680000	3.5413590000
2.3216540000	3.4296920000
2.3220400000	3.3180250000
2.3224250000	3.2063580000
2.3224270000	3.3178400000
2.3228100000	2.9832090000
2.3231950000	2.8715420000
2.3235810000	2.7598750000
2.3235820000	2.8713570000
2.3239650000	2.5367260000
2.3243520000	2.5365410000
2.3247370000	2.3133920000
2.3251240000	2.3132070000
2.3255090000	2.2015400000
2.3258960000	2.2013560000
2.3262810000	1.9782060000
2.3266680000	1.9780220000
2.3270530000	1.8663550000
2.3274400000	1.8661700000
2.3278260000	1.7545030000
2.3282130000	1.7543180000
2.3285970000	1.5311690000
2.3289840000	1.5309840000
2.3293700000	1.4193170000
2.3297570000	1.4191320000
2.3301420000	1.3074650000
2.3305280000	1.1957980000
2.3309150000	1.1956130000
2.3313020000	1.1954280000
2.3316880000	1.0837610000
2.3320740000	1.0835760000
2.3324600000	0.9719095000
2.3328470000	0.9717246000
2.3332330000	0.8600576000
2.3336200000	0.8598727000
2.3340050000	0.7482057000
2.3343920000	0.7480209000
2.3347790000	0.7478360000
2.3351650000	0.6361690000
2.3355520000	0.6359841000
2.3359390000	0.6357993000
2.3363240000	0.5241323000
2.3367110000	0.5239474000
2.3370970000	0.4122804000
2.3374840000	0.4120955000
2.3378700000	0.3004285000
2.3382570000	0.3002437000
2.3386440000	0.3000588000
2.3390310000	0.2998739000
2.3394180000	0.2996890000
2.3398040000	0.2995042000
2.3401910000	0.2993193000
2.3405780000	0.2991344000
2.3409640000	0.1874674000
2.3413510000	0.1872825000
2.3417380000	0.1870977000
2.3421250000	0.1869128000
2.3425120000	0.1867279000
2.3428990000	0.1865430000
2.3432860000	0.1863581000
2.3436730000	0.1861733000
2.3440600000	0.1859884000
2.3444470000	0.1858035000
2.3448340000	0.1856186000
2.3452210000	0.1854337000
2.3456070000	0.1852489000
2.3459940000	0.1850640000
2.3463810000	0.1848791000
2.3467670000	0.0732121300
2.3471540000	0.0730272500
2.3475410000	0.0728423700
2.3479280000	0.0726574900
2.3483150000	0.0724726100
2.3487020000	0.0722877300
2.3490890000	0.0721028500
2.3494760000	0.0719179700
2.3498630000	0.0717330900
2.3502500000	0.0715482100
2.3506370000	0.0713633400
2.3510230000	0.0711784600
2.3514100000	0.0709935800
2.3517970000	0.0708087000
2.3521830000	-0.0408582800
2.3525700000	-0.0410431600
2.3529570000	-0.0412280400
2.3533440000	-0.0414129200
2.3537310000	-0.0415978000
2.3541180000	-0.0417826800
2.3545050000	-0.0419675600
2.3548920000	-0.0421524400
2.3552790000	-0.0423373200
2.3556660000	-0.0425221900
2.3560530000	-0.0427070700
2.3564400000	-0.0428919500
2.3568260000	-0.0430768300
2.3572130000	-0.0432617100
2.3576000000	-0.0434465900
2.3579870000	-0.0436314700
2.3583740000	-0.0438163500
2.3587610000	-0.0440012300
2.3591480000	-0.0441861100
2.3595350000	-0.0443709900
2.3599220000	-0.0445558600
2.3603090000	-0.0447407400
2.3606960000	-0.0449256200
2.3610830000	-0.0451105000
2.3614700000	-0.0452953800
2.3618570000	-0.0454802600
2.3622440000	-0.0456651400
2.3626310000	-0.0458500200
2.3630180000	-0.0460349000
2.3634050000	-0.0462197800
2.3637920000	-0.0464046600
2.3641790000	-0.0465895400
2.3645660000	-0.0467744100
2.3649520000	-0.0469592900
2.3653390000	-0.0471441700
2.3657260000	-0.0473290500
2.3661130000	-0.0475139300
2.3665000000	-0.0476988100
2.3668870000	-0.0478836900
2.3672740000	-0.0480685700
2.3676610000	-0.0482534500
2.3680480000	-0.0484383300
2.3684350000	-0.0486232100
2.3688220000	-0.0488080800
2.3692090000	-0.0489929600
2.3695960000	-0.0491778400
2.3699830000	-0.0493627200
2.3703700000	-0.0495476000
2.3707570000	-0.0497324800
2.3711440000	-0.0499173600
2.3715310000	-0.0501022400
2.3719180000	-0.0502871200
2.3723050000	-0.0504720000
2.3726920000	-0.0506568800
2.3730780000	-0.0508417500
2.3734650000	-0.0510266300
2.3738520000	-0.0512115100
2.3742390000	-0.0513963900
2.3746260000	-0.0515812700
2.3750130000	-0.0517661500
2.3754000000	-0.0519510300
2.3757870000	-0.0521359100
2.3761740000	-0.0523207900
2.3765610000	-0.0525056700
2.3769480000	-0.0526905500
2.3773350000	-0.0528754200
2.3777220000	-0.0530603000
2.3781090000	-0.0532451800
2.3784960000	-0.0534300600
2.3788830000	-0.0536149400
2.3792700000	-0.0537998200
2.3796570000	-0.0539847000
2.3800440000	-0.0541695800
2.3804310000	-0.0543544600
2.3808170000	-0.0545393400
2.3812040000	-0.0547242200
2.3815910000	-0.0549090900
2.3819780000	-0.0550939700
2.3823650000	-0.0552788500
2.3827520000	-0.0554637300
2.3831390000	-0.0556486100
2.3835260000	-0.0558334900
2.3839130000	-0.0560183700
2.3843000000	-0.0562032500
2.3846870000	-0.0563881300
2.3850740000	-0.0565730100
2.3854610000	-0.0567578900
2.3858480000	-0.0569427700
2.3862350000	-0.0571276400
2.3866220000	-0.0573125200
2.3870090000	-0.0574974000
2.3873960000	-0.0576822800
2.3877830000	-0.0578671600
2.3881700000	-0.0580520400
2.3885570000	-0.0582369200
2.3889430000	-0.0584218000
2.3893300000	-0.0586066800
2.3897170000	-0.0587915600
2.3901040000	-0.0589764400
2.3904910000	-0.0591613100
2.3908780000	-0.0593461900
2.3912650000	-0.0595310700
2.3916520000	-0.0597159500
2.3920390000	-0.0599008300
2.3924260000	-0.0600857100
2.3928130000	-0.0602705900
2.3932000000	-0.0604554700
2.3935870000	-0.0606403500
2.3939740000	-0.0608252300
2.3943610000	-0.0610101100
2.3947480000	-0.0611949800
2.3951350000	-0.0613798600
2.3955220000	-0.0615647400
2.3959090000	-0.0617496200
2.3962960000	-0.0619345000
2.3966830000	-0.0621193800
2.3970690000	-0.0623042600
2.3974560000	-0.0624891400
2.3978430000	-0.0626740200
2.3982300000	-0.0628589000
2.3986170000	-0.0630437800
2.3990040000	-0.0632286500
2.3993910000	-0.0634135300
2.3993920000	0.0480685700
2.3997790000	0.0478836900
2.4001660000	0.0476988100
2.4005530000	0.0475139300
2.4009400000	0.0473290500
2.4013260000	-0.0643379300
2.4017130000	-0.0645228100
2.4021000000	-0.0647076900
2.4024870000	-0.0648925700
2.4028740000	-0.0650774500
2.4032610000	-0.0652623200
2.4036480000	-0.0654472000
2.4040350000	-0.0656320800
2.4044220000	-0.0658169600
2.4048090000	-0.0660018400
2.4051950000	-0.0661867200
2.4055820000	-0.0663716000
2.4059690000	-0.0665564800
2.4059710000	0.0449256200
2.4063580000	0.0447407400
2.4067450000	0.0445558600
2.4071320000	0.0443709900
2.4075180000	0.0441861100
2.4079050000	0.0440012300
2.4082920000	0.0438163500
2.4086790000	0.0436314700
2.4090660000	0.0434465900
2.4094520000	-0.0682203900
2.4098390000	-0.0684052700
2.4102260000	-0.0685901500
2.4106130000	-0.0687750300
2.4110000000	-0.0689599100
2.4113870000	-0.0691447900
2.4117740000	-0.0693296700
2.4121610000	-0.0695145400
2.4125480000	-0.0696994200
2.4129350000	-0.0698843000
2.4133210000	-0.0700691800
2.4137080000	-0.0702540600
2.4140950000	-0.0704389400
2.4144820000	-0.0706238200
2.4148690000	-0.0708087000
2.4152560000	-0.0709935800
2.4156430000	-0.0711784600
2.4160300000	-0.0713633400
2.4164170000	-0.0715482100
2.4168040000	-0.0717330900
2.4168050000	0.0397490100
2.4171920000	0.0395641300
2.4175790000	0.0393792500
2.4179660000	0.0391943700
2.4183530000	0.0390094900
2.4187400000	0.0388246100
2.4191270000	0.0386397300
2.4195140000	0.0384548500
2.4199010000	0.0382699800
2.4202880000	0.0380851000
2.4206750000	0.0379002200
2.4210620000	0.0377153400
2.4214490000	0.0375304600
2.4218360000	0.0373455800
2.4222230000	0.0371607000
2.4226100000	0.0369758200
2.4229970000	0.0367909400
2.4233840000	0.0366060600
2.4237700000	0.0364211800
2.4241570000	0.0362363100
2.4245440000	0.0360514300
2.4249310000	0.0358665500
2.4253180000	0.0356816700
2.4257050000	0.0354967900
2.4260920000	0.0353119100
2.4264790000	0.0351270300
2.4268660000	0.0349421500
2.4272530000	0.0347572700
2.4276400000	0.0345723900
2.4280270000	0.0343875100
2.4284140000	0.0342026300
2.4288010000	0.0340177600
2.4291880000	0.0338328800
2.4295730000	-0.0778341000
2.4295750000	0.0336480000
2.4299620000	0.0334631200
2.4303490000	0.0332782400
2.4307360000	0.0330933600
2.4311230000	0.0329084800
2.4315100000	0.0327236000
2.4318960000	0.0325387200
2.4322830000	0.0323538400
2.4326700000	0.0321689600
2.4330570000	0.0319840900
2.4334440000	0.0317992100
2.4338310000	0.0316143300
2.4342180000	0.0314294500
2.4346050000	0.0312445700
2.4349920000	0.0310596900
2.4353790000	0.0308748100
2.4357660000	0.0306899300
2.4361530000	0.0305050500
2.4365400000	0.0303201700
2.4369260000	-0.0813468100
2.4369270000	0.0301352900
2.4373140000	0.0299504200
2.4377010000	0.0297655400
2.4380880000	0.0295806600
2.4384750000	0.0293957800
2.4388620000	0.0292109000
2.4392490000	0.0290260200
2.4396350000	0.0288411400
2.4400220000	0.0286562600
2.4404090000	0.0284713800
2.4407960000	0.0282865000
2.4411830000	0.0281016200
2.4415700000	0.0279167500
2.4419570000	0.0277318700
2.4423440000	0.0275469900
2.4427310000	0.0273621100
2.4431180000	0.0271772300
2.4435050000	0.0269923500
2.4438920000	0.0268074700
2.4442790000	0.0266225900
2.4446660000	0.0264377100
2.4450530000	0.0262528300
2.4454400000	0.0260679500
2.4458270000	0.0258830800
2.4462140000	0.0256982000
2.4466010000	0.0255133200
2.4469880000	0.0253284400
2.4473750000	0.0251435600
2.4477610000	0.0249586800
2.4481480000	0.0247738000
2.4485350000	0.0245889200
2.4489220000	0.0244040400
2.4493090000	0.0242191600
2.4496960000	0.0240342800
2.4500830000	0.0238494000
2.4504700000	0.0236645300
2.4508570000	0.0234796500
2.4512440000	0.0232947700
2.4516310000	0.0231098900
2.4520180000	0.0229250100
2.4524050000	0.0227401300
2.4527920000	0.0225552500
2.4531790000	0.0223703700
2.4535660000	0.0221854900
2.4539530000	0.0220006100
2.4543400000	0.0218157300
2.4547270000	0.0216308600
2.4551140000	0.0214459800
2.4555010000	0.0212611000
2.4558870000	0.0210762200
2.4562740000	0.0208913400
2.4566610000	0.0207064600
2.4570480000	0.0205215800
2.4574350000	0.0203367000
2.4578220000	0.0201518200
2.4582090000	0.0199669400
2.4585960000	0.0197820600
2.4589830000	0.0195971900
2.4593700000	0.0194123100
2.4597570000	0.0192274300
2.4601440000	0.0190425500
2.4605310000	0.0188576700
2.4609180000	0.0186727900
2.4613050000	0.0184879100
2.4616920000	0.0183030300
2.4620790000	0.0181181500
2.4624660000	0.0179332700
2.4628530000	0.0177483900
2.4632400000	0.0175635200
2.4636270000	0.0173786400
2.4640130000	0.0171937600
2.4644000000	0.0170088800
2.4647870000	0.0168240000
2.4651740000	0.0166391200
2.4655610000	0.0164542400
2.4659480000	0.0162693600
2.4663350000	0.0160844800
2.4667220000	0.0158996000
2.4671090000	0.0157147200
2.4671100000	0.1271968000
2.4674970000	0.1270119000
2.4678830000	0.0153449700
2.4682700000	0.0151600900
2.4686570000	0.0149752100
2.4690440000	0.0147903300
2.4694310000	0.0146054500
2.4698180000	0.0144205700
2.4702050000	0.0142356900
2.4702060000	0.1257178000
2.4705930000	0.1255329000
2.4709800000	0.1253480000
2.4713670000	0.1251632000
2.4736890000	0.1240539000
2.4740740000	0.0123869000
2.4744610000	0.0122020200
2.4748480000	0.0120171400
2.4752350000	0.0118322600
2.4752360000	0.1233144000
2.4756230000	0.1231295000
2.4760100000	0.1229446000
2.4763970000	0.1227597000
2.4767830000	0.0110927500
2.4771700000	0.0109078700
2.4775570000	0.0107229900
2.4779440000	0.0105381100
2.4783310000	0.0103532300
2.4787180000	0.0101683500
2.4791050000	0.0099834720
2.4794920000	0.0097985930
2.4798780000	0.0096137140
2.4802650000	0.0094288340
2.4806520000	0.0092439550
2.4810390000	0.0090590760
2.4810410000	0.1205412000
2.4814280000	0.1203563000
2.4818150000	0.1201714000
2.4822020000	0.1199865000
2.4825880000	0.1198017000
2.4829750000	0.1196168000
2.4833620000	0.1194319000
2.4837490000	0.1192470000
2.4841360000	0.1190621000
2.4845230000	0.1188773000
2.4849100000	0.1186924000
2.4852970000	0.1185075000
2.4856830000	0.0068405270
2.4856830000	0.0068405270
