#Wavelength	Transmission
1.8131560000	-0.0104764400
1.8131580000	0.1010052000
1.8135450000	0.1006971000
1.8139320000	0.1003890000
1.8143180000	0.1000809000
1.8147050000	0.0997727200
1.8150920000	0.0994645900
1.8154780000	-0.0123252300
1.8158650000	-0.0126333600
1.8158660000	0.0988483300
1.8162530000	0.0985402000
1.8166400000	0.0982320700
1.8170270000	0.0979239400
1.8174140000	0.0976158100
1.8178010000	0.0973076800
1.8181880000	0.0969995500
1.8185750000	0.0966914200
1.8189620000	0.0963832900
1.8193480000	-0.0154065400
1.8197340000	-0.0157146700
1.8197360000	0.0957670200
1.8201230000	0.0954588900
1.8205100000	0.0951507600
1.8208970000	0.0948426300
1.8212840000	0.0945345000
1.8216710000	0.0942263700
1.8220570000	0.0939182400
1.8224440000	0.0936101100
1.8228310000	0.0933019800
1.8232180000	0.0929938500
1.8236050000	0.0926857200
1.8239920000	0.0923775900
1.8243790000	0.0920694600
1.8247660000	0.0917613200
1.8251530000	0.0914531900
1.8255400000	0.0911450600
1.8259270000	0.0908369300
1.8263140000	0.0905288000
1.8267000000	-0.0212610200
1.8270870000	-0.0215691500
1.8270880000	0.0899125400
1.8274750000	0.0896044100
1.8278600000	-0.0221854100
1.8282470000	-0.0224935400
1.8286340000	-0.0228016700
1.8290210000	-0.0231098000
1.8294080000	-0.0234179300
1.8297950000	-0.0237260600
1.8301820000	-0.0240342000
1.8305690000	-0.0243423300
1.8309560000	-0.0246504600
1.8313430000	-0.0249585900
1.8317300000	-0.0252667200
1.8321170000	-0.0255748500
1.8325040000	-0.0258829800
1.8328910000	-0.0261911100
1.8328920000	0.0852905800
1.8332790000	0.0849824500
1.8336660000	0.0846743200
1.8340520000	-0.0271155000
1.8344390000	-0.0274236300
1.8348260000	-0.0277317600
1.8352120000	-0.0280398900
1.8355990000	-0.0283480300
1.8359860000	-0.0286561600
1.8363730000	-0.0289642900
1.8367600000	-0.0292724200
1.8371470000	-0.0295805500
1.8375340000	-0.0298886800
1.8379210000	-0.0301968100
1.8383080000	-0.0305049400
1.8386950000	-0.0308130700
1.8386960000	0.0806686200
1.8390830000	0.0803604900
1.8394700000	0.0800523600
1.8398560000	-0.0317374600
1.8402430000	-0.0320455900
1.8406300000	-0.0323537200
1.8410170000	-0.0326618500
1.8410180000	0.0788198300
1.8414050000	0.0785117000
1.8417910000	-0.0332781200
1.8421780000	-0.0335862500
1.8425650000	-0.0338943800
1.8429520000	-0.0342025100
1.8429530000	0.0772791800
1.8433400000	0.0769710500
1.8437270000	0.0766629200
1.8441140000	0.0763547900
1.8444990000	-0.0354350300
1.8448860000	-0.0357431600
1.8448880000	0.0757385300
1.8452750000	0.0754304000
1.8456600000	-0.0363594200
1.8456610000	0.0751222700
1.8460480000	0.0748141400
1.8464350000	0.0745060000
1.8468220000	0.0741978700
1.8472090000	0.0738897400
1.8475960000	0.0735816100
1.8479830000	0.0732734800
1.8483700000	0.0729653500
1.8487570000	0.0726572200
1.8491440000	0.0723490900
1.8495310000	0.0720409600
1.8499180000	0.0717328300
1.8503050000	0.0714247000
1.8506920000	0.0711165700
1.8510790000	0.0708084400
1.8514660000	0.0705003100
1.8518530000	0.0701921700
1.8522400000	0.0698840400
1.8526270000	0.0695759100
1.8530140000	0.0692677800
1.8534000000	0.0689596500
1.8537870000	0.0686515200
1.8541740000	0.0683433900
1.8545600000	-0.0434464300
1.8549470000	-0.0437545600
1.8553340000	-0.0440626900
1.8557210000	-0.0443708200
1.8557220000	0.0671108700
1.8561090000	0.0668027400
1.8564960000	0.0664946100
1.8568830000	0.0661864800
1.8572690000	-0.0456033400
1.8576560000	-0.0459114800
1.8580430000	-0.0462196100
1.8584300000	-0.0465277400
1.8588160000	-0.0468358700
1.8588180000	0.0646458200
1.8592050000	0.0643376900
1.8595920000	0.0640295600
1.8599790000	0.0637214300
1.8603640000	-0.0480683900
1.8607510000	-0.0483765200
1.8611380000	-0.0486846500
1.8615250000	-0.0489927800
1.8619120000	-0.0493009100
1.8622990000	-0.0496090400
1.8626860000	-0.0499171700
1.8630730000	-0.0502253100
1.8630740000	0.0612563800
1.8634610000	0.0609482500
1.8638480000	0.0606401200
1.8642350000	0.0603319900
1.8646220000	0.0600238600
1.8650090000	0.0597157300
1.8653950000	-0.0520740900
1.8657820000	-0.0523822200
1.8661690000	-0.0526903500
1.8665550000	-0.0529984800
1.8665570000	0.0584832100
1.8669440000	0.0581750800
1.8673290000	-0.0536147400
1.8673310000	0.0578669500
1.8677180000	0.0575588200
1.8681030000	-0.0542310000
1.8684900000	-0.0545391400
1.8688770000	-0.0548472700
1.8692640000	-0.0551554000
1.8696510000	-0.0554635300
1.8700380000	-0.0557716600
1.8704250000	-0.0560797900
1.8708120000	-0.0563879200
1.8708130000	0.0550937700
1.8712000000	0.0547856400
1.8715870000	0.0544775100
1.8719740000	0.0541693800
1.8723610000	0.0538612500
1.8727480000	0.0535531200
1.8731350000	0.0532449900
1.8735220000	0.0529368600
1.8739090000	0.0526287200
1.8742960000	0.0523205900
1.8746810000	-0.0594692300
1.8750680000	-0.0597773600
1.8754550000	-0.0600854900
1.8758420000	-0.0603936200
1.8762290000	-0.0607017500
1.8766160000	-0.0610098800
1.8770030000	-0.0613180100
1.8773900000	-0.0616261400
1.8777770000	-0.0619342700
1.8781640000	-0.0622424000
1.8785510000	-0.0625505300
1.8789380000	-0.0628586600
1.8793250000	-0.0631667900
1.8793260000	0.0483148900
1.8797130000	0.0480067600
1.8801000000	0.0476986300
1.8804870000	0.0473905000
1.8808740000	0.0470823700
1.8812610000	0.0467742400
1.8816480000	0.0464661100
1.8820350000	0.0461579800
1.8824220000	0.0458498500
1.8828090000	0.0455417200
1.8831940000	-0.0662481000
1.8835810000	-0.0665562300
1.8839680000	-0.0668643600
1.8843550000	-0.0671724900
1.8847420000	-0.0674806200
1.8851290000	-0.0677887600
1.8855160000	-0.0680968900
1.8859030000	-0.0684050200
1.8859040000	0.0430766700
1.8862910000	0.0427685400
1.8866780000	0.0424604100
1.8870650000	0.0421522800
1.8874520000	0.0418441500
1.8878390000	0.0415360200
1.8882250000	-0.0702538000
1.8886120000	-0.0705619300
1.8889990000	-0.0708700600
1.8893860000	-0.0711781900
1.8897730000	-0.0714863200
1.8897740000	0.0399953700
1.8901610000	0.0396872400
1.8905480000	0.0393791000
1.8909350000	0.0390709700
1.8913220000	0.0387628400
1.8917090000	0.0384547100
1.8920960000	0.0381465800
1.8924820000	0.0378384500
1.8928690000	0.0375303200
1.8932560000	0.0372221900
1.8936430000	0.0369140600
1.8940300000	0.0366059300
1.8944170000	0.0362978000
1.8948040000	0.0359896700
1.8951910000	0.0356815400
1.8955780000	0.0353734100
1.8959650000	0.0350652700
1.8963520000	0.0347571400
1.8967390000	0.0344490100
1.8971250000	-0.0773408100
1.8975120000	-0.0776489400
1.8978980000	-0.0779570700
1.8982850000	-0.0782652000
1.8982870000	0.0332164900
1.8986740000	0.0329083600
1.8990610000	0.0326002300
1.8994480000	0.0322921000
1.8998350000	0.0319839700
1.9002210000	0.0316758400
1.9006080000	0.0313677100
1.9009950000	0.0310595800
1.9013820000	0.0307514400
1.9017690000	0.0304433100
1.9021560000	0.0301351800
1.9025420000	-0.0816546400
1.9029290000	-0.0819627700
1.9033160000	-0.0822709000
1.9037030000	-0.0825790300
1.9040900000	-0.0828871600
1.9044770000	-0.0831952900
1.9048640000	-0.0835034200
1.9052510000	-0.0838115500
1.9056370000	-0.0841196800
1.9060240000	-0.0844278100
1.9064110000	-0.0847359400
1.9067980000	-0.0850440800
1.9068000000	0.0264376100
1.9071870000	0.0261294800
1.9075740000	0.0258213500
1.9079600000	0.0255132200
1.9083470000	0.0252050900
1.9087340000	0.0248969600
1.9091210000	0.0245888300
1.9095080000	0.0242807000
1.9098950000	0.0239725700
1.9102820000	0.0236644400
1.9106690000	0.0233563100
1.9110550000	-0.0884335100
1.9110560000	0.0230481800
1.9114430000	0.0227400500
1.9118300000	0.0224319200
1.9122170000	0.0221237800
1.9126040000	0.0218156500
1.9129910000	0.0215075200
1.9133770000	-0.0902823000
1.9137630000	-0.0905904300
1.9141500000	-0.0908985600
1.9145370000	-0.0912066900
1.9149240000	-0.0915148200
1.9153110000	-0.0918229500
1.9156980000	-0.0921310800
1.9160850000	-0.0924392100
1.9164720000	-0.0927473400
1.9164730000	0.0187343500
1.9168600000	0.0184262200
1.9172470000	0.0181180900
1.9176340000	0.0178099500
1.9180210000	0.0175018200
1.9184080000	0.0171936900
1.9187950000	0.0168855600
1.9191820000	0.0165774300
1.9195690000	0.0162693000
1.9199560000	0.0159611700
1.9203430000	0.0156530400
1.9207300000	0.0153449100
1.9211170000	0.0150367800
1.9215040000	0.0147286500
1.9218910000	0.0144205200
1.9222780000	0.0141123900
1.9226650000	0.0138042600
1.9230520000	0.0134961200
1.9234390000	0.0131879900
1.9238250000	0.0128798600
1.9242120000	0.0125717300
1.9245990000	0.0122636000
1.9249860000	0.0119554700
1.9253730000	0.0116473400
1.9257600000	0.0113392100
1.9261470000	0.0110310800
1.9265340000	0.0107229500
1.9269210000	0.0104148200
1.9273080000	0.0101066900
1.9276950000	0.0097985560
1.9280810000	-0.1019913000
1.9284680000	-0.1022994000
1.9288550000	-0.1026075000
1.9292410000	-0.1029157000
1.9292430000	0.0085660340
1.9296300000	0.0082579030
1.9300170000	0.0079497720
1.9304040000	0.0076416420
1.9307910000	0.0073335110
1.9311780000	0.0070253800
1.9315640000	0.0067172490
1.9319510000	0.0064091190
1.9323380000	0.0061009880
1.9327250000	0.0057928570
1.9331120000	0.0054847270
1.9334990000	0.0051765960
1.9338860000	0.0048684650
1.9342730000	0.0045603340
1.9346600000	0.0042522040
1.9350470000	0.0039440730
1.9354340000	0.0036359420
1.9358210000	0.0033278120
1.9362080000	0.0030196810
1.9365950000	0.0027115500
1.9369820000	0.0024034200
1.9373690000	0.0020952890
1.9377560000	0.0017871580
1.9381430000	0.0014790270
1.9385300000	0.0011708970
1.9385310000	0.1126526000
1.9389180000	0.1123445000
1.9393050000	0.1120363000
1.9396900000	0.0002465046
1.9400770000	-0.0000616261
1.9404640000	-0.0003697568
1.9404660000	0.1111119000
1.9408530000	0.1108038000
1.9412400000	0.1104957000
1.9416260000	0.1101875000
1.9420130000	0.1098794000
1.9424000000	0.1095713000
1.9427870000	0.1092631000
1.9427890000	0.2207448000
1.9431760000	0.2204367000
1.9435630000	0.2201286000
1.9439490000	0.2198204000
1.9443360000	0.2195123000
1.9447230000	0.2192042000
1.9451100000	0.2188961000
1.9454970000	0.2185879000
1.9454990000	0.3300696000
1.9458860000	0.3297615000
1.9462720000	0.3294534000
1.9466590000	0.3291452000
1.9470460000	0.3288371000
1.9474330000	0.3285290000
1.9474350000	0.4400106000
1.9478220000	0.4397025000
1.9482090000	0.4393944000
1.9485950000	0.4390863000
1.9489820000	0.4387781000
1.9493690000	0.4384700000
1.9497560000	0.4381619000
1.9497580000	0.5496436000
1.9501450000	0.5493354000
1.9505320000	0.5490273000
1.9509180000	0.5487192000
1.9513050000	0.5484110000
1.9513070000	0.6598927000
1.9516940000	0.6595846000
1.9520810000	0.6592765000
1.9520820000	0.7707581000
1.9524690000	0.7704500000
1.9528560000	0.7701419000
1.9532430000	0.7698338000
1.9532440000	0.8813154000
1.9536310000	0.8810073000
1.9540180000	0.8806992000
1.9544050000	0.8803911000
1.9544060000	0.9918727000
1.9547930000	0.9915646000
1.9551800000	0.9912565000
1.9555670000	0.9909484000
1.9555680000	1.1024300000
1.9559550000	1.1021220000
1.9563420000	1.1018140000
1.9563440000	1.2132950000
1.9567300000	1.2129870000
1.9571170000	1.2126790000
1.9571190000	1.3241610000
1.9575060000	1.3238530000
1.9578930000	1.3235450000
1.9582800000	1.3232370000
1.9582810000	1.4347180000
1.9586680000	1.4344100000
1.9586690000	1.5458920000
1.9590560000	1.5455840000
1.9590570000	1.6570650000
1.9594440000	1.6567570000
1.9598310000	1.6564490000
1.9598330000	1.7679310000
1.9602200000	1.7676230000
1.9606060000	1.7673140000
1.9606080000	1.8787960000
1.9609950000	1.8784880000
1.9613820000	1.8781800000
1.9613830000	1.9896620000
1.9617700000	1.9893530000
1.9617710000	2.1008350000
1.9621580000	2.1005270000
1.9621590000	2.2120090000
1.9625460000	2.2117010000
1.9625480000	2.3231820000
1.9629350000	2.3228740000
1.9629360000	2.4343560000
1.9633230000	2.4340480000
1.9633240000	2.5455290000
1.9637110000	2.5452210000
1.9640980000	2.5449130000
1.9640990000	2.6563950000
1.9644860000	2.6560870000
1.9644880000	2.7675680000
1.9648750000	2.7672600000
1.9648760000	2.8787420000
1.9648770000	2.9902240000
1.9652640000	2.9899150000
1.9652650000	3.1013970000
1.9656520000	3.1010890000
1.9656540000	3.2125710000
1.9656550000	3.3240520000
1.9660420000	3.3237440000
1.9660430000	3.4352260000
1.9664300000	3.4349180000
1.9664310000	3.5464000000
1.9668180000	3.5460910000
1.9668200000	3.6575730000
1.9672070000	3.6572650000
1.9672080000	3.7687470000
1.9672090000	3.8802280000
1.9675960000	3.8799200000
1.9675970000	3.9914020000
1.9679840000	3.9910940000
1.9679860000	4.1025750000
1.9679870000	4.2140570000
1.9683740000	4.2137490000
1.9683770000	4.4367120000
1.9687630000	4.4364040000
1.9687650000	4.5478860000
1.9687660000	4.6593680000
1.9691530000	4.6590600000
1.9691540000	4.7705410000
1.9695410000	4.7702330000
1.9695430000	4.8817150000
1.9699300000	4.8814070000
1.9699320000	5.1043700000
1.9703190000	5.1040620000
1.9703200000	5.2155440000
1.9703220000	5.3270250000
1.9707090000	5.3267170000
1.9707120000	5.6611620000
1.9710990000	5.6608540000
1.9711020000	5.8838170000
1.9714890000	5.8835090000
1.9714930000	6.2179540000
1.9714940000	6.3294360000
1.9718810000	6.3291280000
1.9718840000	6.5520910000
1.9718850000	6.6635730000
1.9722720000	6.6632650000
1.9722760000	6.9977100000
1.9726630000	6.9974020000
1.9726650000	7.2203650000
1.9726670000	7.3318470000
1.9730540000	7.3315390000
1.9730550000	7.4430200000
1.9734420000	7.4427120000
1.9734440000	7.6656760000
1.9734460000	7.7771570000
1.9738330000	7.7768490000
1.9738370000	8.1112940000
1.9742240000	8.1109860000
1.9742290000	8.5569130000
1.9742300000	8.6683950000
1.9746170000	8.6680870000
1.9746210000	9.0025320000
1.9750080000	9.0022230000
1.9750090000	9.1137050000
1.9750100000	9.2251870000
1.9753970000	9.2248790000
1.9754050000	9.8937690000
1.9754060000	10.0052500000
1.9757930000	10.0049400000
1.9757950000	10.1164200000
1.9757960000	10.2279100000
1.9761830000	10.2276000000
1.9761880000	10.6735200000
1.9761890000	10.7850100000
1.9765760000	10.7847000000
1.9765800000	11.1191400000
1.9765810000	11.2306200000
1.9769680000	11.2303200000
1.9769740000	11.6762400000
1.9773610000	11.6759400000
1.9773640000	12.0103800000
1.9773660000	12.1218600000
1.9777530000	12.1215500000
1.9777600000	12.7904400000
1.9777620000	12.9019300000
1.9781490000	12.9016200000
1.9781550000	13.4590300000
1.9785420000	13.4587200000
1.9785510000	14.2390900000
1.9789380000	14.2387800000
1.9789430000	14.6847100000
1.9789450000	14.7961900000
1.9793320000	14.7958800000
1.9793380000	15.3532900000
1.9797250000	15.3529800000
1.9797330000	16.0218700000
1.9801200000	16.0215600000
1.9801260000	16.5789700000
1.9805130000	16.5786600000
1.9805230000	17.4705200000
1.9809100000	17.4702100000
1.9809230000	18.5850300000
1.9809250000	18.6965100000
1.9813120000	18.6962000000
1.9813150000	19.0306500000
1.9813170000	19.1421300000
1.9817040000	19.1418200000
1.9817140000	20.0336700000
1.9821010000	20.0333600000
1.9821050000	20.3678100000
1.9821060000	20.4792900000
1.9824930000	20.4789800000
1.9825030000	21.3708400000
1.9825060000	21.5938000000
1.9828930000	21.5934900000
1.9829050000	22.5968300000
1.9829060000	22.7083100000
1.9832930000	22.7080000000
1.9833010000	23.3768900000
1.9833020000	23.4883700000
1.9836890000	23.4880600000
1.9837030000	24.7143600000
1.9837040000	24.8258400000
1.9840910000	24.8255400000
1.9841030000	25.8288700000
1.9841040000	25.9403500000
1.9844910000	25.9400500000
1.9845030000	26.9433800000
1.9845040000	27.0548600000
1.9848910000	27.0545500000
1.9849050000	28.2808500000
1.9852920000	28.2805400000
1.9853000000	28.9494300000
1.9853010000	29.0609200000
1.9856880000	29.0606100000
1.9856960000	29.7295000000
1.9856970000	29.8409800000
1.9860840000	29.8406700000
1.9860950000	30.7325300000
1.9864820000	30.7322200000
1.9864970000	32.0700000000
1.9865020000	32.5159200000
1.9865040000	32.6274100000
1.9868910000	32.6271000000
1.9869040000	33.7419100000
1.9872910000	33.7416100000
1.9873050000	34.9679100000
1.9876920000	34.9676000000
1.9877090000	36.4168600000
1.9877100000	36.5283400000
1.9880970000	36.5280300000
1.9881080000	37.5313700000
1.9881120000	37.8658100000
1.9884990000	37.8655000000
1.9885140000	39.0918000000
1.9885150000	39.2032800000
1.9889020000	39.2029800000
1.9889130000	40.2063100000
1.9893000000	40.2060000000
1.9893150000	41.4323000000
1.9893160000	41.5437800000
1.9897030000	41.5434800000
1.9897200000	42.9927400000
1.9897210000	43.1042200000
1.9901080000	43.1039100000
1.9901220000	44.3302100000
1.9901230000	44.4416900000
1.9905100000	44.4413800000
1.9905300000	46.1136100000
1.9905400000	47.0054600000
1.9905410000	47.1169400000
1.9909280000	47.1166400000
1.9909360000	47.7855300000
1.9909370000	47.8970100000
1.9913240000	47.8967000000
1.9913260000	48.0081800000
1.9913410000	49.3459600000
1.9913430000	49.4574400000
1.9917290000	49.4571400000
1.9917400000	50.3489900000
1.9917410000	50.4604700000
1.9921280000	50.4601600000
1.9921380000	51.3520200000
1.9925250000	51.3517100000
1.9925410000	52.6894900000
1.9929280000	52.6891800000
1.9929490000	54.4728900000
1.9929500000	54.5843700000
1.9933370000	54.5840600000
1.9933480000	55.5874000000
1.9933500000	55.6988800000
1.9937370000	55.6985700000
1.9937510000	56.9248700000
1.9937520000	57.0363500000
1.9941390000	57.0360400000
1.9941480000	57.8164100000
1.9945350000	57.8161100000
1.9945490000	59.0424000000
1.9945510000	59.1538900000
1.9945520000	59.2653700000
1.9949390000	59.2650600000
1.9949540000	60.6028400000
1.9949560000	60.7143200000
1.9953430000	60.7140100000
1.9953540000	61.7173500000
1.9957410000	61.7170400000
1.9957570000	63.0548200000
1.9961440000	63.0545100000
1.9961650000	64.8382200000
1.9961660000	64.9497000000
1.9965530000	64.9493900000
1.9965640000	65.9527300000
1.9965660000	66.0642100000
1.9969530000	66.0639000000
1.9969660000	67.1787200000
1.9973530000	67.1784100000
1.9973640000	68.1817500000
1.9973710000	68.7391500000
1.9977580000	68.7388500000
1.9977630000	69.1847700000
1.9981500000	69.1844600000
1.9981640000	70.4107600000
1.9981650000	70.5222400000
1.9985520000	70.5219400000
1.9985570000	70.9678600000
1.9989440000	70.9675600000
1.9989570000	72.0823700000
1.9993440000	72.0820600000
1.9993560000	73.0854000000
1.9997430000	73.0850900000
1.9997580000	74.4228700000
2.0001450000	74.4225600000
2.0001670000	76.3177500000
2.0005540000	76.3174400000
2.0005690000	77.5437400000
2.0005700000	77.6552200000
2.0009570000	77.6549200000
2.0009710000	78.8812100000
2.0013580000	78.8809100000
2.0013700000	79.8842400000
2.0013710000	79.9957200000
2.0017580000	79.9954200000
2.0017630000	80.4413400000
2.0017640000	80.5528200000
2.0021510000	80.5525200000
2.0021580000	81.1099200000
2.0021590000	81.2214100000
2.0025460000	81.2211000000
2.0025580000	82.2244300000
2.0029450000	82.2241200000
2.0029500000	82.6700500000
2.0029510000	82.7815300000
2.0033380000	82.7812200000
2.0033520000	84.0075200000
2.0037390000	84.0072200000
2.0037440000	84.4531400000
2.0037460000	84.5646200000
2.0041330000	84.5643200000
2.0041420000	85.3446900000
2.0045290000	85.3443800000
2.0045360000	86.0132700000
2.0049230000	86.0129600000
2.0049280000	86.4588900000
2.0049300000	86.5703700000
2.0053170000	86.5700600000
2.0053220000	87.0159900000
2.0053230000	87.1274700000
2.0057100000	87.1271600000
2.0057180000	87.7960500000
2.0061050000	87.7957400000
2.0061130000	88.4646300000
2.0061140000	88.5761200000
2.0065010000	88.5758100000
2.0065060000	89.0217300000
2.0065070000	89.1332200000
2.0068940000	89.1329100000
2.0068970000	89.3558700000
2.0072840000	89.3555600000
2.0072880000	89.6900100000
2.0072890000	89.8014900000
2.0076760000	89.8011800000
2.0076770000	89.9126600000
2.0076790000	90.0241500000
2.0080660000	90.0238400000
2.0080680000	90.2468000000
2.0080690000	90.3582800000
2.0084560000	90.3579700000
2.0084580000	90.4694600000
2.0084590000	90.5809400000
2.0088460000	90.5806300000
2.0088470000	90.6921100000
2.0088480000	90.8035900000
2.0092350000	90.8032800000
2.0092410000	91.2492100000
2.0096280000	91.2489000000
2.0096300000	91.4718700000
2.0100170000	91.4715600000
2.0100180000	91.5830400000
2.0104050000	91.5827300000
2.0104070000	91.6942100000
2.0107940000	91.6939100000
2.0107950000	91.8053900000
2.0107960000	91.9168700000
2.0111830000	91.9165600000
2.0111840000	92.0280400000
2.0115710000	92.0277300000
2.0115730000	92.1392200000
2.0119600000	92.1389100000
2.0119610000	92.2503900000
2.0123480000	92.2500800000
2.0123490000	92.3615600000
2.0127360000	92.3612500000
2.0127370000	92.4727400000
2.0131240000	92.4724300000
2.0131260000	92.5839100000
2.0135130000	92.5836000000
2.0139000000	92.5832900000
2.0142860000	92.5829900000
2.0146730000	92.5826800000
2.0150600000	92.5823700000
2.0154470000	92.5820600000
2.0158340000	92.5817500000
2.0162210000	92.5814500000
2.0166080000	92.5811400000
2.0169940000	92.4693500000
2.0173810000	92.4690400000
2.0177660000	92.3572500000
2.0181520000	92.2454600000
2.0185380000	92.1336700000
2.0189230000	92.0218800000
2.0193090000	91.9100900000
2.0196950000	91.7983000000
2.0200800000	91.6865100000
2.0204670000	91.6862000000
2.0208530000	91.5744100000
2.0212390000	91.4626200000
2.0216260000	91.4623100000
2.0220110000	91.3505200000
2.0223970000	91.2387300000
2.0227830000	91.1269400000
2.0231700000	91.1266400000
2.0235550000	91.0148500000
2.0239410000	90.9030600000
2.0243260000	90.7912700000
2.0247120000	90.6794800000
2.0250980000	90.5676900000
2.0254830000	90.4559000000
2.0258700000	90.4555900000
2.0262570000	90.4552800000
2.0266430000	90.3434900000
2.0270300000	90.3431800000
2.0274170000	90.3428800000
2.0278040000	90.3425700000
2.0281910000	90.3422600000
2.0285760000	90.2304700000
2.0289630000	90.2301600000
2.0293500000	90.2298500000
2.0297360000	90.1180600000
2.0301230000	90.1177600000
2.0305100000	90.1174500000
2.0308970000	90.1171400000
2.0312840000	90.1168300000
2.0316710000	90.1165200000
2.0320580000	90.1162100000
2.0324450000	90.1159100000
2.0328320000	90.1156000000
2.0332190000	90.1152900000
2.0332200000	90.2267700000
2.0336070000	90.2264600000
2.0339940000	90.2261600000
2.0343810000	90.2258500000
2.0343820000	90.3373300000
2.0347690000	90.3370200000
2.0347700000	90.4485000000
2.0351570000	90.4481900000
2.0355440000	90.4478900000
2.0355450000	90.5593700000
2.0359320000	90.5590600000
2.0363190000	90.5587500000
2.0363210000	90.6702300000
2.0367080000	90.6699300000
2.0367090000	90.7814100000
2.0367100000	90.8928900000
2.0370970000	90.8925800000
2.0370980000	91.0040600000
2.0374850000	91.0037500000
2.0374870000	91.1152400000
2.0378740000	91.1149300000
2.0378750000	91.2264100000
2.0382620000	91.2261000000
2.0382630000	91.3375800000
2.0386500000	91.3372700000
2.0390370000	91.3369700000
2.0390380000	91.4484500000
2.0394250000	91.4481400000
2.0394270000	91.5596200000
2.0398140000	91.5593100000
2.0398150000	91.6708000000
2.0398160000	91.7822800000
2.0402030000	91.7819700000
2.0402040000	91.8934500000
2.0402060000	92.0049300000
2.0405930000	92.0046200000
2.0405940000	92.1161100000
2.0409810000	92.1158000000
2.0409820000	92.2272800000
2.0413690000	92.2269700000
2.0413700000	92.3384500000
2.0417570000	92.3381500000
2.0421440000	92.3378400000
2.0421460000	92.4493200000
2.0425330000	92.4490100000
2.0425340000	92.5604900000
2.0425350000	92.6719700000
2.0429220000	92.6716700000
2.0429230000	92.7831500000
2.0433100000	92.7828400000
2.0433120000	92.8943200000
2.0436990000	92.8940100000
2.0437000000	93.0054900000
2.0440870000	93.0051900000
2.0440880000	93.1166700000
2.0444750000	93.1163600000
2.0444760000	93.2278400000
2.0448630000	93.2275300000
2.0448650000	93.3390200000
2.0452520000	93.3387100000
2.0452530000	93.4501900000
2.0456400000	93.4498800000
2.0456410000	93.5613600000
2.0460280000	93.5610500000
2.0460290000	93.6725400000
2.0464160000	93.6722300000
2.0464180000	93.7837100000
2.0468050000	93.7834000000
2.0468060000	93.8948800000
2.0471930000	93.8945700000
2.0471940000	94.0060600000
2.0475810000	94.0057500000
2.0475820000	94.1172300000
2.0479690000	94.1169200000
2.0479710000	94.2284000000
2.0483580000	94.2281000000
2.0483590000	94.3395800000
2.0483600000	94.4510600000
2.0487470000	94.4507500000
2.0487480000	94.5622300000
2.0491350000	94.5619200000
2.0491370000	94.6734100000
2.0495240000	94.6731000000
2.0495250000	94.7845800000
2.0499120000	94.7842700000
2.0499130000	94.8957500000
2.0503000000	94.8954500000
2.0503010000	95.0069300000
2.0506880000	95.0066200000
2.0510750000	95.0063100000
2.0510770000	95.1177900000
2.0514630000	95.1174800000
2.0514650000	95.2289700000
2.0518520000	95.2286600000
2.0518530000	95.3401400000
2.0522400000	95.3398300000
2.0522410000	95.4513100000
2.0526280000	95.4510000000
2.0526300000	95.5624900000
2.0530160000	95.5621800000
2.0534030000	95.5618700000
2.0534050000	95.6733500000
2.0537920000	95.6730400000
2.0537930000	95.7845300000
2.0541800000	95.7842200000
2.0545670000	95.7839100000
2.0545680000	95.8953900000
2.0549550000	95.8950800000
2.0553420000	95.8947700000
2.0557290000	95.8944700000
2.0561160000	95.8941600000
2.0561170000	96.0056400000
2.0565040000	96.0053300000
2.0568910000	96.0050200000
2.0572780000	96.0047200000
2.0576650000	96.0044100000
2.0580520000	96.0041000000
2.0584390000	96.0037900000
2.0584400000	96.1152700000
2.0588270000	96.1149600000
2.0592140000	96.1146600000
2.0596010000	96.1143500000
2.0599880000	96.1140400000
2.0603750000	96.1137300000
2.0607620000	96.1134200000
2.0611490000	96.1131200000
2.0615360000	96.1128100000
2.0619230000	96.1125000000
2.0623080000	96.0007100000
2.0626950000	96.0004000000
2.0630810000	95.8886100000
2.0634680000	95.8883000000
2.0638550000	95.8880000000
2.0642410000	95.7762100000
2.0646260000	95.6644200000
2.0650130000	95.6641100000
2.0654000000	95.6638000000
2.0657870000	95.6634900000
2.0661740000	95.6631800000
2.0665610000	95.6628800000
2.0669480000	95.6625700000
2.0673350000	95.6622600000
2.0677210000	95.5504700000
2.0681060000	95.4386800000
2.0684930000	95.4383700000
2.0688790000	95.3265800000
2.0692650000	95.2147900000
2.0696510000	95.2144800000
2.0700380000	95.2141800000
2.0704240000	95.1023900000
2.0708110000	95.1020800000
2.0711970000	94.9902900000
2.0715840000	94.9899800000
2.0719690000	94.8781900000
2.0723560000	94.8778800000
2.0727430000	94.8775700000
2.0731290000	94.7657800000
2.0735160000	94.7654800000
2.0739010000	94.6536900000
2.0742870000	94.5419000000
2.0746740000	94.5415900000
2.0750600000	94.4298000000
2.0754470000	94.4294900000
2.0758320000	94.3177000000
2.0762190000	94.3173900000
2.0766050000	94.2056000000
2.0769910000	94.0938100000
2.0773780000	94.0935000000
2.0777630000	93.9817100000
2.0781500000	93.9814100000
2.0785360000	93.8696200000
2.0789230000	93.8693100000
2.0793100000	93.8690000000
2.0796970000	93.8686900000
2.0800840000	93.8683800000
2.0804710000	93.8680800000
2.0808580000	93.8677700000
2.0812440000	93.8674600000
2.0816300000	93.7556700000
2.0820170000	93.7553600000
2.0824040000	93.7550500000
2.0827910000	93.7547500000
2.0831780000	93.7544400000
2.0835650000	93.7541300000
2.0839520000	93.7538200000
2.0843390000	93.7535100000
2.0847260000	93.7532000000
2.0851130000	93.7529000000
2.0855000000	93.7525900000
2.0858870000	93.7522800000
2.0862740000	93.7519700000
2.0866600000	93.7516600000
2.0870470000	93.7513600000
2.0874340000	93.7510500000
2.0878210000	93.7507400000
2.0882080000	93.7504300000
2.0885950000	93.7501200000
2.0889810000	93.6383300000
2.0893680000	93.6380300000
2.0897550000	93.6377200000
2.0897560000	93.7492000000
2.0901430000	93.7488900000
2.0905290000	93.6371000000
2.0909160000	93.6367900000
2.0913030000	93.6364800000
2.0916900000	93.6361800000
2.0920760000	93.6358700000
2.0924630000	93.6355600000
2.0928500000	93.6352500000
2.0928520000	93.7467300000
2.0932390000	93.7464300000
2.0936260000	93.7461200000
2.0940130000	93.7458100000
2.0940140000	93.8572900000
2.0944010000	93.8569800000
2.0947880000	93.8566700000
2.0951750000	93.8563700000
2.0951760000	93.9678500000
2.0955630000	93.9675400000
2.0959500000	93.9672300000
2.0963370000	93.9669200000
2.0963380000	94.0784100000
2.0967250000	94.0781000000
2.0971120000	94.0777900000
2.0974990000	94.0774800000
2.0978860000	94.0771700000
2.0982730000	94.0768700000
2.0986600000	94.0765600000
2.0990470000	94.0762500000
2.0990480000	94.1877300000
2.0994350000	94.1874200000
2.0998220000	94.1871100000
2.1002090000	94.1868100000
2.1005960000	94.1865000000
2.1009830000	94.1861900000
2.1009840000	94.2976700000
2.1013710000	94.2973600000
2.1017580000	94.2970600000
2.1021450000	94.2967500000
2.1025320000	94.2964400000
2.1029190000	94.2961300000
2.1033060000	94.2958200000
2.1036930000	94.2955100000
2.1040800000	94.2952100000
2.1044670000	94.2949000000
2.1048540000	94.2945900000
2.1052410000	94.2942800000
2.1056280000	94.2939700000
2.1060140000	94.2936700000
2.1064010000	94.2933600000
2.1064030000	94.4048400000
2.1067900000	94.4045300000
2.1071770000	94.4042200000
2.1075640000	94.4039100000
2.1079510000	94.4036100000
2.1083370000	94.4033000000
2.1087230000	94.2915100000
2.1091100000	94.2912000000
2.1094970000	94.2908900000
2.1098830000	94.1791000000
2.1102700000	94.1787900000
2.1106570000	94.1784900000
2.1110440000	94.1781800000
2.1110450000	94.2896600000
2.1114320000	94.2893500000
2.1118190000	94.2890400000
2.1122060000	94.2887400000
2.1125930000	94.2884300000
2.1129800000	94.2881200000
2.1133670000	94.2878100000
2.1137530000	94.2875000000
2.1141400000	94.2872000000
2.1145260000	94.1754100000
2.1149130000	94.1751000000
2.1153000000	94.1747900000
2.1156870000	94.1744800000
2.1160740000	94.1741700000
2.1164610000	94.1738600000
2.1168480000	94.1735600000
2.1172350000	94.1732500000
2.1176220000	94.1729400000
2.1180090000	94.1726300000
2.1183960000	94.1723200000
2.1187830000	94.1720200000
2.1191690000	94.1717100000
2.1195560000	94.1714000000
2.1199420000	94.0596100000
2.1203290000	94.0593000000
2.1207160000	94.0589900000
2.1211020000	93.9472000000
2.1214890000	93.9469000000
2.1218740000	93.8351100000
2.1222610000	93.8348000000
2.1226470000	93.7230100000
2.1230340000	93.7227000000
2.1234210000	93.7223900000
2.1238080000	93.7220800000
2.1241950000	93.7217800000
2.1245800000	93.6099900000
2.1249670000	93.6096800000
2.1253540000	93.6093700000
2.1257410000	93.6090600000
2.1261280000	93.6087500000
2.1265150000	93.6084400000
2.1269020000	93.6081400000
2.1272890000	93.6078300000
2.1276760000	93.6075200000
2.1276770000	93.7190000000
2.1280640000	93.7186900000
2.1284500000	93.6069000000
2.1288370000	93.6066000000
2.1292240000	93.6062900000
2.1296090000	93.4945000000
2.1296110000	93.6059800000
2.1299980000	93.6056700000
2.1303850000	93.6053600000
2.1307700000	93.4935700000
2.1311560000	93.3817800000
2.1315430000	93.3814800000
2.1319300000	93.3811700000
2.1323170000	93.3808600000
2.1327020000	93.2690700000
2.1330890000	93.2687600000
2.1334760000	93.2684500000
2.1338630000	93.2681500000
2.1342490000	93.1563600000
2.1346360000	93.1560500000
2.1350230000	93.1557400000
2.1354080000	93.0439500000
2.1357950000	93.0436400000
2.1361820000	93.0433300000
2.1365690000	93.0430200000
2.1369560000	93.0427200000
2.1373430000	93.0424100000
2.1377300000	93.0421000000
2.1381170000	93.0417900000
2.1381180000	93.1532700000
2.1385050000	93.1529700000
2.1388920000	93.1526600000
2.1392790000	93.1523500000
2.1396660000	93.1520400000
2.1400530000	93.1517300000
2.1404400000	93.1514300000
2.1408270000	93.1511200000
2.1412140000	93.1508100000
2.1416010000	93.1505000000
2.1419880000	93.1501900000
2.1423750000	93.1498800000
2.1427620000	93.1495800000
2.1431490000	93.1492700000
2.1435360000	93.1489600000
2.1439230000	93.1486500000
2.1443100000	93.1483400000
2.1446970000	93.1480400000
2.1450840000	93.1477300000
2.1450850000	93.2592100000
2.1454720000	93.2589000000
2.1458590000	93.2585900000
2.1462440000	93.1468000000
2.1466310000	93.1465000000
2.1470180000	93.1461900000
2.1470200000	93.2576700000
2.1474070000	93.2573600000
2.1477930000	93.2570500000
2.1481800000	93.2567400000
2.1485670000	93.2564400000
2.1489540000	93.2561300000
2.1493410000	93.2558200000
2.1493430000	93.3673000000
2.1497300000	93.3669900000
2.1501160000	93.3666900000
2.1505030000	93.3663800000
2.1505050000	93.4778600000
2.1508920000	93.4775500000
2.1512790000	93.4772400000
2.1516660000	93.4769300000
2.1516670000	93.5884200000
2.1520540000	93.5881100000
2.1524410000	93.5878000000
2.1528280000	93.5874900000
2.1532150000	93.5871800000
2.1536020000	93.5868800000
2.1539890000	93.5865700000
2.1543760000	93.5862600000
2.1547620000	93.5859500000
2.1547640000	93.6974300000
2.1551510000	93.6971200000
2.1555380000	93.6968200000
2.1559250000	93.6965100000
2.1563120000	93.6962000000
2.1566970000	93.5844100000
2.1566990000	93.6958900000
2.1570850000	93.6955800000
2.1574720000	93.6952800000
2.1578590000	93.6949700000
2.1582460000	93.6946600000
2.1586330000	93.6943500000
2.1590200000	93.6940400000
2.1590220000	93.8055300000
2.1594080000	93.8052200000
2.1597950000	93.8049100000
2.1597970000	93.9163900000
2.1601840000	93.9160800000
2.1605710000	93.9157700000
2.1605720000	94.0272600000
2.1609590000	94.0269500000
2.1613460000	94.0266400000
2.1617330000	94.0263300000
2.1617340000	94.1378100000
2.1621210000	94.1375100000
2.1625080000	94.1372000000
2.1628950000	94.1368900000
2.1628960000	94.2483700000
2.1632830000	94.2480600000
2.1636700000	94.2477500000
2.1640570000	94.2474500000
2.1640580000	94.3589300000
2.1644450000	94.3586200000
2.1648320000	94.3583100000
2.1648340000	94.4697900000
2.1652200000	94.4694900000
2.1656070000	94.4691800000
2.1659940000	94.4688700000
2.1663810000	94.4685600000
2.1667680000	94.4682500000
2.1671550000	94.4679400000
2.1675420000	94.4676400000
2.1679290000	94.4673300000
2.1683160000	94.4670200000
2.1683170000	94.5785000000
2.1687040000	94.5781900000
2.1690910000	94.5778900000
2.1694780000	94.5775800000
2.1698650000	94.5772700000
2.1702520000	94.5769600000
2.1706390000	94.5766500000
2.1710260000	94.5763400000
2.1714130000	94.5760400000
2.1718000000	94.5757300000
2.1721870000	94.5754200000
2.1725740000	94.5751100000
2.1729610000	94.5748000000
2.1733480000	94.5745000000
2.1737330000	94.4627100000
2.1741200000	94.4624000000
2.1745070000	94.4620900000
2.1748940000	94.4617800000
2.1748960000	94.5732600000
2.1752820000	94.5729600000
2.1756690000	94.5726500000
2.1760560000	94.5723400000
2.1764420000	94.4605500000
2.1764430000	94.5720300000
2.1768300000	94.5717200000
2.1772160000	94.4599300000
2.1776030000	94.4596300000
2.1776040000	94.5711100000
2.1779910000	94.5708000000
2.1779920000	94.6822800000
2.1783790000	94.6819700000
2.1783810000	94.7934500000
2.1787680000	94.7931500000
2.1791550000	94.7928400000
2.1795400000	94.6810500000
2.1799270000	94.6807400000
2.1803140000	94.6804300000
2.1807000000	94.5686400000
2.1810870000	94.5683300000
2.1814740000	94.5680300000
2.1818610000	94.5677200000
2.1822480000	94.5674100000
2.1826350000	94.5671000000
2.1830220000	94.5667900000
2.1834080000	94.5664800000
2.1837950000	94.5661800000
2.1841820000	94.5658700000
2.1845690000	94.5655600000
2.1849560000	94.5652500000
2.1849580000	94.6767300000
2.1853450000	94.6764300000
2.1857310000	94.6761200000
2.1861170000	94.5643300000
2.1865030000	94.4525400000
2.1868880000	94.3407500000
2.1872750000	94.3404400000
2.1876620000	94.3401300000
2.1880480000	94.2283400000
2.1880490000	94.3398200000
2.1884360000	94.3395200000
2.1888230000	94.3392100000
2.1892100000	94.3389000000
2.1895970000	94.3385900000
2.1899840000	94.3382800000
2.1903710000	94.3379800000
2.1907580000	94.3376700000
2.1911450000	94.3373600000
2.1915320000	94.3370500000
2.1919170000	94.2252600000
2.1923040000	94.2249500000
2.1923060000	94.3364300000
2.1926930000	94.3361300000
2.1930800000	94.3358200000
2.1934670000	94.3355100000
2.1938540000	94.3352000000
2.1942390000	94.2234100000
2.1946260000	94.2231000000
2.1950130000	94.2228000000
2.1953990000	94.1110100000
2.1957860000	94.1107000000
2.1961730000	94.1103900000
2.1965600000	94.1100800000
2.1969470000	94.1097700000
2.1973330000	94.1094700000
2.1977200000	94.1091600000
2.1981070000	94.1088500000
2.1984940000	94.1085400000
2.1988810000	94.1082300000
2.1992680000	94.1079200000
2.1996550000	94.1076200000
2.2000420000	94.1073100000
2.2004280000	93.9955200000
2.2008150000	93.9952100000
2.2012020000	93.9949000000
2.2015890000	93.9945900000
2.2019760000	93.9942900000
2.2023630000	93.9939800000
2.2027500000	93.9936700000
2.2031360000	93.9933600000
2.2035230000	93.9930500000
2.2039100000	93.9927500000
2.2042970000	93.9924400000
2.2046840000	93.9921300000
2.2050710000	93.9918200000
2.2054580000	93.9915100000
2.2058450000	93.9912000000
2.2062320000	93.9909000000
2.2066190000	93.9905900000
2.2070060000	93.9902800000
2.2073930000	93.9899700000
2.2077800000	93.9896600000
2.2081670000	93.9893600000
2.2085540000	93.9890500000
2.2089410000	93.9887400000
2.2093280000	93.9884300000
2.2097150000	93.9881200000
2.2101020000	93.9878200000
2.2104870000	93.8760300000
2.2108740000	93.8757200000
2.2108750000	93.9872000000
2.2112620000	93.9868900000
2.2116490000	93.9865800000
2.2120360000	93.9862700000
2.2124230000	93.9859700000
2.2128100000	93.9856600000
2.2131970000	93.9853500000
2.2135830000	93.8735600000
2.2139700000	93.8732500000
2.2143570000	93.8729400000
2.2147440000	93.8726400000
2.2151310000	93.8723300000
2.2155180000	93.8720200000
2.2159050000	93.8717100000
2.2159060000	93.9831900000
2.2162930000	93.9828900000
2.2166800000	93.9825800000
2.2170670000	93.9822700000
2.2174540000	93.9819600000
2.2178410000	93.9816500000
2.2182280000	93.9813400000
2.2182290000	94.0928300000
2.2186160000	94.0925200000
2.2190030000	94.0922100000
2.2193900000	94.0919000000
2.2197770000	94.0915900000
2.2201640000	94.0912900000
2.2205510000	94.0909800000
2.2209360000	93.9791900000
2.2213230000	93.9788800000
2.2217100000	93.9785700000
2.2220970000	93.9782600000
2.2224840000	93.9779600000
2.2228710000	93.9776500000
2.2232580000	93.9773400000
2.2236450000	93.9770300000
2.2240320000	93.9767200000
2.2244190000	93.9764100000
2.2244200000	94.0879000000
2.2248070000	94.0875900000
2.2251940000	94.0872800000
2.2255810000	94.0869700000
2.2259680000	94.0866600000
2.2263550000	94.0863600000
2.2267420000	94.0860500000
2.2271270000	93.9742600000
2.2275140000	93.9739500000
2.2279010000	93.9736400000
2.2282880000	93.9733300000
2.2286750000	93.9730300000
2.2290620000	93.9727200000
2.2294490000	93.9724100000
2.2298360000	93.9721000000
2.2298370000	94.0835800000
2.2302240000	94.0832700000
2.2306110000	94.0829700000
2.2309970000	93.9711800000
2.2313840000	93.9708700000
2.2317710000	93.9705600000
2.2321580000	93.9702500000
2.2325450000	93.9699400000
2.2329320000	93.9696400000
2.2333190000	93.9693300000
2.2337060000	93.9690200000
2.2340930000	93.9687100000
2.2344790000	93.9684000000
2.2348660000	93.9680900000
2.2348680000	94.0795800000
2.2352550000	94.0792700000
2.2356420000	94.0789600000
2.2360290000	94.0786500000
2.2364160000	94.0783400000
2.2368020000	94.0780400000
2.2371890000	94.0777300000
2.2371910000	94.1892100000
2.2375780000	94.1889000000
2.2379650000	94.1885900000
2.2383500000	94.0768000000
2.2387370000	94.0765000000
2.2391240000	94.0761900000
2.2395100000	93.9644000000
2.2398970000	93.9640900000
2.2402840000	93.9637800000
2.2406710000	93.9634700000
2.2410580000	93.9631600000
2.2414450000	93.9628600000
2.2418320000	93.9625500000
2.2422180000	93.9622400000
2.2426050000	93.9619300000
2.2429920000	93.9616200000
2.2433790000	93.9613200000
2.2437660000	93.9610100000
2.2441530000	93.9607000000
2.2445400000	93.9603900000
2.2449270000	93.9600800000
2.2453140000	93.9597800000
2.2457010000	93.9594700000
2.2460880000	93.9591600000
2.2464750000	93.9588500000
2.2468620000	93.9585400000
2.2472490000	93.9582300000
2.2476360000	93.9579300000
2.2480230000	93.9576200000
2.2484100000	93.9573100000
2.2487970000	93.9570000000
2.2491840000	93.9566900000
2.2495710000	93.9563900000
2.2499570000	93.9560800000
2.2503440000	93.9557700000
2.2507310000	93.9554600000
2.2507330000	94.0669400000
2.2511200000	94.0666400000
2.2515070000	94.0663300000
2.2518940000	94.0660200000
2.2522800000	94.0657100000
2.2526670000	94.0654000000
2.2526690000	94.1768800000
2.2530560000	94.1765800000
2.2534430000	94.1762700000
2.2538300000	94.1759600000
2.2542170000	94.1756500000
2.2546030000	94.1753400000
2.2549900000	94.1750400000
2.2553770000	94.1747300000
2.2557640000	94.1744200000
2.2561510000	94.1741100000
2.2565380000	94.1738000000
2.2569250000	94.1734900000
2.2569260000	94.2849800000
2.2573130000	94.2846700000
2.2577000000	94.2843600000
2.2580870000	94.2840500000
2.2584740000	94.2837400000
2.2588610000	94.2834400000
2.2592480000	94.2831300000
2.2596350000	94.2828200000
2.2600220000	94.2825100000
2.2600230000	94.3939900000
2.2604100000	94.3936900000
2.2607970000	94.3933800000
2.2611840000	94.3930700000
2.2615710000	94.3927600000
2.2619580000	94.3924500000
2.2623450000	94.3921400000
2.2623460000	94.5036300000
2.2627330000	94.5033200000
2.2631200000	94.5030100000
2.2635070000	94.5027000000
2.2638940000	94.5023900000
2.2642810000	94.5020900000
2.2646680000	94.5017800000
2.2650540000	94.3899900000
2.2654410000	94.3896800000
2.2658260000	94.2778900000
2.2658280000	94.3893700000
2.2662150000	94.3890600000
2.2666020000	94.3887500000
2.2669880000	94.3884500000
2.2673750000	94.3881400000
2.2677620000	94.3878300000
2.2681490000	94.3875200000
2.2685350000	94.2757300000
2.2689220000	94.2754200000
2.2693090000	94.2751200000
2.2696960000	94.2748100000
2.2700830000	94.2745000000
2.2704700000	94.2741900000
2.2708570000	94.2738800000
2.2712440000	94.2735800000
2.2716290000	94.1617900000
2.2720160000	94.1614800000
2.2724020000	94.0496900000
2.2727880000	93.9379000000
2.2731730000	93.8261100000
2.2735600000	93.8258000000
2.2739460000	93.7140100000
2.2743310000	93.6022200000
2.2747170000	93.4904300000
2.2751030000	93.3786400000
2.2754880000	93.2668500000
2.2758740000	93.1550600000
2.2762580000	92.9317900000
2.2766440000	92.8200000000
2.2770300000	92.7082100000
2.2774140000	92.4849400000
2.2778000000	92.3731500000
2.2781840000	92.1498800000
2.2785700000	92.0380900000
2.2789530000	91.7033300000
2.2793370000	91.4800600000
2.2797230000	91.3682700000
2.2801070000	91.1450000000
2.2804920000	90.9217300000
2.2804930000	91.0332100000
2.2804940000	91.1446900000
2.2808720000	90.3640100000
2.2812580000	90.2522200000
2.2816410000	89.9174700000
2.2820260000	89.8056800000
2.2824100000	89.4709300000
2.2827930000	89.1361700000
2.2831780000	89.0243800000
2.2835630000	88.8011100000
2.2835650000	89.0240800000
2.2835670000	89.1355600000
2.2839410000	88.0204300000
2.2843250000	87.7971600000
2.2847050000	87.2394400000
2.2850880000	86.9046900000
2.2854690000	86.3469700000
2.2858480000	85.6777800000
2.2862300000	85.2315400000
2.2866090000	84.5623400000
2.2866140000	85.0082700000
2.2866170000	85.2312300000
2.2866180000	85.3427200000
2.2869860000	83.6701800000
2.2873700000	83.4469100000
2.2877490000	82.7777100000
2.2881310000	82.3314800000
2.2885090000	81.5508000000
2.2888850000	80.6586400000
2.2892660000	80.1009200000
2.2896450000	79.4317200000
2.2900240000	78.7625200000
2.2904040000	78.0933200000
2.2907790000	77.0896800000
2.2911550000	76.1975200000
2.2915330000	75.4168400000
2.2919120000	74.7476400000
2.2922920000	74.0784400000
2.2926620000	72.6288700000
2.2930410000	71.9596700000
2.2934180000	71.0675100000
2.2934230000	71.5134400000
2.2934250000	71.7364000000
2.2934270000	71.8478800000
2.2934280000	71.9593700000
2.2937840000	69.2835000000
2.2941680000	69.0602300000
2.2945420000	67.9451000000
2.2949190000	67.0529400000
2.2952920000	65.8263300000
2.2956660000	64.7112100000
2.2960420000	63.8190500000
2.2964120000	62.3694800000
2.2967860000	61.2543500000
2.2971550000	59.6933000000
2.2975280000	58.4666900000
2.2979020000	57.3515700000
2.2982780000	56.4594100000
2.2986580000	55.7902100000
2.2990290000	54.4521200000
2.2993890000	52.1107000000
2.2997630000	50.9955700000
2.3001360000	49.7689600000
2.3005080000	48.5423600000
2.3008820000	47.4272300000
2.3012600000	46.6465500000
2.3016290000	45.0855000000
2.3019970000	43.4129700000
2.3023740000	42.6322900000
2.3023820000	43.3011800000
2.3023860000	43.6356200000
2.3023870000	43.7471000000
2.3023890000	43.8585900000
2.3027410000	40.8482700000
2.3031190000	40.0675900000
2.3034900000	38.7295000000
2.3038630000	37.5029000000
2.3042410000	36.7222200000
2.3046090000	35.1611600000
2.3049830000	34.0460400000
2.3053610000	33.2653600000
2.3053690000	33.9342500000
2.3053730000	34.2686900000
2.3053740000	34.3801800000
2.3053760000	34.4916600000
2.3057260000	31.3698600000
2.3061110000	31.1465900000
2.3061160000	31.5925200000
2.3061180000	31.8154800000
2.3061200000	31.9269600000
2.3064730000	29.0281300000
2.3068550000	28.5819000000
2.3072340000	27.9127000000
2.3076130000	27.2435000000
2.3076180000	27.6894300000
2.3076210000	27.9123900000
2.3076220000	28.0238700000
2.3076230000	28.1353500000
2.3079790000	25.4594800000
2.3083590000	24.7902900000
2.3087360000	24.0096100000
2.3091130000	23.1174400000
2.3091180000	23.5633700000
2.3091220000	23.8978200000
2.3091230000	24.0093000000
2.3091250000	24.1207800000
2.3095010000	23.2286200000
2.3095030000	23.3401000000
2.3098580000	20.6642300000
2.3102430000	20.4409600000
2.3106190000	19.5488000000
2.3109990000	18.8796000000
2.3113790000	18.3218800000
2.3113880000	19.1022600000
2.3113930000	19.5481800000
2.3113960000	19.7711500000
2.3113970000	19.8826300000
2.3117490000	16.8723100000
2.3121340000	16.6490400000
2.3121370000	16.9834900000
2.3121390000	17.0949700000
2.3121400000	17.2064500000
2.3125090000	15.6454000000
2.3125140000	16.0913300000
2.3125170000	16.3142900000
2.3125180000	16.4257700000
2.3128870000	14.8647200000
2.3132690000	14.4184800000
2.3136490000	13.8607700000
2.3140290000	13.3030500000
2.3144090000	12.6338500000
2.3147900000	12.1876200000
2.3151710000	11.6299000000
2.3151750000	11.9643500000
2.3151760000	12.0758300000
2.3151770000	12.1873100000
2.3155500000	10.9607000000
2.3159330000	10.6259500000
2.3159360000	10.8489100000
2.3159370000	10.9603900000
2.3159380000	11.0718800000
2.3163120000	9.9567510000
2.3166970000	9.7334790000
2.3170790000	9.2872440000
2.3174620000	8.9524910000
2.3178450000	8.6177380000
2.3178490000	8.9521830000
2.3178510000	9.1751460000
2.3178520000	9.2866280000
2.3182230000	7.8370580000
2.3186090000	7.8367500000
2.3186110000	7.9482320000
2.3186120000	8.0597130000
2.3189890000	7.1675520000
2.3189910000	7.3905150000
2.3189930000	7.5019970000
2.3193720000	6.8327980000
2.3197560000	6.6095270000
2.3201420000	6.4977370000
2.3201440000	6.7207000000
2.3201460000	6.8321820000
2.3205220000	5.9400210000
2.3209080000	5.8282310000
2.3212910000	5.4934770000
2.3212940000	5.7164410000
2.3212950000	5.8279230000
2.3216730000	5.0472430000
2.3220580000	4.9354530000
2.3220600000	5.0469340000
2.3220610000	5.1584160000
2.3224410000	4.6007000000
2.3228280000	4.6003910000
2.3228300000	4.7118730000
2.3232130000	4.3771200000
2.3236000000	4.3768120000
2.3239820000	3.9305770000
2.3243670000	3.8187870000
2.3243680000	3.9302690000
2.3247500000	3.4840340000
2.3251370000	3.4837260000
2.3251380000	3.5952070000
2.3255220000	3.2604540000
2.3259070000	3.1486640000
2.3262930000	3.0368750000
2.3266790000	2.9250850000
2.3270640000	2.8132950000
2.3274500000	2.7015050000
2.3278350000	2.5897150000
2.3282210000	2.4779260000
2.3282220000	2.5894070000
2.3286050000	2.2546540000
2.3289920000	2.2543460000
2.3293780000	2.1425560000
2.3297640000	2.0307660000
2.3301490000	1.9189760000
2.3305360000	1.9186680000
2.3309220000	1.8068780000
2.3313080000	1.6950890000
2.3316950000	1.6947810000
2.3320800000	1.5829910000
2.3324660000	1.4712010000
2.3328530000	1.4708930000
2.3332390000	1.3591030000
2.3336260000	1.3587950000
2.3340110000	1.2470050000
2.3343980000	1.2466970000
2.3347840000	1.1349070000
2.3351710000	1.1345990000
2.3355560000	1.0228090000
2.3359430000	1.0225010000
2.3363300000	1.0221930000
2.3367160000	0.9104030000
2.3371030000	0.9100949000
2.3374900000	0.9097867000
2.3378750000	0.7979969000
2.3382620000	0.7976888000
2.3386480000	0.6858990000
2.3390350000	0.6855908000
2.3394210000	0.5738010000
2.3398080000	0.5734929000
2.3401930000	0.4617031000
2.3405800000	0.4613949000
2.3409670000	0.4610868000
2.3413540000	0.4607787000
2.3417400000	0.3489888000
2.3421270000	0.3486807000
2.3425140000	0.3483726000
2.3429010000	0.3480644000
2.3432860000	0.2362746000
2.3436730000	0.2359665000
2.3440600000	0.2356584000
2.3444470000	0.2353502000
2.3448340000	0.2350421000
2.3452210000	0.2347340000
2.3456070000	0.1229442000
2.3459940000	0.1226360000
2.3463810000	0.1223279000
2.3467680000	0.1220198000
2.3471550000	0.1217116000
2.3475410000	0.1214035000
2.3479280000	0.1210954000
2.3483150000	0.1207872000
2.3487020000	0.1204791000
2.3490890000	0.1201710000
2.3494760000	0.1198628000
2.3498630000	0.1195547000
2.3502500000	0.1192466000
2.3506370000	0.1189385000
2.3510240000	0.1186303000
2.3514100000	0.0068405020
2.3517970000	0.0065323710
2.3521840000	0.0062242400
2.3525710000	0.0059161100
2.3529580000	0.0056079790
2.3533440000	0.0052998480
2.3537310000	0.0049917170
2.3541180000	0.0046835870
2.3545050000	0.0043754560
2.3548920000	0.0040673250
2.3552790000	0.0037591950
2.3556660000	0.0034510640
2.3560530000	0.0031429330
2.3564390000	-0.1086469000
2.3568260000	-0.1089550000
2.3568270000	0.0025266720
2.3572140000	0.0022185410
2.3576010000	0.0019104100
2.3579880000	0.0016022800
2.3583750000	0.0012941490
2.3587620000	0.0009860183
2.3591490000	0.0006778876
2.3595360000	0.0003697568
2.3599210000	-0.1114201000
2.3603080000	-0.1117282000
2.3603100000	-0.0002465046
2.3606970000	-0.0005546353
2.3610830000	-0.0008627660
2.3614700000	-0.0011708970
2.3618570000	-0.0014790270
2.3622440000	-0.0017871580
2.3626310000	-0.0020952890
2.3630180000	-0.0024034200
2.3634050000	-0.0027115500
2.3637920000	-0.0030196810
2.3641790000	-0.0033278120
2.3645660000	-0.0036359420
2.3649530000	-0.0039440730
2.3653400000	-0.0042522040
2.3657270000	-0.0045603340
2.3661140000	-0.0048684650
2.3665010000	-0.0051765960
2.3668880000	-0.0054847270
2.3672750000	-0.0057928570
2.3676600000	-0.1175827000
2.3676620000	-0.0061009880
2.3680490000	-0.0064091190
2.3684360000	-0.0067172490
2.3688220000	-0.0070253800
2.3692090000	-0.0073335110
2.3695960000	-0.0076416420
2.3699830000	-0.0079497720
2.3703700000	-0.0082579030
2.3707570000	-0.0085660340
2.3711440000	-0.0088741640
2.3715310000	-0.0091822950
2.3719180000	-0.0094904260
2.3723050000	-0.0097985560
2.3726920000	-0.0101066900
2.3730790000	-0.0104148200
2.3734660000	-0.0107229500
2.3738530000	-0.0110310800
2.3742400000	-0.0113392100
2.3746270000	-0.0116473400
2.3750140000	-0.0119554700
2.3754010000	-0.0122636000
2.3757880000	-0.0125717300
2.3761750000	-0.0128798600
2.3765610000	-0.0131879900
2.3769480000	-0.0134961200
2.3773350000	-0.0138042600
2.3777220000	-0.0141123900
2.3781090000	-0.0144205200
2.3784960000	-0.0147286500
2.3788830000	-0.0150367800
2.3792700000	-0.0153449100
2.3796570000	-0.0156530400
2.3800440000	-0.0159611700
2.3804310000	-0.0162693000
2.3808180000	-0.0165774300
2.3812050000	-0.0168855600
2.3815920000	-0.0171936900
2.3819790000	-0.0175018200
2.3823660000	-0.0178099500
2.3827530000	-0.0181180900
2.3831400000	-0.0184262200
2.3835270000	-0.0187343500
2.3839140000	-0.0190424800
2.3843000000	-0.0193506100
2.3846870000	-0.0196587400
2.3850740000	-0.0199668700
2.3854610000	-0.0202750000
2.3858480000	-0.0205831300
2.3862350000	-0.0208912600
2.3866220000	-0.0211993900
2.3870090000	-0.0215075200
2.3873960000	-0.0218156500
2.3877830000	-0.0221237800
2.3881700000	-0.0224319200
2.3885570000	-0.0227400500
2.3889440000	-0.0230481800
2.3893310000	-0.0233563100
2.3897180000	-0.0236644400
2.3901050000	-0.0239725700
2.3904920000	-0.0242807000
2.3908790000	-0.0245888300
2.3912660000	-0.0248969600
2.3916530000	-0.0252050900
2.3920400000	-0.0255132200
2.3924260000	-0.0258213500
2.3928130000	-0.0261294800
2.3932000000	-0.0264376100
2.3935870000	-0.0267457500
2.3939740000	-0.0270538800
2.3943610000	-0.0273620100
2.3947480000	-0.0276701400
2.3951350000	-0.0279782700
2.3955220000	-0.0282864000
2.3959090000	-0.0285945300
2.3962960000	-0.0289026600
2.3966830000	-0.0292107900
2.3970700000	-0.0295189200
2.3974570000	-0.0298270500
2.3978440000	-0.0301351800
2.3982310000	-0.0304433100
2.3986180000	-0.0307514400
2.3990050000	-0.0310595800
2.3993920000	-0.0313677100
2.3997790000	-0.0316758400
2.3997800000	0.0798058500
2.4001670000	0.0794977200
2.4005540000	0.0791895900
2.4009410000	0.0788814600
2.4013280000	0.0785733300
2.4017130000	-0.0332164900
2.4021000000	-0.0335246200
2.4024870000	-0.0338327500
2.4028740000	-0.0341408800
2.4032610000	-0.0344490100
2.4036480000	-0.0347571400
2.4040350000	-0.0350652700
2.4040360000	0.0764164200
2.4044230000	0.0761082800
2.4048090000	-0.0356815400
2.4051960000	-0.0359896700
2.4055830000	-0.0362978000
2.4059700000	-0.0366059300
2.4063570000	-0.0369140600
2.4067440000	-0.0372221900
2.4071310000	-0.0375303200
2.4075180000	-0.0378384500
2.4079040000	-0.0381465800
2.4082910000	-0.0384547100
2.4086780000	-0.0387628400
2.4090650000	-0.0390709700
2.4094520000	-0.0393791000
2.4098390000	-0.0396872400
2.4102260000	-0.0399953700
2.4106130000	-0.0403035000
2.4110000000	-0.0406116300
2.4110010000	0.0708700600
2.4113880000	0.0705619300
2.4117750000	0.0702538000
2.4121620000	0.0699456700
2.4125490000	0.0696375400
2.4129360000	0.0693294100
2.4133230000	0.0690212800
2.4137100000	0.0687131500
2.4140970000	0.0684050200
2.4144840000	0.0680968900
2.4148710000	0.0677887600
2.4152580000	0.0674806200
2.4156450000	0.0671724900
2.4160320000	0.0668643600
2.4164190000	0.0665562300
2.4168060000	0.0662481000
2.4171930000	0.0659399700
2.4175800000	0.0656318400
2.4179660000	0.0653237100
2.4183530000	0.0650155800
2.4187400000	0.0647074500
2.4191270000	0.0643993200
2.4195140000	0.0640911900
2.4199010000	0.0637830600
2.4202880000	0.0634749300
2.4206750000	0.0631667900
2.4210620000	0.0628586600
2.4214490000	0.0625505300
2.4218360000	0.0622424000
2.4222230000	0.0619342700
2.4226100000	0.0616261400
2.4229970000	0.0613180100
2.4233840000	0.0610098800
2.4237710000	0.0607017500
2.4241580000	0.0603936200
2.4245450000	0.0600854900
2.4249320000	0.0597773600
2.4253170000	-0.0520124600
2.4257040000	-0.0523205900
2.4257050000	0.0591611000
2.4260920000	0.0588529600
2.4264790000	0.0585448300
2.4268660000	0.0582367000
2.4272530000	0.0579285700
2.4276400000	0.0576204400
2.4280270000	0.0573123100
2.4284140000	0.0570041800
2.4288010000	0.0566960500
2.4291880000	0.0563879200
2.4295750000	0.0560797900
2.4299620000	0.0557716600
2.4303490000	0.0554635300
2.4307360000	0.0551554000
2.4311230000	0.0548472700
2.4315100000	0.0545391400
2.4318970000	0.0542310000
2.4322840000	0.0539228700
2.4326710000	0.0536147400
2.4330580000	0.0533066100
2.4334450000	0.0529984800
2.4338310000	0.0526903500
2.4342180000	0.0523822200
2.4346050000	0.0520740900
2.4349920000	0.0517659600
2.4353790000	0.0514578300
2.4357660000	0.0511497000
2.4361530000	0.0508415700
2.4365400000	0.0505334400
2.4369270000	0.0502253100
2.4373140000	0.0499171700
2.4377010000	0.0496090400
2.4380880000	0.0493009100
2.4384750000	0.0489927800
2.4388620000	0.0486846500
2.4392490000	0.0483765200
2.4396360000	0.0480683900
2.4400230000	0.0477602600
2.4404100000	0.0474521300
2.4407970000	0.0471440000
2.4411840000	0.0468358700
2.4415700000	0.0465277400
2.4419570000	0.0462196100
2.4423440000	0.0459114800
2.4427310000	0.0456033400
2.4431180000	0.0452952100
2.4435050000	0.0449870800
2.4438920000	0.0446789500
2.4442790000	0.0443708200
2.4446660000	0.0440626900
2.4450530000	0.0437545600
2.4454400000	0.0434464300
2.4458270000	0.0431383000
2.4462140000	0.0428301700
2.4466010000	0.0425220400
2.4469880000	0.0422139100
2.4473750000	0.0419057800
2.4477620000	0.0415976500
2.4481490000	0.0412895100
2.4485360000	0.0409813800
2.4489230000	0.0406732500
2.4493090000	0.0403651200
2.4496960000	0.0400569900
2.4500830000	0.0397488600
2.4504700000	0.0394407300
2.4508570000	0.0391326000
2.4512440000	0.0388244700
2.4516310000	0.0385163400
2.4516320000	0.1499980000
2.4520190000	0.1496899000
2.4524060000	0.1493818000
2.4527930000	0.1490736000
2.4531800000	0.1487655000
2.4535660000	0.0369756800
2.4539530000	0.0366675500
2.4543400000	0.0363594200
2.4547270000	0.0360512900
2.4551140000	0.0357431600
2.4551150000	0.1472249000
2.4555020000	0.1469167000
2.4558880000	0.0351269000
2.4562750000	0.0348187700
2.4566620000	0.0345106400
2.4570480000	0.0342025100
2.4574350000	0.0338943800
2.4578220000	0.0335862500
2.4582090000	0.0332781200
2.4582110000	0.1447598000
2.4585980000	0.1444517000
2.4589850000	0.1441435000
2.4593710000	0.1438354000
2.4597580000	0.1435273000
2.4601450000	0.1432192000
2.4605320000	0.1429110000
2.4609190000	0.1426029000
2.4613050000	0.0308130700
2.4616920000	0.0305049400
2.4616930000	0.1419866000
2.4620800000	0.1416785000
2.4624670000	0.1413704000
2.4628530000	0.0295805500
2.4632400000	0.0292724200
2.4632410000	0.1407541000
2.4636280000	0.1404460000
2.4640150000	0.1401378000
2.4644020000	0.1398297000
2.4647880000	0.0280398900
2.4651740000	0.0277317600
2.4655610000	0.0274236300
2.4659480000	0.0271155000
2.4663350000	0.0268073700
2.4663370000	0.1382891000
2.4667240000	0.1379809000
2.4671100000	0.1376728000
2.4674970000	0.1373647000
2.4678840000	0.1370565000
2.4682700000	0.0252667200
2.4686570000	0.0249585900
2.4690440000	0.0246504600
2.4694310000	0.0243423300
2.4698180000	0.0240342000
2.4702050000	0.0237260600
2.4705920000	0.0234179300
2.4709790000	0.0231098000
2.4713660000	0.0228016700
2.4717530000	0.0224935400
2.4721400000	0.0221854100
2.4725270000	0.0218772800
2.4729130000	0.0215691500
2.4733000000	0.0212610200
2.4736870000	0.0209528900
2.4740740000	0.0206447600
2.4740760000	0.1321264000
2.4744630000	0.1318183000
2.4748500000	0.1315102000
2.4752360000	0.1312021000
2.4756230000	0.1308939000
2.4760100000	0.1305858000
2.4763970000	0.1302777000
2.4767840000	0.1299695000
2.4771710000	0.1296614000
2.4775580000	0.1293533000
2.4779450000	0.1290451000
2.4783320000	0.1287370000
2.4787190000	0.1284289000
2.4791060000	0.1281207000
2.4794930000	0.1278126000
2.4798800000	0.1275045000
2.4802670000	0.1271964000
2.4806540000	0.1268882000
2.4810410000	0.1265801000
2.4814280000	0.1262720000
2.4818150000	0.1259638000
2.4822020000	0.1256557000
2.4825890000	0.1253476000
2.4829750000	0.1250394000
2.4833620000	0.1247313000
2.4837490000	0.1244232000
2.4841360000	0.1241150000
2.4845230000	0.1238069000
2.4849100000	0.1234988000
2.4852970000	0.1231907000
2.4856840000	0.1228825000
2.4860710000	0.1225744000
2.4864580000	0.1222663000
2.4868450000	0.1219581000
2.4872320000	0.1216500000
2.4876190000	0.1213419000
2.4880060000	0.1210337000
2.4883930000	0.1207256000
2.4887800000	0.1204175000
2.4891670000	0.1201093000
2.4895540000	0.1198012000
2.4899410000	0.1194931000
2.4903280000	0.1191850000
2.4907140000	0.1188768000
2.4911010000	0.1185687000
2.4914880000	0.1182606000
2.4914880000	0.1182606000
