1.9000000	0.0000000
1.9006206	0.0000000
1.9012412	0.0000000
1.9018618	0.0000000
1.9024825	0.0000000
1.9031031	0.0000000
1.9037237	0.0000000
1.9043443	0.0000000
1.9049649	0.0000000
1.9055856	0.0000000
1.9062062	0.0000000
1.9068268	0.0000000
1.9074474	0.0000000
1.9080680	0.0000000
1.9086887	0.0000000
1.9093093	0.0000000
1.9099299	0.0000000
1.9105505	0.0000000
1.9111711	0.0000000
1.9117918	0.0000000
1.9124124	0.0000000
1.9130330	0.0000000
1.9136536	0.0000000
1.9142743	0.0000000
1.9148949	0.0000000
1.9155155	0.0000000
1.9161361	0.0000000
1.9167567	0.0000000
1.9173774	0.0000000
1.9179980	0.0000000
1.9186186	0.0000000
1.9192392	0.0000000
1.9198598	0.0000000
1.9204805	0.0000000
1.9211011	0.0000000
1.9217217	0.0000000
1.9223423	0.0000000
1.9229629	0.0000000
1.9235836	0.0000000
1.9242042	0.0000000
1.9248248	0.0000000
1.9254454	0.0000000
1.9260660	0.0000000
1.9266867	0.0000000
1.9273073	0.0000000
1.9279279	0.0000000
1.9285485	0.0000000
1.9291691	0.0000000
1.9297898	0.0000000
1.9304104	0.0000000
1.9310310	0.0000000
1.9316516	0.0000000
1.9322722	0.0000000
1.9328929	0.0000000
1.9335135	0.0000000
1.9341341	0.0000000
1.9347547	0.0000000
1.9353754	0.0000000
1.9359960	0.0000000
1.9366166	0.0000000
1.9372372	0.0000000
1.9378578	0.0000000
1.9384785	0.0000000
1.9390991	0.0000000
1.9397197	0.0000000
1.9403403	0.0000000
1.9409609	0.0000000
1.9415816	5.3055338e-17
1.9422022	1.0611068e-16
1.9428228	2.1222135e-16
1.9434434	4.2444270e-16
1.9440640	8.4888541e-16
1.9446847	1.6977708e-15
1.9453053	3.5016523e-15
1.9459259	7.1094153e-15
1.9465465	1.4218831e-14
1.9471671	2.8119329e-14
1.9477878	5.5389773e-14
1.9484084	1.0807372e-13
1.9490290	2.0935636e-13
1.9496496	4.0237168e-13
1.9502702	7.6739241e-13
1.9508909	1.4521777e-12
1.9515115	2.7267260e-12
1.9521321	5.0801547e-12
1.9527527	9.3913254e-12
1.9533733	1.7226538e-11
1.9539940	3.1353901e-11
1.9546146	5.6624795e-11
1.9552352	1.0147215e-10
1.9558558	1.8043187e-10
1.9564765	3.1835198e-10
1.9570971	5.5735513e-10
1.9577177	9.6825238e-10
1.9583383	1.6690885e-09
1.9589589	2.8550026e-09
1.9595796	4.8458761e-09
1.9602002	8.1616715e-09
1.9608208	1.3640471e-08
1.9614414	2.2621718e-08
1.9620620	3.7228064e-08
1.9626827	6.0794837e-08
1.9633033	9.8518363e-08
1.9639239	1.5842543e-07
1.9645445	2.5280923e-07
1.9651651	4.0033588e-07
1.9657858	6.2910486e-07
1.9664064	9.8105199e-07
1.9670270	1.5182215e-06
1.9676476	2.3316116e-06
1.9682682	3.5535239e-06
1.9688889	5.3746284e-06
1.9695095	8.0672994e-06
1.9701301	1.2017193e-05
1.9707507	1.7765514e-05
1.9713713	2.6064985e-05
1.9719920	3.7953109e-05
1.9726126	5.4847010e-05
1.9732332	7.8664730e-05
1.9738538	0.00011197852
1.9744745	0.00015820614
1.9750951	0.00022184651
1.9757157	0.00030876607
1.9763363	0.00042654182
1.9769569	0.00058486626
1.9775776	0.00079601751
1.9781982	0.0010753960
1.9788188	0.0014421256
1.9794394	0.0019197127
1.9800600	0.0025367520
1.9806807	0.0033276615
1.9813013	0.0043334213
1.9819219	0.0056022864
1.9825425	0.0071904320
1.9831631	0.0091624858
1.9837838	0.011591896
1.9844044	0.014561077
1.9850250	0.018161272
1.9856456	0.022492082
1.9862662	0.027660597
1.9868869	0.033780100
1.9875075	0.040968299
1.9881281	0.049345091
1.9887487	0.059029855
1.9893693	0.070138317
1.9899900	0.082779058
1.9906106	0.097049740
1.9912312	0.11303319
1.9918518	0.13079348
1.9924724	0.15037216
1.9930931	0.17178479
1.9937137	0.19501807
1.9943343	0.22002755
1.9949549	0.24673623
1.9955756	0.27503410
1.9961962	0.30477875
1.9968168	0.33579702
1.9974374	0.36788777
1.9980580	0.40082567
1.9986787	0.43436586
1.9992993	0.46824940
1.9999199	0.50220925
2.0005405	0.53597655
2.0011611	0.56928701
2.0017818	0.60188708
2.0024024	0.63353972
2.0030230	0.66402957
2.0036436	0.69316718
2.0042642	0.72079245
2.0048849	0.74677685
2.0055055	0.77102466
2.0061261	0.79347308
2.0067467	0.81409138
2.0073673	0.83287909
2.0079880	0.84986340
2.0086086	0.86509607
2.0092292	0.87864977
2.0098498	0.89061423
2.0104704	0.90109231
2.0110911	0.91019615
2.0117117	0.91804346
2.0123323	0.92475421
2.0129529	0.93044764
2.0135736	0.93523981
2.0141942	0.93924149
2.0148148	0.94255666
2.0154354	0.94528140
2.0160560	0.94750316
2.0166767	0.94930047
2.0172973	0.95074292
2.0179179	0.95189143
2.0185385	0.95279866
2.0191591	0.95350965
2.0197798	0.95406243
2.0204004	0.95448881
2.0210210	0.95481510
2.0216416	0.95506282
2.0222622	0.95524940
2.0228829	0.95538882
2.0235035	0.95549218
2.0241241	0.95556819
2.0247447	0.95562366
2.0253653	0.95566381
2.0259860	0.95569265
2.0266066	0.95571320
2.0272272	0.95572772
2.0278478	0.95573790
2.0284684	0.95574499
2.0290891	0.95574988
2.0297097	0.95575323
2.0303303	0.95575550
2.0309509	0.95575704
2.0315715	0.95575806
2.0321922	0.95575874
2.0328128	0.95575919
2.0334334	0.95575948
2.0340540	0.95575967
2.0346747	0.95575980
2.0352953	0.95575987
2.0359159	0.95575992
2.0365365	0.95575995
2.0371571	0.95575997
2.0377778	0.95575998
2.0383984	0.95575999
2.0390190	0.95576000
2.0396396	0.95576000
2.0402602	0.95576000
2.0408809	0.95576000
2.0415015	0.95576000
2.0421221	0.95576000
2.0427427	0.95576000
2.0433633	0.95576000
2.0439840	0.95576000
2.0446046	0.95576000
2.0452252	0.95576000
2.0458458	0.95576000
2.0464664	0.95576000
2.0470871	0.95576000
2.0477077	0.95576000
2.0483283	0.95576000
2.0489489	0.95576000
2.0495695	0.95576000
2.0501902	0.95576000
2.0508108	0.95576000
2.0514314	0.95576000
2.0520520	0.95576000
2.0526727	0.95576000
2.0532933	0.95576000
2.0539139	0.95576000
2.0545345	0.95576000
2.0551551	0.95576000
2.0557758	0.95576000
2.0563964	0.95576000
2.0570170	0.95576000
2.0576376	0.95576000
2.0582582	0.95576000
2.0588789	0.95576000
2.0594995	0.95576000
2.0601201	0.95576000
2.0607407	0.95576000
2.0613613	0.95576000
2.0619820	0.95576000
2.0626026	0.95576000
2.0632232	0.95576000
2.0638438	0.95576000
2.0644644	0.95576000
2.0650851	0.95576000
2.0657057	0.95576000
2.0663263	0.95576000
2.0669469	0.95576000
2.0675675	0.95576000
2.0681882	0.95576000
2.0688088	0.95576000
2.0694294	0.95576000
2.0700500	0.95576000
2.0706706	0.95576000
2.0712913	0.95576000
2.0719119	0.95576000
2.0725325	0.95576000
2.0731531	0.95576000
2.0737738	0.95576000
2.0743944	0.95576000
2.0750150	0.95576000
2.0756356	0.95576000
2.0762562	0.95576000
2.0768769	0.95576000
2.0774975	0.95576000
2.0781181	0.95576000
2.0787387	0.95576000
2.0793593	0.95576000
2.0799800	0.95576000
2.0806006	0.95576000
2.0812212	0.95576000
2.0818418	0.95576000
2.0824624	0.95576000
2.0830831	0.95576000
2.0837037	0.95576000
2.0843243	0.95576000
2.0849449	0.95576000
2.0855655	0.95576000
2.0861862	0.95576000
2.0868068	0.95576000
2.0874274	0.95576000
2.0880480	0.95576000
2.0886686	0.95576000
2.0892893	0.95576000
2.0899099	0.95576000
2.0905305	0.95576000
2.0911511	0.95576000
2.0917717	0.95576000
2.0923924	0.95576000
2.0930130	0.95576000
2.0936336	0.95576000
2.0942542	0.95576000
2.0948749	0.95576000
2.0954955	0.95576000
2.0961161	0.95576000
2.0967367	0.95576000
2.0973573	0.95576000
2.0979780	0.95576000
2.0985986	0.95576000
2.0992192	0.95576000
2.0998398	0.95576000
2.1004604	0.95576000
2.1010811	0.95576000
2.1017017	0.95576000
2.1023223	0.95576000
2.1029429	0.95576000
2.1035635	0.95576000
2.1041842	0.95576000
2.1048048	0.95576000
2.1054254	0.95576000
2.1060460	0.95576000
2.1066666	0.95576000
2.1072873	0.95576000
2.1079079	0.95576000
2.1085285	0.95576000
2.1091491	0.95576000
2.1097697	0.95576000
2.1103904	0.95576000
2.1110110	0.95576000
2.1116316	0.95576000
2.1122522	0.95576000
2.1128729	0.95576000
2.1134935	0.95576000
2.1141141	0.95576000
2.1147347	0.95576000
2.1153553	0.95576000
2.1159760	0.95576000
2.1165966	0.95576000
2.1172172	0.95576000
2.1178378	0.95576000
2.1184584	0.95576000
2.1190791	0.95576000
2.1196997	0.95576000
2.1203203	0.95576000
2.1209409	0.95576000
2.1215615	0.95576000
2.1221822	0.95576000
2.1228028	0.95576000
2.1234234	0.95576000
2.1240440	0.95576000
2.1246646	0.95576000
2.1252853	0.95576000
2.1259059	0.95576000
2.1265265	0.95576000
2.1271471	0.95576000
2.1277677	0.95576000
2.1283884	0.95576000
2.1290090	0.95576000
2.1296296	0.95576000
2.1302502	0.95576000
2.1308708	0.95576000
2.1314915	0.95576000
2.1321121	0.95576000
2.1327327	0.95576000
2.1333533	0.95576000
2.1339740	0.95576000
2.1345946	0.95576000
2.1352152	0.95576000
2.1358358	0.95576000
2.1364564	0.95576000
2.1370771	0.95576000
2.1376977	0.95576000
2.1383183	0.95576000
2.1389389	0.95576000
2.1395595	0.95576000
2.1401802	0.95576000
2.1408008	0.95576000
2.1414214	0.95576000
2.1420420	0.95576000
2.1426626	0.95576000
2.1432833	0.95576000
2.1439039	0.95576000
2.1445245	0.95576000
2.1451451	0.95576000
2.1457657	0.95576000
2.1463864	0.95576000
2.1470070	0.95576000
2.1476276	0.95576000
2.1482482	0.95576000
2.1488688	0.95576000
2.1494895	0.95576000
2.1501101	0.95576000
2.1507307	0.95576000
2.1513513	0.95576000
2.1519720	0.95576000
2.1525926	0.95576000
2.1532132	0.95576000
2.1538338	0.95576000
2.1544544	0.95576000
2.1550751	0.95576000
2.1556957	0.95576000
2.1563163	0.95576000
2.1569369	0.95576000
2.1575575	0.95576000
2.1581782	0.95576000
2.1587988	0.95576000
2.1594194	0.95576000
2.1600400	0.95576000
2.1606606	0.95576000
2.1612813	0.95576000
2.1619019	0.95576000
2.1625225	0.95576000
2.1631431	0.95576000
2.1637637	0.95576000
2.1643844	0.95576000
2.1650050	0.95576000
2.1656256	0.95576000
2.1662462	0.95576000
2.1668668	0.95576000
2.1674875	0.95576000
2.1681081	0.95576000
2.1687287	0.95576000
2.1693493	0.95576000
2.1699699	0.95576000
2.1705906	0.95576000
2.1712112	0.95576000
2.1718318	0.95576000
2.1724524	0.95576000
2.1730731	0.95576000
2.1736937	0.95576000
2.1743143	0.95576000
2.1749349	0.95576000
2.1755555	0.95576000
2.1761762	0.95576000
2.1767968	0.95576000
2.1774174	0.95576000
2.1780380	0.95576000
2.1786586	0.95576000
2.1792793	0.95576000
2.1798999	0.95576000
2.1805205	0.95576000
2.1811411	0.95576000
2.1817617	0.95576000
2.1823824	0.95576000
2.1830030	0.95576000
2.1836236	0.95576000
2.1842442	0.95576000
2.1848648	0.95576000
2.1854855	0.95576000
2.1861061	0.95576000
2.1867267	0.95576000
2.1873473	0.95576000
2.1879679	0.95576000
2.1885886	0.95576000
2.1892092	0.95576000
2.1898298	0.95576000
2.1904504	0.95576000
2.1910710	0.95576000
2.1916917	0.95576000
2.1923123	0.95576000
2.1929329	0.95576000
2.1935535	0.95576000
2.1941742	0.95576000
2.1947948	0.95576000
2.1954154	0.95576000
2.1960360	0.95576000
2.1966566	0.95576000
2.1972773	0.95576000
2.1978979	0.95576000
2.1985185	0.95576000
2.1991391	0.95576000
2.1997597	0.95576000
2.2003804	0.95576000
2.2010010	0.95576000
2.2016216	0.95576000
2.2022422	0.95576000
2.2028628	0.95576000
2.2034835	0.95576000
2.2041041	0.95576000
2.2047247	0.95576000
2.2053453	0.95576000
2.2059659	0.95576000
2.2065866	0.95576000
2.2072072	0.95576000
2.2078278	0.95576000
2.2084484	0.95576000
2.2090690	0.95576000
2.2096897	0.95576000
2.2103103	0.95576000
2.2109309	0.95576000
2.2115515	0.95576000
2.2121722	0.95576000
2.2127928	0.95576000
2.2134134	0.95576000
2.2140340	0.95576000
2.2146546	0.95576000
2.2152753	0.95576000
2.2158959	0.95576000
2.2165165	0.95576000
2.2171371	0.95576000
2.2177577	0.95576000
2.2183784	0.95576000
2.2189990	0.95576000
2.2196196	0.95576000
2.2202402	0.95576000
2.2208608	0.95576000
2.2214815	0.95576000
2.2221021	0.95576000
2.2227227	0.95576000
2.2233433	0.95576000
2.2239639	0.95576000
2.2245846	0.95576000
2.2252052	0.95576000
2.2258258	0.95576000
2.2264464	0.95576000
2.2270670	0.95576000
2.2276877	0.95576000
2.2283083	0.95576000
2.2289289	0.95576000
2.2295495	0.95576000
2.2301701	0.95576000
2.2307908	0.95576000
2.2314114	0.95576000
2.2320320	0.95576000
2.2326526	0.95576000
2.2332733	0.95576000
2.2338939	0.95576000
2.2345145	0.95576000
2.2351351	0.95576000
2.2357557	0.95576000
2.2363764	0.95576000
2.2369970	0.95576000
2.2376176	0.95576000
2.2382382	0.95576000
2.2388588	0.95576000
2.2394795	0.95576000
2.2401001	0.95576000
2.2407207	0.95576000
2.2413413	0.95576000
2.2419619	0.95576000
2.2425826	0.95576000
2.2432032	0.95576000
2.2438238	0.95576000
2.2444444	0.95576000
2.2450650	0.95576000
2.2456857	0.95576000
2.2463063	0.95576000
2.2469269	0.95576000
2.2475475	0.95576000
2.2481681	0.95576000
2.2487888	0.95576000
2.2494094	0.95576000
2.2500300	0.95576000
2.2506506	0.95576000
2.2512713	0.95576000
2.2518919	0.95576000
2.2525125	0.95576000
2.2531331	0.95576000
2.2537537	0.95576000
2.2543744	0.95576000
2.2549950	0.95576000
2.2556156	0.95576000
2.2562362	0.95576000
2.2568568	0.95576000
2.2574775	0.95576000
2.2580981	0.95576000
2.2587187	0.95576000
2.2593393	0.95576000
2.2599599	0.95576000
2.2605806	0.95576000
2.2612012	0.95576000
2.2618218	0.95576000
2.2624424	0.95576000
2.2630630	0.95576000
2.2636837	0.95576000
2.2643043	0.95576000
2.2649249	0.95576000
2.2655455	0.95576000
2.2661661	0.95576000
2.2667868	0.95576000
2.2674074	0.95576000
2.2680280	0.95576000
2.2686486	0.95576000
2.2692692	0.95576000
2.2698899	0.95576000
2.2705105	0.95576000
2.2711311	0.95576000
2.2717517	0.95576000
2.2723724	0.95576000
2.2729930	0.95576000
2.2736136	0.95576000
2.2742342	0.95576000
2.2748548	0.95576000
2.2754755	0.95576000
2.2760961	0.95576000
2.2767167	0.95576000
2.2773373	0.95576000
2.2779579	0.95576000
2.2785786	0.95576000
2.2791992	0.95576000
2.2798198	0.95576000
2.2804404	0.95576000
2.2810610	0.95576000
2.2816817	0.95576000
2.2823023	0.95576000
2.2829229	0.95576000
2.2835435	0.95576000
2.2841641	0.95576000
2.2847848	0.95576000
2.2854054	0.95576000
2.2860260	0.95576000
2.2866466	0.95576000
2.2872672	0.95576000
2.2878879	0.95576000
2.2885085	0.95576000
2.2891291	0.95576000
2.2897497	0.95576000
2.2903703	0.95576000
2.2909910	0.95576000
2.2916116	0.95576000
2.2922322	0.95576000
2.2928528	0.95576000
2.2934735	0.95576000
2.2940941	0.95576000
2.2947147	0.95576000
2.2953353	0.95576000
2.2959559	0.95576000
2.2965766	0.95576000
2.2971972	0.95576000
2.2978178	0.95576000
2.2984384	0.95576000
2.2990590	0.95576000
2.2996797	0.95576000
2.3003003	0.95576000
2.3009209	0.95576000
2.3015415	0.95576000
2.3021621	0.95576000
2.3027828	0.95576000
2.3034034	0.95576000
2.3040240	0.95576000
2.3046446	0.95576000
2.3052652	0.95576000
2.3058859	0.95576000
2.3065065	0.95576000
2.3071271	0.95576000
2.3077477	0.95576000
2.3083683	0.95576000
2.3089890	0.95576000
2.3096096	0.95576000
2.3102302	0.95576000
2.3108508	0.95576000
2.3114715	0.95576000
2.3120921	0.95576000
2.3127127	0.95576000
2.3133333	0.95576000
2.3139539	0.95576000
2.3145746	0.95576000
2.3151952	0.95576000
2.3158158	0.95576000
2.3164364	0.95576000
2.3170570	0.95576000
2.3176777	0.95576000
2.3182983	0.95576000
2.3189189	0.95576000
2.3195395	0.95576000
2.3201601	0.95576000
2.3207808	0.95576000
2.3214014	0.95576000
2.3220220	0.95576000
2.3226426	0.95576000
2.3232632	0.95576000
2.3238839	0.95576000
2.3245045	0.95576000
2.3251251	0.95576000
2.3257457	0.95576000
2.3263663	0.95576000
2.3269870	0.95576000
2.3276076	0.95576000
2.3282282	0.95576000
2.3288488	0.95576000
2.3294694	0.95576000
2.3300901	0.95576000
2.3307107	0.95576000
2.3313313	0.95576000
2.3319519	0.95576000
2.3325726	0.95576000
2.3331932	0.95576000
2.3338138	0.95576000
2.3344344	0.95576000
2.3350550	0.95576000
2.3356757	0.95576000
2.3362963	0.95576000
2.3369169	0.95576000
2.3375375	0.95576000
2.3381581	0.95576000
2.3387788	0.95576000
2.3393994	0.95576000
2.3400200	0.95576000
2.3406406	0.95576000
2.3412612	0.95576000
2.3418819	0.95576000
2.3425025	0.95576000
2.3431231	0.95576000
2.3437437	0.95576000
2.3443643	0.95576000
2.3449850	0.95576000
2.3456056	0.95576000
2.3462262	0.95576000
2.3468468	0.95576000
2.3474674	0.95576000
2.3480881	0.95576000
2.3487087	0.95576000
2.3493293	0.95576000
2.3499499	0.95576000
2.3505706	0.95576000
2.3511912	0.95576000
2.3518118	0.95576000
2.3524324	0.95576000
2.3530530	0.95576000
2.3536737	0.95576000
2.3542943	0.95576000
2.3549149	0.95576000
2.3555355	0.95576000
2.3561561	0.95576000
2.3567768	0.95576000
2.3573974	0.95576000
2.3580180	0.95576000
2.3586386	0.95576000
2.3592592	0.95576000
2.3598799	0.95576000
2.3605005	0.95576000
2.3611211	0.95575999
2.3617417	0.95575999
2.3623623	0.95575998
2.3629830	0.95575997
2.3636036	0.95575995
2.3642242	0.95575991
2.3648448	0.95575986
2.3654654	0.95575977
2.3660861	0.95575964
2.3667067	0.95575943
2.3673273	0.95575911
2.3679479	0.95575861
2.3685685	0.95575787
2.3691892	0.95575674
2.3698098	0.95575507
2.3704304	0.95575258
2.3710510	0.95574893
2.3716717	0.95574361
2.3722923	0.95573591
2.3729129	0.95572487
2.3735335	0.95570916
2.3741541	0.95568696
2.3747748	0.95565587
2.3753954	0.95561265
2.3760160	0.95555306
2.3766366	0.95547153
2.3772572	0.95536087
2.3778779	0.95521188
2.3784985	0.95501284
2.3791191	0.95474906
2.3797397	0.95440223
2.3803603	0.95394981
2.3809810	0.95336433
2.3816016	0.95261264
2.3822222	0.95165517
2.3828428	0.95044524
2.3834634	0.94892836
2.3840841	0.94704170
2.3847047	0.94471366
2.3853253	0.94186368
2.3859459	0.93840233
2.3865665	0.93423168
2.3871872	0.92924609
2.3878078	0.92333346
2.3884284	0.91637681
2.3890490	0.90825649
2.3896696	0.89885278
2.3902903	0.88804892
2.3909109	0.87573453
2.3915315	0.86180938
2.3921521	0.84618723
2.3927728	0.82879980
2.3933934	0.80960058
2.3940140	0.78856834
2.3946346	0.76571020
2.3952552	0.74106400
2.3958759	0.71469990
2.3964965	0.68672109
2.3971171	0.65726336
2.3977377	0.62649368
2.3983583	0.59460765
2.3989790	0.56182595
2.3995996	0.52838981
2.4002202	0.49455573
2.4008408	0.46058957
2.4014614	0.42676034
2.4020821	0.39333381
2.4027027	0.36056625
2.4033233	0.32869854
2.4039439	0.29795096
2.4045645	0.26851861
2.4051852	0.24056794
2.4058058	0.21423414
2.4064264	0.18961979
2.4070470	0.16679447
2.4076676	0.14579546
2.4082883	0.12662932
2.4089089	0.10927434
2.4095295	0.093683590
2.4101501	0.079788423
2.4107708	0.067502320
2.4113914	0.056724818
2.4120120	0.047345403
2.4126326	0.039247230
2.4132532	0.032310546
2.4138739	0.026415726
2.4144945	0.021445882
2.4151151	0.017288991
2.4157357	0.013839554
2.4163563	0.010999796
2.4169770	0.0086804368
2.4175976	0.0068010831
2.4182182	0.0052902982
2.4188388	0.0040854000
2.4194594	0.0031320514
2.4200801	0.0023836979
2.4207007	0.0018009035
2.4213213	0.0013506286
2.4219419	0.0010054899
2.4225625	0.00074302985
2.4231832	0.00054502015
2.4238038	0.00039681500
2.4244244	0.00028676404
2.4250450	0.00020569072
2.4256656	0.00014643699
2.4262863	0.00010347275
2.4269069	7.2566077e-05
2.4275275	5.0508851e-05
2.4281481	3.4891650e-05
2.4287687	2.3921586e-05
2.4293894	1.6276740e-05
2.4300100	1.0991289e-05
2.4306306	7.3659485e-06
2.4312512	4.8989474e-06
2.4318719	3.2334519e-06
2.4324925	2.1179477e-06
2.4331131	1.3767184e-06
2.4337337	8.8807996e-07
2.4343543	5.6850241e-07
2.4349750	3.6114550e-07
2.4355956	2.2766604e-07
2.4362162	1.4242201e-07
2.4368368	8.8412895e-08
2.4374574	5.4464138e-08
2.4380781	3.3293484e-08
2.4386987	2.0195686e-08
2.4393193	1.2156428e-08
2.4399399	7.2610391e-09
2.4405605	4.3036252e-09
2.4411812	2.5311075e-09
2.4418018	1.4771509e-09
2.4424224	8.5541132e-10
2.4430430	4.9153999e-10
2.4436636	2.8026854e-10
2.4442843	1.5856946e-10
2.4449049	8.9020968e-11
2.4455255	4.9589657e-11
2.4461461	2.7410298e-11
2.4467667	1.5033442e-11
2.4473874	8.1813453e-12
2.4480080	4.4178119e-12
2.4486286	2.3670639e-12
2.4492492	1.2584196e-12
2.4498699	6.6382839e-13
2.4504905	3.4745941e-13
2.4511111	1.8044120e-13
2.4517317	9.2952952e-14
2.4523523	4.7537583e-14
2.4529730	2.4087123e-14
2.4535936	1.2149672e-14
2.4542142	6.0483085e-15
2.4548348	2.9710989e-15
2.4554554	1.4855495e-15
2.4560761	7.4277473e-16
2.4566967	3.1833203e-16
2.4573173	1.5916601e-16
2.4579379	1.0611068e-16
2.4585585	0.0000000
2.4591792	0.0000000
2.4597998	0.0000000
2.4604204	0.0000000
2.4610410	0.0000000
2.4616616	0.0000000
2.4622823	0.0000000
2.4629029	0.0000000
2.4635235	0.0000000
2.4641441	0.0000000
2.4647647	0.0000000
2.4653854	0.0000000
2.4660060	0.0000000
2.4666266	0.0000000
2.4672472	0.0000000
2.4678678	0.0000000
2.4684885	0.0000000
2.4691091	0.0000000
2.4697297	0.0000000
2.4703503	0.0000000
2.4709710	0.0000000
2.4715916	0.0000000
2.4722122	0.0000000
2.4728328	0.0000000
2.4734534	0.0000000
2.4740741	0.0000000
2.4746947	0.0000000
2.4753153	0.0000000
2.4759359	0.0000000
2.4765565	0.0000000
2.4771772	0.0000000
2.4777978	0.0000000
2.4784184	0.0000000
2.4790390	0.0000000
2.4796596	0.0000000
2.4802803	0.0000000
2.4809009	0.0000000
2.4815215	0.0000000
2.4821421	0.0000000
2.4827627	0.0000000
2.4833834	0.0000000
2.4840040	0.0000000
2.4846246	0.0000000
2.4852452	0.0000000
2.4858658	0.0000000
2.4864865	0.0000000
2.4871071	0.0000000
2.4877277	0.0000000
2.4883483	0.0000000
2.4889689	0.0000000
2.4895896	0.0000000
2.4902102	0.0000000
2.4908308	0.0000000
2.4914514	0.0000000
2.4920721	0.0000000
2.4926927	0.0000000
2.4933133	0.0000000
2.4939339	0.0000000
2.4945545	0.0000000
2.4951752	0.0000000
2.4957958	0.0000000
2.4964164	0.0000000
2.4970370	0.0000000
2.4976576	0.0000000
2.4982783	0.0000000
2.4988989	0.0000000
2.4995195	0.0000000
2.5001401	0.0000000
2.5007607	0.0000000
2.5013814	0.0000000
2.5020020	0.0000000
2.5026226	0.0000000
2.5032432	0.0000000
2.5038638	0.0000000
2.5044845	0.0000000
2.5051051	0.0000000
2.5057257	0.0000000
2.5063463	0.0000000
2.5069669	0.0000000
2.5075876	0.0000000
2.5082082	0.0000000
2.5088288	0.0000000
2.5094494	0.0000000
2.5100701	0.0000000
2.5106907	0.0000000
2.5113113	0.0000000
2.5119319	0.0000000
2.5125525	0.0000000
2.5131732	0.0000000
2.5137938	0.0000000
2.5144144	0.0000000
2.5150350	0.0000000
2.5156556	0.0000000
2.5162763	0.0000000
2.5168969	0.0000000
2.5175175	0.0000000
2.5181381	0.0000000
2.5187587	0.0000000
2.5193794	0.0000000
2.5200000	0.0000000
