#Wavelength(nm) Transmission
350		0.001190931
350.5		0.00068963
351		0.001189998
351.5		0.001877156
352		0.001136442
352.5		0.001401667
353		0.001959546
353.5		0.00174631
354		0.001811136
354.5		0.000872821
355		0.001335922
355.5		0.00111929
356		0.001334297
356.5		0.001132039
357		0.001544407
357.5		0.001344775
358		0.002439077
358.5		0.001546199
359		0.002317364
359.5		0.000992592
360		0.001548149
360.5		0.001548442
361		0.000944031
361.5		0.001283349
362		0.002236901
362.5		0.002047851
363		0.002325911
363.5		0.000854122
364		0.001552573
364.5		0.000935534
365		0.001689855
365.5		0.002297015
366		0.000683448
366.5		0.002524434
367		0.000339572
367.5		0.001840451
368		0.000640472
368.5		0.000228072
369		0.001767187
369.5		0.000109869
370		0.000394927
370.5		0.002239827
371		0.002168936
371.5		0.002232267
372		0.002671853
372.5		0.004077137
373		0.004561498
373.5		0.008228854
374		0.013112923
374.5		0.024233602
375		0.044999443
375.5		0.082072176
376		0.145927236
376.5		0.260986835
377		0.452859193
377.5		0.759618759
378		1.248730302
378.5		1.956487417
379		2.973155975
379.5		4.390960693
380		6.235129356
380.5		8.59910965
381		11.44234085
381.5		14.71326542
382		18.34326744
382.5		22.2427845
383		26.31748962
383.5		30.56590271
384		34.63758087
384.5		38.68283463
385		42.45031738
385.5		45.9324913
386		49.20298386
386.5		52.11088181
387		54.7177124
387.5		57.10490799
388		59.17395401
388.5		60.97492981
389		62.59383011
389.5		64.03244781
390		65.32846832
390.5		66.4339447
391		67.44042969
391.5		68.3457489
392		69.12932587
392.5		69.82952118
393		70.46337891
393.5		71.07082367
394		71.6275177
394.5		72.09889221
395		72.50675201
395.5		72.92838287
396		73.3254776
396.5		73.66383362
397		74.02620697
397.5		74.34194946
398		74.6452713
398.5		74.93598175
399		75.2188797
399.5		75.46469116
400		75.71470642
400.5		75.91510773
401		76.1701889
401.5		76.35875702
402		76.54750824
402.5		76.73233795
403		76.92060089
403.5		77.09149933
404		77.2651062
404.5		77.42188263
405		77.59502411
405.5		77.71947479
406		77.86886597
406.5		77.98709869
407		78.11906433
407.5		78.24817657
408		78.34107971
408.5		78.42727661
409		78.53395081
409.5		78.63160706
410		78.72149658
410.5		78.79842377
411		78.87051392
411.5		78.93934631
412		79.00022888
412.5		79.0541687
413		79.10342407
413.5		79.15441132
414		79.20077515
414.5		79.22770691
415		79.28269196
415.5		79.30732727
416		79.35735321
416.5		79.40419769
417		79.45341492
417.5		79.51370239
418		79.54438019
418.5		79.58847809
419		79.64757538
419.5		79.66107941
420		79.66840363
420.5		79.68971252
421		79.69796753
421.5		79.69011688
422		79.68493652
422.5		79.64360809
423		79.67707062
423.5		79.64723969
424		79.57125092
424.5		79.55817413
425		79.50920105
425.5		79.46077728
426		79.43753052
426.5		79.37820435
427		79.33563232
427.5		79.29136658
428		79.24263763
428.5		79.20100403
429		79.13903809
429.5		79.07926178
430		79.0398941
430.5		78.97385406
431		78.91230011
431.5		78.85530853
432		78.77523041
432.5		78.69898987
433		78.61769104
433.5		78.52441406
434		78.46363831
434.5		78.34304047
435		78.26279449
435.5		78.15898895
436		78.05911255
436.5		77.98509216
437		77.87546539
437.5		77.7956543
438		77.70388794
438.5		77.62458038
439		77.53175354
439.5		77.42274475
440		77.35636139
440.5		77.26490784
441		77.14750671
441.5		77.02807617
442		76.9256897
442.5		76.79341888
443		76.65423584
443.5		76.5124054
444		76.3751297
444.5		76.22207642
445		76.05338287
445.5		75.88272858
446		75.73027039
446.5		75.53770447
447		75.35453796
447.5		75.15914917
448		74.96017456
448.5		74.75418091
449		74.52497864
449.5		74.30843353
450		74.07641602
450.5		73.8602829
451		73.6526413
451.5		73.4233017
452		73.21029663
452.5		73.01509857
453		72.78461456
453.5		72.582901
454		72.35832214
454.5		72.15752411
455		71.91506958
455.5		71.70049286
456		71.44125366
456.5		71.19281769
457		70.91161346
457.5		70.64391327
458		70.33210754
458.5		70.0250473
459		69.69960785
459.5		69.3926239
460		69.03887939
460.5		68.69231415
461		68.32331085
461.5		67.94929504
462		67.55648804
462.5		67.14293671
463		66.74669647
463.5		66.31185913
464		65.85409546
464.5		65.38604736
465		64.88441467
465.5		64.37474823
466		63.81478882
466.5		63.25811768
467		62.66930771
467.5		62.06320953
468		61.44313812
468.5		60.80535507
469		60.14781189
469.5		59.47816467
470		58.78376389
470.5		58.09729004
471		57.41687012
471.5		56.72178268
472		55.99865341
472.5		55.30836105
473		54.57733154
473.5		53.8521843
474		53.13516235
474.5		52.37601471
475		51.64573288
475.5		50.9190979
476		50.16150665
476.5		49.39008331
477		48.63081741
477.5		47.86668015
478		47.10332108
478.5		46.31966782
479		45.56961441
479.5		44.76101685
480		43.97419739
480.5		43.1873436
481		42.38645554
481.5		41.58885956
482		40.80279922
482.5		39.98477936
483		39.20676041
483.5		38.41182709
484		37.61472702
484.5		36.84725571
485		36.0572052
485.5		35.28695679
486		34.51999283
486.5		33.76067352
487		33.01993561
487.5		32.29627609
488		31.56943893
488.5		30.86584473
489		30.17393875
489.5		29.50319862
490		28.83062744
490.5		28.17329216
491		27.54945374
491.5		26.93482018
492		26.32121086
492.5		25.74675751
493		25.16630363
493.5		24.61133385
494		24.08431435
494.5		23.54051971
495		23.0478096
495.5		22.55972481
496		22.08304405
496.5		21.62613678
497		21.1842308
497.5		20.75571823
498		20.32149506
498.5		19.89101791
499		19.4687748
499.5		19.04973221
500		18.61493301
500.5		18.19305229
501		17.74962616
501.5		17.3069725
502		16.85318756
502.5		16.37598801
503		15.90761375
503.5		15.43394279
504		14.94701099
504.5		14.47405243
505		13.98432541
505.5		13.51279163
506		13.05313301
506.5		12.59315586
507		12.15857983
507.5		11.72822189
508		11.30656815
508.5		10.910285
509		10.52681637
509.5		10.15825748
510		9.814853668
510.5		9.480935097
511		9.150234222
511.5		8.840752602
512		8.529755592
512.5		8.234342575
513		7.952643871
513.5		7.669174671
514		7.39888382
514.5		7.128241539
515		6.864009857
515.5		6.604869843
516		6.347425461
516.5		6.102743149
517		5.85759449
517.5		5.615401268
518		5.38891983
518.5		5.156366348
519		4.932483196
519.5		4.720544338
520		4.507156849
520.5		4.308933258
521		4.107953072
521.5		3.914051056
522		3.730541468
522.5		3.55762887
523		3.388067007
523.5		3.223989248
524		3.067620754
524.5		2.917911053
525		2.776194096
525.5		2.640544891
526		2.512291908
526.5		2.391056776
527		2.277125835
527.5		2.170695305
528		2.068593502
528.5		1.97639358
529		1.888394713
529.5		1.805805445
530		1.731033444
530.5		1.658714414
531		1.592131138
531.5		1.531370044
532		1.475508809
532.5		1.425877213
533		1.377410769
533.5		1.333615541
534		1.293794513
534.5		1.256781101
535		1.225167155
535.5		1.194953442
536		1.167917848
536.5		1.143485069
537		1.121748567
537.5		1.101833582
538		1.084969401
538.5		1.068955421
539		1.056008935
539.5		1.047977328
540		1.036952496
540.5		1.030732632
541		1.027190685
541.5		1.023627877
542		1.023851991
542.5		1.025954127
543		1.031114459
543.5		1.036427736
544		1.044174194
544.5		1.055858493
545		1.067498326
545.5		1.082537532
546		1.105589747
546.5		1.124201775
547		1.149372339
547.5		1.174058437
548		1.202042222
548.5		1.234205484
549		1.266725779
549.5		1.303040385
550		1.340047717
550.5		1.38329649
551		1.423818827
551.5		1.467371106
552		1.511956453
552.5		1.558232903
553		1.603392482
553.5		1.65069437
554		1.695884705
554.5		1.738748908
555		1.782095075
555.5		1.821636558
556		1.861081123
556.5		1.892751217
557		1.923221707
557.5		1.952766299
558		1.972477913
558.5		1.990277648
559		2.0026443
559.5		2.01377058
560		2.016822815
560.5		2.017266989
561		2.009736538
561.5		2.001529932
562		1.986880183
562.5		1.96879971
563		1.946645975
563.5		1.918904662
564		1.890330553
564.5		1.857162476
565		1.821934819
565.5		1.777629137
566		1.736610413
566.5		1.688166499
567		1.638822317
567.5		1.589765906
568		1.534520507
568.5		1.481508851
569		1.4201684
569.5		1.367321014
570		1.307380319
570.5		1.25062418
571		1.190333486
571.5		1.131899714
572		1.071773171
572.5		1.013497829
573		0.953620017
573.5		0.898135245
574		0.842751861
574.5		0.788767815
575		0.736278951
575.5		0.686622262
576		0.637142897
576.5		0.589569449
577		0.546936572
577.5		0.504540741
578		0.466278613
578.5		0.429112375
579		0.393854678
579.5		0.362032712
580		0.330096334
580.5		0.30235517
581		0.274196386
581.5		0.250709057
582		0.228133798
582.5		0.208804041
583		0.187609226
583.5		0.172709972
584		0.157603085
584.5		0.143362507
585		0.129566163
585.5		0.118904144
586		0.108060055
586.5		0.102002136
587		0.092565738
587.5		0.086843967
588		0.07890559
588.5		0.074397154
589		0.070304319
589.5		0.066085786
590		0.061729766
590.5		0.059556846
591		0.057463087
591.5		0.053323817
592		0.052532002
592.5		0.051973674
593		0.049205363
593.5		0.049188007
594		0.046060123
594.5		0.047308624
595		0.045032151
595.5		0.046345241
596		0.046395246
596.5		0.046769153
597		0.047173183
597.5		0.045900796
598		0.045750909
598.5		0.046074253
599		0.046676219
599.5		0.047142975
600		0.048377119
600.5		0.047128372
601		0.047277067
601.5		0.04731309
602		0.048270725
602.5		0.047754984
603		0.047812805
603.5		0.047396023
604		0.047485616
604.5		0.047343634
605		0.047776014
605.5		0.048583753
606		0.046746228
606.5		0.046664312
607		0.047227442
607.5		0.046092786
608		0.046215437
608.5		0.044952769
609		0.045491442
609.5		0.044112846
610		0.044305667
610.5		0.04322499
611		0.042200867
611.5		0.042184941
612		0.041518208
612.5		0.04104631
613		0.041463137
613.5		0.040137429
614		0.038757864
614.5		0.039133344
615		0.038061716
615.5		0.038190715
616		0.037142895
616.5		0.034609474
617		0.036573403
617.5		0.034348596
618		0.03496968
618.5		0.032835275
619		0.032387007
619.5		0.031694219
620		0.030753214
620.5		0.031593319
621		0.030181546
621.5		0.02860821
622		0.028282054
622.5		0.027810853
623		0.026650809
623.5		0.025638636
624		0.02564049
624.5		0.02307372
625		0.022051664
625.5		0.022989681
626		0.02115619
626.5		0.021001371
627		0.019757818
627.5		0.01666104
628		0.017774424
628.5		0.019015515
629		0.016000308
629.5		0.016879886
630		0.01567794
630.5		0.01412063
631		0.013379693
631.5		0.013956578
632		0.012148509
632.5		0.013198929
633		0.011663729
633.5		0.013845851
634		0.011235463
634.5		0.011249616
635		0.010820978
635.5		0.009744555
636		0.008534063
636.5		0.006977875
637		0.008312867
637.5		0.008847589
638		0.009166544
638.5		0.008424776
639		0.00747739
639.5		0.006333635
640		0.006662075
640.5		0.007132768
641		0.006630623
641.5		0.005581148
642		0.004745462
642.5		0.005153019
643		0.006731474
643.5		0.005214658
644		0.005075541
644.5		0.006176015
645		0.004802885
645.5		0.004186649
646		0.004880006
646.5		0.004186989
647		0.003989459
647.5		0.003734733
648		0.003675972
648.5		0.005135422
649		0.003429138
649.5		0.003304578
650		0.004517658
650.5		0.00392858
651		0.005703828
651.5		0.004367879
652		0.004388279
652.5		0.005195456
653		0.006231284
653.5		0.003890059
654		0.004843893
654.5		0.003526505
655		0.002797074
655.5		0.004972761
656		0.004191343
656.5		0.00435098
657		0.005648843
657.5		0.004613292
658		0.005740718
658.5		0.00493164
659		0.005537292
659.5		0.005118525
660		0.004889485
660.5		0.005566782
661		0.005046376
661.5		0.004361075
662		0.005744134
662.5		0.005730174
663		0.006530332
663.5		0.006454766
664		0.007121918
664.5		0.005643691
665		0.006647127
665.5		0.008082968
666		0.007178214
666.5		0.009283199
667		0.007974421
667.5		0.008806713
668		0.009644869
668.5		0.009967022
669		0.008304495
669.5		0.010635954
670		0.009774068
670.5		0.009014546
671		0.011160866
671.5		0.012134598
672		0.012290718
672.5		0.012516649
673		0.014076101
673.5		0.013361928
674		0.013016286
674.5		0.014872813
675		0.016268412
675.5		0.016982693
676		0.01680351
676.5		0.016760457
677		0.017044505
677.5		0.018435022
678		0.018428223
678.5		0.018941758
679		0.021101531
679.5		0.021575641
680		0.02255542
680.5		0.022068132
681		0.021883171
681.5		0.023868877
682		0.024490545
682.5		0.024883496
683		0.025079476
683.5		0.026177485
684		0.026427308
684.5		0.025894184
685		0.026783969
685.5		0.026656428
686		0.028880429
686.5		0.027859274
687		0.029229129
687.5		0.02908574
688		0.029047668
688.5		0.028527938
689		0.02886072
689.5		0.028744003
690		0.029866572
690.5		0.028950494
691		0.028973807
691.5		0.029370066
692		0.029423114
692.5		0.029072477
693		0.028496262
693.5		0.02844614
694		0.029264426
694.5		0.02880558
695		0.028289791
695.5		0.027769245
696		0.026727332
696.5		0.027468206
697		0.026148243
697.5		0.026063424
698		0.025644336
698.5		0.025606392
699		0.023707999
699.5		0.024347426
700		0.023703121
700.5		0.023046114
701		0.022842418
701.5		0.021313973
702		0.021203285
702.5		0.020507397
703		0.019009121
703.5		0.020120934
704		0.019108854
704.5		0.017112894
705		0.016347289
705.5		0.018345544
706		0.016539468
706.5		0.016526731
707		0.015334257
707.5		0.013342781
708		0.014619822
708.5		0.012729106
709		0.013737088
709.5		0.013609285
710		0.012729222
710.5		0.013210505
711		0.008974818
711.5		0.011308217
712		0.010821345
712.5		0.009646088
713		0.008098936
713.5		0.009774369
714		0.008683379
714.5		0.008771194
715		0.007323087
715.5		0.007800661
716		0.008009787
716.5		0.006704803
717		0.006844161
717.5		0.006586525
718		0.007445554
718.5		0.005358541
719		0.005538371
719.5		0.006621312
720		0.002979995
720.5		0.004572896
721		0.00601928
721.5		0.003928708
722		0.004633775
722.5		0.003709613
723		0.003734495
723.5		0.003899087
724		0.004107487
724.5		0.003113575
725		0.00353428
725.5		0.004031234
726		0.003647028
726.5		0.00311553
727		0.003834675
727.5		0.001589276
728		0.002653897
728.5		0.001591082
729		0.001590276
729.5		0.001108579
730		0.002215897
730.5		0.001659322
731		0.002070517
731.5		0.00259301
732		0.00125601
732.5		0.002547414
733		0.001799126
733.5		0.002359055
734		0.001450061
734.5		0.001319617
735		0.001129212
735.5		0.00139306
736		-4.25E-05
736.5		-0.000199361
737		0.001244976
737.5		0.001664564
738		0.002075421
738.5		0.000601689
739		-0.000149111
739.5		-0.000305932
740		0.000772247
740.5		0.001944171
741		0.001033621
741.5		-0.000176071
742		7.49E-05
742.5		0.000661085
743		0.000378675
743.5		0.001737508
744		-0.000622547
744.5		0.000124304
745		-0.000888083
745.5		-0.000123604
746		-7.41E-05
746.5		0.001535199
747		0.000298785
747.5		5.39E-06
748		0.00082967
748.5		0.001104716
749		0.000295008
749.5		0.000937364
750		-0.000357011
750.5		0.000510438
751		-0.000332427
751.5		0.000975306
752		-0.001157284
752.5		-0.000451101
753		-0.000189362
753.5		0.000598978
754		0.00017838
754.5		-0.000872216
755		-0.001526882
755.5		0.000481013
756		-0.000956623
756.5		0.000505367
757		0.00080755
757.5		-8.47E-05
758		-0.000378824
758.5		-0.000402769
759		-0.000990354
759.5		0.000186668
760		9.00E-05
760.5		-0.000472582
761		0.000321992
761.5		-0.000310411
762		-0.000469025
762.5		-0.000281978
763		0.000264898
763.5		0.000752241
764		-0.002213678
764.5		-0.000205336
765		-0.000497806
765.5		-0.00058872
766		-0.00047225
766.5		-1.92E-06
767		-0.000588841
767.5		-0.001548268
768		-0.001864362
768.5		0.000946822
769		0.000870902
769.5		-0.000519128
770		-0.000473058
770.5		-0.000778312
771		-0.000519107
771.5		-0.001191496
772		8.58E-05
772.5		-0.001088428
773		0.001694708
773.5		-0.001494674
774		0.000363946
774.5		0.002049939
775		-0.00023617
775.5		0.000933008
776		0.000617362
776.5		-0.001029954
777		-0.000231979
777.5		0.000236452
778		-5.98E-05
778.5		-0.00114511
779		-0.000814328
779.5		-0.000667482
780		0.000348385
780.5		-0.000211363
781		-9.27E-05
781.5		0.000447289
782		0.00092794
782.5		-0.001213847
783		-2.14E-05
783.5		0.0003243
784		-0.000123778
784.5		0.000477189
785		0.000258113
785.5		-0.000102927
786		-0.000963024
786.5		3.15E-06
787		-0.000872256
787.5		0.000549203
788		-0.001377605
788.5		0.000211044
789		-0.001383302
789.5		-0.001066032
790		-0.00081274
790.5		0.000436175
791		-0.000789901
791.5		-0.000380272
792		-0.000764592
792.5		-0.000618395
793		6.54E-05
793.5		-0.000711115
794		3.52E-05
794.5		-0.00096746
795		-0.000778442
795.5		-0.001878715
796		-0.000317983
796.5		0.00105402
797		-0.000872008
797.5		-0.000225326
798		0.000509631
798.5		0.000270451
799		-0.000433159
799.5		-0.001300912
800		-0.000444503
800.5		0.001065195
801		0.00077405
801.5		0.000626264
802		-3.26E-05
802.5		-0.001134993
803		-0.00114493
803.5		8.88E-05
804		-0.001018315
804.5		0.000343403
805		-0.000214411
805.5		-0.000431186
806		-0.000580166
806.5		0.00010791
807		-0.001658605
807.5		-0.00068653
808		-0.001269343
808.5		-0.000571117
809		-0.000369374
809.5		-0.001396293
810		-0.00017709
810.5		-0.000923067
811		0.000653777
811.5		0.000343572
812		-0.000220719
812.5		-0.000584066
813		-0.001094379
813.5		0.00093662
814		0.000430076
814.5		-0.001024104
815		-0.001195455
815.5		-0.000468729
816		-0.000746557
816.5		-8.11E-05
817		-0.000239783
817.5		-0.000473328
818		-0.000211967
818.5		-0.001750846
819		0.000240044
819.5		0.000210644
820		0.000466724
820.5		-0.00067092
821		7.68E-05
821.5		-0.000236361
822		-0.000540874
822.5		0.000814418
823		-3.76E-05
823.5		-0.000918608
824		0.000180603
824.5		0.000619787
825		-0.00167953
825.5		-0.000478398
826		0.000196335
826.5		-0.0001231
827		-0.001808738
827.5		0.000503886
828		4.20E-05
828.5		-0.000337561
829		-0.001078534
829.5		-0.001171977
830		-0.000796846
830.5		-0.000308476
831		0.000416337
831.5		0.002102678
832		0.000446377
832.5		-0.000823907
833		-0.00052905
833.5		0.000231846
834		-0.00084103
834.5		-0.000281335
835		5.52E-06
835.5		-0.000463205
836		-0.000177338
836.5		-0.000230567
837		-0.001296025
837.5		-0.00080843
838		-0.00105668
838.5		0.000425596
839		-0.000386529
839.5		-0.000921536
840		0.000233303
840.5		0.000503997
841		-0.00016415
841.5		-2.96E-05
842		0.000309494
842.5		-0.001023075
843		0.00090825
843.5		0.00090614
844		-0.001953481
844.5		-0.000230143
845		-0.000363171
845.5		-0.000767441
846		-0.001232871
846.5		-0.000772123
847		-0.000711688
847.5		-0.000179723
848		-0.000446537
848.5		-0.000126259
849		-0.000586694
849.5		0.001095778
850		0.0003126
850.5		0.000112062
851		-0.000614376
851.5		-0.001474854
852		0.000154267
852.5		-0.000181026
853		0.000473439
853.5		7.71E-05
854		-0.000878214
854.5		-6.21E-05
855		-0.000455669
855.5		-0.000145873
856		-0.000866495
856.5		-0.000685428
857		-0.000368351
857.5		-0.000112842
858		-0.000689555
858.5		-0.000192914
859		-0.000141066
859.5		-8.18E-05
860		0.000293356
860.5		-0.001067246
861		-0.000170541
861.5		-0.000114132
862		-0.000556437
862.5		-0.000253251
863		-0.00032664
863.5		0.00036442
864		-0.001935185
864.5		-0.000476881
865		-0.000805388
865.5		-0.001268634
866		-0.000565241
866.5		-0.000865133
867		0.000378647
867.5		0.00100551
868		-0.001948203
868.5		-0.001134571
869		-1.06E-05
869.5		-0.000395489
870		-0.001097027
870.5		-0.000525308
871		0.000293266
871.5		-8.60E-05
872		-2.43E-05
872.5		0.000547111
873		0.000483718
873.5		-0.000785257
874		0.000100405
874.5		0.0001663
875		3.88E-05
875.5		0.000802722
876		-0.000773006
876.5		-0.000264661
877		-0.000508491
877.5		0.000123075
878		-0.000561771
878.5		-0.000968233
879		-0.000950724
879.5		-5.15E-05
880		0.000407282
880.5		-0.000476389
881		0.00061098
881.5		-0.000954408
882		-0.000496621
882.5		-0.001235508
883		-0.001925983
883.5		-0.000228976
884		-0.001670626
884.5		0.001294036
885		0.000143803
885.5		-1.65E-05
886		-0.000984621
886.5		7.64E-05
887		0.000151092
887.5		0.000170162
888		0.00130736
888.5		-0.002249245
889		-0.000605403
889.5		0.000109141
890		0.000322051
890.5		-0.000104626
891		-0.001720601
891.5		5.80E-05
892		0.000470852
892.5		-0.000771367
893		-0.001034012
893.5		-0.001382021
894		-0.001276071
894.5		-0.001098015
895		-0.002748121
895.5		-0.001493922
896		-0.002538139
896.5		-0.001992498
897		7.83E-05
897.5		-0.003108034
898		0.001039364
898.5		0.001221859
899		-0.001381658
899.5		-0.003283692
900		-0.004452247
900.5		-0.002810283
901		-0.004672117
901.5		-0.00091615
902		-0.004392855
902.5		-0.002586088
903		-0.001272948
903.5		-0.005728792
904		-0.00327152
904.5		-0.003815819
905		-0.001815334
905.5		-0.002591301
906		-0.006508981
906.5		-0.006230303
907		-0.007565721
907.5		-0.001712862
908		0.00176102
908.5		-0.002379471
909		-0.003284493
909.5		-0.004083068
910		-0.005355019
910.5		-0.004700828
911		-0.007648213
911.5		-0.004334817
912		-0.005090728
912.5		-0.005649781
913		-0.002127907
913.5		-0.005603302
914		-0.004079693
914.5		-0.003613042
915		-0.003385143
915.5		-0.00602684
916		-0.003175858
916.5		-0.003221156
917		-0.003405421
917.5		-0.004020935
918		-0.005581927
918.5		-0.00466069
919		-0.004479722
919.5		-0.004394907
920		-0.003496379
920.5		-0.000910791
921		-0.004811393
921.5		-0.005778029
922		-0.003648191
922.5		-0.005360474
923		-0.002901306
923.5		-0.004813192
924		-0.005852003
924.5		-0.007938133
925		-0.00031896
925.5		-0.00349213
926		-0.005434137
926.5		-0.001295628
927		-0.000745901
927.5		-0.008865187
928		-0.001711635
928.5		-0.002746468
929		-0.004420562
929.5		-0.004192278
930		-0.003414586
930.5		-0.001041515
931		-0.001738634
931.5		-0.004233239
932		-0.008931675
932.5		-0.008803169
933		-0.004276309
933.5		-0.005167505
934		-0.002213851
934.5		-0.006083916
935		-0.002720873
935.5		-0.000625259
936		1.33E-05
936.5		-0.004000188
937		-0.002182706
937.5		-0.004953027
938		-0.002564385
938.5		-0.001206129
939		-0.005043588
939.5		-0.00747499
940		-0.006301417
940.5		-0.00111264
941		-0.004357862
941.5		-0.008977635
942		-0.00765743
942.5		-0.00405552
943		-0.006104825
943.5		-0.000782325
944		-0.001489115
944.5		-0.006442253
945		-0.00484574
945.5		-0.001439363
946		-0.001381876
946.5		-0.003706283
947		-0.006844931
947.5		-0.001049906
948		-0.007496896
948.5		-0.003115868
949		-0.004072421
949.5		-0.002105146
950		-0.003772135
950.5		-0.004284791
951		-0.006564564
951.5		-0.002368808
952		-0.001729462
952.5		-0.008208407
953		-0.004829924
953.5		-0.005463472
954		0.000517286
954.5		-0.004975912
955		-0.007498732
955.5		-0.002371965
956		-0.006990779
956.5		-0.006421059
957		-0.005625253
957.5		-0.001349834
958		-0.004852989
958.5		-0.002421674
959		-0.00650266
959.5		-0.00514009
960		-0.005003589
960.5		-0.004289658
961		-0.003956463
961.5		-0.005066548
962		-0.004397685
962.5		-0.00634102
963		-0.004364816
963.5		-0.00868068
964		-0.006284633
964.5		-0.003443374
965		-0.002571221
965.5		-0.006255893
966		-0.003092234
966.5		-0.003305495
967		-0.002055143
967.5		-0.005861925
968		-0.001479085
968.5		-0.00176171
969		-0.005937169
969.5		-0.00182837
970		-0.008919054
970.5		-0.006547887
971		-0.006129961
971.5		-0.001263981
972		-0.004686472
972.5		-0.008303441
973		-0.001086478
973.5		-0.004280853
974		-0.006503119
974.5		-0.002172936
975		-0.00474879
975.5		-0.005262812
976		-0.001642541
976.5		-0.000787506
977		-0.006804584
977.5		-0.008499227
978		-0.002663156
978.5		-0.004340586
979		-0.004906514
979.5		-0.002549594
980		-0.00704929
980.5		-0.004660953
981		-0.005201514
981.5		-0.005219521
982		-0.005640644
982.5		-0.006317938
983		-0.007245757
983.5		-0.00251811
984		-0.006628446
984.5		-0.002707481
985		-0.009331699
985.5		-0.005419576
986		-0.005345742
986.5		-0.008769892
987		-0.002325741
987.5		-0.005908672
988		-0.000292545
988.5		-0.002705774
989		-0.005431487
989.5		-0.006968176
990		-0.001645759
990.5		-0.007778509
991		-0.00474602
991.5		-0.002433555
992		-0.003428198
992.5		-0.00644677
993		-0.001612603
993.5		-0.001593302
994		-0.008737068
994.5		-0.005915844
995		-0.003824878
995.5		-0.004351406
996		-0.007918129
996.5		-0.003844653
997		-0.00478711
997.5		-0.006551742
998		-0.00580025
998.5		-0.005887286
999		-0.007808241
999.5		-0.005865443
1000		-0.007589678
1000.5		-0.002321549
1001		-0.00527668
1001.5		-0.007229169
1002		-0.000183477
1002.5		-0.005660595
1003		-0.007454776
1003.5		-0.005616405
1004		-0.003700356
1004.5		-0.003167491
1005		-0.00871147
1005.5		-0.003731058
1006		-0.006618987
1006.5		-0.00755157
1007		-0.005068636
1007.5		0.001952479
1008		-0.004112072
1008.5		-0.005189136
1009		-0.005872703
1009.5		-0.00110144
1010		-0.008405561
1010.5		-0.005672376
1011		-0.002798222
1011.5		-0.007381179
1012		-0.007134162
1012.5		-0.00321152
1013		-0.005715669
1013.5		-0.001942206
1014		-0.002760296
1014.5		-0.006406572
1015		-0.005670563
1015.5		-0.002849095
1016		-0.008428321
1016.5		-0.005783213
1017		-0.006076057
1017.5		-0.005227467
1018		-0.006767699
1018.5		-0.002761411
1019		-0.00326046
1019.5		-0.007369881
1020		-0.004745025
1020.5		-0.00643569
1021		-0.006109988
1021.5		-0.006526689
1022		-0.003346436
1022.5		-0.003006858
1023		-0.005496356
1023.5		-0.003068676
1024		-0.007193146
1024.5		-0.006194184
1025		-0.00505327
1025.5		-0.004711115
1026		-0.00791309
1026.5		-0.004327761
1027		-0.004129971
1027.5		-0.004846293
1028		-0.007945978
1028.5		-0.005667951
1029		-0.002514995
1029.5		-0.010477923
1030		-0.006183629
1030.5		-0.004883827
1031		-0.005089894
1031.5		-0.006769844
1032		-0.005834371
1032.5		-0.007602843
1033		-0.006351262
1033.5		-0.004028502
1034		-0.008396646
1034.5		-0.00664785
1035		-0.005278142
1035.5		-0.00652247
1036		-0.005502527
1036.5		-0.006235467
1037		-0.003279003
1037.5		-0.007118875
1038		-0.004858633
1038.5		-0.005234414
1039		-0.004229208
1039.5		-0.003103326
1040		-0.006650662
1040.5		-0.00899783
1041		-0.006892246
1041.5		-0.004835835
1042		-0.002418239
1042.5		-0.008981277
1043		-0.004408297
1043.5		-0.001067261
1044		-0.007885392
1044.5		-0.007292279
1045		-0.004062439
1045.5		-0.00649024
1046		-0.004054394
1046.5		-0.006455489
1047		-0.0035805
1047.5		-0.006499601
1048		-0.002323114
1048.5		-0.003860045
1049		-0.006933897
1049.5		-0.00474539
1050		-0.006732725
1050.5		-0.007053739
1051		-0.002251098
1051.5		-0.008908357
1052		-0.009494015
1052.5		-0.003426622
1053		-0.004075669
1053.5		-0.00785004
1054		-0.006127313
1054.5		-0.002718616
1055		-0.004837832
1055.5		-0.004135157
1056		-0.008386859
1056.5		-0.00598823
1057		-0.003269148
1057.5		-0.002758293
1058		-0.006816257
1058.5		-0.006055983
1059		-0.005532717
1059.5		-0.006713049
1060		-0.004550856
1060.5		-0.010264857
1061		-0.005900767
1061.5		-0.005192956
1062		-0.005981992
1062.5		-0.009978323
1063		-0.005071256
1063.5		-0.006013566
1064		-0.006817736
1064.5		-0.004778005
1065		-0.0069189
1065.5		-0.006200773
1066		-0.003541356
1066.5		-0.007802814
1067		-0.011256995
1067.5		-0.009116873
1068		-0.008160845
1068.5		-0.005922782
1069		-0.007279688
1069.5		-0.004595647
1070		-0.002880715
1070.5		-0.006445066
1071		-0.009088267
1071.5		-0.005389122
1072		-0.003054278
1072.5		-0.003326859
1073		-0.006183386
1073.5		-0.006051423
1074		-0.004138325
1074.5		-0.004302401
1075		-0.003386303
1075.5		-0.00269473
1076		-0.007304598
1076.5		-0.005993547
1077		-0.006467582
1077.5		-0.007378933
1078		-0.004127028
1078.5		-0.00554276
1079		-0.004392651
1079.5		-0.00783612
1080		-0.009024432
1080.5		-0.005274759
1081		-0.006670197
1081.5		-0.005600496
1082		-0.005749051
1082.5		-0.004851163
1083		-0.004312418
1083.5		-0.004007886
1084		-0.004372708
1084.5		-0.007213598
1085		-0.002619147
1085.5		-0.004873091
1086		-0.008249713
1086.5		-0.007919435
1087		-0.003897755
1087.5		-0.004490665
1088		-0.006860313
1088.5		-0.005712644
1089		-0.006439294
1089.5		-0.009744779
1090		-0.00575632
1090.5		-0.00539342
1091		-0.005720221
1091.5		-0.006395363
1092		-0.006177595
1092.5		-0.007297705
1093		-0.006424498
1093.5		-0.007710491
1094		-0.007093945
1094.5		-0.004609676
1095		-0.002913229
1095.5		-0.002936701
1096		-0.003551031
1096.5		-0.011398352
1097		-0.005905794
1097.5		-0.003796081
1098		-0.007722998
1098.5		-0.00354108
1099		-0.005594048
1099.5		-0.005903498
1100		-0.007268939
