#Wavelength(nm) Transmission
400		0.001813275
400.5		-0.000397188
401		0.000540402
401.5		-7.46E-06
402		-0.000336719
402.5		-0.001672857
403		-0.000451449
403.5		0.000151179
404		-0.000335507
404.5		4.09E-05
405		-0.000432755
405.5		0.000978752
406		0.00089164
406.5		-0.00066628
407		-0.000132556
407.5		0.001176959
408		-2.06E-05
408.5		-0.000139996
409		0.000819453
409.5		0.001829374
410		-0.000573321
410.5		0.000460153
411		-0.000589332
411.5		0.001050606
412		-0.0001124
412.5		0.001316621
413		0.001321237
413.5		0.000822931
414		-0.000299983
414.5		0.000307977
415		0.000424315
415.5		-0.000293175
416		0.00074648
416.5		-0.001528141
417		0.000277031
417.5		0.001905372
418		0.001248569
418.5		0.000307051
419		-0.000250643
419.5		-0.000296583
420		-0.000994075
420.5		0.001099347
421		0.001547168
421.5		-0.00113655
422		0.000403248
422.5		0.000772221
423		0.000534764
423.5		0.000209464
424		-0.000141823
424.5		-0.000412789
425		0.000473536
425.5		-8.25E-05
426		0.001916436
426.5		0.001027631
427		0.000294344
427.5		8.83E-05
428		0.000684058
428.5		0.000118583
429		-8.93E-06
429.5		0.000898749
430		-0.000839621
430.5		-0.00066942
431		0.000747139
431.5		0.000755146
432		-3.24E-05
432.5		0.00076988
433		0.000634653
433.5		0.00068166
434		-1.95E-05
434.5		-0.000752063
435		0.000152993
435.5		0.000530819
436		-0.000993151
436.5		-0.000613758
437		0.000121247
437.5		-0.000155391
438		0.000851902
438.5		0.000574064
439		-0.000193204
439.5		-0.000544746
440		0.000281465
440.5		0.000214112
441		0.000594224
441.5		-0.001030402
442		0.000752452
442.5		0.001197356
443		-0.000335049
443.5		0.000546925
444		4.45E-05
444.5		0.000412052
445		0.000632959
445.5		0.000135369
446		0.001069163
446.5		-0.000493276
447		0.001201313
447.5		-0.000170979
448		0.001265186
448.5		0.000366367
449		-0.000826857
449.5		0.000821667
450		0.000303226
450.5		8.45E-05
451		0.000680988
451.5		0.001274299
452		0.00017025
452.5		0.000394501
453		0.001424271
453.5		3.42E-05
454		0.000256938
454.5		-3.14E-05
455		-0.00024641
455.5		-0.000387932
456		-0.00038381
456.5		5.42E-05
457		-0.000520533
457.5		0.001286567
458		-0.000584876
458.5		0.001935086
459		0.000858243
459.5		-0.001003195
460		0.000145821
460.5		-0.000422932
461		0.000324084
461.5		0.000358539
462		-0.001155312
462.5		0.000287266
463		6.26E-05
463.5		0.000291566
464		-0.000384719
464.5		-0.000155911
465		-0.00030336
465.5		0.001350709
466		-0.001272028
466.5		-0.000444161
467		-6.74E-05
467.5		0.000308322
468		-0.000583798
468.5		1.49E-05
469		0.00038907
469.5		0.00076191
470		-0.000199705
470.5		-0.000492978
471		-0.000711726
471.5		0.000398775
472		-0.000557125
472.5		0.001580235
473		-0.002901811
473.5		0.000333298
474		0.000555422
474.5		-0.000759554
475		0.001143243
475.5		0.000633641
476		-0.000383905
476.5		-0.000307996
477		0.000203295
477.5		0.000133269
478		0.000280318
478.5		-0.000295687
479		-0.000148334
479.5		0.000142918
480		0.000145335
480.5		-6.77E-05
481		-0.000495277
481.5		0.00113916
482		0.0013519
482.5		-0.00047505
483		-0.000471703
483.5		0.000746374
484		0.001581312
484.5		6.81E-05
485		-0.000609569
485.5		-0.001059012
486		1.08E-07
486.5		0.000905548
487		-0.000520686
487.5		0.000532664
488		-0.000589731
488.5		-0.001110111
489		-0.000508302
489.5		0.001882883
490		0.000466455
490.5		0.000765929
491		-0.001164915
491.5		0.000100176
492		0.001585037
492.5		0.000696784
493		-0.000559347
493.5		0.000403804
494		-0.000479527
494.5		3.86E-05
495		0.000629286
495.5		0.001512494
496		-0.000175949
496.5		-0.001273775
497		0.00136664
497.5		-0.000901763
498		0.001148257
498.5		0.001368063
499		0.000784494
499.5		0.000566942
500		0.000203966
500.5		0.001369501
501		-8.39E-05
501.5		0.001006988
502		0.00158815
502.5		0.001878022
503		0.000864118
503.5		0.003614629
504		0.000214966
504.5		0.000866208
505		0.000939097
505.5		0.002959666
506		0.002093554
506.5		0.002525702
507		0.001085422
507.5		0.001157857
508		0.001373811
508.5		0.001877034
509		0.000871732
509.5		0.00094393
510		0.002235263
510.5		0.002378725
511		0.001804629
511.5		0.002878938
512		0.003307743
512.5		0.00058887
513		0.002090801
513.5		0.002591363
514		0.002876764
514.5		0.001304878
515		0.001519206
515.5		0.002233035
516		0.001234031
516.5		0.00294604
517		0.003444896
517.5		0.002730852
518		0.00216138
518.5		0.002161139
519		0.002873145
519.5		0.001519935
520		0.003300774
520.5		0.003798606
521		0.002944848
521.5		0.004226885
522		0.001591399
522.5		0.003157927
523		0.002089794
523.5		0.003585025
524		0.003087305
524.5		0.004084445
525		0.003371919
525.5		0.004726795
526		0.003515072
526.5		0.004228015
527		0.005084066
527.5		0.003445528
528		0.004586839
528.5		0.005302497
529		0.008155693
529.5		0.005518154
530		0.007949885
530.5		0.007810296
531		0.008314351
531.5		0.010035492
532		0.011399923
532.5		0.011982385
533		0.015071834
533.5		0.014298344
534		0.016892474
534.5		0.020139355
535		0.022898281
535.5		0.025804972
536		0.029007696
536.5		0.03127712
537		0.036960699
537.5		0.042726781
538		0.048665412
538.5		0.056586258
539		0.067224726
539.5		0.076393768
540		0.087936729
540.5		0.10291069
541		0.120258078
541.5		0.139557898
542		0.161203221
542.5		0.188781992
543		0.22050184
543.5		0.255037785
544		0.29720524
544.5		0.344852358
545		0.402524889
545.5		0.468199611
546		0.54288739
546.5		0.627497912
547		0.726718903
547.5		0.842700779
548		0.974727988
548.5		1.123070717
549		1.293524623
549.5		1.48631382
550		1.706304073
550.5		1.953624725
551		2.235859156
551.5		2.546650171
552		2.904413462
552.5		3.293370724
553		3.738025904
553.5		4.232913971
554		4.766122818
554.5		5.355459213
555		6.007618904
555.5		6.704731464
556		7.48964262
556.5		8.321007729
557		9.232580185
557.5		10.22378159
558		11.24153137
558.5		12.3707428
559		13.57418156
559.5		14.81252289
560		16.16525269
560.5		17.55830193
561		19.00156403
561.5		20.56314659
562		22.11615944
562.5		23.79972076
563		25.50657463
563.5		27.23831558
564		29.00615311
564.5		30.7889843
565		32.62343597
565.5		34.53185654
566		36.41630173
566.5		38.31930923
567		40.21298981
567.5		42.0211792
568		43.87369537
568.5		45.69128418
569		47.59418106
569.5		49.30135727
570		50.97922516
570.5		52.64988708
571		54.32490158
571.5		55.87856674
572		57.46903229
572.5		58.96470642
573		60.39918518
573.5		61.81441498
574		63.13598633
574.5		64.40007019
575		65.64186096
575.5		66.78702545
576		67.89602661
576.5		68.92990112
577		69.91790771
577.5		70.86507416
578		71.74619293
578.5		72.56185913
579		73.34972382
579.5		74.10203552
580		74.78157043
580.5		75.42503357
581		76.03323364
581.5		76.58138275
582		77.09326172
582.5		77.59177399
583		78.06031036
583.5		78.46118927
584		78.84142303
584.5		79.20645142
585		79.51274872
585.5		79.83106995
586		80.08254242
586.5		80.35255432
587		80.58981323
587.5		80.81713867
588		80.97647858
588.5		81.13143158
589		81.29089355
589.5		81.41145325
590		81.53478241
590.5		81.61820984
591		81.69754791
591.5		81.78852844
592		81.82134247
592.5		81.87162018
593		81.91542053
593.5		81.91873169
594		81.92611694
594.5		81.93069458
595		81.95018005
595.5		81.90583801
596		81.9198761
596.5		81.86969757
597		81.82957458
597.5		81.77098083
598		81.73604584
598.5		81.67653656
599		81.59781647
599.5		81.55031586
600		81.47905731
600.5		81.39785767
601		81.33335876
601.5		81.22969818
602		81.14715576
602.5		81.02639771
603		80.92240906
603.5		80.83629608
604		80.74497986
604.5		80.61192322
605		80.49958038
605.5		80.38227844
606		80.25907135
606.5		80.14071655
607		79.99421692
607.5		79.85900116
608		79.75567627
608.5		79.59643555
609		79.46527863
609.5		79.32770538
610		79.17319489
610.5		79.02487183
611		78.88967133
611.5		78.73600769
612		78.57640076
612.5		78.39499664
613		78.2405014
613.5		78.09128571
614		77.92937469
614.5		77.77402496
615		77.59609222
615.5		77.4257431
616		77.26163483
616.5		77.07751465
617		76.90136719
617.5		76.7247467
618		76.54134369
618.5		76.35106659
619		76.17784882
619.5		76.00981903
620		75.79759979
620.5		75.60574341
621		75.41682434
621.5		75.22268677
622		75.01544189
622.5		74.8504715
623		74.64862061
623.5		74.45414734
624		74.23802185
624.5		74.0453186
625		73.8398056
625.5		73.62985992
626		73.41822815
626.5		73.21456909
627		73.02371216
627.5		72.81240082
628		72.60812378
628.5		72.37607574
629		72.16812134
629.5		71.95013428
630		71.74119568
630.5		71.51904297
631		71.29589844
631.5		71.07944489
632		70.85635376
632.5		70.64455414
633		70.42154694
633.5		70.20052338
634		69.97299957
634.5		69.7705307
635		69.5294342
635.5		69.32110596
636		69.08799744
636.5		68.86618805
637		68.64337158
637.5		68.4078064
638		68.1802597
638.5		67.95687866
639		67.71125793
639.5		67.48309326
640		67.26707458
640.5		67.02268982
641		66.79827881
641.5		66.5619278
642		66.34375763
642.5		66.11487579
643		65.86396027
643.5		65.63545227
644		65.40797424
644.5		65.16425323
645		64.92672729
645.5		64.68294525
646		64.44278717
646.5		64.21096039
647		63.96414566
647.5		63.72301102
648		63.48202896
648.5		63.23881912
649		62.99859238
649.5		62.77210236
650		62.50484467
650.5		62.26861572
651		62.03138733
651.5		61.78503799
652		61.55244827
652.5		61.27646637
653		61.04286957
653.5		60.81013107
654		60.56146622
654.5		60.33418274
655		60.07561111
655.5		59.82032394
656		59.57906723
656.5		59.34456635
657		59.11544418
657.5		58.87825394
658		58.61563873
658.5		58.38384628
659		58.12862396
659.5		57.89193344
660		57.64058304
660.5		57.38600922
661		57.15373611
661.5		56.88845062
662		56.6361351
662.5		56.38449097
663		56.13951111
663.5		55.9057579
664		55.64930344
664.5		55.40507507
665		55.15139771
665.5		54.9031601
666		54.65501404
666.5		54.40632248
667		54.15691757
667.5		53.88895416
668		53.65568924
668.5		53.41349792
669		53.15185165
669.5		52.91036987
670		52.63829041
670.5		52.41033554
671		52.14332199
671.5		51.87356949
672		51.63314438
672.5		51.36862946
673		51.12384415
673.5		50.85406494
674		50.58325958
674.5		50.32997131
675		50.07619095
675.5		49.80160141
676		49.54104614
676.5		49.27126694
677		49.00761032
677.5		48.73376083
678		48.46328354
678.5		48.21964645
679		47.93523407
679.5		47.66994858
680		47.38457489
680.5		47.11907578
681		46.8348999
681.5		46.57181168
682		46.2923584
682.5		46.02395248
683		45.75318909
683.5		45.46068954
684		45.20233536
684.5		44.91598129
685		44.63775635
685.5		44.36752701
686		44.09214783
686.5		43.82623672
687		43.55319595
687.5		43.27306747
688		43.00679779
688.5		42.73532104
689		42.45966339
689.5		42.19232178
690		41.92084122
690.5		41.64644623
691		41.37291336
691.5		41.09415817
692		40.82403946
692.5		40.55739212
693		40.27168655
693.5		40.01154709
694		39.73058319
694.5		39.47066116
695		39.19721985
695.5		38.92364502
696		38.66024399
696.5		38.39216995
697		38.11877441
697.5		37.86681747
698		37.5933342
698.5		37.32818604
699		37.07518768
699.5		36.80360794
700		36.55055237
700.5		36.28239059
701		36.02098465
701.5		35.77380753
702		35.50396347
702.5		35.2504921
703		34.98455429
703.5		34.73387146
704		34.47249603
704.5		34.22634506
705		33.95766068
705.5		33.71575928
706		33.44722366
706.5		33.20860672
707		32.95179749
707.5		32.70674133
708		32.45484924
708.5		32.21118927
709		31.95403481
709.5		31.71827507
710		31.47098351
710.5		31.23464966
711		30.99447823
711.5		30.74180412
712		30.50188637
712.5		30.26708412
713		30.01971626
713.5		29.79561043
714		29.55106544
714.5		29.30206299
715		29.07637596
715.5		28.83877182
716		28.61512566
716.5		28.3663578
717		28.13087082
717.5		27.91544533
718		27.6910038
718.5		27.45341301
719		27.22860336
719.5		26.99889183
720		26.78689575
720.5		26.55051994
721		26.3301754
721.5		26.11871719
722		25.89850426
722.5		25.67448235
723		25.46568489
723.5		25.23441696
724		25.02902985
724.5		24.81295013
725		24.59818649
725.5		24.38427353
726		24.16856766
726.5		23.95843887
727		23.7460537
727.5		23.52911186
728		23.33279228
728.5		23.12833595
729		22.90930748
729.5		22.71165085
730		22.51129532
730.5		22.30462646
731		22.11213303
731.5		21.89938354
732		21.7072773
732.5		21.50807571
733		21.31085587
733.5		21.1158638
734		20.91628456
734.5		20.72376251
735		20.53005981
735.5		20.3313446
736		20.14351463
736.5		19.95856476
737		19.75452805
737.5		19.57912827
738		19.38879776
738.5		19.18796349
739		19.00649261
739.5		18.83092308
740		18.63807297
740.5		18.45500374
741		18.28031158
741.5		18.10042953
742		17.90969467
742.5		17.73814201
743		17.5661602
743.5		17.3872776
744		17.21018219
744.5		17.03827286
745		16.87119675
745.5		16.69521332
746		16.52858925
746.5		16.35443687
747		16.18872833
747.5		16.01377487
748		15.84822655
748.5		15.68203831
749		15.51856232
749.5		15.35926437
750		15.1918354
750.5		15.03066158
751		14.87565899
751.5		14.7115593
752		14.55235481
752.5		14.39338779
753		14.23876286
753.5		14.08002567
754		13.93303871
754.5		13.77893829
755		13.62880516
755.5		13.47558689
756		13.32648087
756.5		13.1782608
757		13.03202057
757.5		12.88507843
758		12.73612499
758.5		12.5967617
759		12.45641041
759.5		12.31053638
760		12.16876221
760.5		12.02668095
761		11.88848495
761.5		11.75001907
762		11.61260796
762.5		11.47474384
763		11.34821129
763.5		11.20703125
764		11.07942963
764.5		10.95037556
765		10.81669521
765.5		10.69190025
766		10.56355762
766.5		10.43565273
767		10.31607437
767.5		10.19219208
768		10.07327271
768.5		9.949238777
769		9.822717667
769.5		9.703978539
770		9.586526871
770.5		9.461214066
771		9.352499962
771.5		9.235590935
772		9.121102333
772.5		9.011832237
773		8.896583557
773.5		8.788534164
774		8.673642159
774.5		8.566232681
775		8.463427544
775.5		8.351226807
776		8.246926308
776.5		8.139374733
777		8.033233643
777.5		7.931352615
778		7.830749989
778.5		7.732587337
779		7.632407665
779.5		7.535172462
780		7.432169437
780.5		7.332922459
781		7.241755009
781.5		7.149074078
782		7.051271915
782.5		6.964152336
783		6.872023582
783.5		6.7772789
784		6.685559273
784.5		6.599505424
785		6.509381294
785.5		6.423067093
786		6.340753078
786.5		6.25070858
787		6.172382832
787.5		6.08962965
788		6.006325245
788.5		5.92880249
789		5.844631195
789.5		5.763308525
790		5.686319351
790.5		5.607940197
791		5.529330254
791.5		5.459243298
792		5.381349087
792.5		5.303369522
793		5.22914505
793.5		5.157799721
794		5.085306168
794.5		5.017571449
795		4.94959259
795.5		4.879747868
796		4.810995102
796.5		4.746290684
797		4.676230431
797.5		4.610304356
798		4.54411602
798.5		4.480400562
799		4.415102482
799.5		4.35071516
800		4.289328575
800.5		4.230490208
801		4.166172981
801.5		4.109174252
802		4.048723698
802.5		3.992783546
803		3.931582689
803.5		3.876045704
804		3.819405556
804.5		3.765206814
805		3.707906246
805.5		3.65245986
806		3.601291656
806.5		3.54633975
807		3.494179726
807.5		3.44784379
808		3.394706249
808.5		3.344003201
809		3.294178963
809.5		3.246832609
810		3.199449539
810.5		3.149567604
811		3.101713181
811.5		3.056938648
812		3.010130167
812.5		2.962970495
813		2.92171216
813.5		2.879766941
814		2.836801052
814.5		2.786447048
815		2.750311136
815.5		2.7039814
816		2.662563562
816.5		2.629677296
817		2.586022854
817.5		2.550011396
818		2.505060196
818.5		2.469896078
819		2.42931509
819.5		2.392809391
820		2.355578661
820.5		2.318269253
821		2.285440922
821.5		2.247499704
822		2.209285021
822.5		2.178607941
823		2.144993544
823.5		2.111610413
824		2.078814268
824.5		2.042631626
825		2.013331175
825.5		1.97860837
826		1.951212287
826.5		1.916946292
827		1.888120532
827.5		1.857931376
828		1.828208923
828.5		1.801895738
829		1.775238872
829.5		1.744044542
830		1.714938283
830.5		1.68720758
831		1.662393093
831.5		1.634745479
832		1.613011956
832.5		1.586666346
833		1.556395292
833.5		1.531827211
834		1.50622046
834.5		1.483574748
835		1.459298849
835.5		1.436257482
836		1.416508079
836.5		1.391795993
837		1.36856544
837.5		1.3444345
838		1.323938012
838.5		1.299987316
839		1.280770779
839.5		1.262108564
840		1.235815644
840.5		1.219933987
841		1.19754231
841.5		1.175792336
842		1.162037849
842.5		1.141161323
843		1.119348168
843.5		1.105527282
844		1.087891936
844.5		1.066802859
845		1.049699545
845.5		1.03430748
846		1.01678288
846.5		1.000983953
847		0.976187706
847.5		0.959369898
848		0.947583258
848.5		0.931131184
849		0.915217042
849.5		0.898856878
850		0.886392891
850.5		0.871280134
851		0.857972741
851.5		0.843522251
852		0.826300383
852.5		0.816359937
853		0.804484367
853.5		0.789094091
854		0.772081792
854.5		0.756821632
855		0.75097543
855.5		0.7295205
856		0.726727366
856.5		0.712010562
857		0.695864618
857.5		0.691860795
858		0.674193084
858.5		0.666192055
859		0.648523986
859.5		0.633819521
860		0.633621216
860.5		0.622383595
861		0.607361019
861.5		0.593853653
862		0.590946734
862.5		0.580163598
863		0.570013881
863.5		0.55436784
864		0.544631243
864.5		0.532444596
865		0.529010117
865.5		0.515064716
866		0.509566367
866.5		0.497102976
867		0.49596104
867.5		0.489229143
868		0.479871392
868.5		0.473902434
869		0.462582618
869.5		0.451874137
870		0.447733015
870.5		0.443562627
871		0.423282117
871.5		0.424991459
872		0.413392484
872.5		0.416014761
873		0.397796452
873.5		0.39504543
874		0.391568929
874.5		0.386536628
875		0.368519872
875.5		0.36518392
876		0.356276631
876.5		0.361696482
877		0.355125815
877.5		0.338490069
878		0.338001221
878.5		0.334978521
879		0.327064157
879.5		0.317047656
880		0.32203567
880.5		0.306498647
881		0.297435224
881.5		0.294894189
882		0.291478783
882.5		0.280098289
883		0.292040318
883.5		0.285300136
884		0.262776732
884.5		0.260874361
885		0.268565834
885.5		0.265037566
886		0.244682536
886.5		0.253372252
887		0.248597398
887.5		0.235858262
888		0.236184686
888.5		0.226370126
889		0.226687804
889.5		0.225194097
890		0.221451119
890.5		0.21933727
891		0.212491229
891.5		0.211994857
892		0.206997708
892.5		0.193210527
893		0.193516359
893.5		0.185954168
894		0.194626987
894.5		0.18785958
895		0.187038705
895.5		0.181364089
896		0.173004791
896.5		0.187758699
897		0.173095971
897.5		0.167617366
898		0.158144742
898.5		0.162249282
899		0.166444674
899.5		0.14980042
900		0.150336251
900.5		0.146174252
901		0.141257763
901.5		0.140303969
902		0.135797024
902.5		0.135968
903		0.135981634
903.5		0.129011482
904		0.126094028
904.5		0.127441004
905		0.118972629
905.5		0.118269898
906		0.119732462
906.5		0.120997928
907		0.11050982
907.5		0.110488594
908		0.110674053
908.5		0.105223343
909		0.1051744
909.5		0.105920211
910		0.105106287
910.5		0.09851484
911		0.098807752
911.5		0.096199147
912		0.092800185
912.5		0.093833365
913		0.091190673
913.5		0.088286117
914		0.086871624
914.5		0.08647792
915		0.085939378
915.5		0.084045634
916		0.085175812
916.5		0.077466026
917		0.07443849
917.5		0.076126933
918		0.080283612
918.5		0.073003672
919		0.071261168
919.5		0.07248272
920		0.071458757
920.5		0.070534468
921		0.064553022
921.5		0.068719223
922		0.069005214
922.5		0.064444833
923		0.063966982
923.5		0.058038842
924		0.060880039
924.5		0.06182678
925		0.057044491
925.5		0.054063637
926		0.052821543
926.5		0.055917777
927		0.055086993
927.5		0.047359757
928		0.051496889
928.5		0.05294814
929		0.049853127
929.5		0.04653262
930		0.049570959
930.5		0.046260938
931		0.044332106
931.5		0.041397017
932		0.046812996
932.5		0.044280246
933		0.040864669
933.5		0.041862715
934		0.039903644
934.5		0.040805213
935		0.044764254
935.5		0.041334379
936		0.03503314
936.5		0.037547503
937		0.037873954
937.5		0.034657314
938		0.031055406
938.5		0.034227621
939		0.03385691
939.5		0.031672437
940		0.033728328
940.5		0.030131938
941		0.028845411
941.5		0.030016838
942		0.034205385
942.5		0.028365659
943		0.029946288
943.5		0.02826054
944		0.028869873
944.5		0.030039379
945		0.023645718
945.5		0.027968703
946		0.027327167
946.5		0.020730412
947		0.021578964
947.5		0.026162816
948		0.022577152
948.5		0.023052473
949		0.024291232
949.5		0.019668045
950		0.024246201
950.5		0.021547407
951		0.019439675
951.5		0.019151524
952		0.017199157
952.5		0.020961249
953		0.01630697
953.5		0.015815962
954		0.018558891
954.5		0.016308084
955		0.015756302
955.5		0.017246334
956		0.014685851
956.5		0.014613613
957		0.015870528
957.5		0.017289203
958		0.01153648
958.5		0.011603197
959		0.013342577
959.5		0.014959267
960		0.013472671
960.5		0.007849094
961		0.014595726
961.5		0.012319496
962		0.011369999
962.5		0.005642874
963		0.014724003
963.5		0.015103796
964		0.011369183
964.5		0.006797048
965		0.012332604
965.5		0.007195881
966		0.008535645
966.5		0.010534277
967		0.008112165
967.5		0.009736842
968		0.006681918
968.5		0.009205976
969		0.006518492
969.5		0.006228568
970		0.009702142
970.5		0.00738217
971		0.006881985
971.5		0.003576805
972		0.009198565
972.5		0.008214097
973		0.004748306
973.5		0.005722155
974		0.006703092
974.5		0.003291495
975		0.005807925
975.5		0.005864797
976		0.002531983
976.5		0.002389321
977		0.00407949
977.5		0.00749597
978		0.003830649
978.5		0.00156841
979		0.003069493
979.5		0.00126509
980		0.001701127
980.5		0.002322557
981		0.003179208
981.5		0.003136715
982		0.004360104
982.5		-0.001788321
983		0.003865225
983.5		0.001855818
984		0.000661284
984.5		0.000507562
985		0.00636448
985.5		0.000713628
986		0.001625006
986.5		0.001634996
987		6.65E-05
987.5		0.00369184
988		0.005605558
988.5		-0.001436226
989		-0.000419811
989.5		0.002481311
990		0.000652805
990.5		0.000121017
991		0.000148678
991.5		0.000194711
992		0.00065216
992.5		0.000704345
993		-0.00025651
993.5		-0.000383679
994		0.001904708
994.5		-0.000891298
995		-0.002754992
995.5		0.000332036
996		0.001655143
996.5		-0.003395974
997		-0.001016245
997.5		-0.000679838
998		0.000654483
998.5		-0.000188508
999		0.001471073
999.5		-0.003623759
1000		-0.002880837
1000.5		-0.00292967
1001		0.001050894
1001.5		-0.001592176
1002		-0.001730391
1002.5		-0.001012673
1003		-0.00327136
1003.5		-0.006079548
1004		0.002254495
1004.5		0.003506526
1005		-0.00945451
1005.5		-0.004508294
1006		0.000459133
1006.5		-0.00335306
1007		-0.004568654
1007.5		-0.00295453
1008		5.00E-05
1008.5		-0.00524572
1009		-0.002829097
1009.5		-0.005138611
1010		-0.004227196
1010.5		-0.002510887
1011		-0.000438067
1011.5		-0.004232799
1012		-0.004782011
1012.5		-0.003433383
1013		-0.003224043
1013.5		-0.003333516
1014		-0.006190454
1014.5		-0.00187132
1015		-0.001236302
1015.5		-0.001382488
1016		-0.004786057
1016.5		0.00217834
1017		-0.005615711
1017.5		-0.004872505
1018		-0.002148596
1018.5		-0.005470643
1019		-0.006113675
1019.5		-0.005058404
1020		-0.004958726
1020.5		-0.003745149
1021		-0.003911446
1021.5		-0.007551193
1022		-0.001822148
1022.5		-0.00546286
1023		-0.002738415
1023.5		-0.004666596
1024		-0.00589226
1024.5		-0.004503952
1025		-0.002687119
1025.5		-0.003991168
1026		-0.008836303
1026.5		-0.006608324
1027		-0.006405994
1027.5		-0.002711191
1028		-0.004355787
1028.5		-0.006475169
1029		-0.002919267
1029.5		-0.006098487
1030		-0.006364273
1030.5		-0.005683691
1031		-0.004661249
1031.5		-0.005076874
1032		-0.003583092
1032.5		-0.008421093
1033		-0.006849082
1033.5		-0.004468693
1034		-0.009335887
1034.5		-0.007183901
1035		-0.003426651
1035.5		-0.009915439
1036		-0.005950642
1036.5		-0.005597286
1037		-0.006805185
1037.5		-0.005218657
1038		-0.003592895
1038.5		-0.006555435
1039		-0.00736633
1039.5		-0.006237149
1040		-0.003538067
1040.5		-0.003763195
1041		-0.009443816
1041.5		-0.004624577
1042		-0.004502008
1042.5		-0.003952818
1043		-0.004063987
1043.5		-0.004726181
1044		-0.005019823
1044.5		-0.007650189
1045		-0.010532386
1045.5		-0.004633522
1046		-0.003006325
1046.5		-0.005820927
1047		-0.004736454
1047.5		-0.006054848
1048		-0.006360747
1048.5		-0.008493506
1049		-0.004609248
1049.5		-0.008397364
1050		-0.007230531
1050.5		-0.003316539
1051		-0.008272069
1051.5		-0.008072221
1052		-0.007405228
1052.5		-0.009877063
1053		-0.005107487
1053.5		-0.00471063
1054		-0.003004443
1054.5		-0.00646341
1055		-0.008592765
1055.5		-0.009151305
1056		-0.006130725
1056.5		-0.006454037
1057		-0.006687612
1057.5		-0.008146935
1058		-0.007201618
1058.5		-0.0086678
1059		-0.006315053
1059.5		-0.007873706
1060		-0.006558644
1060.5		-0.008804103
1061		-0.00636757
1061.5		-0.006644228
1062		-0.009823845
1062.5		-0.005321954
1063		-0.007818619
1063.5		-0.009644096
1064		-0.005974715
1064.5		-0.00494735
1065		-0.011147342
1065.5		-0.006892105
1066		-0.005127218
1066.5		-0.006245662
1067		-0.005873767
1067.5		-0.00743297
1068		-0.00655586
1068.5		-0.006733536
1069		-0.008940874
1069.5		-0.005833
1070		-0.005603975
1070.5		-0.008508365
1071		-0.01030169
1071.5		-0.00891829
1072		-0.006524027
1072.5		-0.008810779
1073		-0.008244216
1073.5		-0.007939166
1074		-0.006208377
1074.5		-0.006572479
1075		-0.005047097
1075.5		-0.008608068
1076		-0.009434692
1076.5		-0.005929399
1077		-0.008321971
1077.5		-0.005122413
1078		-0.008454534
1078.5		-0.007000909
1079		-0.007610621
1079.5		-0.010689792
1080		-0.009528859
1080.5		-0.008427473
1081		-0.008160551
1081.5		-0.01079971
1082		-0.006014716
1082.5		-0.008646823
1083		-0.011250393
1083.5		-0.00796909
1084		-0.006255811
1084.5		-0.008572051
1085		-0.009184732
1085.5		-0.006778466
1086		-0.007240553
1086.5		-0.009031156
1087		-0.010800097
1087.5		-0.005967542
1088		-0.006971528
1088.5		-0.006641076
1089		-0.010268018
1089.5		-0.009552452
1090		-0.006201371
1090.5		-0.004083633
1091		-0.007480899
1091.5		-0.010708981
1092		-0.003620967
1092.5		-0.005290056
1093		-0.01248516
1093.5		-0.007874249
1094		-0.005854062
1094.5		-0.007946539
1095		-0.00893374
1095.5		-0.008111855
1096		-0.006802442
1096.5		-0.005308532
1097		-0.007875998
1097.5		-0.008833406
1098		-0.006094345
1098.5		-0.009573722
1099		-0.006417301
1099.5		-0.00831169
1100		-0.006644786
