#Wavelength(nm) Transmission
308.5		0.00074548
309		0.000417459
309.5		0.000950731
310		0.001811201
310.5		0.003514681
311		0.006783938
311.5		0.008935694
312		0.016809687
312.5		0.026739053
313		0.038829271
313.5		0.058186002
314		0.081571333
314.5		0.114803217
315		0.156836003
315.5		0.210599095
316		0.279881746
316.5		0.369304806
317		0.473890275
317.5		0.603389084
318		0.758494794
318.5		0.939033926
319		1.149823904
319.5		1.392201781
320		1.664429188
320.5		1.988285065
321		2.334327698
321.5		2.726124525
322		3.16392827
322.5		3.632610321
323		4.155767918
323.5		4.70872879
324		5.308748722
324.5		5.955428123
325		6.623749256
325.5		7.340934277
326		8.104710579
326.5		8.891338348
327		9.731628418
327.5		10.58239555
328		11.46530819
328.5		12.38111305
329		13.30919456
329.5		14.26504707
330		15.27621555
330.5		16.26415634
331		17.29029274
331.5		18.32936096
332		19.36421585
332.5		20.43271255
333		21.48851585
333.5		22.55347061
334		23.62417603
334.5		24.68099594
335		25.75052452
335.5		26.83058929
336		27.90300751
336.5		28.97159195
337		29.99902916
337.5		31.00921822
338		32.05805206
338.5		33.05501175
339		34.11233902
339.5		35.08564758
340		36.06238556
340.5		37.01091003
341		37.94564438
341.5		38.87561035
342		39.79001236
342.5		40.67388535
343		41.55776978
343.5		42.39657974
344		43.25074768
344.5		44.09296036
345		44.86132431
345.5		45.66167831
346		46.45756531
346.5		47.21039963
347		47.92475128
347.5		48.65626907
348		49.34410858
348.5		50.03392029
349		50.7262001
349.5		51.37836838
350		52.0071373
350.5		52.61648941
351		53.1930809
351.5		53.78789902
352		54.35365295
352.5		54.91010666
353		55.42895126
353.5		55.92411041
354		56.41975403
354.5		56.88782501
355		57.35425949
355.5		57.79488754
356		58.23005295
356.5		58.65885544
357		59.07337189
357.5		59.45454788
358		59.82571411
358.5		60.19241333
359		60.49622345
359.5		60.83916473
360		61.16950989
360.5		61.43483353
361		61.73461533
361.5		61.98214722
362		62.229496
362.5		62.47891235
363		62.70090866
363.5		62.89002228
364		63.07875061
364.5		63.26158142
365		63.40652084
365.5		63.54128647
366		63.65251541
366.5		63.78308487
367		63.86858368
367.5		63.93443298
368		64.00997925
368.5		64.02824402
369		64.07866669
369.5		64.04824066
370		64.03266907
370.5		63.96969604
371		63.94550705
371.5		63.86580658
372		63.75390244
372.5		63.62060928
373		63.44900131
373.5		63.27139282
374		63.05877686
374.5		62.82132721
375		62.55573654
375.5		62.25722885
376		61.92370605
376.5		61.60237122
377		61.19347382
377.5		60.77260971
378		60.30610657
378.5		59.8302002
379		59.30774307
379.5		58.74762726
380		58.12922287
380.5		57.46073151
381		56.81710815
381.5		56.04055405
382		55.28996658
382.5		54.50334549
383		53.6580925
383.5		52.76496887
384		51.85572052
384.5		50.8813324
385		49.89732361
385.5		48.84563828
386		47.75178146
386.5		46.64957047
387		45.50691223
387.5		44.30822754
388		43.10889435
388.5		41.86252975
389		40.58543015
389.5		39.29317474
390		37.95108414
390.5		36.59137726
391		35.23839569
391.5		33.84883118
392		32.4994812
392.5		31.11616898
393		29.71320152
393.5		28.34934616
394		26.94939423
394.5		25.58196449
395		24.24505234
395.5		22.90690994
396		21.6123867
396.5		20.32767677
397		19.07090569
397.5		17.86709213
398		16.68911934
398.5		15.56490993
399		14.45932579
399.5		13.38534069
400		12.40305614
400.5		11.42968369
401		10.51132298
401.5		9.65613842
402		8.836316109
402.5		8.070027351
403		7.342841625
403.5		6.658741951
404		6.040538311
404.5		5.465524197
405		4.922122955
405.5		4.43078661
406		3.974035263
406.5		3.560458422
407		3.178602457
407.5		2.827889681
408		2.516302586
408.5		2.229533672
409		1.970628142
409.5		1.740253568
410		1.53178215
410.5		1.346175075
411		1.18116641
411.5		1.030933499
412		0.899741411
412.5		0.783334851
413		0.679432094
413.5		0.591308355
414		0.514259756
414.5		0.442543775
415		0.382284015
415.5		0.330432802
416		0.282407731
416.5		0.24437362
417		0.209411562
417.5		0.178471342
418		0.152422801
418.5		0.132151246
419		0.112746552
419.5		0.094406478
420		0.082091346
420.5		0.070828073
421		0.05965177
421.5		0.052920323
422		0.042660326
422.5		0.0367079
423		0.031105801
423.5		0.02687633
424		0.022534642
424.5		0.017859876
425		0.015592914
425.5		0.014941539
426		0.011399508
426.5		0.009779721
427		0.008662422
427.5		0.006979465
428		0.006564208
428.5		0.005151035
429		0.003692987
429.5		0.00330601
430		0.002826202
430.5		0.003038467
431		0.002511696
431.5		0.001556622
432		0.000833722
432.5		0.000768843
433		0.00305481
433.5		0.002361746
434		0.00050477
434.5		0.001408125
435		0.0019287
435.5		0.000529747
436		0.000610686
436.5		0.001633552
437		-0.00088956
437.5		0.000129287
438		0.000423847
438.5		0.000643701
439		0.000438545
439.5		-0.000328507
440		-0.001000138
440.5		0.000662355
441		-0.000450391
441.5		0.000895196
442		-0.000872608
442.5		9.44E-05
443		-0.000264208
443.5		0.000909802
444		0.000913272
444.5		0.000121698
445		-0.000807497
445.5		-0.000726131
446		-0.00143236
446.5		-0.00085135
447		-0.000485222
447.5		-0.000626126
448		0.00036064
448.5		-0.000611987
449		0.000518591
449.5		-0.001121089
450		-0.001262127
450.5		-0.000363037
451		-0.000431782
451.5		-0.001387676
452		-0.001012036
452.5		-0.000563895
453		0.000395981
453.5		-0.000114006
454		0.000328569
454.5		-0.000763672
455		-0.001632881
455.5		0.001209704
456		0.001355802
456.5		-0.000599445
457		-0.00110146
457.5		-0.000880216
458		-0.001740621
458.5		-0.001015031
459		0.000641879
459.5		-0.00021706
460		0.000717402
460.5		0.000718866
461		0.000764579
461.5		-0.000478736
462		-0.001082348
462.5		-9.31E-05
463		-0.000847645
463.5		-0.001145844
464		0.000744797
464.5		-0.000308382
465		0.000823232
465.5		0.000523991
466		0.000150706
466.5		0.000227774
467		-0.001864399
467.5		-6.64E-05
468		-6.40E-05
468.5		-0.00028481
469		-0.001695481
469.5		-0.001021561
470		-0.000498021
470.5		0.000912283
471		-0.000269895
471.5		-0.000488334
472		-0.001074626
472.5		0.000181003
473		-3.76E-05
473.5		0.000993151
474		-0.000985455
474.5		0.000409954
475		-0.000392182
475.5		0.000924796
476		-0.000458938
476.5		-0.001619889
477		-0.000161365
477.5		-0.000448954
478		-0.000228397
478.5		-0.00087632
479		0.000500177
479.5		0.000862564
480		0.00021583
480.5		-0.000429136
481		0.000794824
481.5		0.000581095
482		0.000368262
482.5		-0.000845262
483		0.000158213
483.5		0.00115835
484		0.00023407
484.5		0.001373163
485		-0.000470872
485.5		-0.00018448
486		-0.000888675
486.5		0.000739634
487		3.56E-05
487.5		0.000531077
488		-0.000522542
488.5		-0.000238443
489		-0.001357875
489.5		0.000397611
490		-0.000160456
490.5		0.00033129
491		-0.00224901
491.5		0.00019522
492		-0.000429188
492.5		-0.000217966
493		0.000478653
493.5		-0.000352153
494		-3.17E-06
494.5		-0.001038663
495		-0.000759331
495.5		-0.001653611
496		0.000349757
496.5		-0.000268715
497		-0.000266388
497.5		-0.000882952
498		-0.001223528
498.5		-0.000808682
499		-0.000874403
499.5		0.001386446
500		-4.90E-05
500.5		-4.73E-05
501		-0.001684006
501.5		-0.000180555
502		0.000366386
502.5		0.000639898
503		0.000980626
503.5		0.000233874
504		-0.001055126
504.5		-0.000713261
505		0.000915154
505.5		0.000848201
506		-9.89E-05
506.5		0.000240806
507		-0.000974827
507.5		0.000850853
508		-0.001308389
508.5		-0.001306464
509		-0.000158715
509.5		0.001122516
510		0.000315
510.5		0.00058511
511		0.000787193
511.5		0.000787854
512		-0.001092913
512.5		0.000117246
513		-0.000150346
513.5		0.000320095
514		-0.000215757
514.5		0.000991517
515		-0.000281462
515.5		-0.000280866
516		-0.001016447
516.5		-1.16E-05
517		-0.000278814
517.5		-0.000412274
518		-0.000344947
518.5		0.000792819
519		-0.001079755
519.5		0.001595511
520		-9.03E-06
520.5		-0.000877921
521		-0.00067746
521.5		-0.00014231
522		-8.35E-06
522.5		0.000392768
523		-0.00074366
523.5		0.000258873
524		-7.53E-05
524.5		-0.000409958
525		-0.001346125
525.5		-0.000878663
526		-0.001146736
526.5		0.001127471
527		-0.000210981
527.5		-0.001349255
528		0.000122812
528.5		0.000323201
529		0.000121371
529.5		-0.000415385
530		-0.001287905
530.5		-0.000350118
531		-0.000283955
531.5		0.000319324
532		-0.0002869
532.5		0.000451788
533		-8.76E-05
533.5		-0.00130209
534		-0.001102296
534.5		0.000785145
535		-0.000499817
535.5		-0.000366591
536		0.000240537
536.5		-0.000507307
537		0.000304996
537.5		-0.002144756
538		-0.000516298
538.5		-4.23E-05
539		-0.000523148
539.5		0.000636079
540		-0.000257746
540.5		0.000150495
541		-0.00026649
541.5		0.001317114
542		-0.00159372
542.5		0.000620085
543		-0.001476641
543.5		0.000190784
544		-0.000734388
544.5		0.000315669
545		-4.70E-05
545.5		0.000160559
546		0.000801643
546.5		-0.001211031
547		0.000440074
547.5		0.000223874
548		0.000104046
548.5		0.000513166
549		-0.000404323
549.5		-9.65E-05
550		0.000821408
550.5		-0.001239799
551		-0.001390111
551.5		-0.000473487
552		0.000442665
552.5		0.000824142
553		-0.000468387
553.5		-0.000239044
554		-0.00061743
554.5		0.000978216
555		0.001054317
555.5		6.95E-05
556		0.001130936
556.5		0.00105534
557		-0.000760236
557.5		-0.000909741
558		-0.000152606
558.5		-0.000604696
559		0.000679336
559.5		-0.000301204
560		0.001207983
560.5		-0.000526032
561		0.000303382
561.5		0.000831233
562		-0.000977585
562.5		-0.000377041
563		0.000451961
563.5		7.20E-05
564		0.000598681
564.5		-1.15E-05
565		-0.001152253
565.5		-0.001301497
566		0.001204865
566.5		-0.00098331
567		0.000907721
567.5		0.00023861
568		-0.000791952
568.5		0.000183524
569		-0.000831537
569.5		-0.000535686
570		6.10E-05
570.5		-0.000424748
571		-0.000933546
571.5		-8.14E-05
572		0.000908589
572.5		-0.001539951
573		0.000184013
573.5		-0.001336513
574		0.00061368
574.5		0.000666508
575		0.000449813
575.5		1.36E-05
576		3.12E-05
576.5		0.000560617
577		-0.002216235
577.5		0.000290996
578		-0.001117954
578.5		-0.001972656
579		-0.000170936
579.5		-0.001319034
580		-8.35E-05
580.5		-0.000358208
581		-0.000624374
581.5		-0.000733499
582		-0.00024165
582.5		-0.000586268
583		-0.001285238
583.5		0.000165553
584		-0.000685668
584.5		-0.000347658
585		-0.000895111
585.5		-0.000696076
586		-0.001621565
586.5		0.000375846
587		-0.000399076
587.5		-6.18E-05
588		-0.001058919
588.5		0.001274333
589		-0.002155204
589.5		-0.001058318
590		-0.001314962
590.5		0.000237101
591		-0.001729639
591.5		-0.001004839
592		-0.000282675
592.5		-0.000978764
593		-0.001237018
593.5		0.001280677
594		0.000114087
594.5		0.000539662
595		-0.000606486
595.5		-0.000274151
596		-2.64E-05
596.5		-0.000650571
597		1.91E-05
597.5		-0.000241372
598		-0.001261548
598.5		0.000485255
599		0.000563708
599.5		-0.000643445
600		0.000780349
600.5		-0.000215678
601		-0.001137629
601.5		-0.001327097
602		0.00046271
602.5		-0.000526129
603		-0.001318074
603.5		0.000726608
604		-0.000466556
604.5		5.81E-05
605		-0.00021416
605.5		-0.001627633
606		0.000440156
606.5		-0.000378696
607		-0.001481021
607.5		-0.000611589
608		0.000959901
608.5		0.001582105
609		0.000924816
609.5		-0.000143592
610		-0.000693628
610.5		-0.000779629
611		-0.000595673
611.5		-0.000407718
612		-0.00035465
612.5		0.000325715
613		-0.000524641
613.5		-0.000892919
614		-0.000483551
614.5		-0.000568899
615		-0.000366676
615.5		-0.0002331
616		-0.000751145
616.5		-0.000324947
617		3.33E-05
617.5		-0.000635034
618		0.000390298
618.5		0.000165003
619		0.000235796
619.5		-0.00050895
620		-0.000362585
620.5		0.000156363
621		-0.000290469
621.5		-0.000884405
622		-0.000362501
622.5		-0.001398721
623		-0.001541188
623.5		-0.000278804
624		-0.000200099
624.5		-0.00012115
625		-0.000993898
625.5		-0.000181829
626		0.000188611
626.5		-0.001684184
627		-0.000445727
627.5		0.00070968
628		0.000979536
628.5		0.000209923
629		-0.000305954
629.5		-0.000145277
630		-0.000356371
630.5		0.001272065
631		3.41E-05
631.5		0.000841468
632		-0.001385913
632.5		-0.000276358
633		-0.001301834
633.5		6.54E-05
634		-0.000147563
634.5		-0.001541884
635		-0.001301097
635.5		-0.000114607
636		-0.000103878
636.5		-2.14E-05
637		-0.000371051
637.5		-0.000646135
638		-0.0002085
638.5		-0.00090685
639		0.000230895
639.5		0.000236737
640		-0.001294107
640.5		-0.000310177
641		0.001569211
641.5		4.69E-05
642		0.000257759
642.5		-0.001186913
643		-0.000976914
643.5		-0.000836698
644		0.000470527
644.5		-0.000973381
645		-0.00042398
645.5		-0.000150738
646		0.00012231
646.5		9.76E-05
647		-0.001624379
647.5		0.000723403
648		-0.001119309
648.5		0.000123046
649		-0.000546001
649.5		-0.000289897
650		0.000502767
650.5		-0.000647884
651		8.30E-05
651.5		0.000208989
652		-0.000419115
652.5		-0.001377774
653		0.000329108
653.5		-0.000872338
654		0.000306605
654.5		-0.001254129
655		0.000282042
655.5		-0.001957139
656		7.19E-06
656.5		-0.00060538
657		-9.47E-05
657.5		-4.62E-05
658		0.000115882
658.5		-0.001425475
659		-0.000537069
659.5		-0.000429829
660		0.00083071
660.5		-0.001019102
661		-0.000648787
661.5		-0.000147976
662		2.90E-05
662.5		0.00055299
663		-0.000701052
663.5		6.08E-05
664		-0.000829605
664.5		-0.000254829
665		0.000375631
665.5		-0.001182809
666		-0.000691136
666.5		-4.76E-05
667		-0.000689886
667.5		-0.00013202
668		0.000109328
668.5		-0.000522231
669		-0.00115508
669.5		-0.000654317
670		-0.000822597
670.5		-0.000249914
671		-0.00022003
671.5		-0.000323633
672		-0.000485838
672.5		-0.000922963
673		-0.000949238
673.5		7.21E-05
674		-0.000351401
674.5		-0.000853243
675		-0.000283674
675.5		-0.000322113
676		-0.000417137
676.5		0.00083422
677		-0.000811976
677.5		-5.48E-05
678		-0.00014665
678.5		-0.000105697
679		0.000346764
679.5		-0.000973667
680		0.00078629
680.5		-0.000967507
681		-0.000326523
681.5		-0.00162687
682		-0.000457188
682.5		-8.76E-05
683		-4.50E-05
683.5		0.001232738
684		0.000701413
684.5		0.001379326
685		9.82E-05
685.5		-0.001082555
686		0.000105089
686.5		0.001249928
687		0.001911018
687.5		0.000765572
688		0.000548337
688.5		0.001644741
689		0.0024576
689.5		0.002173898
690		0.003522622
690.5		0.003411955
691		0.005570492
691.5		0.00549212
692		0.00528594
692.5		0.005939279
693		0.007289718
693.5		0.008308473
694		0.007792281
694.5		0.00953213
695		0.011448303
695.5		0.011717922
696		0.013775148
696.5		0.014325866
697		0.015519312
697.5		0.015834013
698		0.017109314
698.5		0.019300671
699		0.020231875
699.5		0.021276513
700		0.02245097
700.5		0.025748758
701		0.026943911
701.5		0.026915822
702		0.029177735
702.5		0.029951872
703		0.031175179
703.5		0.033665426
704		0.034463398
704.5		0.035088405
705		0.037209176
705.5		0.037575271
706		0.038419053
706.5		0.041337423
707		0.041760735
707.5		0.04205472
708		0.043653119
708.5		0.044441856
709		0.044431672
709.5		0.04590575
710		0.045836423
710.5		0.046580277
711		0.047917683
711.5		0.046653554
712		0.046788815
712.5		0.048422288
713		0.047911886
713.5		0.048741598
714		0.046977758
714.5		0.048867892
715		0.047907732
715.5		0.047686644
716		0.047533378
716.5		0.047544964
717		0.047662754
717.5		0.046390351
718		0.046674322
718.5		0.045190465
719		0.044880748
719.5		0.042445287
720		0.043903004
720.5		0.043209169
721		0.04193629
721.5		0.040463127
722		0.042765968
722.5		0.040913273
723		0.039650802
723.5		0.038349189
724		0.036949288
724.5		0.036924236
725		0.036553122
725.5		0.036069166
726		0.034750886
726.5		0.033486947
727		0.033421297
727.5		0.033350047
728		0.032093629
728.5		0.030500896
729		0.03030221
729.5		0.02898203
730		0.028679691
730.5		0.029197766
731		0.027543673
731.5		0.026328905
732		0.026750777
732.5		0.024995105
733		0.023955479
733.5		0.024280094
734		0.024122242
734.5		0.022858355
735		0.021801213
735.5		0.021976627
736		0.021527933
736.5		0.021820067
737		0.019752225
737.5		0.020735987
738		0.01912329
738.5		0.018346552
739		0.018005654
739.5		0.018129716
740		0.017276589
740.5		0.016062303
741		0.017006595
741.5		0.01567293
742		0.015143489
742.5		0.015104176
743		0.014230733
743.5		0.014860279
744		0.013895195
744.5		0.012071357
745		0.012594518
745.5		0.010897726
746		0.012480057
746.5		0.011652088
747		0.012453211
747.5		0.011607291
748		0.00996356
748.5		0.009986953
749		0.010015342
749.5		0.010514644
750		0.009531444
750.5		0.008593478
751		0.008186399
751.5		0.007212111
752		0.009185242
752.5		0.007443379
753		0.007411384
753.5		0.007136641
754		0.006587168
754.5		0.006091284
755		0.007534918
755.5		0.00590719
756		0.005956579
756.5		0.006797017
757		0.005240996
757.5		0.00534921
758		0.006902398
758.5		0.00397648
759		0.003370655
759.5		0.004249649
760		0.003623332
760.5		0.003706221
761		0.004273268
761.5		0.003611017
762		0.002936508
762.5		0.003231892
763		0.003534792
763.5		0.003195992
764		0.002174604
764.5		0.002633873
765		0.002917912
765.5		0.003897249
766		0.001479142
766.5		0.00232329
767		0.00240151
767.5		0.00183391
768		0.00280603
768.5		0.001961261
769		0.002511943
769.5		0.000170703
770		0.002041619
770.5		0.001621309
771		0.003264235
771.5		-0.000110539
772		0.003372914
772.5		0.001150684
773		0.001969404
773.5		0.000376765
774		0.000854024
774.5		0.000916211
775		0.001553191
775.5		0.000307078
776		0.000481706
776.5		0.001424835
777		0.001146661
777.5		0.000932292
778		0.001065384
778.5		6.29E-05
779		0.001268349
779.5		0.000794318
780		0.000821168
780.5		0.001427572
781		-0.000438638
781.5		0.000237245
782		0.001068279
782.5		-0.000361801
783		-0.000742103
783.5		-0.000402791
784		-0.000195598
784.5		0.000817299
785		0.000877681
785.5		-0.000452866
786		-0.000332509
786.5		0.000214762
787		-0.000730872
787.5		0.000331395
788		-0.000116584
788.5		0.000550555
789		0.000676607
789.5		-9.62E-05
790		0.001217755
790.5		-0.000272809
791		0.000351861
791.5		0.000699593
792		0.000617439
792.5		-0.000548796
793		-0.000141404
793.5		0.000741478
794		0.000523205
794.5		0.000230038
795		-0.001207757
795.5		0.000418191
796		0.000986853
796.5		-0.000337514
797		0.000678063
797.5		-0.000226028
798		0.000885297
798.5		0.000269431
799		0.000946524
799.5		0.000492227
800		-0.00138441
800.5		-0.000308423
801		-0.00060354
801.5		-2.94E-05
802		0.000621518
802.5		-0.000845549
803		-0.000120125
803.5		-0.000409223
804		0.000278835
804.5		0.000135693
805		0.000336001
805.5		-0.001611874
806		-2.55E-05
806.5		-0.000944144
807		0.001012899
807.5		-0.000972151
808		8.43E-06
808.5		0.00049999
809		-0.00037183
809.5		-0.001689584
810		-0.000398318
810.5		-0.000186381
811		0.000488237
811.5		-0.000414218
812		0.000608357
812.5		-0.000516651
813		-0.000957083
813.5		0.000581286
814		-0.000287175
814.5		0.000128046
815		-0.000323845
815.5		0.00093959
816		-0.00068065
816.5		0.000677961
817		-0.001148255
817.5		0.000231731
818		-0.000854666
818.5		-1.93E-05
819		-0.001093426
819.5		-0.000677748
820		-0.000571494
820.5		-0.000251426
821		-0.000207833
821.5		-0.001389979
822		0.000583584
822.5		0.000264791
823		-0.000247192
823.5		-0.000847472
824		-0.000997039
824.5		0.000212824
825		-0.000989364
825.5		-0.001111638
826		0.00098434
826.5		-0.000193563
827		-0.000983387
827.5		-0.000478354
828		-0.000233634
828.5		0.000407684
829		0.000238455
829.5		-8.08E-05
830		-0.0002577
830.5		-0.000101362
831		-0.00141802
831.5		-0.00123541
832		-0.000583095
832.5		5.76E-05
833		-0.000326251
833.5		-0.000248716
834		-0.000839711
834.5		0.000461191
835		-0.000826419
835.5		-0.00039252
836		-0.000927354
836.5		0.00058347
837		-0.001226921
837.5		-7.22E-05
838		-0.001583452
838.5		1.57E-05
839		-0.000179831
839.5		-0.000715831
840		-0.00030497
840.5		-0.000571235
841		3.90E-05
841.5		0.000106306
842		-0.00088858
842.5		-8.88E-05
843		-0.000219398
843.5		0.000907467
844		-0.000953984
844.5		0.000503837
845		0.000370591
845.5		-0.001361987
846		-0.0005647
846.5		-0.000902075
847		-0.000374324
847.5		-0.000433019
848		-0.000506818
848.5		0.000263921
849		-0.000453046
849.5		-7.00E-05
850		5.44E-05
850.5		-0.000927176
851		-0.000545974
851.5		-0.000356634
852		-0.000697695
852.5		8.69E-05
853		1.16E-05
853.5		-5.18E-05
854		0.000204759
854.5		-0.000186747
855		-0.000834536
855.5		-0.001108452
856		0.000171621
856.5		0.000942479
857		-0.000429787
857.5		0.000542232
858		7.97E-05
858.5		-0.001203273
859		0.000245258
859.5		-0.000206019
860		-0.000993231
860.5		0.000871841
861		-0.000298042
861.5		-0.001539743
862		-0.000427163
862.5		0.000191662
863		5.76E-05
863.5		-0.000268391
864		0.000109958
864.5		-0.000344545
865		-0.001377945
865.5		0.000412065
866		-0.00036811
866.5		0.000386644
867		-0.00136956
867.5		-0.00024182
868		0.000315917
868.5		0.000438182
869		0.000372589
869.5		0.001188755
870		-0.00083628
870.5		-0.0005872
871		4.24E-05
871.5		-0.000147326
872		-0.001096035
872.5		-0.000716288
873		0.000676236
873.5		-0.000400089
874		-2.23E-05
874.5		-0.000271681
875		-0.000712722
875.5		4.93E-05
876		-0.000391781
876.5		-0.000448088
877		-0.000315577
877.5		-0.00143647
878		-0.000743225
878.5		-0.000320568
879		-5.52E-05
879.5		-0.000428945
880		0.000284113
880.5		9.62E-05
881		0.000863524
881.5		-0.000136409
882		0.000851281
882.5		0.000257503
883		-0.002170706
883.5		0.001047558
884		-0.000340733
884.5		0.000180888
885		0.000212413
885.5		-0.000327956
886		-0.000589441
886.5		-0.002361184
887		-0.000101314
887.5		0.000927744
888		0.002056223
888.5		0.000331898
889		0.00066506
889.5		-0.000708889
890		-0.00109764
890.5		-0.001315146
891		0.00080162
891.5		0.000129267
892		-0.000104912
892.5		-0.001020716
893		-0.001095628
893.5		-0.001305746
894		0.00168377
894.5		-0.004493876
895		0.001489925
895.5		0.000438433
896		-0.002412284
896.5		-0.00113903
897		0.000850381
897.5		-0.001209937
898		0.001102747
898.5		0.000359228
899		-0.000286265
899.5		-0.004679624
900		-0.007373872
900.5		-0.007147727
901		-0.005414938
901.5		-0.008922988
902		-0.007315054
902.5		-0.007629978
903		-0.002974982
903.5		-0.007630188
904		-0.008187416
904.5		-0.009533612
905		-0.006613323
905.5		-0.005584516
906		-0.005078075
906.5		-0.005715496
907		-0.009319111
907.5		-0.007333127
908		-0.005629365
908.5		-0.009641572
909		-0.007382407
909.5		-0.003197725
910		-0.00836501
910.5		-0.007415041
911		-0.00691026
911.5		-0.005923715
912		-0.003548448
912.5		-0.007031439
913		-0.005564186
913.5		-0.004761361
914		-0.006846248
914.5		-0.007352117
915		-0.00784174
915.5		-0.004642625
916		-0.005658756
916.5		-0.009920065
917		-0.007660548
917.5		-0.007178199
918		-0.005119984
918.5		-0.006135901
919		-0.005415028
919.5		-0.005087552
920		-0.010281125
920.5		-0.006017731
921		-0.007033305
921.5		-0.007246457
922		-0.008263403
922.5		-0.004996309
923		-0.004281156
923.5		-0.00774544
924		-0.009821444
924.5		-0.003246982
925		-0.005378468
925.5		-0.009169945
926		-0.005087316
926.5		-0.004335433
927		-0.0070518
927.5		-0.006946995
928		-0.006824585
928.5		-0.008795971
929		-0.002549033
929.5		-0.008104181
930		-0.007874936
930.5		-0.007769851
931		-0.005472598
931.5		-0.005749269
932		-0.007092397
932.5		-0.008935576
933		-0.005971523
933.5		-0.006070622
934		-0.007418828
934.5		-0.005302606
935		-0.005241261
935.5		-0.005762818
936		-0.006475758
936.5		-0.009362013
937		-0.00156397
937.5		-0.010582335
938		-0.007228132
938.5		-0.003859563
939		-0.007723387
939.5		-0.006903843
940		-0.0076317
940.5		-0.007406339
941		-0.005223921
941.5		-0.004924746
942		-0.004966301
942.5		-0.007770644
943		-0.007825078
943.5		-0.004645697
944		-0.008374806
944.5		-0.01059066
945		-0.00544101
945.5		-0.002738943
946		-0.003236151
946.5		-0.011303847
947		-0.005735117
947.5		-0.000258578
948		-0.006493466
948.5		-0.012299864
949		-0.008272503
949.5		-0.003067783
950		-0.008667816
950.5		-0.008613169
951		-0.009129362
951.5		-0.006604281
952		-0.011412621
952.5		-0.006867468
953		-0.002153002
953.5		-0.004704589
954		-0.007622111
954.5		-0.007931959
955		-0.004524377
955.5		-0.005562783
956		-0.009327747
956.5		-0.008888291
957		-0.003590635
957.5		-0.007504067
958		-0.00871931
958.5		-0.003238709
959		-0.005699201
959.5		-0.008066373
960		-0.006871214
960.5		-0.007316602
961		-0.003626116
961.5		-0.007626016
962		-0.005953963
962.5		-0.007989983
963		-0.005424341
963.5		-0.005661482
964		-0.00404978
964.5		-0.005894977
965		-0.009354428
965.5		-0.007846392
966		-0.006315171
966.5		-0.004790259
967		-0.008413706
967.5		-0.010818639
968		-0.004139266
968.5		-0.005739895
969		-0.008126887
969.5		-0.007361669
970		-0.004895542
970.5		-0.006589451
971		-0.010678745
971.5		-0.006467397
972		-0.003948197
972.5		-0.010026317
973		-0.00660931
973.5		-0.006315426
974		-0.009007687
974.5		-0.009977327
975		-0.007397645
975.5		-0.008536144
976		-0.00953122
976.5		-0.007380838
977		-0.008273012
977.5		-0.011553376
978		-0.004752012
978.5		-0.004299704
979		-0.010715804
979.5		-0.006893494
980		-0.004571655
980.5		-0.009352905
981		-0.010811753
981.5		-0.003645342
982		-0.005642751
982.5		-0.013623931
983		-0.009065568
983.5		-0.0067795
984		-0.006694965
984.5		-0.011656608
985		-0.00766732
985.5		-0.007552197
986		-0.011791808
986.5		-0.006850303
987		-0.004803768
987.5		-0.005864012
988		-0.006519456
988.5		-0.005450805
989		-0.007164436
989.5		-0.008426339
990		-0.011277401
990.5		-0.005077892
991		-0.003671924
991.5		-0.008693333
992		-0.004793568
992.5		-0.005547474
993		-0.00916578
993.5		-0.00644696
994		-0.005207346
994.5		-0.008097894
995		-0.007712004
995.5		-0.006478537
996		-0.004724784
996.5		-0.008383515
997		-0.006372347
997.5		-0.007881263
998		-0.007662419
998.5		-0.009438426
999		-0.006251405
999.5		-0.005685261
1000		-0.007617461
1000.5		-0.011386399
1001		-0.005743138
1001.5		-0.009124774
1002		-0.009247664
1002.5		-0.009820174
1003		-0.007529593
1003.5		-0.006407233
1004		-0.002891992
1004.5		-0.007915815
1005		-0.008023788
1005.5		-0.007628503
1006		-0.008241202
1006.5		-0.005598109
1007		-0.010452507
1007.5		-0.005774303
1008		-0.007948441
1008.5		-0.005845844
1009		-0.006877109
1009.5		-0.00997876
1010		-0.007410415
1010.5		-0.010314033
1011		-0.004622
1011.5		-0.010235984
1012		-0.009808571
1012.5		-0.01050683
1013		-0.008868151
1013.5		-0.007038481
1014		-0.011854736
1014.5		-0.010869434
1015		-0.005065308
1015.5		-0.006136526
1016		-0.009937228
1016.5		-0.010631487
1017		-0.008673364
1017.5		-0.008945705
1018		-0.005870771
1018.5		-0.007588718
1019		-0.010292594
1019.5		-0.008411519
1020		-0.006712245
1020.5		-0.01067856
1021		-0.009206242
1021.5		-0.00743638
1022		-0.007594786
1022.5		-0.009192205
1023		-0.008859642
1023.5		-0.007996227
1024		-0.009695502
1024.5		-0.008188411
1025		-0.005096315
1025.5		-0.008648168
1026		-0.008276563
1026.5		-0.010398597
1027		-0.008417808
1027.5		-0.010129568
1028		-0.004537578
1028.5		-0.005369368
1029		-0.008380201
1029.5		-0.012744413
1030		-0.005340288
1030.5		0.000318152
1031		-0.009141532
1031.5		-0.01141878
1032		-0.009087981
1032.5		-0.0066775
1033		-0.008468479
1033.5		-0.011695029
1034		-0.007389
1034.5		-0.004522607
1035		-0.009433324
1035.5		-0.007921474
1036		-0.009101914
1036.5		-0.007625753
1037		-0.007048802
1037.5		-0.006836614
1038		-0.00956524
1038.5		-0.007379401
1039		-0.005180689
1039.5		-0.007486682
1040		-0.00855886
1040.5		-0.004611582
1041		-0.007976133
1041.5		-0.011284757
1042		-0.006632082
1042.5		-0.005625899
1043		-0.007769675
1043.5		-0.007417906
1044		-0.005178758
1044.5		-0.008529294
1045		-0.006455403
1045.5		-0.009603056
1046		-0.008608229
1046.5		-0.008030931
1047		-0.006710672
1047.5		-0.009453735
1048		-0.007928194
1048.5		-0.009685913
1049		-0.004527388
1049.5		-0.003547108
1050		-0.008943992
1050.5		-0.009217965
1051		-0.007694279
1051.5		-0.006398957
1052		-0.005984914
1052.5		-0.004483542
1053		-0.0071479
1053.5		-0.005506219
1054		-0.008487783
1054.5		-0.007353542
1055		-0.00816266
1055.5		-0.005906083
1056		-0.006254847
1056.5		-0.009478813
1057		-0.012095314
1057.5		-0.005204517
1058		-0.005603134
1058.5		-0.00647428
1059		-0.008840903
1059.5		-0.007412267
1060		-0.00569441
1060.5		-0.00642916
1061		-0.006177295
1061.5		-0.006517755
1062		-0.013578888
1062.5		-0.006190058
1063		-0.007696665
1063.5		-0.007240911
1064		-0.013705621
1064.5		-0.006994522
1065		-0.007577726
1065.5		-0.009149936
1066		-0.007190269
1066.5		-0.005638533
1067		-0.008356429
1067.5		-0.008511684
1068		-0.006668549
1068.5		-0.006800583
1069		-0.009184894
1069.5		-0.006258751
1070		-0.003558532
1070.5		-0.012667226
1071		-0.006660877
1071.5		-0.005772078
1072		-0.010572461
1072.5		-0.010314785
1073		-0.007268573
1073.5		-0.006935661
1074		-0.007367333
1074.5		-0.007727093
1075		-0.009504625
1075.5		-0.0076
1076		-0.007080685
1076.5		-0.009486296
1077		-0.007873985
1077.5		-0.006174397
1078		-0.008372004
1078.5		-0.008634876
1079		-0.012446554
1079.5		-0.007839975
1080		-0.006567446
1080.5		-0.00569832
1081		-0.008671177
1081.5		-0.009630955
1082		-0.005416691
1082.5		-0.006434245
1083		-0.008455027
1083.5		-0.007124645
1084		-0.007362056
1084.5		-0.007378836
1085		-0.00902957
1085.5		-0.005236588
1086		-0.007872887
1086.5		-0.010099718
1087		-0.004090061
1087.5		-0.00669319
1088		-0.008897006
1088.5		-0.008655181
1089		-0.00860499
1089.5		-0.007234329
1090		-0.004053873
1090.5		-0.008120683
1091		-0.006016653
1091.5		-0.007051812
1092		-0.00605281
1092.5		-0.006728192
1093		-0.008751608
1093.5		-0.006228276
1094		-0.010010615
1094.5		-0.006664706
1095		-0.009130753
1095.5		-0.005644993
1096		-0.006876383
1096.5		-0.01056576
1097		-0.011542178
1097.5		-0.007052434
1098		-0.005781085
1098.5		-0.009649099
1099		-0.008704077
1099.5		-0.006393017
1100		-0.00800267
