microns throughput
0.5501500244140625 2.0153511585248295e-09
0.5511500244140625 2.5122976852062517e-09
0.5521500244140625 3.484316383695734e-09
0.5531500244140625 4.624211276488756e-09
0.5541500244140625 4.613286001042868e-09
0.5551500244140625 4.728399404723397e-09
0.5561500244140625 4.746432718547391e-09
0.5571500244140625 5.2622297312672616e-09
0.5581500244140625 5.1770855609880784e-09
0.5591500244140625 4.541431882519752e-09
0.5601500244140625 4.201937495882429e-09
0.5611500244140625 4.4298084119373014e-09
0.5621500244140625 4.39645993586598e-09
0.5631500244140625 4.6483168932609204e-09
0.5641500244140625 5.02348562349605e-09
0.5651500244140625 5.950852877144286e-09
0.5661500244140625 7.521249429054866e-09
0.5671500244140625 8.08725753160212e-09
0.5681500244140625 9.9596650299105e-09
0.5691500244140625 9.36856382499047e-09
0.5701500244140625 1.0941324782673143e-08
0.5711500244140625 1.0849110955493692e-08
0.5721500244140625 1.240531881969022e-08
0.5731500244140625 1.0896573964357285e-08
0.5741500244140625 1.0143093116903977e-08
0.5751500244140625 9.86350744515377e-09
0.5761500244140625 1.1944177729111983e-08
0.5771500244140625 1.409785471361712e-08
0.5781500244140625 1.5574493608875515e-08
0.5791500244140625 1.7814543405676935e-08
0.5801500244140625 2.1886723012732378e-08
0.5811500244140625 2.6412432482906203e-08
0.5821500244140625 2.8949399826075355e-08
0.5831500244140625 3.049760397487637e-08
0.5841500244140625 2.98647625908436e-08
0.5851500244140625 2.9507611197965345e-08
0.5861500244140625 2.9169417257530397e-08
0.5871500244140625 3.5814332054288544e-08
0.5881500244140625 4.095204040149142e-08
0.5891500244140625 4.480144648905149e-08
0.5901500244140625 4.946106707154706e-08
0.5911500244140625 5.247747807777424e-08
0.5921500244140625 5.960492008028328e-08
0.5931500244140625 6.265445492275084e-08
0.5941500244140625 7.662207228498366e-08
0.5951500244140625 8.584355822006678e-08
0.5961500244140625 1.0003382456450788e-07
0.5971500244140625 1.5038498702015116e-07
0.5981500244140625 3.3878765049727846e-07
0.5991500244140625 1.1594924124776826e-06
0.6001500244140625 3.973838385793771e-06
0.6011500244140625 1.491697217345788e-05
0.6021500244140625 7.231600269043916e-05
0.6031500244140625 0.00030996068662858127
0.6041500244140625 0.0012375376628281016
0.6051500244140625 0.004097643703382749
0.6061500244140625 0.010342038217888363
0.6071500244140625 0.020728065909891017
0.6081500244140625 0.03450906985618329
0.6091500244140625 0.04945485086519808
0.6101500244140625 0.06323273732296081
0.6111500244140625 0.07432329640898833
0.6121500244140625 0.08259606894430213
0.6131500244140625 0.08847119104595703
0.6141500244140625 0.09313234639328988
0.6151500244140625 0.09709096872742948
0.6161500244140625 0.1013079971061109
0.6171500244140625 0.105977024888076
0.6181500244140625 0.11077082004750177
0.6191500244140625 0.11556458421880422
0.6201500244140625 0.11984462847634231
0.6211500244140625 0.12327877003210105
0.6221500244140625 0.12611365680359643
0.6231500244140625 0.12823155599772385
0.6241500244140625 0.1302474414066986
0.6251500244140625 0.13192027672804488
0.6261500244140625 0.13317802596260775
0.6271500244140625 0.13417819757705302
0.6281500244140625 0.1348870920781518
0.6291500244140625 0.13526769109861314
0.6301500244140625 0.13552103485003442
0.6311500244140625 0.13566131360825823
0.6321500244140625 0.13590155669927126
0.6331500244140625 0.13715573593307007
0.6341500244140625 0.13927655509073944
0.6351500244140625 0.1418304330205677
0.6361500244140625 0.14464644912801589
0.6371500244140625 0.14706036294204733
0.6381500244140625 0.14900870949372413
0.6391500244140625 0.15076615827807766
0.6401500244140625 0.1522043555338486
0.6411500244140625 0.15392440816422853
0.6421500244140625 0.15567328052612545
0.6431500244140625 0.1571619918209955
0.6441500244140625 0.15839082446253772
0.6451500244140626 0.1592835940979106
0.6461500244140626 0.15998420546780598
0.6471500244140626 0.16080749308535625
0.6481500244140626 0.16198276246698895
0.6491500244140626 0.1633596941509578
0.6501500244140626 0.1651129714323546
0.6511500244140624 0.16638485556320254
0.6521500244140624 0.1672361855955182
0.6531500244140624 0.16780067285842837
0.6541500244140624 0.1680328847302602
0.6551500244140624 0.16792730896370095
0.6561500244140624 0.1679288999346701
0.6571500244140625 0.16763145862959294
0.6581500244140625 0.16751082663744804
0.6591500244140625 0.1678433993329274
0.6601500244140625 0.1687283241160804
0.6611500244140625 0.16969938250427014
0.6621500244140625 0.17130034928758495
0.6631500244140625 0.17346394887759126
0.6641500244140625 0.17605484719950076
0.6651500244140625 0.17839820817865876
0.6661500244140625 0.18020328509794226
0.6671500244140625 0.18098041221691114
0.6681500244140625 0.1812663038709935
0.6691500244140625 0.1813913925377755
0.6701500244140625 0.1811885841828201
0.6711500244140625 0.1807867449932793
0.6721500244140625 0.18036130654590699
0.6731500244140625 0.18027153039519117
0.6741500244140625 0.1801032222438172
0.6751500244140625 0.1799418987907036
0.6761500244140625 0.18031918306318898
0.6771500244140625 0.18114668488872965
0.6781500244140625 0.18209892541857486
0.6791500244140625 0.18377808512673277
0.6801500244140625 0.18604986635646664
0.6811500244140625 0.18819870602610186
0.6821500244140625 0.18976460408494644
0.6831500244140625 0.19071365627627365
0.6841500244140625 0.19193090571687849
0.6851500244140625 0.19286361688482384
0.6861500244140625 0.19400216904835205
0.6871500244140625 0.19490625923701302
0.6881500244140625 0.1960675379022133
0.6891500244140625 0.19764668319886602
0.6901500244140625 0.19891256204260016
0.6911500244140625 0.1992660680125651
0.6921500244140625 0.19833269752475474
0.6931500244140625 0.1962060483617662
0.6941500244140625 0.19335060612779315
0.6951500244140625 0.19019187943799049
0.6961500244140625 0.1879008507645606
0.6971500244140625 0.18708064372141575
0.6981500244140625 0.1878946158306704
0.6991500244140625 0.19033715427658648
0.7001500244140625 0.19383632392206146
0.7011500244140625 0.19793829873644248
0.7021500244140625 0.20098836735730208
0.7031500244140625 0.20363491043995444
0.7041500244140625 0.2053751933933792
0.7051500244140625 0.2060293192042411
0.7061500244140625 0.2068450681549487
0.7071500244140625 0.2073910418930841
0.7081500244140625 0.2085499252079217
0.7091500244140625 0.2099641899332526
0.7101500244140625 0.21025308484812377
0.7111500244140625 0.20984583458942552
0.7121500244140625 0.2080119074912046
0.7131500244140625 0.20585892889431767
0.7141500244140625 0.20422194347753939
0.7151500244140625 0.20380405903942
0.7161500244140625 0.2040448535684258
0.7171500244140625 0.20429178027296518
0.7181500244140625 0.20374551003434965
0.7191500244140625 0.20200878283645296
0.7201500244140625 0.19975982316850416
0.7211500244140625 0.19814003641373842
0.7221500244140625 0.19867720980027326
0.7231500244140625 0.20181974075422604
0.7241500244140625 0.2068236565849158
0.7251500244140625 0.21280938293256735
0.7261500244140625 0.21864532434101192
0.7271500244140625 0.22336281792145082
0.7281500244140625 0.22658859415534993
0.7291500244140625 0.228757258887424
0.7301500244140625 0.22988506727131752
0.7311500244140625 0.2293961971512835
0.7321500244140625 0.22843227926957282
0.7331500244140625 0.22666024258873718
0.7341500244140625 0.22406740025202943
0.7351500244140625 0.22145348066258236
0.7361500244140625 0.21925751367076546
0.7371500244140625 0.2177863509080662
0.7381500244140625 0.2175620830129154
0.7391500244140625 0.21824283501142658
0.7401500244140625 0.21901364062776887
0.7411500244140625 0.21995395922339878
0.7421500244140625 0.22066522367108538
0.7431500244140625 0.22208585663826133
0.7441500244140625 0.22477860032609193
0.7451500244140625 0.2285422220467931
0.7461500244140625 0.2322788480629385
0.7471500244140625 0.23642574077420508
0.7481500244140625 0.23939515872978445
0.7491500244140625 0.24184107577637992
0.7501500244140625 0.2430293485296937
0.7511500244140625 0.24355065062533093
0.7521500244140625 0.24346967034623512
0.7531500244140625 0.24172316259583168
0.7541500244140625 0.23905324721958476
0.7551500244140625 0.2348947996511813
0.7561500244140625 0.23049799775575402
0.7571500244140625 0.226996193501688
0.7581500244140625 0.22518885900956287
0.7591500244140625 0.22438454574477731
0.7601500244140625 0.2247380875423774
0.7611500244140625 0.225586998082693
0.7621500244140625 0.2265970128199365
0.7631500244140625 0.22892798773841372
0.7641500244140625 0.23225189166462107
0.7651500244140625 0.23695476975263768
0.7661500244140625 0.2418522201378553
0.7671500244140625 0.2460404908560682
0.7681500244140625 0.24792417992534255
0.7691500244140625 0.24801454483627156
0.7701500244140626 0.2467299295382474
0.7711500244140626 0.2443732334413033
0.7721500244140626 0.2418023111761769
0.7731500244140626 0.23809484116723464
0.7741500244140626 0.23377671193956032
0.7751500244140626 0.22837022675494234
0.7761500244140624 0.22204590938581548
0.7771500244140624 0.21307832614034025
0.7781500244140624 0.19958320558789117
0.7791500244140624 0.1805811428129025
0.7801500244140624 0.15682315702067967
0.7811500244140624 0.13033421896950603
0.7821500244140625 0.10358532167663001
0.7831500244140625 0.07883057806834694
0.7841500244140625 0.057637211425876723
0.7851500244140625 0.04064655750704581
0.7861500244140625 0.02772620234133897
0.7871500244140625 0.018528017955874866
0.7881500244140625 0.012305009414070745
0.7891500244140625 0.008268736521467104
0.7901500244140625 0.00570613995669849
0.7911500244140625 0.004000835068065059
0.7921500244140625 0.0028694835449864374
0.7931500244140625 0.0020392187860667804
0.7941500244140625 0.0014646123258694806
0.7951500244140625 0.001067755666775346
0.7961500244140625 0.0007847460686968327
0.7971500244140625 0.0005810878684321178
0.7981500244140625 0.00043243160612671733
0.7991500244140625 0.0003246020508088796
0.8001500244140625 0.0002461027187870586
0.8011500244140625 0.0001876649335414292
0.8021500244140625 0.0001437416579213508
0.8031500244140625 0.00011120769910434366
0.8041500244140625 8.688533358830905e-05
0.8051500244140625 6.876913418539633e-05
0.8061500244140625 5.509061997565019e-05
0.8071500244140625 4.4611492578377335e-05
0.8081500244140625 3.648487738611109e-05
0.8091500244140625 3.0151681845408395e-05
0.8101500244140625 2.5206779837059595e-05
0.8111500244140625 2.112769128235836e-05
0.8121500244140625 1.7991069809937773e-05
0.8131500244140625 1.5453460090983462e-05
0.8141500244140625 1.3535097960478608e-05
0.8151500244140625 1.2022530003165793e-05
0.8161500244140625 1.0932998440157676e-05
0.8171500244140625 9.970629638741823e-06
0.8181500244140625 9.15390208663687e-06
0.8191500244140625 8.373965291571396e-06
0.8201500244140625 7.790356688820837e-06
0.8211500244140625 7.302144756401763e-06
0.8221500244140625 6.95241515122465e-06
0.8231500244140625 6.60664038326591e-06
0.8241500244140625 6.3246148167656745e-06
0.8251500244140625 6.013001442354177e-06
0.8261500244140625 5.801953104857371e-06
0.8271500244140625 5.644171173753056e-06
0.8281500244140625 5.572830524246222e-06
0.8291500244140625 5.443054675456466e-06
0.8301500244140625 5.224839083269805e-06
0.8311500244140625 5.003214001330393e-06
0.8321500244140625 4.889000046018493e-06
0.8331500244140625 4.930732198426758e-06
0.8341500244140625 4.984059096443917e-06
0.8351500244140625 4.869967715727606e-06
0.8361500244140625 4.5237554551902534e-06
0.8371500244140625 4.083047354870499e-06
0.8381500244140625 3.6767656717068335e-06
0.8391500244140625 3.512242957618592e-06
0.8401500244140625 3.5979745288179463e-06
0.8411500244140625 3.879423072646014e-06
0.8421500244140625 4.142605964021434e-06
0.8431500244140625 4.187885697403701e-06
0.8441500244140625 4.099221110153961e-06
0.8451500244140625 3.789270284043472e-06
0.8461500244140625 3.4958022241316294e-06
0.8471500244140625 3.0890965465128316e-06
0.8481500244140625 2.786560565345308e-06
0.8491500244140625 2.565388979618373e-06
0.8501500244140625 2.6379069109510186e-06
0.8511500244140625 2.9710729820449858e-06
0.8521500244140625 3.3913512200406207e-06
0.8531500244140625 3.571567453889856e-06
0.8541500244140625 3.301847965981879e-06
0.8551500244140625 2.743303702384575e-06
0.8561500244140625 2.2282194194879417e-06
0.8571500244140625 2.1531857406638328e-06
0.8581500244140625 2.406319150084773e-06
0.8591500244140625 2.7397723655561767e-06
0.8601500244140625 2.9910048274885725e-06
0.8611500244140625 2.804661735026404e-06
0.8621500244140625 2.441602717313056e-06
0.8631500244140625 2.2205555291696564e-06
0.8641500244140625 2.201529115169921e-06
0.8651500244140625 2.3822135965875537e-06
0.8661500244140625 2.1214475017875255e-06
0.8671500244140625 1.7256331859379853e-06
0.8681500244140625 1.2611148814132515e-06
0.8691500244140625 8.549031345137224e-07
0.8701500244140625 8.471439001145664e-07
0.8711500244140625 9.31206555588187e-07
0.8721500244140625 1.3698849444039625e-06
0.8731500244140625 1.6453016084830494e-06
0.8741500244140625 1.6375625451664053e-06
0.8751500244140625 1.1430542883003493e-06
0.8761500244140625 6.154326717236849e-07
0.8771500244140625 3.778291472668469e-07
0.8781500244140625 4.2668295350467205e-07
0.8791500244140625 7.593566990184466e-07
0.8801500244140625 9.735187386184248e-07
0.8811500244140625 1.3196390868350294e-06
0.8821500244140625 1.0397868424668836e-06
0.8831500244140625 1.0562779473902377e-06
0.8841500244140625 9.752360678250557e-07
0.8851500244140625 9.979518204127284e-07
0.8861500244140625 7.820401341540357e-07
0.8871500244140625 4.328772307043081e-07
0.8881500244140625 3.4663082185261933e-07
0.8891500244140625 3.884105521452157e-07
0.8901500244140625 5.337499271919129e-07
0.8911500244140625 6.227791994127232e-07
0.8921500244140625 7.451701230599595e-07
0.8931500244140625 6.587871221410724e-07
0.8941500244140625 5.563155853140678e-07
0.8951500244140626 1.2631786953295512e-06
0.8961500244140626 2.072217752323361e-06
0.8971500244140626 6.836689943019585e-06
0.8981500244140626 1.0513264607307917e-05
0.8991500244140626 1.395114084423045e-05
0.9001500244140626 1.3026773049301446e-05
0.9011500244140624 1.2459666384406708e-05
0.9021500244140624 1.2361667341092955e-05
0.9031500244140624 1.2250610130184266e-05
0.9041500244140624 1.2073168207878118e-05
0.9051500244140624 1.1670343651753841e-05
0.9061500244140624 1.2485057939564613e-05
0.9071500244140625 1.3182570982924235e-05
0.9081500244140625 1.3238420088088543e-05
0.9091500244140625 1.2399310993374632e-05
0.9101500244140625 1.141278774801296e-05
0.9111500244140625 1.1350498319090929e-05
0.9121500244140625 1.0992987975502074e-05
0.9131500244140625 1.0650285845208358e-05
0.9141500244140625 1.0290950661627745e-05
0.9151500244140625 1.0383513254543059e-05
0.9161500244140625 1.0181830203333498e-05
0.9171500244140625 1.0057193669126243e-05
0.9181500244140625 9.755474685186363e-06
0.9191500244140625 9.505582687511412e-06
0.9201500244140625 8.941448692418382e-06
0.9211500244140625 8.924814114646853e-06
0.9221500244140625 9.105635723582038e-06
0.9231500244140625 9.214194516907181e-06
0.9241500244140625 8.861967644079778e-06
0.9251500244140625 8.092378482994094e-06
0.9261500244140625 7.864062672059585e-06
0.9271500244140625 7.635069646410721e-06
0.9281500244140625 8.028333362999706e-06
0.9291500244140625 7.734342914990534e-06
0.9301500244140625 7.72123025268377e-06
0.9311500244140625 7.560412082654516e-06
0.9321500244140625 7.998631270603852e-06
0.9331500244140625 8.160814295908905e-06
0.9341500244140625 8.352319028517102e-06
0.9351500244140625 7.988123685027876e-06
0.9361500244140625 7.508369716096083e-06
0.9371500244140625 7.376379480040043e-06
0.9381500244140625 7.179280646789356e-06
0.9391500244140625 7.060800063896913e-06
0.9401500244140625 7.020916545689577e-06
0.9411500244140625 6.842842967327297e-06
0.9421500244140625 7.239289374487725e-06
0.9431500244140625 6.7177112272485045e-06
0.9441500244140625 6.613001304507174e-06
0.9451500244140625 6.233529763321237e-06
0.9461500244140625 6.100856868164352e-06
0.9471500244140625 6.240351734637261e-06
0.9481500244140625 6.231207859740931e-06
0.9491500244140625 6.3747292908344065e-06
0.9501500244140625 5.968975492717666e-06
0.9511500244140625 5.969962137550114e-06
0.9521500244140625 5.697366831409714e-06
0.9531500244140625 5.8234646080729174e-06
0.9541500244140625 5.253127279933546e-06
0.9551500244140625 5.2692718857882074e-06
0.9561500244140625 5.327564633798936e-06
0.9571500244140625 5.5906925607155e-06
0.9581500244140625 5.757745246074415e-06
0.9591500244140625 5.613001095439509e-06
0.9601500244140625 5.648185430851056e-06
0.9611500244140625 5.316370928429148e-06
0.9621500244140625 5.1221271327638105e-06
0.9631500244140625 4.974725088257793e-06
0.9641500244140625 4.927925363700806e-06
0.9651500244140625 5.16401533129428e-06
0.9661500244140625 5.01006823792575e-06
0.9671500244140625 4.964440708437983e-06
0.9681500244140625 4.774744184055476e-06
0.9691500244140625 4.7302158538238885e-06
0.9701500244140625 4.776373415219396e-06
0.9711500244140625 4.6931726788799745e-06
0.9721500244140625 4.532925199587617e-06
0.9731500244140625 4.312515292004531e-06
0.9741500244140625 4.188057033700175e-06
0.9751500244140625 4.241088003732486e-06
0.9761500244140625 4.27922109315459e-06
0.9771500244140625 4.467738079734024e-06
0.9781500244140625 4.389783001497247e-06
0.9791500244140625 4.326105222597698e-06
0.9801500244140625 4.350209535046024e-06
0.9811500244140625 4.600654845105332e-06
0.9821500244140625 4.680035907200572e-06
0.9831500244140625 4.6016382016006456e-06
0.9841500244140625 4.4646185439562574e-06
0.9851500244140625 4.333494266115265e-06
0.9861500244140625 4.182915358113222e-06
0.9871500244140625 3.985004382477886e-06
0.9881500244140625 4.045709811307988e-06
0.9891500244140625 4.039589135250203e-06
0.9901500244140625 4.152639486896114e-06
0.9911500244140625 4.145798192966558e-06
0.9921500244140625 4.057588405344171e-06
0.9931500244140625 3.869379377883226e-06
0.9941500244140625 3.857453830375916e-06
0.9951500244140625 3.7869626715243423e-06
0.9961500244140625 3.987910055730195e-06
0.9971500244140625 3.960713385839984e-06
0.9981500244140625 3.9458691745761865e-06
0.9991500244140625 3.83105323642136e-06
1.0001500244140624 3.658750382440049e-06
1.0011500244140625 3.702353994346145e-06
1.0021500244140624 3.6960240099148337e-06
1.0031500244140625 3.778767834983554e-06
1.0041500244140624 3.749828311646258e-06
1.0051500244140625 3.756412749784523e-06
1.0061500244140624 3.698262735082511e-06
1.0071500244140625 3.7404715839443087e-06
1.0081500244140624 3.6283771247768557e-06
1.0091500244140625 3.769768222790597e-06
1.0101500244140624 3.6655836807195233e-06
1.0111500244140625 3.84651102080262e-06
1.0121500244140624 3.600064455380167e-06
1.0131500244140625 3.6318509927408692e-06
1.0141500244140624 3.5112988596710635e-06
1.0151500244140625 3.4857549480815585e-06
1.0161500244140624 3.2902346650455764e-06
1.0171500244140625 3.0520345279618217e-06
1.0181500244140624 3.177154118445999e-06
1.0191500244140625 3.4240042910139605e-06
1.0201500244140624 3.49888651835678e-06
1.0211500244140626 3.5778322895955887e-06
1.0221500244140624 3.419507127016911e-06
1.0231500244140626 3.3406851502729794e-06
1.0241500244140624 3.233279926002154e-06
1.0251500244140626 3.2066742045924802e-06
1.0261500244140624 3.4114521238155516e-06
1.0271500244140626 3.399627209384702e-06
1.0281500244140624 3.4807256992567744e-06
1.0291500244140626 3.296718475003325e-06
1.0301500244140624 3.2654744493029556e-06
1.0311500244140626 3.211236157601936e-06
1.0321500244140625 3.2562325368238845e-06
1.0331500244140626 3.060002835428533e-06
1.0341500244140625 2.924840298344338e-06
1.0351500244140626 2.861282041962866e-06
1.0361500244140625 2.9878708972301215e-06
1.0371500244140626 3.10605173952192e-06
1.0381500244140625 3.13384146983867e-06
1.0391500244140626 3.2591892707104988e-06
1.0401500244140625 3.1893463274066005e-06
1.0411500244140626 3.161681369668802e-06
1.0421500244140625 3.00379298193924e-06
1.0431500244140626 3.028451013706684e-06
1.0441500244140625 3.1789084182581045e-06
1.0451500244140626 3.13767219177098e-06
1.0461500244140625 2.9690053776972934e-06
1.0471500244140626 2.7573413985277243e-06
1.0481500244140625 2.7106464540240863e-06
1.0491500244140626 2.8438298730955928e-06
1.0501500244140625 2.771695534340352e-06
1.0511500244140626 2.989352972972631e-06
1.0521500244140625 3.008549387044149e-06
1.0531500244140626 3.035624618477975e-06
1.0541500244140625 2.957995607482304e-06
1.0551500244140626 3.014031905143099e-06
1.0561500244140625 3.228341964467985e-06
1.0571500244140626 3.1767470050000095e-06
1.0581500244140625 3.1068047917425342e-06
1.0591500244140626 2.9011147065353704e-06
1.0601500244140625 2.8955946426011347e-06
1.0611500244140626 2.8852064529229928e-06
1.0621500244140625 2.934992927091614e-06
1.0631500244140626 3.032240500798463e-06
1.0641500244140625 2.967770753934472e-06
1.0651500244140626 3.114930317150283e-06
1.0661500244140625 2.933253508258714e-06
1.0671500244140626 2.9557502914232614e-06
1.0681500244140625 2.8478120658057165e-06
1.0691500244140626 2.8936959419122082e-06
1.0701500244140625 2.8070983945827422e-06
1.0711500244140626 2.8119873338438193e-06
1.0721500244140625 2.8537517433355128e-06
1.0731500244140626 2.956248892666024e-06
1.0741500244140625 2.8129562771145312e-06
1.0751500244140626 2.6109083971643377e-06
1.0761500244140625 2.500353950807459e-06
1.0771500244140626 2.615409043986414e-06
1.0781500244140625 2.7592660313824618e-06
1.0791500244140626 2.9475015088450705e-06
1.0801500244140625 2.8895205796845714e-06
1.0811500244140626 3.0652454136595763e-06
1.0821500244140625 3.049112760550351e-06
1.0831500244140626 2.9824093925417214e-06
1.0841500244140625 2.747410338275484e-06
1.0851500244140626 2.736715344967337e-06
1.0861500244140625 2.753104565043466e-06
1.0871500244140626 2.7526428534097065e-06
1.0881500244140625 2.584442828682523e-06
1.0891500244140624 2.761408866910824e-06
1.0901500244140625 2.721552069417188e-06
1.0911500244140624 2.7572238662993224e-06
1.0921500244140625 2.730910468564026e-06
1.0931500244140624 2.768108424398562e-06
1.0941500244140625 2.8243466609422658e-06
1.0951500244140624 2.6393886744005973e-06
1.0961500244140625 2.701466750167184e-06
1.0971500244140624 2.5514747281212975e-06
1.0981500244140625 2.652959995310709e-06
1.0991500244140624 2.5684217006896333e-06
1.1001500244140625 2.7558225085846656e-06
1.1011500244140624 2.7484691476248554e-06
1.1021500244140625 2.8676629077122326e-06
1.1031500244140624 2.873081339020418e-06
1.1041500244140625 2.906210105062948e-06
1.1051500244140624 2.883818053051463e-06
1.1061500244140625 2.7741443946433047e-06
1.1071500244140624 2.684326535702936e-06
1.1081500244140625 2.6931622963215247e-06
1.1091500244140624 2.7227044100823688e-06
1.1101500244140625 2.7275840478118724e-06
1.1111500244140624 2.669592491439216e-06
1.1121500244140625 2.70206588863684e-06
1.1131500244140624 2.7340101209941963e-06
1.1141500244140625 2.7584580469709166e-06
1.1151500244140624 2.8277971668130084e-06
1.1161500244140625 3.0491296615910648e-06
1.1171500244140624 3.2057140805356292e-06
1.1181500244140625 3.4378326142531793e-06
1.1191500244140624 3.5603373537053064e-06
1.1201500244140625 3.7946981509722013e-06
1.1211500244140624 3.944918909536331e-06
1.1221500244140625 4.199627208920145e-06
1.1231500244140624 4.258553019802675e-06
1.1241500244140625 4.393788522133938e-06
1.1251500244140624 4.616205306968479e-06
1.1261500244140625 4.898824542405757e-06
1.1271500244140624 5.090212358738198e-06
1.1281500244140625 5.096443659822054e-06
1.1291500244140624 5.211968062658322e-06
1.1301500244140625 5.3133841742169575e-06
1.1311500244140624 5.456134910983762e-06
1.1321500244140625 5.654278325256054e-06
1.1331500244140624 5.856398970822704e-06
1.1341500244140625 6.114416924753151e-06
1.1351500244140624 6.042113603049016e-06
1.1361500244140625 6.13581029262655e-06
1.1371500244140624 5.951425855340905e-06
1.1381500244140625 5.9791914910263165e-06
1.1391500244140624 5.857164425216025e-06
1.1401500244140625 5.879111905609266e-06
1.1411500244140624 5.9109635044588e-06
1.1421500244140625 5.774254380243802e-06
1.1431500244140624 5.732346220692627e-06
1.1441500244140625 5.3692369304905745e-06
1.1451500244140624 5.203980777754951e-06
1.1461500244140626 4.938862581804601e-06
1.1471500244140624 4.9042577976273066e-06
1.1481500244140626 4.733481643519476e-06
1.1491500244140624 4.5388103620394274e-06
1.1501500244140626 4.425760220652823e-06
1.1511500244140624 4.206211904710723e-06
1.1521500244140626 3.905592941006882e-06
1.1531500244140624 3.7445160488840712e-06
1.1541500244140626 3.583713031398942e-06
1.1551500244140624 3.581160869987586e-06
1.1561500244140626 3.4291596228084595e-06
1.1571500244140625 3.4405485169900754e-06
1.1581500244140626 3.4201584864247365e-06
1.1591500244140625 3.4097064707207595e-06
1.1601500244140626 3.375592240708558e-06
1.1611500244140625 3.245172150641811e-06
1.1621500244140626 3.2139224147204075e-06
1.1631500244140625 3.064976854423103e-06
1.1641500244140626 3.1194342733284636e-06
1.1651500244140625 3.052642634037581e-06
1.1661500244140626 3.042892036138056e-06
1.1671500244140625 2.8555100456568367e-06
1.1681500244140626 2.7858573447426464e-06
1.1691500244140625 2.687941635650969e-06
1.1701500244140626 2.7671859506535715e-06
1.1711500244140625 2.714406845816897e-06
1.1721500244140626 2.8496839729014107e-06
1.1731500244140625 2.940680473549468e-06
1.1741500244140626 3.064710857401587e-06
1.1751500244140625 3.0393853314588876e-06
1.1761500244140626 3.0340693213067287e-06
1.1771500244140625 2.9325347469350523e-06
1.1781500244140626 2.9255915723824675e-06
1.1791500244140625 2.8292706119914398e-06
1.1801500244140626 2.8924145605066353e-06
1.1811500244140625 2.9417142709584487e-06
1.1821500244140626 2.9425977773777363e-06
1.1831500244140625 2.9767577100548066e-06
1.1841500244140626 3.141222036280551e-06
1.1851500244140625 3.18698779430765e-06
1.1861500244140626 3.080229071900821e-06
1.1871500244140625 2.9547432622338707e-06
1.1881500244140626 2.927184892560105e-06
1.1891500244140625 3.0382825151765704e-06
1.1901500244140626 3.084224675230053e-06
1.1911500244140625 3.121362740031586e-06
1.1921500244140626 3.132073892643977e-06
1.1931500244140625 3.0036230111187837e-06
1.1941500244140626 2.976912503015541e-06
1.1951500244140625 3.017942217828677e-06
1.1961500244140626 3.160830018784824e-06
1.1971500244140625 3.2028823996534415e-06
1.1981500244140626 3.1953240883014555e-06
1.1991500244140625 3.118136249175499e-06
1.2001500244140626 3.101268108956174e-06
1.2011500244140625 3.178438492182618e-06
1.2021500244140626 3.1274368340188146e-06
1.2031500244140625 3.144744641398884e-06
1.2041500244140626 3.122332631884471e-06
1.2051500244140625 3.294784514035351e-06
1.2061500244140626 3.2141760283896694e-06
1.2071500244140625 3.191677688447774e-06
1.2081500244140626 2.9994817947279296e-06
1.2091500244140625 3.1183563184008005e-06
1.2101500244140626 2.9535018621286964e-06
1.2111500244140625 3.036128311072891e-06
1.2121500244140626 2.951961978679376e-06
1.2131500244140625 3.104003533264282e-06
1.2141500244140624 3.1284274228034295e-06
1.2151500244140625 3.211460490533111e-06
1.2161500244140624 3.208865604920164e-06
1.2171500244140625 3.201771259735511e-06
1.2181500244140624 3.091703517219311e-06
1.2191500244140625 3.037058646644213e-06
1.2201500244140624 2.9791997896672174e-06
1.2211500244140625 3.048599070374314e-06
1.2221500244140624 3.1093404141107033e-06
1.2231500244140625 3.0416001733004895e-06
1.2241500244140624 3.080494991243783e-06
1.2251500244140625 3.048061790754374e-06
1.2261500244140624 3.1962498009818025e-06
1.2271500244140625 3.176952504198998e-06
1.2281500244140624 3.071948681979521e-06
1.2291500244140625 2.9905580960135045e-06
1.2301500244140624 2.8231066977188474e-06
1.2311500244140625 2.8171432012361117e-06
1.2321500244140624 2.742190612160602e-06
1.2331500244140625 2.784501496940569e-06
1.2341500244140624 2.807236325750646e-06
1.2351500244140625 2.733062763113889e-06
1.2361500244140624 2.7770772531515575e-06
1.2371500244140625 2.710758695801228e-06
1.2381500244140624 2.8157721654417988e-06
1.2391500244140625 2.733343526636367e-06
1.2401500244140624 2.843382372436591e-06
1.2411500244140625 2.8106998202431283e-06
1.2421500244140624 2.9022835699294905e-06
1.2431500244140625 2.832095661887618e-06
1.2441500244140624 2.8216086688672176e-06
1.2451500244140625 2.813726586043376e-06
1.2461500244140624 2.870739771730448e-06
1.2471500244140625 3.0411879653633984e-06
1.2481500244140624 3.0433179713501404e-06
1.2491500244140625 3.0251171279193056e-06
1.2501500244140624 2.921479198884817e-06
1.2511500244140625 3.0226983489615266e-06
1.2521500244140624 3.141304309068332e-06
1.2531500244140625 3.2692752316627764e-06
1.2541500244140624 3.39025590150812e-06
1.2551500244140625 3.4938562115651452e-06
1.2561500244140624 3.4202406852093137e-06
1.2571500244140625 3.4866202896848897e-06
1.2581500244140624 3.536099041411925e-06
1.2591500244140625 3.7706226328451473e-06
1.2601500244140624 3.731377408374192e-06
1.2611500244140625 3.786120922368839e-06
1.2621500244140624 3.9128577071310464e-06
1.2631500244140625 4.0265766759574936e-06
1.2641500244140624 4.082017631698094e-06
1.2651500244140625 3.982534515610686e-06
1.2661500244140624 3.963081039470486e-06
1.2671500244140625 3.973483134562314e-06
1.2681500244140624 3.8457762496332006e-06
1.2691500244140625 3.781728723507389e-06
1.2701500244140624 3.666031378759594e-06
1.2711500244140626 3.661780323730295e-06
1.2721500244140624 3.655732327160564e-06
1.2731500244140626 3.60440629531686e-06
1.2741500244140624 3.801635850059428e-06
1.2751500244140626 3.806211687645728e-06
1.2761500244140624 3.775711998215546e-06
1.2771500244140626 3.5773949697388657e-06
1.2781500244140624 3.3777403880520115e-06
1.2791500244140626 3.2533787211649112e-06
1.2801500244140624 3.281692486894148e-06
1.2811500244140626 3.3554769966312143e-06
1.2821500244140625 3.3639895060603114e-06
1.2831500244140626 3.311695633553919e-06
1.2841500244140625 3.1491414545465115e-06
1.2851500244140626 3.1410456069906835e-06
1.2861500244140625 2.8981508014768408e-06
1.2871500244140626 3.0029672270346433e-06
1.2881500244140625 2.7466507285220555e-06
1.2891500244140626 2.905123418489585e-06
1.2901500244140625 2.8103350797374988e-06
1.2911500244140626 2.973465279544525e-06
1.2921500244140625 2.8458612042548045e-06
1.2931500244140626 2.953832840436654e-06
1.2941500244140625 2.8812543687902715e-06
1.2951500244140626 2.9034538909477007e-06
1.2961500244140625 2.821233174436972e-06
1.2971500244140626 2.9107123302036483e-06
1.2981500244140625 2.9893703591739385e-06
1.2991500244140626 3.13316980909471e-06
1.3001500244140625 3.184548114409382e-06
1.3011500244140626 3.2435931790018737e-06
1.3021500244140625 3.3317667579294073e-06
1.3031500244140626 3.3001540591719473e-06
1.3041500244140625 3.287534259391566e-06
1.3051500244140626 3.2920518332567538e-06
1.3061500244140625 3.5249158619005148e-06
1.3071500244140626 3.704996788154419e-06
1.3081500244140625 3.712293436994106e-06
1.3091500244140626 3.978048268537084e-06
1.3101500244140625 4.121181558278542e-06
1.3111500244140626 4.316179990777068e-06
1.3121500244140625 4.2327007017313325e-06
1.3131500244140626 4.272301635892998e-06
1.3141500244140625 4.344149666686452e-06
1.3151500244140626 4.444608127927205e-06
1.3161500244140625 4.5084417833597454e-06
1.3171500244140626 4.584177320542805e-06
1.3181500244140625 4.5730700417540435e-06
1.3191500244140626 4.6179450762139325e-06
1.3201500244140625 4.524061201311576e-06
1.3211500244140626 4.49622635958825e-06
1.3221500244140625 4.413056160012016e-06
1.3231500244140626 4.423801463392675e-06
1.3241500244140625 4.466475658309138e-06
1.3251500244140626 4.403094269905006e-06
1.3261500244140625 4.2353781941293195e-06
1.3271500244140626 4.12690287017444e-06
1.3281500244140625 4.11028313256468e-06
1.3291500244140626 4.061489419518104e-06
1.3301500244140625 3.970958250200554e-06
1.3311500244140626 3.824846412834222e-06
1.3321500244140625 3.842065053673021e-06
1.3331500244140626 3.6206075207314306e-06
1.3341500244140625 3.5116094884995035e-06
1.3351500244140626 3.405033461552504e-06
1.3361500244140625 3.4980193145638035e-06
1.3371500244140626 3.581571542566857e-06
1.3381500244140625 3.42857380296242e-06
1.3391500244140624 3.4108698796128533e-06
1.3401500244140625 3.2896052103839396e-06
1.3411500244140624 3.3074249245148708e-06
1.3421500244140625 3.24445863932663e-06
1.3431500244140624 3.2092814662219017e-06
1.3441500244140625 3.2432277540855484e-06
1.3451500244140624 3.136941516449654e-06
1.3461500244140625 3.229270267729996e-06
1.3471500244140624 3.2378537904773838e-06
1.3481500244140625 3.4281863527338517e-06
1.3491500244140624 3.4533155205194027e-06
1.3501500244140625 3.5644712556595955e-06
1.3511500244140624 3.4246317759427697e-06
1.3521500244140625 3.5747545016278294e-06
1.3531500244140624 3.4903161351985437e-06
1.3541500244140625 3.6267927853520973e-06
1.3551500244140624 3.5689979997332198e-06
1.3561500244140625 3.701175559336267e-06
1.3571500244140624 3.7963371353544038e-06
1.3581500244140625 3.7564465539363085e-06
1.3591500244140624 3.69498287635252e-06
1.3601500244140625 3.7351183065674555e-06
1.3611500244140624 3.781124853306333e-06
1.3621500244140625 3.73043618032741e-06
1.3631500244140624 3.82277601094798e-06
1.3641500244140625 3.9757383700917785e-06
1.3651500244140624 4.389234872317518e-06
1.3661500244140625 4.314063743966482e-06
1.3671500244140624 4.32921054332972e-06
1.3681500244140625 4.0088306660607176e-06
1.3691500244140624 4.0492420326825494e-06
1.3701500244140625 4.194970474971325e-06
1.3711500244140624 4.580858618735631e-06
1.3721500244140625 4.689589722579448e-06
1.3731500244140624 4.586007093779255e-06
1.3741500244140625 4.5907521395423496e-06
1.3751500244140624 4.935226524738013e-06
1.3761500244140625 5.3117477812669415e-06
1.3771500244140624 5.215118921851322e-06
1.3781500244140625 5.168364151465906e-06
1.3791500244140624 4.987177039675e-06
1.3801500244140625 5.0119722422401494e-06
1.3811500244140624 5.077411851442391e-06
1.3821500244140625 5.165768643784096e-06
1.3831500244140624 5.36312204416403e-06
1.3841500244140625 5.221057725151014e-06
1.3851500244140624 5.112818248158243e-06
1.3861500244140625 5.042706013541297e-06
1.3871500244140624 5.0182970054404105e-06
1.3881500244140625 5.067124398624513e-06
1.3891500244140624 4.878659994672097e-06
1.3901500244140625 4.709773563702131e-06
1.3911500244140624 4.563729229754205e-06
1.3921500244140625 4.537488573361918e-06
1.3931500244140624 4.536806950904472e-06
1.3941500244140625 4.471749787453477e-06
1.3951500244140624 4.498738874164851e-06
1.3961500244140626 4.36997742745138e-06
1.3971500244140624 4.355131521333002e-06
1.3981500244140626 4.1385433821650896e-06
1.3991500244140624 4.192921440982625e-06
1.4001500244140626 4.018719258795889e-06
1.4011500244140624 4.095037794144264e-06
1.4021500244140626 4.0154458935256916e-06
1.4031500244140624 4.019394244340135e-06
1.4041500244140626 3.829138446008616e-06
1.4051500244140624 3.7104518788635285e-06
1.4061500244140626 3.6089485942712028e-06
1.4071500244140625 3.5940466356304687e-06
1.4081500244140626 3.7496743077504195e-06
1.4091500244140625 3.6614519315085664e-06
1.4101500244140626 3.874694506835619e-06
1.4111500244140625 3.664192707786162e-06
1.4121500244140626 3.70934712626079e-06
1.4131500244140625 3.6447624091188084e-06
1.4141500244140626 3.7295842378125656e-06
1.4151500244140625 3.7512813854835793e-06
1.4161500244140626 3.578563441553044e-06
1.4171500244140625 3.479938221326841e-06
1.4181500244140626 3.5648052370784636e-06
1.4191500244140625 3.7576340835478197e-06
1.4201500244140626 3.872193095984076e-06
1.4211500244140625 3.7238910822925953e-06
1.4221500244140626 3.6502033185062053e-06
1.4231500244140625 3.554810316085161e-06
1.4241500244140626 3.7914261974996045e-06
1.4251500244140625 3.586286961009204e-06
1.4261500244140626 3.5367628738247336e-06
1.4271500244140625 3.3387863749972373e-06
1.4281500244140626 3.486997306005627e-06
1.4291500244140625 3.551815059930207e-06
1.4301500244140626 3.5724111880066266e-06
1.4311500244140625 3.581447948977455e-06
1.4321500244140626 3.4404610398773874e-06
1.4331500244140625 3.5533484241409165e-06
1.4341500244140626 3.7191446452976903e-06
1.4351500244140625 3.989859639539831e-06
1.4361500244140626 4.046265136776482e-06
1.4371500244140625 3.910190999539645e-06
1.4381500244140626 3.7714300661507486e-06
1.4391500244140625 3.713619948422966e-06
1.4401500244140626 3.9471342588002135e-06
1.4411500244140625 4.008022616241302e-06
1.4421500244140626 4.014127564511396e-06
1.4431500244140625 3.7300604987603833e-06
1.4441500244140626 3.6811507708746567e-06
1.4451500244140625 3.7551279852396756e-06
1.4461500244140626 3.726639993320467e-06
1.4471500244140625 3.715415534047043e-06
1.4481500244140626 3.6360494785411157e-06
1.4491500244140625 3.5129669252665086e-06
1.4501500244140626 3.5491874553690706e-06
1.4511500244140625 3.4776396029688548e-06
1.4521500244140626 3.623976345496264e-06
1.4531500244140625 3.588631578027496e-06
1.4541500244140626 3.598590709484749e-06
1.4551500244140625 3.673878633744704e-06
1.4561500244140626 3.635832838307015e-06
1.4571500244140625 3.6935278367772044e-06
1.4581500244140626 3.9209486974571995e-06
1.4591500244140625 4.0226427499355015e-06
1.4601500244140626 4.114329231614003e-06
1.4611500244140625 3.918776372787799e-06
1.4621500244140626 3.999320346692053e-06
1.4631500244140625 3.762839532099645e-06
1.4641500244140624 3.848686612756049e-06
1.4651500244140625 3.794380244416133e-06
1.4661500244140624 4.059799784648272e-06
1.4671500244140625 3.960737575128324e-06
1.4681500244140624 3.954807181969793e-06
1.4691500244140625 4.010731949825629e-06
1.4701500244140624 4.032900422047151e-06
1.4711500244140625 4.010847387074276e-06
1.4721500244140624 3.905876021439231e-06
1.4731500244140625 3.92907874450434e-06
1.4741500244140624 3.856575540401604e-06
1.4751500244140625 3.841197369106817e-06
1.4761500244140624 3.833592855748611e-06
1.4771500244140625 4.023161331762987e-06
1.4781500244140624 4.011639103009089e-06
1.4791500244140625 3.95828607883665e-06
1.4801500244140624 3.972416691411924e-06
1.4811500244140625 3.842770351708359e-06
1.4821500244140624 3.852442261985612e-06
1.4831500244140625 3.7317352966866273e-06
1.4841500244140624 3.820271668164348e-06
1.4851500244140625 3.754340373405271e-06
1.4861500244140624 3.9276129072942175e-06
1.4871500244140625 4.003066571408478e-06
1.4881500244140624 4.187463074850156e-06
1.4891500244140625 4.114677822735338e-06
1.4901500244140624 4.068130071671025e-06
1.4911500244140625 4.077038515272072e-06
1.4921500244140624 4.176316579025202e-06
1.4931500244140625 4.34931819378334e-06
1.4941500244140624 4.434805502442964e-06
1.4951500244140625 4.4499846120604284e-06
1.4961500244140624 4.346838492384999e-06
1.4971500244140625 4.266667298998556e-06
1.4981500244140624 4.112225001031081e-06
1.4991500244140625 4.023138589405909e-06
1.5001500244140624 4.059630459042415e-06
1.5011500244140625 4.0656816693207555e-06
1.5021500244140624 4.0807323094420715e-06
1.5031500244140625 4.047101520941056e-06
1.5041500244140624 4.03674644391399e-06
1.5051500244140625 4.20104323810598e-06
1.5061500244140624 4.275461247653812e-06
1.5071500244140625 4.373998094063341e-06
1.5081500244140624 4.33753197540858e-06
1.5091500244140625 4.352634224093595e-06
1.5101500244140624 4.418260344617461e-06
1.5111500244140625 4.3762928053543045e-06
1.5121500244140624 4.317650810909534e-06
1.5131500244140625 4.302064947447235e-06
1.5141500244140624 4.448898150937619e-06
1.5151500244140625 4.55551127544981e-06
1.5161500244140624 4.676706705723867e-06
1.5171500244140625 4.6512583175945825e-06
1.5181500244140624 4.531946874958098e-06
1.5191500244140625 4.440387947135272e-06
1.5201500244140624 4.478782598846981e-06
1.5211500244140626 4.692177283943473e-06
1.5221500244140624 4.494540373578821e-06
1.5231500244140626 4.488547466845724e-06
1.5241500244140624 4.279867612529349e-06
1.5251500244140626 4.448286080929724e-06
1.5261500244140624 4.448956819842377e-06
1.5271500244140626 4.603701507800251e-06
1.5281500244140624 4.572437001757717e-06
1.5291500244140626 4.465188970650184e-06
1.5301500244140624 4.290741361818695e-06
1.5311500244140626 4.292362617858509e-06
1.5321500244140625 4.31453155079079e-06
1.5331500244140626 4.4137438923893465e-06
1.5341500244140625 4.448626718502058e-06
1.5351500244140626 4.324958442422423e-06
1.5361500244140625 4.2919941593587805e-06
1.5371500244140626 4.2369495931837535e-06
1.5381500244140625 4.629209734998862e-06
1.5391500244140626 4.722675534755602e-06
1.5401500244140625 4.67107703599821e-06
1.5411500244140626 4.432590873535077e-06
1.5421500244140625 4.35344510825959e-06
1.5431500244140626 4.566429354662839e-06
1.5441500244140625 4.6485974758138954e-06
1.5451500244140626 4.675678058596585e-06
1.5461500244140625 4.450441812158371e-06
1.5471500244140626 4.282719811040065e-06
1.5481500244140625 4.232101932176214e-06
1.5491500244140626 4.435717834180042e-06
1.5501500244140625 4.609828507167042e-06
1.5511500244140626 4.726866249253767e-06
1.5521500244140625 4.800263202139927e-06
1.5531500244140626 4.826832151536458e-06
1.5541500244140625 4.9647112232292484e-06
1.5551500244140626 4.713491729023267e-06
1.5561500244140625 4.853387073226981e-06
1.5571500244140626 4.6803942917805415e-06
1.5581500244140625 5.047391806479711e-06
1.5591500244140626 4.977372876128267e-06
1.5601500244140625 5.1047405836192564e-06
1.5611500244140626 5.266544725538465e-06
1.5621500244140625 5.238005374932892e-06
1.5631500244140626 5.3512287522277034e-06
1.5641500244140625 5.044074063936119e-06
1.5651500244140626 4.965191802980605e-06
1.5661500244140625 4.841623239925595e-06
1.5671500244140626 4.6925158091574495e-06
1.5681500244140625 4.81516716660069e-06
1.5691500244140626 4.831099025970429e-06
1.5701500244140625 4.984633673985822e-06
1.5711500244140626 4.8939369647151e-06
1.5721500244140625 4.991737405674978e-06
1.5731500244140626 5.017165458079205e-06
1.5741500244140625 5.2576234484984295e-06
1.5751500244140626 5.2348268126874e-06
1.5761500244140625 5.321273332386637e-06
1.5771500244140626 5.2078919751830675e-06
1.5781500244140625 4.956567000745237e-06
1.5791500244140626 4.825798495266731e-06
1.5801500244140625 4.899207073835042e-06
1.5811500244140626 5.1395388155164025e-06
1.5821500244140625 5.324745670719645e-06
1.5831500244140626 5.172653052234982e-06
1.5841500244140625 5.10269767277276e-06
1.5851500244140626 4.84868046782214e-06
1.5861500244140625 5.126625489801589e-06
1.5871500244140626 4.936721040211344e-06
1.5881500244140625 4.9508080406502905e-06
1.5891500244140624 4.858718361769419e-06
1.5901500244140625 5.173763286189734e-06
1.5911500244140624 5.319155692419093e-06
1.5921500244140625 5.316694114830605e-06
1.5931500244140624 5.2128983590768074e-06
1.5941500244140625 5.351890363616858e-06
1.5951500244140624 5.284086222367881e-06
1.5961500244140625 5.258639971189301e-06
1.5971500244140624 5.024022610402567e-06
1.5981500244140625 5.097436150674349e-06
1.5991500244140624 5.12729644233422e-06
1.6001500244140625 5.415563401224931e-06
1.6011500244140624 5.348187946039134e-06
1.6021500244140625 5.269280380207722e-06
1.6031500244140624 5.242605181819988e-06
1.6041500244140625 5.1058503081117154e-06
1.6051500244140624 5.295840977441794e-06
1.6061500244140625 4.988313558422913e-06
1.6071500244140624 5.327027150044682e-06
1.6081500244140625 5.4958166019520264e-06
1.6091500244140624 5.779800359998796e-06
1.6101500244140625 5.831509345268571e-06
1.6111500244140624 5.755027396355741e-06
1.6121500244140625 5.860598150383265e-06
1.6131500244140624 5.660975522512352e-06
1.6141500244140625 5.805589807965754e-06
1.6151500244140624 5.780594705480993e-06
1.6161500244140625 6.013089364593392e-06
1.6171500244140624 6.030426178800414e-06
1.6181500244140625 6.184064171131868e-06
1.6191500244140624 6.176242225973421e-06
1.6201500244140625 6.198521144552491e-06
1.6211500244140624 6.0872653248977754e-06
1.6221500244140625 6.166899214691823e-06
1.6231500244140624 6.365458739144031e-06
1.6241500244140625 6.742564598003608e-06
1.6251500244140624 7.126354103613218e-06
1.6261500244140625 7.005788936904453e-06
1.6271500244140624 6.657735618969925e-06
1.6281500244140625 6.444652179396198e-06
1.6291500244140624 6.397503832609166e-06
1.6301500244140625 6.704873557829492e-06
1.6311500244140624 6.504858180653838e-06
1.6321500244140625 6.755774218595667e-06
1.6331500244140624 6.70594681393946e-06
1.6341500244140625 6.657429005970233e-06
1.6351500244140624 6.502502305096016e-06
1.6361500244140625 6.419330326841547e-06
1.6371500244140624 6.671929726375397e-06
1.6381500244140625 6.738239884976941e-06
1.6391500244140624 7.061575343548766e-06
1.6401500244140625 6.871619675402393e-06
1.6411500244140624 6.553249195988138e-06
1.6421500244140625 6.1319339759620225e-06
1.6431500244140624 6.207382827987981e-06
1.6441500244140625 6.611525633690781e-06
1.6451500244140624 6.885173843639438e-06
1.6461500244140626 6.815220093068745e-06
1.6471500244140624 6.639836491723829e-06
1.6481500244140626 6.500519269300846e-06
1.6491500244140624 6.522369761376521e-06
1.6501500244140626 6.555002357308288e-06
1.6511500244140624 6.548826371583586e-06
1.6521500244140626 6.7251858174605506e-06
1.6531500244140624 6.703205983456584e-06
1.6541500244140626 6.717739676934246e-06
1.6551500244140624 6.588399848375441e-06
1.6561500244140626 6.362824672274498e-06
1.6571500244140625 6.093017258185738e-06
1.6581500244140626 5.745702133456879e-06
1.6591500244140625 5.768443796203146e-06
1.6601500244140626 6.1991207268294524e-06
1.6611500244140625 6.700545669122893e-06
1.6621500244140626 7.1461750377219315e-06
1.6631500244140625 7.035035996700046e-06
1.6641500244140626 6.60118671858912e-06
1.6651500244140625 6.350093745256363e-06
1.6661500244140626 6.020975182007524e-06
1.6671500244140625 6.39192578494433e-06
1.6681500244140626 6.286131661891067e-06
1.6691500244140625 6.553956064633767e-06
1.6701500244140626 6.506372537967787e-06
1.6711500244140625 6.669433542806776e-06
1.6721500244140626 6.6721570304633105e-06
1.6731500244140625 6.526132853510526e-06
1.6741500244140626 6.661763805014662e-06
1.6751500244140625 6.717391189640489e-06
1.6761500244140626 6.800093270960315e-06
1.6771500244140625 6.580035157049457e-06
1.6781500244140626 6.472602264687854e-06
1.6791500244140625 6.343638953250542e-06
1.6801500244140626 6.084223116318352e-06
1.6811500244140625 6.10943193841856e-06
1.6821500244140626 6.440239911179619e-06
1.6831500244140625 6.770742474316881e-06
1.6841500244140626 6.910848652288494e-06
1.6851500244140625 6.805016166807953e-06
1.6861500244140626 7.302064087392291e-06
1.6871500244140625 7.276426136078687e-06
1.6881500244140626 7.212429462967975e-06
1.6891500244140625 6.790049739057021e-06
1.6901500244140626 6.7859305839815115e-06
1.6911500244140625 6.515079506371803e-06
1.6921500244140626 6.6482176335327685e-06
1.6931500244140625 6.772839424589977e-06
1.6941500244140626 7.2243327310523905e-06
1.6951500244140625 7.036923226306976e-06
1.6961500244140626 6.856884416612562e-06
1.6971500244140625 6.882185227408906e-06
1.6981500244140626 7.001048325009802e-06
1.6991500244140625 6.8676749318022445e-06
1.7001500244140626 6.711926067291099e-06
1.7011500244140625 6.597096282059134e-06
1.7021500244140626 6.864561668193047e-06
1.7031500244140625 6.872487146266832e-06
1.7041500244140626 6.865151013947037e-06
1.7051500244140625 6.843377828366631e-06
1.7061500244140626 7.041425999882069e-06
1.7071500244140625 6.741391062611368e-06
1.7081500244140626 7.134491610249937e-06
1.7091500244140625 7.172460566612384e-06
1.7101500244140626 7.3740633538759996e-06
1.7111500244140625 6.940817384221931e-06
1.7121500244140626 7.180814793049848e-06
1.7131500244140625 7.602037899484928e-06
1.7141500244140624 7.811365093954636e-06
1.7151500244140625 7.83690761457283e-06
1.7161500244140624 7.91801048825437e-06
1.7171500244140625 7.630128609355062e-06
1.7181500244140624 7.2749646169503695e-06
1.7191500244140625 7.168280566658843e-06
1.7201500244140624 7.573733497862358e-06
1.7211500244140625 7.503324843285852e-06
1.7221500244140624 7.678436803728943e-06
1.7231500244140625 7.357576363937875e-06
1.7241500244140624 7.685266702464052e-06
1.7251500244140625 7.546036832193237e-06
1.7261500244140624 7.76217464932899e-06
1.7271500244140625 8.036048898861091e-06
1.7281500244140624 8.005265196415252e-06
1.7291500244140625 7.799651689512927e-06
1.7301500244140624 7.338520109408758e-06
1.7311500244140625 7.28149091866916e-06
1.7321500244140624 7.409054619674748e-06
1.7331500244140625 7.645301832136977e-06
1.7341500244140624 7.754595671624684e-06
1.7351500244140625 8.110508621313183e-06
1.7361500244140624 8.168464366554565e-06
1.7371500244140625 8.378972672018235e-06
1.7381500244140624 8.705557334475593e-06
1.7391500244140625 8.552930764839278e-06
1.7401500244140624 8.044357125700846e-06
1.7411500244140625 7.435634179758435e-06
1.7421500244140624 7.288042005049936e-06
1.7431500244140625 7.6208069417895385e-06
1.7441500244140624 8.101050496631205e-06
1.7451500244140625 8.537923504300336e-06
1.7461500244140624 8.948445541180121e-06
1.7471500244140625 8.350224361314164e-06
1.7481500244140624 8.246044074228407e-06
1.7491500244140625 8.044383672733166e-06
1.7501500244140624 8.645964163528513e-06
1.7511500244140625 8.612271022696124e-06
1.7521500244140624 8.235010260130336e-06
1.7531500244140625 8.299719384010865e-06
1.7541500244140624 8.258406168309016e-06
1.7551500244140625 8.570446148629665e-06
1.7561500244140624 8.231501230573397e-06
1.7571500244140625 8.231036774142921e-06
1.7581500244140624 8.337757696494031e-06
1.7591500244140625 8.571395485462609e-06
1.7601500244140624 8.323196155798615e-06
1.7611500244140625 8.707884593662148e-06
1.7621500244140624 8.29029947735339e-06
1.7631500244140625 8.714543864291017e-06
1.7641500244140624 8.187728549323593e-06
1.7651500244140625 8.46869901395337e-06
1.7661500244140624 8.617371292819428e-06
1.7671500244140625 8.988715710898575e-06
1.7681500244140624 9.247159161959345e-06
1.7691500244140625 9.256630640150951e-06
1.7701500244140624 8.644205600622238e-06
1.7711500244140626 8.709633433277999e-06
1.7721500244140624 8.614649773527927e-06
1.7731500244140626 8.94841543334249e-06
1.7741500244140624 8.953984361289787e-06
1.7751500244140626 8.895541892739714e-06
1.7761500244140624 9.282186022139351e-06
1.7771500244140626 8.871872342411113e-06
1.7781500244140624 8.991682808366366e-06
1.7791500244140626 8.758037994050366e-06
1.7801500244140624 9.079034904426645e-06
1.7811500244140626 8.710700543102682e-06
1.7821500244140625 8.928753372685552e-06
1.7831500244140626 9.123748724247078e-06
1.7841500244140625 9.785509478672433e-06
1.7851500244140626 9.55590720537283e-06
1.7861500244140625 9.154704735503792e-06
1.7871500244140626 9.291295412507449e-06
1.7881500244140625 9.563166843752911e-06
1.7891500244140626 9.940512416916303e-06
1.7901500244140625 9.30685658384926e-06
1.7911500244140626 9.145540182323884e-06
1.7921500244140625 9.15851434145744e-06
1.7931500244140626 9.448196687867394e-06
1.7941500244140625 9.44621476419166e-06
1.7951500244140626 9.623164803857775e-06
1.7961500244140625 9.772426081152634e-06
1.7971500244140626 1.0034941081377923e-05
1.7981500244140625 9.8166654898473e-06
1.7991500244140626 9.542948982803202e-06
1.8001500244140625 9.566861246810554e-06
1.8011500244140626 1.0126078245634968e-05
1.8021500244140625 1.0720815422057895e-05
1.8031500244140626 1.0725848252369248e-05
1.8041500244140625 1.038459321411312e-05
1.8051500244140626 1.0298943851517954e-05
1.8061500244140625 1.0545046957197755e-05
1.8071500244140626 1.0958587761613532e-05
1.8081500244140625 1.080422693696692e-05
1.8091500244140626 1.0531205989905161e-05
1.8101500244140625 1.0711700515988915e-05
1.8111500244140626 1.1159255679393579e-05
1.8121500244140625 1.134751572374474e-05
1.8131500244140626 1.139556870750435e-05
1.8141500244140625 1.1620273989272609e-05
1.8151500244140626 1.2338452048271946e-05
1.8161500244140625 1.1839829726657184e-05
1.8171500244140626 1.1552834575824462e-05
1.8181500244140625 1.1435236690503272e-05
1.8191500244140626 1.2367110145462184e-05
1.8201500244140625 1.3121410255170983e-05
1.8211500244140626 1.2745454656912216e-05
1.8221500244140625 1.2554171511575164e-05
1.8231500244140626 1.1996252865711275e-05
1.8241500244140625 1.2271441989819905e-05
1.8251500244140626 1.264549163980184e-05
1.8261500244140625 1.3102702767100645e-05
1.8271500244140626 1.3257995474664677e-05
1.8281500244140625 1.3116449092035333e-05
1.8291500244140626 1.2997176324394258e-05
1.8301500244140625 1.2936804138497807e-05
1.8311500244140626 1.3168981115094275e-05
1.8321500244140625 1.3318993280127316e-05
1.8331500244140626 1.4140366546016313e-05
1.8341500244140625 1.3475174857446951e-05
1.8351500244140626 1.3771074827483005e-05
1.8361500244140625 1.2849046826586366e-05
1.8371500244140626 1.3186568276942924e-05
1.8381500244140625 1.2537784884460758e-05
1.8391500244140624 1.2863082549660062e-05
1.8401500244140625 1.3618814139670486e-05
1.8411500244140624 1.426590547235955e-05
1.8421500244140625 1.4722661783052907e-05
1.8431500244140624 1.402999789083824e-05
1.8441500244140625 1.3770630418252798e-05
1.8451500244140624 1.314192376626592e-05
1.8461500244140625 1.2847393175482912e-05
1.8471500244140624 1.2489168186779847e-05
1.8481500244140625 1.3342001286098183e-05
1.8491500244140624 1.386800706713987e-05
1.8501500244140625 1.4043666223792267e-05
1.8511500244140624 1.3334262027784085e-05
1.8521500244140625 1.3507255836936093e-05
1.8531500244140624 1.3667252773413362e-05
1.8541500244140625 1.411568603222227e-05
1.8551500244140624 1.3724710419444764e-05
1.8561500244140625 1.4391485526290283e-05
1.8571500244140624 1.4212660114065845e-05
1.8581500244140625 1.4905403743590112e-05
1.8591500244140624 1.432608289209577e-05
1.8601500244140625 1.4159824409202322e-05
1.8611500244140624 1.3948818494830031e-05
1.8621500244140625 1.442094058521017e-05
1.8631500244140624 1.479009570360054e-05
1.8641500244140625 1.4589432977425688e-05
1.8651500244140624 1.3979117866418372e-05
1.8661500244140625 1.3951017620281342e-05
1.8671500244140624 1.3155377104107144e-05
1.8681500244140625 1.4083901965004124e-05
1.8691500244140624 1.3544772021979515e-05
1.8701500244140625 1.49415293423932e-05
1.8711500244140624 1.429349216445695e-05
1.8721500244140625 1.4572525835215604e-05
1.8731500244140624 1.3909425902466704e-05
1.8741500244140625 1.3573548484350706e-05
1.8751500244140624 1.362294362275589e-05
1.8761500244140625 1.3222681497567048e-05
1.8771500244140624 1.362622989547572e-05
1.8781500244140625 1.3758226471703156e-05
1.8791500244140624 1.3507603032702948e-05
1.8801500244140625 1.3117437775055655e-05
1.8811500244140624 1.2864256928331106e-05
1.8821500244140625 1.3206386926942521e-05
1.8831500244140624 1.3471809811620473e-05
1.8841500244140625 1.3481207622608608e-05
1.8851500244140624 1.3456140030621709e-05
1.8861500244140625 1.3921656265577921e-05
1.8871500244140624 1.3942909090864138e-05
1.8881500244140625 1.4229486192080323e-05
1.8891500244140624 1.4176653767441609e-05
1.8901500244140625 1.4354151619334382e-05
1.8911500244140624 1.4855483301536364e-05
1.8921500244140625 1.4383405724469403e-05
1.8931500244140624 1.5310256626745083e-05
1.8941500244140625 1.4666016704918212e-05
1.8951500244140624 1.4459353603374312e-05
1.8961500244140626 1.3227261934840202e-05
1.8971500244140624 1.347432543909292e-05
1.8981500244140626 1.4268239685705526e-05
1.8991500244140624 1.465701378245392e-05
1.9001500244140626 1.4606332318010595e-05
1.9011500244140624 1.4038794323449977e-05
1.9021500244140626 1.4194655516774716e-05
1.9031500244140624 1.4137465773334988e-05
1.9041500244140626 1.5208583962394314e-05
1.9051500244140624 1.5199936221507855e-05
1.9061500244140626 1.4879530241393157e-05
1.9071500244140625 1.4642414867534525e-05
1.9081500244140626 1.440285887905628e-05
1.9091500244140625 1.5294961607208208e-05
1.9101500244140626 1.455456489459511e-05
1.9111500244140625 1.4378298338729362e-05
1.9121500244140626 1.3503214232120275e-05
1.9131500244140625 1.2857317750919109e-05
1.9141500244140626 1.3233835013697064e-05
1.9151500244140625 1.3405880626885939e-05
1.9161500244140626 1.3888091621915268e-05
1.9171500244140625 1.4033768290172925e-05
1.9181500244140626 1.4929248864386747e-05
1.9191500244140625 1.573335466187118e-05
1.9201500244140626 1.5758399565384608e-05
1.9211500244140625 1.541616181449149e-05
1.9221500244140626 1.5055511005374778e-05
1.9231500244140625 1.539476030236971e-05
1.9241500244140626 1.539171470251929e-05
1.9251500244140625 1.5404486938401083e-05
1.9261500244140626 1.4797689764882805e-05
1.9271500244140625 1.5170579376078962e-05
1.9281500244140626 1.5793208798360847e-05
1.9291500244140625 1.685149185639576e-05
1.9301500244140626 1.6620647282297992e-05
1.9311500244140625 1.6654055998468354e-05
1.9321500244140626 1.6036791508274674e-05
1.9331500244140625 1.597024125058529e-05
1.9341500244140626 1.545713838599146e-05
1.9351500244140625 1.5330222277392358e-05
1.9361500244140626 1.6101444618386505e-05
1.9371500244140625 1.6328762107943176e-05
1.9381500244140626 1.6217098660147195e-05
1.9391500244140625 1.606557978773894e-05
1.9401500244140626 1.668788638467225e-05
1.9411500244140625 1.8008227461725908e-05
1.9421500244140626 1.8406675084785145e-05
1.9431500244140625 1.8183512044393186e-05
1.9441500244140626 1.754122064017891e-05
1.9451500244140625 1.7600493709840338e-05
1.9461500244140626 1.856920070010293e-05
1.9471500244140625 1.907796538874956e-05
1.9481500244140626 1.8445150422087625e-05
1.9491500244140625 1.8045370430858758e-05
1.9501500244140626 1.828963623148446e-05
1.9511500244140625 1.8907115686248304e-05
1.9521500244140626 1.9369387815974806e-05
1.9531500244140625 1.8612162251550693e-05
1.9541500244140626 1.8298252547216165e-05
1.9551500244140625 1.7177765146671325e-05
1.9561500244140626 1.7608450182745785e-05
1.9571500244140625 1.8510663682171233e-05
1.9581500244140626 1.9524226340789134e-05
1.9591500244140625 1.932246651597108e-05
1.9601500244140626 1.9434657431870307e-05
1.9611500244140625 1.8777024091315158e-05
1.9621500244140626 1.9356726112883693e-05
1.9631500244140625 1.8933721371989297e-05
1.9641500244140624 1.9580639466619067e-05
1.9651500244140625 1.9388488964029495e-05
1.9661500244140624 1.8899422760720958e-05
1.9671500244140625 1.86484766598349e-05
1.9681500244140624 1.860872749239828e-05
1.9691500244140625 1.8893322374823315e-05
1.9701500244140624 1.746919557678744e-05
1.9711500244140625 1.6852731765293635e-05
1.9721500244140624 1.6296699625509254e-05
1.9731500244140625 1.7316564255632495e-05
1.9741500244140624 1.7552644933012428e-05
1.9751500244140625 1.77666081979086e-05
1.9761500244140624 1.7136406610208875e-05
1.9771500244140625 1.7027968815700242e-05
1.9781500244140624 1.6964388668169767e-05
1.9791500244140625 1.7265482876060743e-05
1.9801500244140624 1.6489687650524485e-05
1.9811500244140625 1.65510081779174e-05
1.9821500244140624 1.7019794557338097e-05
1.9831500244140625 1.875426735855867e-05
1.9841500244140624 1.855771770408077e-05
1.9851500244140625 1.7430912040698092e-05
1.9861500244140624 1.563604302142326e-05
1.9871500244140625 1.539248603422795e-05
1.9881500244140624 1.5866187889498658e-05
1.9891500244140625 1.7210492835617906e-05
1.9901500244140624 1.8204495701057293e-05
1.9911500244140625 1.8730063511588633e-05
1.9921500244140624 1.75337263068027e-05
1.9931500244140625 1.6614879057048426e-05
1.9941500244140624 1.6444028029925075e-05
1.9951500244140625 1.6704538661041154e-05
1.9961500244140624 1.692998876689136e-05
1.9971500244140625 1.6553351949963574e-05
1.9981500244140624 1.638844944482018e-05
1.9991500244140625 1.692428122555304e-05
2.0001500244140624 1.6508145532871553e-05
2.0011500244140623 1.7834814903626897e-05
2.0021500244140626 1.7166393014420546e-05
2.0031500244140625 1.7950982529972722e-05
2.0041500244140624 1.6927503569688216e-05
2.0051500244140623 1.6586926168093322e-05
2.0061500244140626 1.6598149686919895e-05
2.0071500244140625 1.7757224493425598e-05
2.0081500244140624 1.7638590859373926e-05
2.0091500244140623 1.789140491732583e-05
2.0101500244140627 1.7353793447867177e-05
2.0111500244140625 1.771181580194075e-05
2.0121500244140624 1.7547828031604315e-05
2.0131500244140623 1.720071514967254e-05
2.0141500244140627 1.7431938885625678e-05
2.0151500244140625 1.794540974031174e-05
2.0161500244140624 1.8771064637851604e-05
2.0171500244140623 1.8376005414590768e-05
2.0181500244140627 1.7334344251150186e-05
2.0191500244140625 1.7486751494324514e-05
2.0201500244140624 1.7992625288383686e-05
2.0211500244140623 1.875996550466091e-05
2.0221500244140627 1.7678602585789768e-05
2.0231500244140626 1.826745773965777e-05
2.0241500244140624 1.7639966647109818e-05
2.0251500244140623 1.835593056757746e-05
2.0261500244140627 1.7862631850146395e-05
2.0271500244140626 1.882935689386352e-05
2.0281500244140624 1.8661999716788115e-05
2.0291500244140623 1.8691584157206298e-05
2.0301500244140627 1.7772692396887667e-05
2.0311500244140626 1.832967100656658e-05
2.0321500244140625 1.8638257865926427e-05
2.0331500244140623 1.8644066785064176e-05
2.0341500244140627 1.8263575304294347e-05
2.0351500244140626 1.8670286203847605e-05
2.0361500244140625 2.0400289299298284e-05
2.0371500244140623 2.0338755389436448e-05
2.0381500244140627 2.0249193389121817e-05
2.0391500244140626 1.8983353624778227e-05
2.0401500244140625 1.9621448148541925e-05
2.0411500244140623 1.96810763966506e-05
2.0421500244140627 1.9890017446927713e-05
2.0431500244140626 1.947431587371319e-05
2.0441500244140625 1.935822006693653e-05
2.0451500244140624 1.9259120820012445e-05
2.0461500244140627 1.8951004532033727e-05
2.0471500244140626 1.8866621210630793e-05
2.04814990234375 1.9191513852639085e-05
2.04914990234375 1.953904913868314e-05
2.05014990234375 2.014507676451972e-05
2.05114990234375 1.9542945554221893e-05
2.05214990234375 1.876263977899069e-05
2.05314990234375 1.8033675392703687e-05
2.05414990234375 1.934044142539163e-05
2.05514990234375 2.073241909683151e-05
2.05614990234375 2.1186096510640767e-05
2.05714990234375 2.1415525632735455e-05
2.05814990234375 2.1393658634435995e-05
2.05914990234375 2.172786077132905e-05
2.06014990234375 2.002311281887964e-05
2.06114990234375 1.9069101344005257e-05
2.06214990234375 1.9396357067769106e-05
2.06314990234375 2.0511896618143013e-05
2.06414990234375 2.1342407275371323e-05
2.06514990234375 2.091008737178628e-05
2.06614990234375 2.159403801193262e-05
2.06714990234375 2.090896595912847e-05
2.06814990234375 2.136630218582036e-05
2.06914990234375 2.1472232064285398e-05
2.07014990234375 2.2199861491125008e-05
2.07114990234375 2.1975760805193705e-05
2.07214990234375 2.208469955439118e-05
2.07314990234375 2.1616360549778873e-05
2.07414990234375 2.0800371975455596e-05
2.07514990234375 1.989221715596557e-05
2.07614990234375 2.050700946106337e-05
2.07714990234375 2.1588707181368366e-05
2.07814990234375 2.1878882581633634e-05
2.07914990234375 2.2064301691373642e-05
2.08014990234375 2.1915255361479923e-05
2.08114990234375 2.1313388872740606e-05
2.08214990234375 2.1304177661952917e-05
2.08314990234375 2.122516868628843e-05
2.08414990234375 2.2111853150453823e-05
2.08514990234375 2.2045235313882437e-05
2.08614990234375 2.2752402458476676e-05
2.08714990234375 2.3591896742840213e-05
2.08814990234375 2.32557278397053e-05
2.08914990234375 2.2337980896174567e-05
2.09014990234375 2.173773529070352e-05
2.09114990234375 2.195207394886382e-05
2.09214990234375 2.1010175869781822e-05
2.09314990234375 2.126862808262859e-05
2.09414990234375 2.169571646367604e-05
2.09514990234375 2.299936397090974e-05
2.09614990234375 2.2172043861439055e-05
2.09714990234375 2.2528618232168423e-05
2.09814990234375 2.1918804950069493e-05
2.09914990234375 2.2990437986718127e-05
2.10014990234375 2.3182398768516664e-05
2.10114990234375 2.4042401302716092e-05
2.10214990234375 2.293335498366576e-05
2.10314990234375 2.2936375232874102e-05
2.10414990234375 2.3074508405949084e-05
2.10514990234375 2.3254165989806567e-05
2.10614990234375 2.2791574883446253e-05
2.10714990234375 2.279295853618541e-05
2.10814990234375 2.414589955403488e-05
2.10914990234375 2.3736173235585746e-05
2.11014990234375 2.3043130928038975e-05
2.11114990234375 2.3006271541666254e-05
2.11214990234375 2.3459474756382336e-05
2.11314990234375 2.3711093043130726e-05
2.11414990234375 2.3010149305411135e-05
2.11514990234375 2.2801761344175703e-05
2.11614990234375 2.3034591039250118e-05
2.11714990234375 2.379828100528082e-05
2.11814990234375 2.3521693021448537e-05
2.11914990234375 2.41814813851221e-05
2.12014990234375 2.3124042575929094e-05
2.12114990234375 2.4080455590144075e-05
2.12214990234375 2.3251969299238375e-05
2.12314990234375 2.3750383257424584e-05
2.12414990234375 2.3740303224430265e-05
2.12514990234375 2.4111463180215435e-05
2.12614990234375 2.5299620339347744e-05
2.12714990234375 2.6518697302053676e-05
2.12814990234375 2.5880312179647932e-05
2.12914990234375 2.5415853232492316e-05
2.13014990234375 2.4653050465728326e-05
2.13114990234375 2.5348008268033246e-05
2.13214990234375 2.37233895655674e-05
2.13314990234375 2.321913323297572e-05
2.13414990234375 2.263971707288028e-05
2.13514990234375 2.3559619449359302e-05
2.13614990234375 2.31789732246253e-05
2.13714990234375 2.3572551077074744e-05
2.13814990234375 2.4161677422350177e-05
2.13914990234375 2.5448482416651498e-05
2.14014990234375 2.6027621740585882e-05
2.14114990234375 2.6327362897522105e-05
2.14214990234375 2.6211183889959877e-05
2.14314990234375 2.650250817580789e-05
2.14414990234375 2.675711138076444e-05
2.14514990234375 2.6524808212612492e-05
2.14614990234375 2.6855721819632263e-05
2.14714990234375 2.713548334521942e-05
2.14814990234375 2.7647513661340972e-05
2.14914990234375 2.6349320518743807e-05
2.15014990234375 2.5769507435617095e-05
2.15114990234375 2.5470850019489995e-05
2.15214990234375 2.6473130840958492e-05
2.15314990234375 2.673951645461816e-05
2.15414990234375 2.7037545841614104e-05
2.15514990234375 2.8372708912939018e-05
2.15614990234375 2.688374074363387e-05
2.15714990234375 2.4624834285825323e-05
2.15814990234375 2.442542618728678e-05
2.15914990234375 2.49620411469695e-05
2.16014990234375 2.6799055123528174e-05
2.16114990234375 2.7047937764053612e-05
2.16214990234375 2.890056057871715e-05
2.16314990234375 2.8890870221010225e-05
2.16414990234375 2.825621089970091e-05
2.16514990234375 2.6421021910318913e-05
2.16614990234375 2.7083640717562706e-05
2.16714990234375 2.708167562833389e-05
2.16814990234375 2.8967262423156155e-05
2.16914990234375 2.775999629726132e-05
2.17014990234375 2.6787838434010682e-05
2.17114990234375 2.6775170892452584e-05
2.17214990234375 2.667568873620782e-05
2.17314990234375 2.716792979827467e-05
2.17414990234375 2.5384423629050614e-05
2.17514990234375 2.4903870783173712e-05
2.17614990234375 2.448881881094945e-05
2.17714990234375 2.5018711051100524e-05
2.17814990234375 2.52611455510833e-05
2.17914990234375 2.4931450933202995e-05
2.18014990234375 2.3959253814965768e-05
2.18114990234375 2.3909587797177547e-05
2.18214990234375 2.399002990506974e-05
2.18314990234375 2.4392638590515387e-05
2.18414990234375 2.5037807170582964e-05
2.18514990234375 2.517885043710802e-05
2.18614990234375 2.5408464191166457e-05
2.18714990234375 2.554441072625328e-05
2.18814990234375 2.5399619752414914e-05
2.18914990234375 2.5376763778866314e-05
2.19014990234375 2.6840715849501045e-05
2.19114990234375 2.612153211178685e-05
2.19214990234375 2.5483020851177345e-05
2.19314990234375 2.459142010369846e-05
2.19414990234375 2.6080692208557737e-05
2.19514990234375 2.786911177303266e-05
2.19614990234375 2.8385589508224117e-05
2.19714990234375 2.910461603834542e-05
2.19814990234375 2.9831162244583172e-05
2.19914990234375 3.116663793938193e-05
2.20014990234375 3.186075518362517e-05
2.20114990234375 3.1587219722737544e-05
2.20214990234375 3.1625223211609904e-05
2.20314990234375 3.19823670425657e-05
2.20414990234375 3.2178673174762274e-05
2.20514990234375 3.4040763249555015e-05
2.20614990234375 3.3583497203608885e-05
2.20714990234375 3.394446855393927e-05
2.20814990234375 3.330078336062389e-05
2.20914990234375 3.5963012194922915e-05
2.21014990234375 3.655194212247129e-05
2.21114990234375 3.684617221445265e-05
2.21214990234375 3.581947642822685e-05
2.21314990234375 3.5398180665195046e-05
2.21414990234375 3.440108203197866e-05
2.21514990234375 3.4995364341847205e-05
2.21614990234375 3.580521604172744e-05
2.21714990234375 3.706080379041541e-05
2.21814990234375 3.4541145026498535e-05
2.21914990234375 3.4916771839378356e-05
2.22014990234375 3.4872288382175535e-05
2.22114990234375 3.672037015330403e-05
2.22214990234375 3.6942535540533326e-05
2.22314990234375 3.594808898179481e-05
2.22414990234375 3.714815443340765e-05
2.22514990234375 3.8709582105752894e-05
2.22614990234375 4.01101970592775e-05
2.22714990234375 3.934710952589764e-05
2.22814990234375 3.764864635423403e-05
2.22914990234375 3.795130973021997e-05
2.23014990234375 3.800983032935537e-05
2.23114990234375 3.862375813254302e-05
2.23214990234375 3.7495735558759415e-05
2.23314990234375 3.908242473488252e-05
2.23414990234375 3.983313485784353e-05
2.23514990234375 3.941657596775933e-05
2.23614990234375 3.627047782587009e-05
2.23714990234375 3.743058360947265e-05
2.23814990234375 3.87614552963531e-05
2.23914990234375 4.122434779524532e-05
2.24014990234375 4.201416109047637e-05
2.24114990234375 4.408936447488694e-05
2.24214990234375 4.5612398812788034e-05
2.24314990234375 4.5486769031927147e-05
2.24414990234375 4.451209746760635e-05
2.24514990234375 4.340173254283765e-05
2.24614990234375 4.42440403705958e-05
2.24714990234375 4.4945274162572254e-05
2.24814990234375 4.645232588678958e-05
2.24914990234375 4.364777196327113e-05
2.25014990234375 4.335589108205723e-05
2.25114990234375 4.4407736241450784e-05
2.25214990234375 4.712485855119629e-05
2.25314990234375 4.767888796606721e-05
2.25414990234375 4.7142945624907354e-05
2.25514990234375 4.740450729501607e-05
2.25614990234375 4.738096985301433e-05
2.25714990234375 4.809778261762332e-05
2.25814990234375 4.5484719231225826e-05
2.25914990234375 4.489103302230765e-05
2.26014990234375 4.255669981033386e-05
2.26114990234375 4.30526027194888e-05
2.26214990234375 4.478926049156989e-05
2.26314990234375 4.583331943215845e-05
2.26414990234375 4.731803017628448e-05
2.26514990234375 4.603490398336257e-05
2.26614990234375 4.732692296815694e-05
2.26714990234375 4.7781059987162666e-05
2.26814990234375 4.6238485520436504e-05
2.26914990234375 4.523084039837902e-05
2.27014990234375 4.278386667379795e-05
2.27114990234375 4.294824736003829e-05
2.27214990234375 4.037306660662987e-05
2.27314990234375 3.9460926994303426e-05
2.27414990234375 3.9649620572780486e-05
2.27514990234375 3.847219970505956e-05
2.27614990234375 3.8373002509802425e-05
2.27714990234375 3.65979183250268e-05
2.27814990234375 3.742579657368343e-05
2.27914990234375 3.631843049689837e-05
2.28014990234375 3.39434099756312e-05
2.28114990234375 3.238805199832645e-05
2.28214990234375 3.123832500757447e-05
2.28314990234375 3.271555402372494e-05
2.28414990234375 3.194101858964492e-05
2.28514990234375 2.9569026637440037e-05
2.28614990234375 2.7664149287969642e-05
2.28714990234375 2.7645136103107538e-05
2.28814990234375 2.89955048249269e-05
2.28914990234375 2.809785807268855e-05
2.29014990234375 2.7372704065851012e-05
2.29114990234375 2.65270583015486e-05
2.29214990234375 2.630231959687853e-05
2.29314990234375 2.536484466831743e-05
2.29414990234375 2.343828577934481e-05
2.29514990234375 2.1672813414313992e-05
2.29614990234375 1.990835358115761e-05
2.29714990234375 2.1147477355643863e-05
2.29814990234375 2.092609330890464e-05
2.29914990234375 2.1788023668065414e-05
2.30014990234375 1.9742360685494365e-05
2.30114990234375 1.919198361165957e-05
2.30214990234375 1.7954460352525263e-05
2.30314990234375 1.8473654198245212e-05
2.30414990234375 1.8273531119748577e-05
2.30514990234375 1.8170183793191167e-05
2.30614990234375 1.8066886649793597e-05
2.30714990234375 1.8482665311778783e-05
2.30814990234375 1.7732022735297978e-05
2.30914990234375 1.698985444396559e-05
2.31014990234375 1.6029045491165676e-05
2.31114990234375 1.5917099613334932e-05
2.31214990234375 1.5404720351953824e-05
2.31314990234375 1.4860361203746472e-05
2.31414990234375 1.4844457655463765e-05
2.31514990234375 1.5334804706379544e-05
2.31614990234375 1.5786435844743045e-05
2.31714990234375 1.5314275959933117e-05
2.31814990234375 1.3955314034971253e-05
2.31914990234375 1.3715997697471022e-05
2.32014990234375 1.3539321082971338e-05
2.32114990234375 1.3186979517432319e-05
2.32214990234375 1.2279060779082368e-05
2.32314990234375 1.1577693403026388e-05
2.32414990234375 1.1257391767045373e-05
2.32514990234375 1.1087262971827213e-05
2.32614990234375 1.027013671375926e-05
2.32714990234375 9.806626985001224e-06
2.32814990234375 9.306620483521302e-06
2.32914990234375 8.96147702440722e-06
2.33014990234375 8.997371971290836e-06
2.33114990234375 8.349160419119189e-06
2.33214990234375 8.03776815922326e-06
2.33314990234375 7.09464781056195e-06
2.33414990234375 6.9136558714739675e-06
2.33514990234375 6.609955989252848e-06
2.33614990234375 6.453707560615994e-06
2.33714990234375 6.0013570819088506e-06
2.33814990234375 5.622050828057428e-06
2.33914990234375 5.6056147751989165e-06
2.34014990234375 5.417827603427646e-06
2.34114990234375 5.216512656369584e-06
2.34214990234375 4.8389539670913535e-06
2.34314990234375 4.8285911521586365e-06
2.34414990234375 4.847989236885544e-06
2.34514990234375 4.841126924425016e-06
2.34614990234375 4.810617251851227e-06
2.34714990234375 4.738010291351978e-06
2.34814990234375 4.473015253319423e-06
2.34914990234375 4.450845604907938e-06
2.35014990234375 4.552086696772955e-06
2.35114990234375 4.7972710230093295e-06
2.35214990234375 4.452604562579385e-06
2.35314990234375 4.300220797043746e-06
2.35414990234375 4.230745763519813e-06
2.35514990234375 4.363997964044099e-06
2.35614990234375 4.3151356312549634e-06
2.35714990234375 4.116346363832278e-06
2.35814990234375 3.97223649737632e-06
2.35914990234375 3.6987810825523127e-06
2.36014990234375 3.4300683894009854e-06
2.36114990234375 3.0788276126593112e-06
2.36214990234375 2.9525643370067034e-06
2.36314990234375 2.93687469698244e-06
2.36414990234375 2.8651548015301367e-06
2.36514990234375 2.543151821896423e-06
2.36614990234375 2.167193350497784e-06
2.36714990234375 1.8655480208078347e-06
2.36814990234375 1.6404953451283007e-06
2.36914990234375 1.4911945410633646e-06
2.37014990234375 1.326255328313471e-06
2.37114990234375 1.22253823980177e-06
2.37214990234375 1.036130346398066e-06
2.37314990234375 9.138346336905036e-07
2.37414990234375 7.490147048078985e-07
2.37514990234375 7.049075851378007e-07
2.37614990234375 6.556165622825537e-07
2.37714990234375 6.793467522896931e-07
2.37814990234375 6.518512037542401e-07
2.37914990234375 6.616730639094497e-07
2.38014990234375 6.306664937480557e-07
2.38114990234375 5.738308798410276e-07
2.38214990234375 5.155828568301415e-07
2.38314990234375 4.765716314926036e-07
2.38414990234375 4.493818247902251e-07
2.38514990234375 4.245010424823426e-07
2.38614990234375 4.0586885353773663e-07
2.38714990234375 4.0339550230046e-07
2.38814990234375 3.852134547910121e-07
2.38914990234375 3.6940411405927675e-07
2.39014990234375 3.4453477507292365e-07
2.39114990234375 3.3311541051879575e-07
2.39214990234375 3.1771184494401623e-07
2.39314990234375 3.042424633978022e-07
2.39414990234375 2.831314788211125e-07
2.39514990234375 2.5926229949762866e-07
2.39614990234375 2.4200183051980405e-07
2.39714990234375 2.246872700774442e-07
2.39814990234375 2.033104168170425e-07
2.39914990234375 1.8577958504698623e-07
2.40014990234375 1.670573598047017e-07
2.40114990234375 1.5403579851092818e-07
2.40214990234375 1.380025990571858e-07
2.40314990234375 1.2132180660850965e-07
2.40414990234375 1.0828256872315194e-07
2.40514990234375 9.468058908301081e-08
2.40614990234375 8.413544385185939e-08
2.40714990234375 7.237092966251117e-08
2.40814990234375 6.246833463837927e-08
2.40914990234375 5.596808476598685e-08
2.41014990234375 4.765935116583037e-08
2.41114990234375 4.2433447665114146e-08
2.41214990234375 3.5900398401954123e-08
2.41314990234375 3.207877398037874e-08
2.41414990234375 2.7424137968271362e-08
2.41514990234375 2.3192695082013535e-08
2.41614990234375 1.956500074347208e-08
2.41714990234375 1.634383647303763e-08
2.41814990234375 1.4435666019643909e-08
2.41914990234375 1.286221277616332e-08
2.42014990234375 1.1486820722315668e-08
2.42114990234375 1.0036509542695347e-08
2.42214990234375 8.63557677898906e-09
2.42314990234375 7.589843609870232e-09
2.42414990234375 6.8069277448938475e-09
2.42514990234375 5.934080060499187e-09
2.42614990234375 5.356539561216823e-09
2.42714990234375 4.626506358209402e-09
2.42814990234375 4.319680934234299e-09
2.42914990234375 3.897412495978223e-09
2.43014990234375 3.7183757496448968e-09
2.43114990234375 3.436471308836316e-09
2.43214990234375 3.1674711759571497e-09
2.43314990234375 2.8850494564660745e-09
2.43414990234375 2.650810306144572e-09
2.43514990234375 2.4733719620483934e-09
2.43614990234375 2.2558818209766535e-09
2.43714990234375 2.0932580780749576e-09
2.43814990234375 1.8856803447258097e-09
2.43914990234375 1.719890510085111e-09
2.44014990234375 1.5649249327084667e-09
2.44114990234375 1.4654928742347617e-09
2.44214990234375 1.3588968714724814e-09
2.44314990234375 1.2714876956573783e-09
2.44414990234375 1.165280930561613e-09
2.44514990234375 1.070122308742411e-09
2.44614990234375 9.961033358135784e-10
2.44714990234375 9.13586092564144e-10
2.44814990234375 8.271390168906108e-10
2.44914990234375 7.309038265960669e-10
2.45014990234375 6.87873235169904e-10
2.45114990234375 6.466737008481227e-10
2.45214990234375 6.137801559354564e-10
2.45314990234375 5.594560813964062e-10
2.45414990234375 5.08909593289071e-10
2.45514990234375 4.613069881647792e-10
2.45614990234375 4.2328479181548923e-10
2.45714990234375 3.8732535842531995e-10
2.45814990234375 3.413109762809991e-10
2.45914990234375 3.0471539596012174e-10
2.46014990234375 2.7841025567525346e-10
2.46114990234375 2.491524330970558e-10
2.46214990234375 2.1816523164777607e-10
2.46314990234375 1.913310055446444e-10
2.46414990234375 1.7443249715910594e-10
2.46514990234375 1.5485758877773522e-10
2.46614990234375 1.3639020067843924e-10
2.46714990234375 1.2100635022659398e-10
2.46814990234375 1.0885262842574187e-10
2.46914990234375 9.263572900011977e-11
2.47014990234375 8.082907006613168e-11
2.47114990234375 7.226568511721557e-11
2.47214990234375 6.652111114295759e-11
2.47314990234375 6.030563152326639e-11
2.47414990234375 5.35120369408616e-11
2.47514990234375 4.7659303897041765e-11
2.47614990234375 4.246709521072084e-11
2.47714990234375 3.787988862289084e-11
2.47814990234375 3.41653852530361e-11
2.47914990234375 3.0050847003392933e-11
2.48014990234375 2.7418546345417568e-11
2.48114990234375 2.6292035067557646e-11
2.48214990234375 2.4878334627324526e-11
2.48314990234375 2.2895176064382266e-11
2.48414990234375 2.076926840427713e-11
2.48514990234375 1.941680498726951e-11
2.48614990234375 1.8352414578095926e-11
2.48714990234375 1.7010590396770312e-11
2.48814990234375 1.6482793555755493e-11
2.48914990234375 1.583786865526629e-11
2.49014990234375 1.545149806264454e-11
2.49114990234375 1.4985460403956332e-11
2.49214990234375 1.5285308691957212e-11
2.49314990234375 1.577119775543591e-11
2.49414990234375 1.608375490150515e-11
2.49514990234375 1.6139564149839108e-11
2.49614990234375 1.6414842343700138e-11
2.49714990234375 1.6901985104617684e-11
2.49814990234375 1.746828024663305e-11
2.49914990234375 1.775466687500362e-11
2.50014990234375 1.799426519900847e-11
2.50114990234375 1.822695403961703e-11
2.50214990234375 1.8495948090232045e-11
2.50314990234375 1.861405029340418e-11
2.50414990234375 1.863725868571793e-11
2.50514990234375 1.85084158663531e-11
2.50614990234375 1.831142031572672e-11
2.50714990234375 1.7971490258276888e-11
2.50814990234375 1.7500168746387524e-11
2.50914990234375 1.6978119109002952e-11
2.51014990234375 1.6406613990420843e-11
2.51114990234375 1.576809241605505e-11
2.51214990234375 1.503466289215431e-11
2.51314990234375 1.4279818220481523e-11
2.51414990234375 1.3497266331260045e-11
2.51514990234375 1.2656485804121113e-11
2.51614990234375 1.1788370200624224e-11
2.51714990234375 1.0941757799051925e-11
2.51814990234375 1.0161777772599942e-11
2.51914990234375 9.37265761093899e-12
2.52014990234375 8.600598833651356e-12
2.52114990234375 7.819883664754024e-12
2.52214990234375 7.081668219048756e-12
2.52314990234375 6.3645489944780236e-12
2.52414990234375 5.702419371353224e-12
2.52514990234375 5.080796317450085e-12
2.52614990234375 4.535469656012743e-12
2.52714990234375 4.0244091294720204e-12
2.52814990234375 3.5675615414250357e-12
2.52914990234375 3.138355629090787e-12
2.53014990234375 2.7672013340319016e-12
2.53114990234375 2.4523200074488375e-12
2.53214990234375 2.163806185355262e-12
2.53314990234375 1.9119653378772547e-12
2.53414990234375 1.6862072004319627e-12
2.53514990234375 1.5095935828593795e-12
2.53614990234375 1.3624949116207944e-12
2.53714990234375 1.2285851524324051e-12
2.53814990234375 1.11590108506385e-12
2.53914990234375 1.0197990456283822e-12
2.54014990234375 9.383382602591142e-13
2.54114990234375 8.672519402014385e-13
2.54214990234375 8.006394537790666e-13
2.54314990234375 7.433943545433182e-13
2.54414990234375 6.96444549978685e-13
2.54514990234375 6.560187537744715e-13
2.54614990234375 6.238103815013984e-13
2.54714990234375 5.886290816159391e-13
2.54814990234375 5.648091912539733e-13
2.54914990234375 5.33083369276417e-13
2.55014990234375 5.040954026793937e-13
2.55114990234375 4.697928797940091e-13
2.55214990234375 4.4260938447389914e-13
2.55314990234375 4.148116363172505e-13
2.55414990234375 3.884287477265725e-13
2.55514990234375 3.6392014120740766e-13
2.55614990234375 3.3781586229114977e-13
2.55714990234375 3.1214999872454746e-13
2.55814990234375 2.8766716066289957e-13
2.55914990234375 2.6585273638108417e-13
2.56014990234375 2.444300053540235e-13
2.56114990234375 2.2339347220007472e-13
2.56214990234375 2.0368252624838658e-13
2.56314990234375 1.8535631043311904e-13
2.56414990234375 1.6685990921149194e-13
2.56514990234375 1.4963615982164937e-13
2.56614990234375 1.3461696984144657e-13
2.56714990234375 1.2014273115986343e-13
2.56814990234375 1.0683160644791261e-13
2.56914990234375 9.375007278701029e-14
2.57014990234375 8.223559518382166e-14
2.57114990234375 7.273969601990085e-14
2.57214990234375 6.415519993206659e-14
2.57314990234375 5.6610122734325457e-14
2.57414990234375 4.884879278315747e-14
2.57514990234375 4.2418126185018415e-14
2.57614990234375 3.683084513137112e-14
2.57714990234375 3.2030531284026115e-14
2.57814990234375 2.795055345953584e-14
2.57914990234375 2.4261435851100257e-14
2.58014990234375 2.1151181827708628e-14
2.58114990234375 1.8231074187055816e-14
2.58214990234375 1.569806070836014e-14
2.58314990234375 1.3611133487355987e-14
2.58414990234375 1.186999069676875e-14
2.58514990234375 1.040154458372422e-14
2.58614990234375 9.029386753569681e-15
2.58714990234375 7.94613189395977e-15
2.58814990234375 6.903890512887038e-15
2.58914990234375 6.055921258858917e-15
2.59014990234375 5.253753271939498e-15
2.59114990234375 4.656801359448776e-15
2.59214990234375 4.125394155479478e-15
2.59314990234375 3.600982505541474e-15
2.59414990234375 3.188955025359833e-15
2.59514990234375 2.7703187505773948e-15
2.59614990234375 2.4308481953577855e-15
2.59714990234375 2.148740626145627e-15
2.59814990234375 1.9265540877278595e-15
2.59914990234375 1.7346597204315696e-15
