microns throughput
0.5505499877929687 1.0883525334825567e-09
0.5515499877929687 9.748091890415574e-10
0.5525499877929687 1.9919374897945435e-09
0.5535499877929687 2.377787555493523e-09
0.5545499877929687 1.0902560049614259e-09
0.5555499877929687 2.508507128500659e-09
0.5565499877929687 2.6272609846947534e-09
0.5575499877929687 3.7352007342350545e-09
0.5585499877929687 2.205055387728679e-09
0.5595499877929687 1.5720784808742468e-09
0.5605499877929687 7.087587766078149e-10
0.5615499877929687 4.046388769690647e-09
0.5625499877929687 4.662585439997458e-09
0.5635499877929687 3.6819234207547067e-09
0.5645499877929687 3.7686039645806705e-09
0.5655499877929687 1.8753017958998494e-09
0.5665499877929687 2.727436885373019e-09
0.5675499877929687 3.090155733226391e-09
0.5685499877929687 3.4209488280677543e-09
0.5695499877929687 3.0384736839819743e-09
0.5705499877929687 1.2850997826140135e-09
0.5715499877929687 2.603151348100494e-09
0.5725499877929687 3.550569140867881e-09
0.5735499877929687 6.678545554685635e-09
0.5745499877929687 4.117459335053307e-09
0.5755499877929687 2.6915768897392093e-09
0.5765499877929687 3.917781485353407e-09
0.5775499877929687 1.3325873746724431e-09
0.5785499877929687 2.8784537371980996e-09
0.5795499877929687 3.425535326990855e-09
0.5805499877929687 8.527615672450459e-09
0.5815499877929687 3.5915515820765423e-09
0.5825499877929687 1.0538279346499784e-08
0.5835499877929687 8.89278582188654e-09
0.5845499877929687 7.586126752194827e-09
0.5855499877929687 5.600342650268296e-09
0.5865499877929687 1.4672168618406338e-08
0.5875499877929687 1.1820691693948049e-08
0.5885499877929687 9.672317812780138e-09
0.5895499877929687 2.6995049324000268e-09
0.5905499877929687 2.9448880474528768e-09
0.5915499877929687 1.463833062160776e-08
0.5925499877929687 1.0825099483802625e-08
0.5935499877929687 8.366305035822327e-09
0.5945499877929687 1.0881409482870082e-08
0.5955499877929687 2.1068501886475246e-08
0.5965499877929688 1.2182746771300379e-08
0.5975499877929688 2.978463676493807e-09
0.5985499877929688 8.591595987524507e-09
0.5995499877929688 1.1895458347299943e-08
0.6005499877929688 2.2934556330832783e-08
0.6015499877929688 1.495456157731603e-08
0.6025499877929688 1.931986039244044e-08
0.6035499877929688 1.7774251316072546e-08
0.6045499877929688 1.2344222584045075e-08
0.6055499877929688 1.372508320260001e-08
0.6065499877929688 4.221302388153439e-09
0.6075499877929688 1.8614442594875397e-08
0.6085499877929688 2.2158995256759233e-08
0.6095499877929688 2.9582230893412223e-08
0.6105499877929688 1.8422371541985907e-08
0.6115499877929688 3.237626423900371e-08
0.6125499877929688 1.8864554142853093e-08
0.6135499877929688 3.50975096950743e-08
0.6145499877929688 2.2041091152779403e-08
0.6155499877929688 1.583247247200909e-08
0.6165499877929688 1.4410022272914358e-08
0.6175499877929688 1.7071452243540716e-08
0.6185499877929688 1.3540221169954602e-08
0.6195499877929688 3.708030282889765e-08
0.6205499877929688 2.4547265007837202e-08
0.6215499877929688 3.402861562108473e-08
0.6225499877929688 1.9061569822411877e-08
0.6235499877929688 1.7497430989881122e-08
0.6245499877929688 3.3744799116044884e-08
0.6255499877929688 3.922302108612745e-08
0.6265499877929688 2.256858880751429e-08
0.6275499877929688 1.564836868776909e-08
0.6285499877929688 3.055150878152548e-08
0.6295499877929688 5.888770124940981e-08
0.6305499877929688 5.475723839100331e-08
0.6315499877929688 4.0447877776985966e-08
0.6325499877929688 6.765707137550675e-08
0.6335499877929688 6.454004051479474e-08
0.6345499877929688 3.312697267050475e-08
0.6355499877929688 6.476792247190984e-08
0.6365499877929688 5.839055803275915e-08
0.6375499877929688 8.342577309546544e-08
0.6385499877929688 2.8934896542582523e-08
0.6395499877929688 4.857464783729492e-08
0.6405499877929688 7.654982376412107e-08
0.6415499877929688 4.8262228655445846e-08
0.6425499877929688 5.511146795019428e-08
0.6435499877929688 4.4013817632618466e-08
0.6445499877929688 4.13326730600025e-08
0.6455499877929688 6.344978206288148e-08
0.6465499877929688 6.615904328837456e-08
0.6475499877929688 7.291714741159617e-08
0.6485499877929688 6.866720799979269e-08
0.6495499877929688 9.427025962499591e-08
0.6505499877929688 6.52134828035791e-08
0.6515499877929688 8.195186146832051e-08
0.6525499877929688 7.689096783448252e-08
0.6535499877929688 6.217773088434336e-08
0.6545499877929688 9.163658746207384e-08
0.6555499877929688 8.65022231210296e-08
0.6565499877929688 1.0444648696138492e-07
0.6575499877929688 9.383987857713966e-08
0.6585499877929688 8.891251590873653e-08
0.6595499877929687 8.568170636150369e-08
0.6605499877929687 9.624341744492221e-08
0.6615499877929687 8.945807800100672e-08
0.6625499877929687 1.051724828237259e-07
0.6635499877929687 1.1682210316448039e-07
0.6645499877929687 1.2229905329809377e-07
0.6655499877929687 1.3237269532572524e-07
0.6665499877929687 1.1935964244118042e-07
0.6675499877929687 1.3954610405866418e-07
0.6685499877929687 1.3003623837700675e-07
0.6695499877929687 1.295378354324054e-07
0.6705499877929687 1.619176902323435e-07
0.6715499877929687 1.633018979574539e-07
0.6725499877929687 1.3016816896056168e-07
0.6735499877929687 1.765160686523202e-07
0.6745499877929687 1.8136141286528494e-07
0.6755499877929687 1.6259579614093123e-07
0.6765499877929687 1.505761028560242e-07
0.6775499877929687 1.3359704487447004e-07
0.6785499877929687 1.8413156889999127e-07
0.6795499877929687 1.6642677176674246e-07
0.6805499877929687 1.437122450062753e-07
0.6815499877929687 1.6917134465899997e-07
0.6825499877929687 1.8324385798140166e-07
0.6835499877929687 1.9819680185135414e-07
0.6845499877929687 1.9029860405212405e-07
0.6855499877929687 2.0745889446562202e-07
0.6865499877929687 2.0523258993911812e-07
0.6875499877929687 2.2369677778751743e-07
0.6885499877929687 2.1406182671543588e-07
0.6895499877929687 2.0949262533418202e-07
0.6905499877929687 2.1848530621956432e-07
0.6915499877929687 2.1830454079152322e-07
0.6925499877929687 2.243521266424116e-07
0.6935499877929687 2.2112444776791014e-07
0.6945499877929687 2.5045455244495283e-07
0.6955499877929687 2.4047760672211363e-07
0.6965499877929687 2.4306418901071895e-07
0.6975499877929687 2.6687244312031073e-07
0.6985499877929687 2.6481135358218606e-07
0.6995499877929687 2.463149666805052e-07
0.7005499877929687 2.4440630270491446e-07
0.7015499877929687 2.386086339419453e-07
0.7025499877929687 2.682732173868876e-07
0.7035499877929687 2.5190362959227975e-07
0.7045499877929687 2.648702544774438e-07
0.7055499877929687 2.3215935812922664e-07
0.7065499877929687 2.7888808635350303e-07
0.7075499877929687 2.658765387203036e-07
0.7085499877929687 2.8836241744645953e-07
0.7095499877929687 3.128075215840912e-07
0.7105499877929687 3.1585512675032103e-07
0.7115499877929687 3.035939377601974e-07
0.7125499877929687 2.973810581668602e-07
0.7135499877929687 3.262932535361517e-07
0.7145499877929687 3.497033144256465e-07
0.7155499877929687 3.3726809535642715e-07
0.7165499877929687 3.416703435962891e-07
0.7175499877929687 3.983930686475811e-07
0.7185499877929687 3.532529503351111e-07
0.7195499877929687 3.800658722822455e-07
0.7205499877929687 3.581790977215139e-07
0.7215499877929688 3.671036572499184e-07
0.7225499877929688 3.971542717871187e-07
0.7235499877929688 3.710336873096736e-07
0.7245499877929688 3.782147401570193e-07
0.7255499877929688 4.1928587681123115e-07
0.7265499877929688 3.6205769265963955e-07
0.7275499877929688 3.663541468843004e-07
0.7285499877929688 3.5852305969143473e-07
0.7295499877929688 3.370337004447778e-07
0.7305499877929688 3.0816646022224467e-07
0.7315499877929688 3.1182937140450593e-07
0.7325499877929688 3.7341477582159175e-07
0.7335499877929688 3.136331628321241e-07
0.7345499877929688 2.7774790764749744e-07
0.7355499877929688 3.0504166930805795e-07
0.7365499877929688 2.982874192943974e-07
0.7375499877929688 3.155521264056723e-07
0.7385499877929688 3.0041507486361146e-07
0.7395499877929688 3.666571308277724e-07
0.7405499877929688 3.6083992524074814e-07
0.7415499877929688 3.4766423761895085e-07
0.7425499877929688 3.305213137583538e-07
0.7435499877929688 3.917928766946566e-07
0.7445499877929688 3.690035299842066e-07
0.7455499877929688 3.6025166858018504e-07
0.7465499877929688 3.730135394251061e-07
0.7475499877929688 3.707884715396551e-07
0.7485499877929688 4.198681712520438e-07
0.7495499877929688 3.9133695700665247e-07
0.7505499877929688 4.156153310256977e-07
0.7515499877929688 4.4367675757033153e-07
0.7525499877929688 4.2078073359804756e-07
0.7535499877929688 4.512993156161906e-07
0.7545499877929688 4.4079158506599885e-07
0.7555499877929688 4.339298566754287e-07
0.7565499877929688 4.0285833254224803e-07
0.7575499877929688 4.400760288588626e-07
0.7585499877929688 4.876332508538708e-07
0.7595499877929688 4.950256423457762e-07
0.7605499877929688 5.121333421481719e-07
0.7615499877929688 5.014059385033963e-07
0.7625499877929688 5.580559847613583e-07
0.7635499877929688 5.59472083983732e-07
0.7645499877929688 5.764088409896747e-07
0.7655499877929688 6.009611056844795e-07
0.7665499877929688 6.076355607465683e-07
0.7675499877929688 6.623765297835539e-07
0.7685499877929688 7.120595549839014e-07
0.7695499877929688 9.407752386728873e-07
0.7705499877929688 1.0915812644117597e-06
0.7715499877929688 1.495272609507841e-06
0.7725499877929688 2.001101558842587e-06
0.7735499877929688 2.9799669686601778e-06
0.7745499877929688 4.529146613782831e-06
0.7755499877929688 6.707809582498162e-06
0.7765499877929688 9.75939717636305e-06
0.7775499877929688 1.384757732113915e-05
0.7785499877929688 1.948446578299097e-05
0.7795499877929688 2.6445077695231808e-05
0.7805499877929688 3.7085198118349635e-05
0.7815499877929688 5.2794901108578756e-05
0.7825499877929688 7.93500137027452e-05
0.7835499877929688 0.00013125921885095453
0.7845499877929687 0.00022668773496778332
0.7855499877929687 0.00043980253148811154
0.7865499877929687 0.0009525149938752049
0.7875499877929687 0.0021541545967412442
0.7885499877929687 0.005055232778637447
0.7895499877929687 0.011824980305198827
0.7905499877929687 0.024767990802311308
0.7915499877929687 0.046112271793672235
0.7925499877929687 0.07530932805786957
0.7935499877929687 0.11083310970209298
0.7945499877929687 0.14606641198830955
0.7955499877929687 0.1777117811627584
0.7965499877929687 0.20422583725227478
0.7975499877929687 0.22379644106288887
0.7985499877929687 0.23770694301054066
0.7995499877929687 0.24654701436387916
0.8005499877929687 0.2527261603043445
0.8015499877929687 0.2557575525157888
0.8025499877929687 0.2570099249134571
0.8035499877929687 0.2581219892260185
0.8045499877929687 0.25945855896995307
0.8055499877929687 0.25992273742111294
0.8065499877929687 0.25823316680611597
0.8075499877929687 0.25417340563018503
0.8085499877929687 0.24937427039398977
0.8095499877929687 0.24614198239977098
0.8105499877929687 0.24556799577321892
0.8115499877929687 0.2472917935982541
0.8125499877929687 0.2503287915415324
0.8135499877929687 0.25237273634684415
0.8145499877929687 0.25462570273756924
0.8155499877929687 0.2540132677151209
0.8165499877929687 0.2538252379328597
0.8175499877929687 0.25548754236702986
0.8185499877929687 0.25972085502780523
0.8195499877929687 0.26405462329858426
0.8205499877929687 0.26980497257255603
0.8215499877929687 0.27403995240286627
0.8225499877929687 0.2760387026162331
0.8235499877929687 0.2766851721606528
0.8245499877929687 0.27590978379689796
0.8255499877929687 0.27280961893789213
0.8265499877929687 0.2698149255323458
0.8275499877929687 0.2682908548751406
0.8285499877929687 0.268086219962247
0.8295499877929687 0.2689016915398952
0.8305499877929687 0.2696855853693342
0.8315499877929687 0.27043672675414293
0.8325499877929687 0.2699251242763103
0.8335499877929687 0.2682662713060524
0.8345499877929687 0.2663741047999827
0.8355499877929687 0.2666130703392823
0.8365499877929687 0.2675175158870293
0.8375499877929687 0.26944330777676206
0.8385499877929687 0.2718704095989116
0.8395499877929687 0.2737544971433922
0.8405499877929687 0.2755178117798529
0.8415499877929687 0.27723460994865945
0.8425499877929687 0.2788502892892055
0.8435499877929687 0.27990058086350433
0.8445499877929687 0.280880993841227
0.8455499877929687 0.2811015126277434
0.8465499877929688 0.2814294279898058
0.8475499877929688 0.28008775563606436
0.8485499877929688 0.27966315612946696
0.8495499877929688 0.2809458117255722
0.8505499877929688 0.2820784363529606
0.8515499877929688 0.2837327208260009
0.8525499877929688 0.2832340088071639
0.8535499877929688 0.2827626300218077
0.8545499877929688 0.2823018490275474
0.8555499877929688 0.28053514412535974
0.8565499877929688 0.280503363172641
0.8575499877929688 0.28064588179850525
0.8585499877929688 0.28137296227661224
0.8595499877929688 0.280825051021595
0.8605499877929688 0.28210684557292365
0.8615499877929688 0.2822711676197458
0.8625499877929688 0.2809774374824691
0.8635499877929688 0.2804843505122233
0.8645499877929688 0.28197249689422543
0.8655499877929688 0.2830183329249286
0.8665499877929688 0.2868565925432044
0.8675499877929688 0.2877086884266995
0.8685499877929688 0.2881087254690978
0.8695499877929688 0.289766539310232
0.8705499877929688 0.2921543144341798
0.8715499877929688 0.2911438133534159
0.8725499877929688 0.29359894343569387
0.8735499877929688 0.2937844876834062
0.8745499877929688 0.29398763107351517
0.8755499877929688 0.2909229321117295
0.8765499877929688 0.29040458196903224
0.8775499877929688 0.29261924974619535
0.8785499877929688 0.29130211118641325
0.8795499877929688 0.28800761685917686
0.8805499877929688 0.2906779655744843
0.8815499877929688 0.28856576250378874
0.8825499877929688 0.2888304711578725
0.8835499877929688 0.28794986890514684
0.8845499877929688 0.2887053780917092
0.8855499877929688 0.28298693003658437
0.8865499877929688 0.2795561556899316
0.8875499877929688 0.2840774685940617
0.8885499877929688 0.28987976661930226
0.8895499877929688 0.2876491459528134
0.8905499877929688 0.2885478896104541
0.8915499877929688 0.2950683246721999
0.8925499877929688 0.2973645937550149
0.8935499877929688 0.2983506448154143
0.8945499877929688 0.2994331110643398
0.8955499877929688 0.29977452464919174
0.8965499877929688 0.2984008080984684
0.8975499877929688 0.2976333050585323
0.8985499877929688 0.29662374707454403
0.8995499877929688 0.2954601538846272
0.9005499877929688 0.29420545495761097
0.9015499877929688 0.2921911089314544
0.9025499877929688 0.2912465179197968
0.9035499877929688 0.2888911291907514
0.9045499877929688 0.287256635260593
0.9055499877929688 0.2879020368871781
0.9065499877929688 0.2865446369793293
0.9075499877929688 0.2853330054306562
0.9085499877929688 0.28695361542860764
0.9095499877929687 0.287975341350048
0.9105499877929687 0.2902717228938937
0.9115499877929687 0.29210360126886437
0.9125499877929687 0.2945227589329135
0.9135499877929687 0.29808843373588034
0.9145499877929687 0.30027881839439974
0.9155499877929687 0.3030972295827638
0.9165499877929687 0.30735793566709235
0.9175499877929687 0.3085247498539765
0.9185499877929687 0.311216209020083
0.9195499877929687 0.31189388318027944
0.9205499877929687 0.3116351988447535
0.9215499877929687 0.312311402883543
0.9225499877929687 0.3113822953825536
0.9235499877929687 0.3103562164992274
0.9245499877929687 0.30742920828065445
0.9255499877929687 0.3064206119086008
0.9265499877929687 0.3047453538541295
0.9275499877929687 0.3030416117018988
0.9285499877929687 0.3019915538026078
0.9295499877929687 0.3021408869198291
0.9305499877929687 0.30175211599762275
0.9315499877929687 0.3021233718174635
0.9325499877929687 0.3020897177902241
0.9335499877929687 0.3015719895117605
0.9345499877929687 0.30165686596119234
0.9355499877929687 0.30134155035471183
0.9365499877929687 0.3010379972833366
0.9375499877929687 0.3010585859445636
0.9385499877929687 0.3005734801070816
0.9395499877929687 0.30146450865110774
0.9405499877929687 0.30330807097893026
0.9415499877929687 0.30444611384373377
0.9425499877929687 0.3063867662536345
0.9435499877929687 0.3075367904731742
0.9445499877929687 0.30946760072194
0.9455499877929687 0.31017448067588327
0.9465499877929687 0.31092916646570956
0.9475499877929687 0.31007047707061947
0.9485499877929687 0.3094851228965917
0.9495499877929687 0.3093942039125192
0.9505499877929687 0.30861562471724496
0.9515499877929687 0.3092693476460946
0.9525499877929687 0.30676099197294354
0.9535499877929687 0.3061546048646644
0.9545499877929687 0.30462728324082156
0.9555499877929687 0.304207868045952
0.9565499877929687 0.30343421282724103
0.9575499877929687 0.30268464611235113
0.9585499877929687 0.30374859897622003
0.9595499877929687 0.303768337754147
0.9605499877929687 0.30397849358369283
0.9615499877929687 0.3050370096605348
0.9625499877929687 0.3068896266992019
0.9635499877929687 0.30882038076986207
0.9645499877929687 0.3110151521510738
0.9655499877929687 0.31220608118884374
0.9665499877929687 0.31302889148282875
0.9675499877929687 0.3140758143634903
0.9685499877929687 0.31497431113773355
0.9695499877929687 0.31619911365727893
0.9705499877929687 0.3154107282962707
0.9715499877929688 0.31538803190344167
0.9725499877929688 0.3151172725321373
0.9735499877929688 0.3147112148446183
0.9745499877929688 0.3127093695816792
0.9755499877929688 0.31357451371757306
0.9765499877929688 0.31118781929301453
0.9775499877929688 0.30990751974106406
0.9785499877929688 0.3082914209131761
0.9795499877929688 0.30671007325122746
0.9805499877929688 0.3047115623906602
0.9815499877929688 0.3056966884953004
0.9825499877929688 0.3061836255760312
0.9835499877929688 0.30759612696518557
0.9845499877929688 0.30956905928395057
0.9855499877929688 0.3127237101333265
0.9865499877929688 0.31416123321357403
0.9875499877929688 0.31645551991963816
0.9885499877929688 0.31766620808214463
0.9895499877929688 0.3185562007368896
0.9905499877929688 0.31864062233333645
0.9915499877929688 0.31783110986677815
0.9925499877929688 0.3176359499750564
0.9935499877929688 0.31608802158265836
0.9945499877929688 0.3146174153331247
0.9955499877929688 0.31502474123548985
0.9965499877929688 0.31398740608263587
0.9975499877929688 0.31306132024516575
0.9985499877929688 0.3102327342753822
0.9995499877929688 0.30534316868283073
1.0005499877929687 0.29438193483059905
1.0015499877929688 0.2762219157275618
1.0025499877929687 0.24834710153583572
1.0035499877929688 0.21229884969607005
1.0045499877929687 0.1763260492939213
1.0055499877929688 0.14287778389738665
1.0065499877929687 0.11762528090889754
1.0075499877929688 0.09478233446620238
1.0085499877929687 0.07861921103249975
1.0095499877929688 0.06398452280083619
1.0105499877929687 0.05451749779303945
1.0115499877929688 0.045701083108193125
1.0125499877929687 0.03982713556043495
1.0135499877929688 0.033793246333699845
1.0145499877929687 0.029804687356980934
1.0155499877929688 0.025438239948125746
1.0165499877929687 0.02244674565878449
1.0175499877929688 0.019019641736726794
1.0185499877929687 0.015984946064147083
1.0195499877929688 0.012854716298932665
1.0205499877929687 0.009944049119811695
1.0215499877929688 0.00743093707571129
1.0225499877929687 0.005358740849853633
1.0235499877929688 0.003977757132448461
1.024550048828125 0.0027957749263409176
1.025550048828125 0.001987204507877101
1.026550048828125 0.0013931232841452859
1.027550048828125 0.0010015201555004312
1.028550048828125 0.000728243885340739
1.029550048828125 0.0005202795762285824
1.030550048828125 0.00040025175580722596
1.031550048828125 0.0002960098786570056
1.032550048828125 0.00022447607158963936
1.033550048828125 0.0001700447030114036
1.034550048828125 0.0001318806654887123
1.035550048828125 0.00010106264462866589
1.036550048828125 8.025801795802644e-05
1.037550048828125 6.443835802856377e-05
1.038550048828125 5.0398864381881936e-05
1.039550048828125 4.1558413167287314e-05
1.040550048828125 3.365080176353633e-05
1.041550048828125 2.7484842742156946e-05
1.042550048828125 2.2542121688755398e-05
1.043550048828125 1.8749092991183404e-05
1.044550048828125 1.6100565984040815e-05
1.045550048828125 1.3343768860035955e-05
1.046550048828125 1.1580537851223185e-05
1.047550048828125 1.0340877277573254e-05
1.048550048828125 8.544924752031359e-06
1.049550048828125 8.097821259230564e-06
1.050550048828125 7.124127774418677e-06
1.051550048828125 6.365847796857283e-06
1.052550048828125 5.7038469246894584e-06
1.053550048828125 5.2050896566147385e-06
1.054550048828125 4.028654355011124e-06
1.055550048828125 4.684712342495694e-06
1.056550048828125 4.773548453557777e-06
1.057550048828125 4.004216474870459e-06
1.058550048828125 4.0684905697143555e-06
1.059550048828125 3.630706762100976e-06
1.060550048828125 3.4172730029142132e-06
1.061550048828125 3.4076998007928683e-06
1.062550048828125 3.347426766465401e-06
1.063550048828125 2.6711302172764707e-06
1.064550048828125 3.0129675924896015e-06
1.065550048828125 2.6153471135831346e-06
1.066550048828125 3.5960017660133452e-06
1.067550048828125 2.7183573722224216e-06
1.068550048828125 3.2779003428889596e-06
1.069550048828125 2.8002511261385226e-06
1.070550048828125 2.9664658765422275e-06
1.071550048828125 2.469451105762798e-06
1.072550048828125 2.8418546019659604e-06
1.073550048828125 2.894168847198291e-06
1.074550048828125 2.974382933825391e-06
1.075550048828125 1.9342789605450947e-06
1.076550048828125 3.4792902704548e-06
1.077550048828125 2.2421160805159904e-06
1.078550048828125 2.5969589779976583e-06
1.079550048828125 2.7536946792238647e-06
1.080550048828125 3.2554551913126705e-06
1.081550048828125 2.549153069648611e-06
1.082550048828125 2.2385951945807717e-06
1.083550048828125 2.1453847435486987e-06
1.084550048828125 2.603502797156753e-06
1.085550048828125 2.156868403175523e-06
1.086550048828125 2.3998578938427365e-06
1.087550048828125 2.6921540188598825e-06
1.088550048828125 2.0232689511456455e-06
1.089550048828125 3.134350770073911e-06
1.090550048828125 2.3946694301629145e-06
1.091550048828125 2.0313353519409434e-06
1.092550048828125 1.9932834977426114e-06
1.093550048828125 2.767681346991074e-06
1.094550048828125 2.5653491896764535e-06
1.095550048828125 2.0373505474421267e-06
1.096550048828125 2.1461784652266643e-06
1.097550048828125 3.0165885104559655e-06
1.098550048828125 2.228471912351799e-06
1.099550048828125 1.9401073042985457e-06
1.100550048828125 2.162939302393576e-06
1.101550048828125 2.6693383154507488e-06
1.102550048828125 2.539990570084884e-06
1.103550048828125 1.6321892215263613e-06
1.104550048828125 2.28541194615059e-06
1.105550048828125 2.109434003772676e-06
1.106550048828125 1.885053899639836e-06
1.107550048828125 2.0460212884833146e-06
1.108550048828125 2.298093052745529e-06
1.109550048828125 2.0829393614892114e-06
1.110550048828125 2.910689233802269e-06
1.111550048828125 1.794147239042997e-06
1.112550048828125 2.9190638160558027e-06
1.113550048828125 2.2605879183130198e-06
1.114550048828125 2.317074724796926e-06
1.115550048828125 2.301461263515819e-06
1.116550048828125 2.611496806939824e-06
1.117550048828125 2.8560175926307047e-06
1.118550048828125 2.4056270113303074e-06
1.119550048828125 2.54102761626549e-06
1.120550048828125 2.4943349549866523e-06
1.121550048828125 2.948627240428003e-06
1.122550048828125 2.7574800850138722e-06
1.123550048828125 1.850165556441522e-06
1.124550048828125 2.2479656117127213e-06
1.125550048828125 2.1966462706476094e-06
1.126550048828125 2.2518349794043923e-06
1.127550048828125 2.3890490232340013e-06
1.128550048828125 2.2056509246659714e-06
1.129550048828125 3.4831053571472376e-06
1.130550048828125 2.5517826708745843e-06
1.131550048828125 2.2216436313778144e-06
1.132550048828125 2.2100883970134936e-06
1.133550048828125 2.2046790621320316e-06
1.134550048828125 2.4578185360494103e-06
1.135550048828125 2.946639659646669e-06
1.136550048828125 2.117594081608327e-06
1.137550048828125 2.4863965440721183e-06
1.138550048828125 2.8290321171713606e-06
1.139550048828125 2.2222728772759346e-06
1.140550048828125 2.8490175007512485e-06
1.141550048828125 2.0806895023494977e-06
1.142550048828125 2.9332955573577954e-06
1.143550048828125 2.5838652032074274e-06
1.144550048828125 2.4510329268238676e-06
1.145550048828125 2.217366415355176e-06
1.146550048828125 2.339059000007362e-06
1.147550048828125 2.163103620459238e-06
1.148550048828125 2.6617783844276902e-06
1.149550048828125 2.4011101867529497e-06
1.150550048828125 2.4946167503757377e-06
1.151550048828125 2.3167259818855656e-06
1.152550048828125 2.7814471720724922e-06
1.153550048828125 2.5758844637338103e-06
1.154550048828125 2.3998977777259657e-06
1.155550048828125 2.833990021778393e-06
1.156550048828125 1.9323800079592884e-06
1.157550048828125 2.897952342959753e-06
1.158550048828125 2.442525570960967e-06
1.159550048828125 2.668145197143274e-06
1.160550048828125 2.3717729347610525e-06
1.161550048828125 2.3725922606032105e-06
1.162550048828125 2.293757515650354e-06
1.163550048828125 2.554730596994535e-06
1.164550048828125 2.470128753167e-06
1.165550048828125 2.4982745877083352e-06
1.166550048828125 2.7019257464542506e-06
1.167550048828125 2.3991256854375403e-06
1.168550048828125 2.426828082203548e-06
1.169550048828125 2.1068128324936125e-06
1.170550048828125 2.6847478065541263e-06
1.171550048828125 1.8973721537893688e-06
1.172550048828125 3.0517982399414778e-06
1.173550048828125 3.135494462104397e-06
1.174550048828125 2.142721714647772e-06
1.175550048828125 2.3320132023243485e-06
1.176550048828125 2.531938478237674e-06
1.177550048828125 2.5452076559705356e-06
1.178550048828125 2.1698998354858184e-06
1.179550048828125 2.3768076557346518e-06
1.180550048828125 2.1083243765476717e-06
1.181550048828125 2.1195292741063305e-06
1.182550048828125 2.3937966915277937e-06
1.183550048828125 2.6051200873046498e-06
1.184550048828125 2.022513166998115e-06
1.185550048828125 2.244376423635663e-06
1.186550048828125 2.182753447734754e-06
1.187550048828125 2.462019223983856e-06
1.188550048828125 2.630528816725721e-06
1.189550048828125 2.3500893925759775e-06
1.190550048828125 2.7588322590457033e-06
1.191550048828125 2.3654804373399424e-06
1.192550048828125 2.9546017286257655e-06
1.193550048828125 2.1832497453568034e-06
1.194550048828125 2.110837571388478e-06
1.195550048828125 2.521864695442705e-06
1.196550048828125 2.10353262177288e-06
1.197550048828125 2.623046079698856e-06
1.198550048828125 2.0466752890009176e-06
1.199550048828125 2.5499291940212526e-06
1.200550048828125 2.29497104945636e-06
1.201550048828125 2.4251800287204935e-06
1.202550048828125 2.5504385635541632e-06
1.203550048828125 2.3404918943712e-06
1.204550048828125 2.1755402141881245e-06
1.205550048828125 1.9605665721486973e-06
1.206550048828125 2.0392856819014897e-06
1.207550048828125 2.654527160831008e-06
1.208550048828125 2.106785126600606e-06
1.209550048828125 2.5362696240287556e-06
1.210550048828125 2.223393667162122e-06
1.211550048828125 2.4775906664194554e-06
1.212550048828125 2.2394506467655228e-06
1.213550048828125 2.504724330579007e-06
1.214550048828125 2.1500189596871627e-06
1.215550048828125 2.1949996752333673e-06
1.216550048828125 2.834468114374629e-06
1.217550048828125 2.18462950061091e-06
1.218550048828125 1.9930332081830815e-06
1.219550048828125 2.2158488665820286e-06
1.220550048828125 3.156784773486802e-06
1.221550048828125 2.3651559738317737e-06
1.222550048828125 2.574971502279878e-06
1.223550048828125 2.4639949983598957e-06
1.224550048828125 2.2459626020373256e-06
1.225550048828125 2.291229869992195e-06
1.226550048828125 2.2466831507824883e-06
1.227550048828125 2.174671955019687e-06
1.228550048828125 2.410894817276363e-06
1.229550048828125 2.182477839518909e-06
1.230550048828125 2.6266689970800267e-06
1.231550048828125 1.7795470672132228e-06
1.232550048828125 2.613143034215968e-06
1.233550048828125 2.0839008243434444e-06
1.234550048828125 2.584883197966424e-06
1.235550048828125 2.5703507014664324e-06
1.236550048828125 2.2124268778570743e-06
1.237550048828125 1.9029109123833093e-06
1.238550048828125 2.1185009829919184e-06
1.239550048828125 2.885948129909978e-06
1.240550048828125 2.7967407739906917e-06
1.241550048828125 2.867256461145781e-06
1.242550048828125 3.0958317641145715e-06
1.243550048828125 2.0101893466406173e-06
1.244550048828125 2.4431772735501866e-06
1.245550048828125 3.003258100353117e-06
1.246550048828125 2.480146409194504e-06
1.247550048828125 2.049378931390433e-06
1.248550048828125 3.124544593147973e-06
1.249550048828125 2.7791764191283692e-06
1.250550048828125 2.896919717991408e-06
1.251550048828125 2.2951963270559783e-06
1.252550048828125 2.6999300378996843e-06
1.253550048828125 1.917613109791052e-06
1.254550048828125 2.247425239446423e-06
1.255550048828125 2.3775131988532416e-06
1.256550048828125 2.4050696653452265e-06
1.257550048828125 2.8153810845370915e-06
1.258550048828125 2.496851095006612e-06
1.259550048828125 2.3248908955076536e-06
1.260550048828125 2.530413190957359e-06
1.261550048828125 2.8167265747049988e-06
1.262550048828125 2.4548457012781778e-06
1.263550048828125 2.0705570405367272e-06
1.264550048828125 1.7652901396381307e-06
1.265550048828125 2.9839225221959637e-06
1.266550048828125 2.7886550103367046e-06
1.267550048828125 2.6615672052720585e-06
1.268550048828125 2.2379582087941315e-06
1.269550048828125 2.6499054229307056e-06
1.270550048828125 2.4676912695259555e-06
1.271550048828125 2.934947740738901e-06
1.272550048828125 2.864969405103042e-06
1.273550048828125 2.3463848998786184e-06
1.274550048828125 2.5223520655986654e-06
1.275550048828125 2.653023520764471e-06
1.276550048828125 2.3785332536691785e-06
1.277550048828125 2.923566763587503e-06
1.278550048828125 2.603728466178176e-06
1.279550048828125 2.576552550275125e-06
1.280550048828125 3.113203962634379e-06
1.281550048828125 3.5418616400833473e-06
1.282550048828125 2.6408990248610554e-06
1.283550048828125 2.544921667876436e-06
1.284550048828125 2.7376494551397327e-06
1.285550048828125 3.3123497525876296e-06
1.286550048828125 2.820314809198194e-06
1.287550048828125 3.00035759375448e-06
1.288550048828125 3.4508904557074725e-06
1.289550048828125 3.612748248863775e-06
1.290550048828125 3.383532629700293e-06
1.291550048828125 3.433019535071389e-06
1.292550048828125 3.248738062539493e-06
1.293550048828125 3.2728828691082636e-06
1.294550048828125 2.7833704169960385e-06
1.295550048828125 3.187813460669437e-06
1.296550048828125 3.596728495281571e-06
1.297550048828125 3.3137908376235023e-06
1.298550048828125 3.21274858066272e-06
1.299550048828125 3.997876483820646e-06
1.300550048828125 3.894232686257457e-06
1.301550048828125 3.1584310315478056e-06
1.302550048828125 3.5860695864331573e-06
1.303550048828125 3.518249907058445e-06
1.304550048828125 3.459485058343245e-06
1.305550048828125 3.24366087088866e-06
1.306550048828125 3.164509426576921e-06
1.307550048828125 3.583591433420378e-06
1.308550048828125 3.7616081078295498e-06
1.309550048828125 3.35679406187945e-06
1.310550048828125 3.4149683812480306e-06
1.311550048828125 3.210324045590572e-06
1.312550048828125 3.4893436171451987e-06
1.313550048828125 3.320015259619828e-06
1.314550048828125 3.6322963500599628e-06
1.315550048828125 2.967010823773326e-06
1.316550048828125 3.204556889376968e-06
1.317550048828125 3.3523754532598224e-06
1.318550048828125 3.3367179681645553e-06
1.319550048828125 3.6116099048219097e-06
1.320550048828125 3.6912267281330577e-06
1.321550048828125 3.631565008188799e-06
1.322550048828125 3.732520478015397e-06
1.323550048828125 2.7778330449097984e-06
1.324550048828125 3.275398546758299e-06
1.325550048828125 3.829055062216517e-06
1.326550048828125 3.1854130131737126e-06
1.327550048828125 3.1963756033689084e-06
1.328550048828125 3.0994910210181478e-06
1.329550048828125 3.665493523195952e-06
1.330550048828125 2.906459947730019e-06
1.331550048828125 3.0243063234739257e-06
1.332550048828125 2.868241080025525e-06
1.333550048828125 3.759421550106534e-06
1.334550048828125 3.3498661678589876e-06
1.335550048828125 2.9142265234122765e-06
1.336550048828125 3.3217120614704717e-06
1.337550048828125 3.7430271618189074e-06
1.338550048828125 3.7790164614980457e-06
1.339550048828125 3.589697314660821e-06
1.340550048828125 2.9398142077271864e-06
1.341550048828125 3.3943476571678225e-06
1.342550048828125 3.2153426326980924e-06
1.343550048828125 3.6618912315624812e-06
1.344550048828125 3.759658498819403e-06
1.345550048828125 2.757209682126532e-06
1.346550048828125 3.651533362778019e-06
1.347550048828125 3.7392432420581425e-06
1.348550048828125 3.2406391587509005e-06
1.349550048828125 2.8989976552944174e-06
1.350550048828125 3.824984476582719e-06
1.351550048828125 3.5993982204126513e-06
1.352550048828125 3.709261486130353e-06
1.353550048828125 4.0818934494172985e-06
1.354550048828125 2.512171844334787e-06
1.355550048828125 3.865482822284741e-06
1.356550048828125 3.5323856824324893e-06
1.357550048828125 4.039539666288306e-06
1.358550048828125 3.431730654390934e-06
1.359550048828125 3.5484333807921987e-06
1.360550048828125 2.799708618762165e-06
1.361550048828125 3.661167183450352e-06
1.362550048828125 3.657513149338403e-06
1.363550048828125 3.1616823797724084e-06
1.364550048828125 3.878256218635458e-06
1.365550048828125 2.9683984523910532e-06
1.366550048828125 3.6077764859942445e-06
1.367550048828125 3.4538018596094435e-06
1.368550048828125 3.333124103919023e-06
1.369550048828125 3.3181781584087015e-06
1.370550048828125 3.6966977263121445e-06
1.371550048828125 3.3306702730881585e-06
1.372550048828125 3.4074882933571296e-06
1.373550048828125 3.499070937699606e-06
1.374550048828125 3.105587124486801e-06
1.375550048828125 3.7452910573155736e-06
1.376550048828125 4.008596634351004e-06
1.377550048828125 4.153929389972952e-06
1.378550048828125 3.645135499196467e-06
1.379550048828125 3.2587864413304926e-06
1.380550048828125 3.7385294153693965e-06
1.381550048828125 4.1448717911428925e-06
1.382550048828125 3.401506482466052e-06
1.383550048828125 3.8038522378095115e-06
1.384550048828125 3.935346958144288e-06
1.385550048828125 3.262560262501035e-06
1.386550048828125 4.093266926583322e-06
1.387550048828125 3.6462849740125124e-06
1.388550048828125 2.9193752417755517e-06
1.389550048828125 3.71282197169737e-06
1.390550048828125 3.6772319617468767e-06
1.391550048828125 3.7441374598309926e-06
1.392550048828125 3.7477408056096425e-06
1.393550048828125 3.869935456403785e-06
1.394550048828125 3.80895482426901e-06
1.395550048828125 4.132233122406252e-06
1.396550048828125 3.6960443934237217e-06
1.397550048828125 3.406687598190475e-06
1.398550048828125 4.01661027698419e-06
1.399550048828125 3.8867231050081805e-06
1.400550048828125 3.8431716532648285e-06
1.401550048828125 3.913603224574627e-06
1.402550048828125 3.1784417426450147e-06
1.403550048828125 3.0128935064227956e-06
1.404550048828125 3.096387937276287e-06
1.405550048828125 3.6849404171443213e-06
1.406550048828125 4.382486609908224e-06
1.407550048828125 3.043508947428053e-06
1.408550048828125 3.2591804639869687e-06
1.409550048828125 3.2550910944724217e-06
1.410550048828125 3.3537760596223817e-06
1.411550048828125 4.133165792681767e-06
1.412550048828125 2.5375183618717687e-06
1.413550048828125 3.5479316051288724e-06
1.414550048828125 4.177064413075311e-06
1.415550048828125 3.879239808482177e-06
1.416550048828125 3.0475481719065188e-06
1.417550048828125 3.669773896261589e-06
1.418550048828125 3.680246887661252e-06
1.419550048828125 3.925505086259221e-06
1.420550048828125 3.4117415762913615e-06
1.421550048828125 3.088073252835541e-06
1.422550048828125 3.832622367654643e-06
1.423550048828125 3.643506095954024e-06
1.424550048828125 4.138273532504529e-06
1.425550048828125 2.756337148315788e-06
1.426550048828125 4.3654844007455145e-06
1.427550048828125 3.010021436566986e-06
1.428550048828125 3.7569164026660216e-06
1.429550048828125 3.5762375526274397e-06
1.430550048828125 3.806078801105046e-06
1.431550048828125 3.1357988073047194e-06
1.432550048828125 3.7640198650443683e-06
1.433550048828125 3.563261510393479e-06
1.434550048828125 2.828374989938035e-06
1.435550048828125 4.224752417208838e-06
1.436550048828125 3.2678679061620217e-06
1.437550048828125 3.92512964531706e-06
1.438550048828125 2.8173646419699652e-06
1.439550048828125 3.503267354558746e-06
1.440550048828125 3.5516584453314217e-06
1.441550048828125 4.167914171771949e-06
1.442550048828125 3.25241349731262e-06
1.443550048828125 3.47264041790991e-06
1.444550048828125 4.0055530454855685e-06
1.445550048828125 2.798152873270703e-06
1.446550048828125 4.055862085094032e-06
1.447550048828125 3.2893808953384977e-06
1.448550048828125 3.6196492297154474e-06
1.449550048828125 3.170291518461173e-06
1.450550048828125 2.7153891219266372e-06
1.451550048828125 3.579141061916038e-06
1.452550048828125 3.6750846513968774e-06
1.453550048828125 3.8143766860644234e-06
1.454550048828125 2.9160818455136522e-06
1.455550048828125 4.01978412810183e-06
1.456550048828125 4.3438216068855785e-06
1.457550048828125 3.6541983628183777e-06
1.458550048828125 3.6003826531754023e-06
1.459550048828125 3.731622438551714e-06
1.460550048828125 3.791796192546352e-06
1.461550048828125 4.1228636627637e-06
1.462550048828125 3.560236121277986e-06
1.463550048828125 3.2808530953901053e-06
1.464550048828125 4.788303466237256e-06
1.465550048828125 3.828380610540833e-06
1.466550048828125 3.258828732846832e-06
1.467550048828125 4.264639108138949e-06
1.468550048828125 3.98114987203798e-06
1.469550048828125 3.4782739778975637e-06
1.470550048828125 3.665594191068609e-06
1.471550048828125 4.180314551075153e-06
1.472550048828125 4.195076029158218e-06
1.473550048828125 3.8077970483858926e-06
1.474550048828125 4.039006198757428e-06
1.475550048828125 4.375908945327364e-06
1.476550048828125 3.4280372228778672e-06
1.477550048828125 4.283634136810391e-06
1.478550048828125 4.596318237958398e-06
1.479550048828125 3.5342239615598498e-06
1.480550048828125 5.192939477951037e-06
1.481550048828125 4.7268784713066005e-06
1.482550048828125 3.966204385379183e-06
1.483550048828125 4.731765641929302e-06
1.484550048828125 4.846031853781998e-06
1.485550048828125 3.477096748882177e-06
1.486550048828125 4.416449093042254e-06
1.487550048828125 5.436986844797855e-06
1.488550048828125 4.752946106442371e-06
1.489550048828125 5.400457413695859e-06
1.490550048828125 5.170256648961164e-06
1.491550048828125 4.940555194591111e-06
1.492550048828125 5.022793866753837e-06
1.493550048828125 4.346695779664196e-06
1.494550048828125 5.7381268562690255e-06
1.495550048828125 4.2728327133071845e-06
1.496550048828125 4.952460753182255e-06
1.497550048828125 3.799939134357013e-06
1.498550048828125 4.506378155132417e-06
1.499550048828125 4.063737841869187e-06
1.500550048828125 4.601388388918111e-06
1.501550048828125 3.8365495075351145e-06
1.502550048828125 4.32601046033522e-06
1.503550048828125 4.484056261483883e-06
1.504550048828125 4.436521626780756e-06
1.505550048828125 4.247190676711744e-06
1.506550048828125 3.92614123708522e-06
1.507550048828125 4.5671150336714935e-06
1.508550048828125 4.791156565341268e-06
1.509550048828125 4.70640962888471e-06
1.510550048828125 3.791180543318999e-06
1.511550048828125 4.535487706964028e-06
1.512550048828125 3.885487552070274e-06
1.513550048828125 4.265485001818008e-06
1.514550048828125 3.9355819073849915e-06
1.515550048828125 4.833826147713437e-06
1.516550048828125 4.288983966401844e-06
1.517550048828125 4.29062367434158e-06
1.518550048828125 4.523535675600005e-06
1.519550048828125 4.469117925453149e-06
1.520550048828125 3.952624608668585e-06
1.521550048828125 4.322410991596812e-06
1.522550048828125 4.785607725075673e-06
1.523550048828125 4.085064231162867e-06
1.524550048828125 4.1100084353866585e-06
1.525550048828125 4.57041919816627e-06
1.526550048828125 4.404662556393386e-06
1.527550048828125 3.928342283576075e-06
1.528550048828125 5.482159774909897e-06
1.529550048828125 4.425974162811973e-06
1.530550048828125 4.457105957485595e-06
1.531550048828125 4.049006658184045e-06
1.532550048828125 4.939974754773208e-06
1.533550048828125 4.405004406007613e-06
1.534550048828125 4.181391951154507e-06
1.535550048828125 4.191978048138288e-06
1.536550048828125 4.990621323928659e-06
1.537550048828125 4.864529281964827e-06
1.538550048828125 4.181337867362888e-06
1.539550048828125 4.2670513765747966e-06
1.540550048828125 4.241279544390288e-06
1.541550048828125 5.37839292969888e-06
1.542550048828125 3.7506226116925508e-06
1.543550048828125 4.379438910022022e-06
1.544550048828125 4.676476308536741e-06
1.545550048828125 4.1976879602088055e-06
1.546550048828125 4.972166338792803e-06
1.547550048828125 4.75181216143986e-06
1.548550048828125 5.90967222239233e-06
1.549550048828125 4.249496519133742e-06
1.550550048828125 3.4730434527692496e-06
1.551550048828125 4.972474913872509e-06
1.552550048828125 4.0799720932979e-06
1.553550048828125 4.0163580994249665e-06
1.554550048828125 4.129973257715103e-06
1.555550048828125 4.861091654840967e-06
1.556550048828125 4.264777015190004e-06
1.557550048828125 5.690918425130252e-06
1.558550048828125 4.8432149785513765e-06
1.559550048828125 4.417541608611933e-06
1.560550048828125 5.417195029597914e-06
1.561550048828125 4.84884843969303e-06
1.562550048828125 5.4472359337597665e-06
1.563550048828125 5.482242998481005e-06
1.564550048828125 5.2042353495332075e-06
1.565550048828125 5.478355928975706e-06
1.566550048828125 4.495775263286053e-06
1.567550048828125 5.1110625535785405e-06
1.568550048828125 4.654028156305478e-06
1.569550048828125 4.792238235047193e-06
1.570550048828125 4.891048403696617e-06
1.571550048828125 4.120891265390162e-06
1.572550048828125 5.936401149984914e-06
1.573550048828125 4.4881975982171424e-06
1.574550048828125 5.286544287987478e-06
1.575550048828125 4.848956167734327e-06
1.576550048828125 6.080879526247576e-06
1.577550048828125 4.5816721895965944e-06
1.578550048828125 5.3447368912018225e-06
1.579550048828125 6.057444829967662e-06
1.580550048828125 5.1188730835975336e-06
1.581550048828125 4.893101270350841e-06
1.582550048828125 5.798263206641586e-06
1.583550048828125 5.407063887162321e-06
1.584550048828125 5.144862505452639e-06
1.585550048828125 5.915658694188454e-06
1.586550048828125 5.478374562316651e-06
1.587550048828125 5.551113188270214e-06
1.588550048828125 4.444689059032474e-06
1.589550048828125 5.821025511476598e-06
1.590550048828125 5.968320356234337e-06
1.591550048828125 4.396214830740582e-06
1.592550048828125 4.87109242491908e-06
1.593550048828125 3.814854628982025e-06
1.594550048828125 4.84790653904443e-06
1.595550048828125 5.262016948493359e-06
1.596550048828125 5.174693171774358e-06
1.597550048828125 5.251007344780721e-06
1.598550048828125 5.496791534585114e-06
1.599550048828125 5.481813401797996e-06
1.600550048828125 5.495123144650063e-06
1.601550048828125 4.358162759159586e-06
1.602550048828125 5.509311809105675e-06
1.603550048828125 4.02338896533975e-06
1.604550048828125 6.026100027187911e-06
1.605550048828125 4.4346732269807245e-06
1.606550048828125 6.083022109574045e-06
1.607550048828125 4.917757350972282e-06
1.608550048828125 5.0794696593298376e-06
1.609550048828125 4.3811614792227055e-06
1.610550048828125 6.439577792718451e-06
1.611550048828125 6.897893475469969e-06
1.612550048828125 4.6466252991446445e-06
1.613550048828125 4.628684440157531e-06
1.614550048828125 6.005593819538125e-06
1.615550048828125 6.446215375071265e-06
1.616550048828125 4.911349355405265e-06
1.617550048828125 4.3558608337551085e-06
1.618550048828125 5.950714516060622e-06
1.619550048828125 6.530858582784664e-06
1.620550048828125 5.2023329233396046e-06
1.621550048828125 4.932156695517004e-06
1.622550048828125 5.657492377231132e-06
1.623550048828125 5.211284248596491e-06
1.624550048828125 5.355892732865598e-06
1.625550048828125 5.7654856684042255e-06
1.626550048828125 5.748608088470875e-06
1.627550048828125 5.9338514616044555e-06
1.628550048828125 4.677659560502469e-06
1.629550048828125 5.561408344406753e-06
1.630550048828125 5.416782128757649e-06
1.631550048828125 5.783841307595288e-06
1.632550048828125 6.075722199377411e-06
1.633550048828125 5.260751790827922e-06
1.634550048828125 6.3983048553578525e-06
1.635550048828125 5.338560273651907e-06
1.636550048828125 6.751719709348686e-06
1.637550048828125 5.544263151767817e-06
1.638550048828125 5.327994611405726e-06
1.639550048828125 4.588088617702497e-06
1.640550048828125 5.470078971622713e-06
1.641550048828125 5.453416344357411e-06
1.642550048828125 5.4254361317355165e-06
1.643550048828125 6.908059428777083e-06
1.644550048828125 5.270779210407306e-06
1.645550048828125 6.480438371298375e-06
1.646550048828125 6.465935566159992e-06
1.647550048828125 6.16741433339343e-06
1.648550048828125 6.461532260705989e-06
1.649550048828125 5.643153732124584e-06
1.650550048828125 7.365293855813781e-06
1.651550048828125 6.7411502445035385e-06
1.652550048828125 6.810276963415053e-06
1.653550048828125 5.464298066289626e-06
1.654550048828125 8.17589333426942e-06
1.655550048828125 6.695118157727872e-06
1.656550048828125 5.169134988421519e-06
1.657550048828125 5.368638627752396e-06
1.658550048828125 5.888483519566821e-06
1.659550048828125 5.9686507990804225e-06
1.660550048828125 6.710106454163907e-06
1.661550048828125 5.944198741692813e-06
1.662550048828125 5.715147317255012e-06
1.663550048828125 5.180983566064968e-06
1.664550048828125 7.048145819535282e-06
1.665550048828125 4.8537687875800155e-06
1.666550048828125 5.5956849891691645e-06
1.667550048828125 5.254260000439612e-06
1.668550048828125 5.348698021916796e-06
1.669550048828125 4.726885368026512e-06
1.670550048828125 5.098684062213938e-06
1.671550048828125 6.023451964809784e-06
1.672550048828125 7.204339947370464e-06
1.673550048828125 5.533379025673448e-06
1.674550048828125 5.751029280027685e-06
1.675550048828125 4.936315553286968e-06
1.676550048828125 6.6711977025201495e-06
1.677550048828125 6.21374996105285e-06
1.678550048828125 6.73714973791585e-06
1.679550048828125 7.747494415149665e-06
1.680550048828125 4.142105225833793e-06
1.681550048828125 5.543439061987206e-06
1.682550048828125 6.547300306962488e-06
1.683550048828125 6.36521911143251e-06
1.684550048828125 6.417005402989274e-06
1.685550048828125 5.0917523345602956e-06
1.686550048828125 6.817541513375667e-06
1.687550048828125 5.07839693154501e-06
1.688550048828125 4.967852464116505e-06
1.689550048828125 7.1580022146251235e-06
1.690550048828125 6.5273878581462286e-06
1.691550048828125 4.606080942930331e-06
1.692550048828125 7.0674867247603055e-06
1.693550048828125 4.915527338486444e-06
1.694550048828125 7.074030775672786e-06
1.695550048828125 6.4155330331913605e-06
1.696550048828125 6.9833848413165314e-06
1.697550048828125 5.900701634543111e-06
1.698550048828125 4.930555314901869e-06
1.699550048828125 7.160746228191523e-06
1.700550048828125 5.781989763395835e-06
1.701550048828125 5.83221893436816e-06
1.702550048828125 5.34216268059372e-06
1.703550048828125 6.284785440190091e-06
1.704550048828125 5.277894234494699e-06
1.705550048828125 6.371590266341434e-06
1.706550048828125 6.3494190176061465e-06
1.707550048828125 5.9150633527985974e-06
1.708550048828125 5.1293438991880865e-06
1.709550048828125 7.711880522938682e-06
1.710550048828125 6.342107916960153e-06
1.711550048828125 5.289190810083678e-06
1.712550048828125 6.34444044738244e-06
1.713550048828125 5.920651452951794e-06
1.714550048828125 6.602599883668649e-06
1.715550048828125 6.9604479359521915e-06
1.716550048828125 4.899150696681721e-06
1.717550048828125 5.956489966998577e-06
1.718550048828125 4.668720153957728e-06
1.719550048828125 5.38755580574718e-06
1.720550048828125 6.911046405263958e-06
1.721550048828125 6.37618461807253e-06
1.722550048828125 6.497223096863836e-06
1.723550048828125 6.865634945864349e-06
1.724550048828125 5.9454835710404e-06
1.725550048828125 7.180219351052873e-06
1.726550048828125 7.4314787645254674e-06
1.727550048828125 5.754371761516189e-06
1.728550048828125 8.730877252900689e-06
1.729550048828125 7.632905836316157e-06
1.730550048828125 6.126893946941772e-06
1.731550048828125 6.992328977592558e-06
1.732550048828125 7.420943503731213e-06
1.733550048828125 6.418450482872389e-06
1.734550048828125 7.663460068106263e-06
1.735550048828125 8.158127477502845e-06
1.736550048828125 7.4625439636372776e-06
1.737550048828125 8.51474081188713e-06
1.738550048828125 8.139702013250985e-06
1.739550048828125 6.817340101942671e-06
1.740550048828125 9.57782573873081e-06
1.741550048828125 7.604677662914021e-06
1.742550048828125 7.695671544368113e-06
1.743550048828125 6.627870555192521e-06
1.744550048828125 7.77268423962113e-06
1.745550048828125 8.083442335203881e-06
1.746550048828125 7.561649499664989e-06
1.747550048828125 7.826307654411332e-06
1.748550048828125 9.688141349527563e-06
1.749550048828125 7.735647127830602e-06
1.750550048828125 7.233925447763836e-06
1.751550048828125 6.997891965625747e-06
1.752550048828125 6.443066038092419e-06
1.753550048828125 8.725208469538927e-06
1.754550048828125 6.693783042786794e-06
1.755550048828125 9.050446846241107e-06
1.756550048828125 6.663300915193679e-06
1.757550048828125 8.825061509240986e-06
1.758550048828125 6.991626256014347e-06
1.759550048828125 9.175087739188935e-06
1.760550048828125 6.410119357087735e-06
1.761550048828125 6.787246651850785e-06
1.762550048828125 6.008652059385262e-06
1.763550048828125 7.968049297154225e-06
1.764550048828125 7.1490523960038095e-06
1.765550048828125 7.648385530659892e-06
1.766550048828125 7.79591886226278e-06
1.767550048828125 7.5344445771735855e-06
1.768550048828125 6.820607114165643e-06
1.769550048828125 6.357250345676912e-06
1.770550048828125 8.568871776558006e-06
1.771550048828125 7.077821724554952e-06
1.772550048828125 7.705473402300638e-06
1.773550048828125 7.759768129138395e-06
1.774550048828125 6.4873966556848915e-06
1.775550048828125 8.948789508054793e-06
1.776550048828125 7.69965430088766e-06
1.777550048828125 7.827972052859705e-06
1.778550048828125 9.56425127845522e-06
1.779550048828125 8.031659482909048e-06
1.780550048828125 7.861213852495646e-06
1.781550048828125 7.369152170953683e-06
1.782550048828125 9.332679774156288e-06
1.783550048828125 8.335325994437063e-06
1.784550048828125 7.112933636637702e-06
1.785550048828125 8.39408467193836e-06
1.786550048828125 8.786371689346948e-06
1.787550048828125 8.2857708860073e-06
1.788550048828125 7.142441513557468e-06
1.789550048828125 6.849982145514442e-06
1.790550048828125 7.2201658215361315e-06
1.791550048828125 8.722020702248105e-06
1.792550048828125 7.0824534058710665e-06
1.793550048828125 8.152499522883865e-06
1.794550048828125 6.573985209394199e-06
1.795550048828125 8.045933362858566e-06
1.796550048828125 8.736107767862973e-06
1.797550048828125 7.135287764328312e-06
1.798550048828125 8.587061211995719e-06
1.799550048828125 9.69895063139075e-06
1.800550048828125 6.462281069376855e-06
1.801550048828125 8.238146379319952e-06
1.802550048828125 8.172042000081182e-06
1.803550048828125 9.166068270327088e-06
1.804550048828125 7.429193363413818e-06
1.805550048828125 8.970002548654788e-06
1.806550048828125 8.197714959823573e-06
1.807550048828125 9.088333826602786e-06
1.808550048828125 9.435937134642489e-06
1.809550048828125 9.007262753836023e-06
1.810550048828125 1.1051620966769153e-05
1.811550048828125 8.779883098971621e-06
1.812550048828125 1.0167383456897107e-05
1.813550048828125 9.351443747986689e-06
1.814550048828125 1.1173061455864111e-05
1.815550048828125 1.0944787915803828e-05
1.816550048828125 8.918408626182452e-06
1.817550048828125 9.138676417164413e-06
1.818550048828125 9.834141121639108e-06
1.819550048828125 1.1176865186374977e-05
1.820550048828125 8.44591309022598e-06
1.821550048828125 9.607694196675673e-06
1.822550048828125 9.711178416831531e-06
1.823550048828125 1.3362837193717104e-05
1.824550048828125 8.585317920823658e-06
1.825550048828125 1.0913208219774048e-05
1.826550048828125 7.946342086222713e-06
1.827550048828125 1.0994792664099807e-05
1.828550048828125 1.0722628877204921e-05
1.829550048828125 8.640821211226232e-06
1.830550048828125 1.181583768984925e-05
1.831550048828125 1.1726230582202252e-05
1.832550048828125 1.3725511877427977e-05
1.833550048828125 9.916393891765209e-06
1.834550048828125 9.349963753966048e-06
1.835550048828125 1.2913946896493957e-05
1.836550048828125 1.1588065516383864e-05
1.837550048828125 1.0482108527089414e-05
1.838550048828125 9.771444020765072e-06
1.839550048828125 1.2419203303172082e-05
1.840550048828125 1.3020385844898442e-05
1.841550048828125 8.986739632558547e-06
1.842550048828125 9.244552488220233e-06
1.843550048828125 1.152305964598104e-05
1.844550048828125 1.1753701163213286e-05
1.845550048828125 1.2695592939424219e-05
1.846550048828125 1.323732313597453e-05
1.847550048828125 1.223899292329213e-05
1.848550048828125 1.0072336397564033e-05
1.849550048828125 1.4254389299389364e-05
1.850550048828125 8.96042811552286e-06
1.851550048828125 1.2114229437391567e-05
1.852550048828125 1.2303210864882498e-05
1.853550048828125 1.2257614279309566e-05
1.854550048828125 1.0537490922161808e-05
1.855550048828125 1.0783420801146542e-05
1.856550048828125 1.297503854051416e-05
1.857550048828125 1.018668442118252e-05
1.858550048828125 1.1607079709045842e-05
1.859550048828125 1.3214456677301326e-05
1.860550048828125 1.1043324690629522e-05
1.861550048828125 9.139288508576696e-06
1.862550048828125 1.3651795373798641e-05
1.863550048828125 1.2928063662122954e-05
1.864550048828125 1.0867395940970937e-05
1.865550048828125 9.417329105306265e-06
1.866550048828125 1.1672669903034403e-05
1.867550048828125 1.1805986095207727e-05
1.868550048828125 1.1782009058374595e-05
1.869550048828125 1.1278095277346864e-05
1.870550048828125 1.0063195185288798e-05
1.871550048828125 1.2284393744944462e-05
1.872550048828125 1.2755494650940873e-05
1.873550048828125 1.0822151729730048e-05
1.874550048828125 1.197679445443792e-05
1.875550048828125 1.4184718573101463e-05
1.876550048828125 1.4227417484499297e-05
1.877550048828125 1.036943976341502e-05
1.878550048828125 1.3813452904983241e-05
1.879550048828125 1.1627621267578158e-05
1.880550048828125 1.1409410045386125e-05
1.881550048828125 1.0418097006583817e-05
1.882550048828125 1.0371598247000491e-05
1.883550048828125 1.0558020325118177e-05
1.884550048828125 1.116833207491545e-05
1.885550048828125 1.2212726383000379e-05
1.886550048828125 1.1880936341186376e-05
1.887550048828125 1.1724581480056217e-05
1.888550048828125 1.1500708616614368e-05
1.889550048828125 1.2220478119934782e-05
1.890550048828125 1.36258346221857e-05
1.891550048828125 1.1774060506857274e-05
1.892550048828125 1.1973916873873564e-05
1.893550048828125 1.2873173095792715e-05
1.894550048828125 1.1627960870553373e-05
1.895550048828125 1.1820310582158248e-05
1.896550048828125 1.1206629557532805e-05
1.897550048828125 1.1287850142632455e-05
1.898550048828125 1.2526844992735368e-05
1.899550048828125 1.4352206670875774e-05
1.900550048828125 1.1473636482399148e-05
1.901550048828125 1.0047347516716857e-05
1.902550048828125 1.1301121005875573e-05
1.903550048828125 1.194653924358185e-05
1.904550048828125 1.161767302137249e-05
1.905550048828125 1.1155956508849994e-05
1.906550048828125 1.3054390178784726e-05
1.907550048828125 1.2010757626533098e-05
1.908550048828125 1.2261798334937276e-05
1.909550048828125 1.2792002949597869e-05
1.910550048828125 1.5125774537044024e-05
1.911550048828125 1.1937288612480848e-05
1.912550048828125 1.4193771026870262e-05
1.913550048828125 1.292936548237269e-05
1.914550048828125 1.3655835972285977e-05
1.915550048828125 1.359436763218745e-05
1.916550048828125 1.2136789424569866e-05
1.917550048828125 1.3806430363964695e-05
1.918550048828125 1.2365624519648855e-05
1.919550048828125 1.1999744441621678e-05
1.920550048828125 1.6274573304933834e-05
1.921550048828125 1.2764307944254759e-05
1.922550048828125 1.4870608314652257e-05
1.923550048828125 1.2475260727228446e-05
1.924550048828125 1.2321451015876833e-05
1.925550048828125 1.3100571408145043e-05
1.926550048828125 1.4952832724396062e-05
1.927550048828125 1.3367403601003629e-05
1.928550048828125 1.2223907275232317e-05
1.929550048828125 1.5911246290592485e-05
1.930550048828125 1.6311035626112188e-05
1.931550048828125 1.5055741890035025e-05
1.932550048828125 1.0200823874840006e-05
1.933550048828125 1.3962125064929078e-05
1.934550048828125 1.4213775767966568e-05
1.935550048828125 1.2365570046140284e-05
1.936550048828125 1.2051522797778857e-05
1.937550048828125 1.2516665634563747e-05
1.938550048828125 1.081854593316562e-05
1.939550048828125 1.5444462281050648e-05
1.940550048828125 1.2950905334404264e-05
1.941550048828125 1.3297828970124927e-05
1.942550048828125 1.1257847070382998e-05
1.943550048828125 1.2933447129314192e-05
1.944550048828125 1.4412334123120539e-05
1.945550048828125 1.0975398896873909e-05
1.946550048828125 1.074818923811369e-05
1.947550048828125 1.39738946693947e-05
1.948550048828125 1.2119367313979258e-05
1.949550048828125 1.3542771864843176e-05
1.950550048828125 1.3003849470891816e-05
1.951550048828125 1.1909417358959988e-05
1.952550048828125 1.3020052482729782e-05
1.953550048828125 1.156977864277315e-05
1.954550048828125 1.4357411768939446e-05
1.955550048828125 1.3859197692470996e-05
1.956550048828125 1.6365216465165467e-05
1.957550048828125 1.2926991328337333e-05
1.958550048828125 1.37235667262461e-05
1.959550048828125 1.2726938556628371e-05
1.960550048828125 1.375635578881901e-05
1.961550048828125 1.2151603978584854e-05
1.962550048828125 1.2175737401375026e-05
1.963550048828125 1.1505936509039677e-05
1.964550048828125 1.3386109906636764e-05
1.965550048828125 1.1033207678308086e-05
1.966550048828125 1.393088677728073e-05
1.967550048828125 1.2997029188647728e-05
1.968550048828125 1.120322628513249e-05
1.969550048828125 1.641276553567908e-05
1.970550048828125 1.1910162664023672e-05
1.971550048828125 1.4247273439383999e-05
1.972550048828125 1.3116010593838708e-05
1.973550048828125 1.4166751420354402e-05
1.974550048828125 1.0532372093903327e-05
1.975550048828125 1.2997487017023526e-05
1.976550048828125 1.2334324765505076e-05
1.977550048828125 1.4075883320492993e-05
1.978550048828125 1.0240938998350446e-05
1.979550048828125 1.4496849342052654e-05
1.980550048828125 1.613649193592152e-05
1.981550048828125 1.0005667413586e-05
1.982550048828125 1.2893912348382823e-05
1.983550048828125 1.1547517132671732e-05
1.984550048828125 1.4691833333622242e-05
1.985550048828125 9.642237615727387e-06
1.986550048828125 1.2588462617901088e-05
1.987550048828125 1.2860238056244804e-05
1.988550048828125 1.4455100167911949e-05
1.989550048828125 8.798668030549985e-06
1.990550048828125 1.202052464447945e-05
1.991550048828125 1.2421577098558052e-05
1.992550048828125 1.6404306077296965e-05
1.993550048828125 1.2009470865566064e-05
1.994550048828125 1.1885337840756776e-05
1.995550048828125 1.3801135056255325e-05
1.996550048828125 1.1022247579895826e-05
1.997550048828125 1.4314681261364796e-05
1.998550048828125 1.2304997108689142e-05
1.999550048828125 1.3975893095768347e-05
2.000550048828125 1.3846791495750288e-05
2.001550048828125 1.2126689970674513e-05
2.002550048828125 1.2201544197019693e-05
2.003550048828125 1.3638866436236233e-05
2.004550048828125 1.5941326120153884e-05
2.005550048828125 1.4253297029859005e-05
2.006550048828125 1.2259031191499737e-05
2.007550048828125 1.1638159262114158e-05
2.008550048828125 1.341239879314231e-05
2.009550048828125 1.5097995435280016e-05
2.010550048828125 1.5183979500328736e-05
2.011550048828125 1.2757712753784016e-05
2.012550048828125 1.2482879911208446e-05
2.013550048828125 1.4708653762292663e-05
2.014550048828125 1.1408906374261155e-05
2.015550048828125 1.4145026455384125e-05
2.016550048828125 1.463221956515625e-05
2.017550048828125 1.204423132751232e-05
2.018550048828125 1.6702293717235623e-05
2.019550048828125 1.1749798584576394e-05
2.020550048828125 1.9533775960130525e-05
2.021550048828125 8.686672746651147e-06
2.022550048828125 1.6093909038075195e-05
2.023550048828125 1.0466905676297273e-05
2.024550048828125 1.3759851806442476e-05
2.025550048828125 1.3121270392284558e-05
2.026550048828125 1.4866849403611639e-05
2.027550048828125 1.6285505382755018e-05
2.028550048828125 1.4376317676068955e-05
2.029550048828125 1.5100704620991912e-05
2.030550048828125 1.1787597631242302e-05
2.031550048828125 1.469301740682789e-05
2.032550048828125 1.3304059138724967e-05
2.033550048828125 1.5290303125007457e-05
2.034550048828125 1.1150106558346077e-05
2.035550048828125 1.4140471334144657e-05
2.036550048828125 1.164224208676377e-05
2.037550048828125 1.3156704765490713e-05
2.038550048828125 1.6483465238539972e-05
2.039550048828125 1.6351442598877887e-05
2.040550048828125 1.3717451760052824e-05
2.041550048828125 1.4021915338904655e-05
2.042550048828125 1.3564190170385984e-05
2.043550048828125 1.5109534717958094e-05
2.044550048828125 1.2821553738536644e-05
2.045550048828125 1.3578706302334484e-05
2.046550048828125 1.567374819793718e-05
2.047550048828125 1.5695578266654316e-05
2.048550048828125 1.7306909985594466e-05
2.049550048828125 1.4091399704310914e-05
2.050550048828125 1.6122731764063514e-05
2.051550048828125 1.4843408253482918e-05
2.052550048828125 1.4174776136888877e-05
2.053550048828125 1.7080377246087944e-05
2.054550048828125 1.97864585124301e-05
2.055550048828125 1.380671922212366e-05
2.056550048828125 1.188019951347248e-05
2.057550048828125 1.4118208939790155e-05
2.058550048828125 1.4165669857992033e-05
2.059550048828125 1.244392670229815e-05
2.060550048828125 1.3098877332132752e-05
2.061550048828125 1.4612930805552604e-05
2.062550048828125 1.4696701857682275e-05
2.063550048828125 1.8885791191715123e-05
2.064550048828125 1.5241915995457521e-05
2.065550048828125 1.2603439473733522e-05
2.066550048828125 1.7157695976455455e-05
2.067550048828125 1.8147753104136315e-05
2.068550048828125 1.4121190314851166e-05
2.069550048828125 1.7022208108433756e-05
2.070550048828125 1.5578515510893195e-05
2.071550048828125 1.6156919719795703e-05
2.072550048828125 1.3326578153948631e-05
2.073550048828125 1.3750109140841762e-05
2.074550048828125 1.571094628656923e-05
2.075550048828125 1.1537133579651555e-05
2.076550048828125 1.571415010414631e-05
2.077550048828125 1.3408508295765981e-05
2.078550048828125 2.093228941787791e-05
2.079550048828125 1.2200838920002748e-05
2.080550048828125 1.8662362701135543e-05
2.081550048828125 2.036812944915024e-05
2.082550048828125 1.3771104752753232e-05
2.083550048828125 1.3278078510718221e-05
2.084550048828125 1.550194175265865e-05
2.085550048828125 1.65860878094624e-05
2.086550048828125 1.3499366209298335e-05
2.087550048828125 1.2071019235803839e-05
2.088550048828125 1.8557021591362787e-05
2.089550048828125 1.2356429603904784e-05
2.090550048828125 1.410317847928754e-05
2.091550048828125 1.68512955998668e-05
2.092550048828125 1.8003243249998818e-05
2.093550048828125 1.643102336837251e-05
2.094550048828125 1.917928515949943e-05
2.095550048828125 1.5488538690945686e-05
2.096550048828125 2.2474723580897865e-05
2.097550048828125 1.4410888576484251e-05
2.098550048828125 1.4823228904838037e-05
2.099550048828125 2.0284360322356744e-05
2.100550048828125 1.6006202510456028e-05
2.101550048828125 1.731756898760753e-05
2.102550048828125 1.784678724445965e-05
2.103550048828125 2.010130631688261e-05
2.104550048828125 1.442675274250445e-05
2.105550048828125 1.811368373063343e-05
2.106550048828125 2.2835129073295286e-05
2.107550048828125 1.6363968978960403e-05
2.108550048828125 1.7543148593914938e-05
2.109550048828125 1.8341807698854867e-05
2.110550048828125 2.038398343154018e-05
2.111550048828125 1.5044928932655361e-05
2.112550048828125 1.8910170300248326e-05
2.113550048828125 1.509603812459795e-05
2.114550048828125 1.7708749338855547e-05
2.115550048828125 2.0036311212826935e-05
2.116550048828125 2.1077465825469542e-05
2.117550048828125 1.6100946705856885e-05
2.118550048828125 1.7096835639245507e-05
2.119550048828125 1.728149356324792e-05
2.120550048828125 1.6492571591333222e-05
2.121550048828125 1.6798527126799676e-05
2.122550048828125 2.3297369395623506e-05
2.123550048828125 2.1701028333315065e-05
2.124550048828125 2.1144663097733653e-05
2.125550048828125 1.9682008653816977e-05
2.126550048828125 1.8227457746605675e-05
2.127550048828125 1.7290717480857863e-05
2.128550048828125 1.5193508373991187e-05
2.129550048828125 2.0547540010674457e-05
2.130550048828125 1.4914559888890346e-05
2.131550048828125 1.5855486746441103e-05
2.132550048828125 1.8848854768254972e-05
2.133550048828125 1.7895350286502794e-05
2.134550048828125 1.8667566668022428e-05
2.135550048828125 2.2564302369499454e-05
2.136550048828125 2.2046783352238025e-05
2.137550048828125 2.2854177250296338e-05
2.138550048828125 2.1862966822643343e-05
2.139550048828125 1.434031921134531e-05
2.140550048828125 2.1927248174651608e-05
2.141550048828125 1.7842051727704998e-05
2.142550048828125 2.273539286571524e-05
2.143550048828125 1.8089932593784664e-05
2.144550048828125 1.7101554994060608e-05
2.145550048828125 1.8975051503024973e-05
2.146550048828125 2.3772603587730634e-05
2.147550048828125 1.568600623048565e-05
2.148550048828125 1.848118213199583e-05
2.149550048828125 2.155283496354403e-05
2.150550048828125 1.7214092648800014e-05
2.151550048828125 1.9445501294262076e-05
2.152550048828125 2.4038249686493055e-05
2.153550048828125 1.7689392545846624e-05
2.154550048828125 2.468063403028359e-05
2.155550048828125 2.168510026119131e-05
2.156550048828125 1.9581116360481266e-05
2.157550048828125 1.986556442670139e-05
2.158550048828125 2.0852593740999288e-05
2.159550048828125 1.9097188949676892e-05
2.160550048828125 1.851669901391192e-05
2.161550048828125 2.2401356066625028e-05
2.162550048828125 1.8082568391476478e-05
2.163550048828125 2.0857217888832496e-05
2.164550048828125 1.6184460255736057e-05
2.165550048828125 2.470697602928054e-05
2.166550048828125 2.1810168566684905e-05
2.167550048828125 1.9575160227969078e-05
2.168550048828125 2.1274731750890892e-05
2.169550048828125 1.8608475056235966e-05
2.170550048828125 2.0249200701629505e-05
2.171550048828125 2.809383062069533e-05
2.172550048828125 1.4378359908175111e-05
2.173550048828125 2.3163394720189587e-05
2.174550048828125 2.186798165052411e-05
2.175550048828125 1.827116206852027e-05
2.176550048828125 1.553127169531012e-05
2.177550048828125 2.101195881714891e-05
2.178550048828125 2.034901995995691e-05
2.179550048828125 2.194062493953794e-05
2.180550048828125 1.909877637048716e-05
2.181550048828125 2.010437300125994e-05
2.182550048828125 1.7743738550274488e-05
2.183550048828125 1.956924229321774e-05
2.184550048828125 2.2847378745368445e-05
2.185550048828125 2.37855643023498e-05
2.186550048828125 1.400723788031504e-05
2.187550048828125 1.676491725770033e-05
2.188550048828125 2.1577649230321095e-05
2.189550048828125 2.2534491197410073e-05
2.190550048828125 1.73314099112776e-05
2.191550048828125 1.976353520141054e-05
2.192550048828125 2.218254522350652e-05
2.193550048828125 2.3117799063253552e-05
2.194550048828125 1.9078626268192435e-05
2.195550048828125 1.6823301711885488e-05
2.196550048828125 1.9460343224770494e-05
2.197550048828125 1.849830708473488e-05
2.198550048828125 2.1248395218718443e-05
2.199550048828125 1.9021441826854318e-05
2.200550048828125 2.9791021618996384e-05
2.201550048828125 2.250450329606055e-05
2.202550048828125 3.247113246739914e-05
2.203550048828125 1.737045094046797e-05
2.204550048828125 2.486617285572381e-05
2.205550048828125 2.8048394648775722e-05
2.206550048828125 2.4668660628170923e-05
2.207550048828125 2.5581226276133384e-05
2.208550048828125 2.8051083260689555e-05
2.209550048828125 1.905201677830015e-05
2.210550048828125 2.552767257176278e-05
2.211550048828125 3.2413433485898994e-05
2.212550048828125 2.8691501415142724e-05
2.213550048828125 2.7104222694757542e-05
2.214550048828125 2.8430709491707667e-05
2.215550048828125 2.569925108225194e-05
2.216550048828125 2.7329171062431092e-05
2.217550048828125 2.1081486148345633e-05
2.218550048828125 3.123076468885738e-05
2.219550048828125 2.8094001983671778e-05
2.220550048828125 2.2218765794746812e-05
2.221550048828125 2.663093959327219e-05
2.222550048828125 2.6771124032655218e-05
2.223550048828125 3.3286072310123146e-05
2.224550048828125 2.4356282459133027e-05
2.225550048828125 3.013061080353828e-05
2.226550048828125 2.5445735739633715e-05
2.227550048828125 2.7612363102310195e-05
2.228550048828125 2.4680622578226065e-05
2.229550048828125 2.399155006115185e-05
2.230550048828125 3.5355559591538325e-05
2.231550048828125 2.932092464395097e-05
2.232550048828125 2.6402973282385132e-05
2.233550048828125 3.20268646106791e-05
2.234550048828125 2.283342390779515e-05
2.235550048828125 3.2309865158985555e-05
2.236550048828125 3.735823023098132e-05
2.237550048828125 2.79489420196852e-05
2.238550048828125 2.899385441138073e-05
2.239550048828125 3.957602903662648e-05
2.240550048828125 2.9873724597162006e-05
2.241550048828125 3.227714765494423e-05
2.242550048828125 3.831753936340642e-05
2.243550048828125 3.293663857306807e-05
2.244550048828125 3.794531935224283e-05
2.245550048828125 4.080282562471597e-05
2.246550048828125 3.407139451886622e-05
2.247550048828125 3.080184495596996e-05
2.248550048828125 3.7779215622976876e-05
2.249550048828125 3.0429444300953406e-05
2.250550048828125 3.919196708577639e-05
2.251550048828125 3.106143694325123e-05
2.252550048828125 3.352368597957961e-05
2.253550048828125 4.015852549463963e-05
2.254550048828125 3.05764033702873e-05
2.255550048828125 3.953491640979319e-05
2.256550048828125 4.5216626219727395e-05
2.257550048828125 4.6355615368542594e-05
2.258550048828125 2.8801717010839195e-05
2.259550048828125 3.379160549561873e-05
2.260550048828125 4.041795927806656e-05
2.261550048828125 4.140876636982615e-05
2.262550048828125 2.8825705095981116e-05
2.263550048828125 3.6908447832566156e-05
2.264550048828125 4.004679814938864e-05
2.265550048828125 3.472550712457082e-05
2.266550048828125 3.604049594368548e-05
2.267550048828125 3.9359127762635494e-05
2.268550048828125 3.4673630405529615e-05
2.269550048828125 3.06977689544583e-05
2.270550048828125 2.775305385397372e-05
2.271550048828125 3.890347496496599e-05
2.272550048828125 4.046603671608934e-05
2.273550048828125 2.928315912903626e-05
2.274550048828125 3.3377029604911854e-05
2.275550048828125 2.958914185848351e-05
2.276550048828125 2.650440269064543e-05
2.277550048828125 3.888837168302207e-05
2.278550048828125 2.4044184656751375e-05
2.279550048828125 2.9098634358997407e-05
2.280550048828125 2.728724899400129e-05
2.281550048828125 2.7444882436266792e-05
2.282550048828125 2.430759776658419e-05
2.283550048828125 2.629649439126923e-05
2.284550048828125 2.0935462549711358e-05
2.285550048828125 2.3153631506464987e-05
2.286550048828125 1.8826462435359393e-05
2.287550048828125 2.59808851750522e-05
2.288550048828125 2.4727467420639197e-05
2.289550048828125 2.0908322727701473e-05
2.290550048828125 2.0677024084325855e-05
2.291550048828125 1.8706403339664917e-05
2.292550048828125 2.1094449209411078e-05
2.293550048828125 2.167849287312388e-05
2.294550048828125 1.9227732703999e-05
2.295550048828125 1.8692798952520102e-05
2.296550048828125 1.9976270608650698e-05
2.297550048828125 1.6987246106869156e-05
2.298550048828125 1.7971991511204298e-05
2.299550048828125 1.6178781302771456e-05
2.300550048828125 1.880989780231345e-05
2.301550048828125 1.5100150527135062e-05
2.302550048828125 1.638409163044959e-05
2.303550048828125 1.6014062592296075e-05
2.304550048828125 1.5687051465196123e-05
2.305550048828125 1.2444476118923487e-05
2.306550048828125 1.616267649645364e-05
2.307550048828125 1.4850636142658632e-05
2.308550048828125 1.4903849207134303e-05
2.309550048828125 1.3644115185585921e-05
2.310550048828125 1.5078810305302593e-05
2.311550048828125 1.3511104534727832e-05
2.312550048828125 9.57248637722844e-06
2.313550048828125 1.3027724027751376e-05
2.314550048828125 1.3596000012873242e-05
2.315550048828125 1.0395919350103459e-05
2.316550048828125 1.0868302694408772e-05
2.317550048828125 1.2750966047504644e-05
2.318550048828125 1.0518617520457363e-05
2.319550048828125 1.0603384798362075e-05
2.320550048828125 1.066105890096871e-05
2.321550048828125 1.3093193979593921e-05
2.322550048828125 8.700327196538657e-06
2.323550048828125 9.898783623080092e-06
2.324550048828125 9.93390522739616e-06
2.325550048828125 9.689666795222852e-06
2.326550048828125 8.844099355114216e-06
2.327550048828125 7.890770907512947e-06
2.328550048828125 8.160144296878157e-06
2.329550048828125 7.891028263590739e-06
2.330550048828125 8.86488082908272e-06
2.331550048828125 7.143662229093767e-06
2.332550048828125 7.325055079840532e-06
2.333550048828125 6.714182049430828e-06
2.334550048828125 6.389020381164308e-06
2.335550048828125 5.647293102747938e-06
2.336550048828125 6.703580202872231e-06
2.337550048828125 6.255124468823015e-06
2.338550048828125 5.797935064847484e-06
2.339550048828125 4.62833466359586e-06
2.340550048828125 4.966401741012322e-06
2.341550048828125 5.609974133080764e-06
2.342550048828125 5.057099121053112e-06
2.343550048828125 4.309611164768676e-06
2.344550048828125 5.456591314419711e-06
2.345550048828125 5.377138888283189e-06
2.346550048828125 5.2361174636773274e-06
2.347550048828125 5.135148811701499e-06
2.348550048828125 6.077660465481008e-06
2.349550048828125 4.84518293974465e-06
2.350550048828125 4.150513208995195e-06
2.351550048828125 5.995479013586552e-06
2.352550048828125 5.5386939586055425e-06
2.353550048828125 6.167121704677621e-06
2.354550048828125 4.254467355228768e-06
2.355550048828125 5.256847407386035e-06
2.356550048828125 4.891468492252992e-06
2.357550048828125 4.744965233643848e-06
2.358550048828125 5.441069654213328e-06
2.359550048828125 5.094167104810475e-06
2.360550048828125 4.61791693492856e-06
2.361550048828125 4.672399844402192e-06
2.362550048828125 4.255683293180234e-06
2.363550048828125 4.219318706600851e-06
2.364550048828125 4.0384390123599e-06
2.365550048828125 3.439915031654369e-06
2.366550048828125 3.2741881706202865e-06
2.367550048828125 3.120350421114552e-06
2.368550048828125 2.975304683052789e-06
2.369550048828125 2.669182619381981e-06
2.370550048828125 2.326962183570333e-06
2.371550048828125 2.0282998695990433e-06
2.372550048828125 1.8491686899343415e-06
2.373550048828125 1.5608693007299503e-06
2.374550048828125 1.3068027800877779e-06
2.375550048828125 1.6304795742078285e-06
2.376550048828125 1.542477618466657e-06
2.377550048828125 1.4871104340614752e-06
2.378550048828125 1.4903285836240564e-06
2.379550048828125 1.5232890247027164e-06
2.380550048828125 1.5443417865998517e-06
2.381550048828125 1.390024767479715e-06
2.382550048828125 1.35488188178007e-06
2.383550048828125 1.251260424716288e-06
2.384550048828125 1.2241782637966085e-06
2.385550048828125 1.1822160941329554e-06
2.386550048828125 1.1264162675978083e-06
2.387550048828125 1.1261272412052765e-06
2.388550048828125 1.075972563613421e-06
2.389550048828125 1.0133273256818546e-06
2.390550048828125 9.855095943091916e-07
2.391550048828125 9.391736979770004e-07
2.392550048828125 9.328442179907875e-07
2.393550048828125 8.794372728732254e-07
2.394550048828125 8.565507159945737e-07
2.395550048828125 7.623118956134475e-07
2.396550048828125 7.364285248993805e-07
2.397550048828125 7.452594995047751e-07
2.398550048828125 6.973941208318689e-07
2.399550048828125 6.277468123575576e-07
2.400550048828125 6.24464157262335e-07
2.401550048828125 5.62138913520117e-07
2.402550048828125 5.492003598452441e-07
2.403550048828125 4.914869576168853e-07
2.404550048828125 4.53866116191721e-07
2.405550048828125 4.310821860988087e-07
2.406550048828125 4.0939179342670654e-07
2.407550048828125 3.497252768108821e-07
2.408550048828125 3.367181618092844e-07
2.409550048828125 3.0799542708061063e-07
2.410550048828125 2.730752197493589e-07
2.411550048828125 2.5323873797580994e-07
2.412550048828125 2.2868106960599074e-07
2.413550048828125 1.99689431563399e-07
2.414550048828125 1.8181660253118186e-07
2.415550048828125 1.6354486535671206e-07
2.416550048828125 1.4639656609546932e-07
2.417550048828125 1.314362427464489e-07
2.418550048828125 1.200034964273379e-07
2.419550048828125 1.0711777272204474e-07
2.420550048828125 9.5314983360054e-08
2.421550048828125 8.63616569421204e-08
2.422550048828125 7.726750887114005e-08
2.423550048828125 6.935229751294166e-08
2.424550048828125 6.230381382933228e-08
2.425550048828125 5.648168726413375e-08
2.426550048828125 5.179051223965696e-08
2.427550048828125 4.742608871632218e-08
2.428550048828125 4.324139928541371e-08
2.429550048828125 3.811583259662203e-08
2.430550048828125 3.675421446134538e-08
2.431550048828125 3.2658752192097036e-08
2.432550048828125 2.9908179411176116e-08
2.433550048828125 2.7941085363064956e-08
2.434550048828125 2.540393817303854e-08
2.435550048828125 2.3474499378607395e-08
2.436550048828125 2.114932988035181e-08
2.437550048828125 1.986606257763186e-08
2.438550048828125 1.8099457174262314e-08
2.439550048828125 1.638062429287836e-08
2.440550048828125 1.523543778103986e-08
2.441550048828125 1.3687204307400448e-08
2.442550048828125 1.2717095267608914e-08
2.443550048828125 1.1198326901869561e-08
2.444550048828125 1.046403007442417e-08
2.445550048828125 9.259097702730755e-09
2.446550048828125 8.488641243927766e-09
2.447550048828125 7.710716190562945e-09
2.448550048828125 6.767895871650817e-09
2.449550048828125 6.160873995280456e-09
2.450550048828125 5.766798570186665e-09
2.451550048828125 5.432992518651509e-09
2.452550048828125 4.966112584948508e-09
2.453550048828125 4.479194891300953e-09
2.454550048828125 4.099846603755424e-09
2.455550048828125 3.869330649085468e-09
2.456550048828125 3.4373101897744645e-09
2.457550048828125 3.228290790328763e-09
2.458550048828125 3.008609767666521e-09
2.459550048828125 2.7153126468786396e-09
2.460550048828125 2.5474023972144755e-09
2.461550048828125 2.3289813005882755e-09
2.462550048828125 2.159457747995572e-09
2.463550048828125 1.9860711254212383e-09
2.464550048828125 1.8457650114773175e-09
2.465550048828125 1.7450946522782182e-09
2.466550048828125 1.6093379954510477e-09
2.467550048828125 1.5095583118300358e-09
2.468550048828125 1.4121951594025087e-09
2.469550048828125 1.2956816388210733e-09
2.470550048828125 1.2064843183276434e-09
2.471550048828125 1.1492268522325011e-09
2.472550048828125 1.0635818941260612e-09
2.473550048828125 1.0002166168373294e-09
2.474550048828125 9.45237508996441e-10
2.475550048828125 8.804472568236963e-10
2.476550048828125 8.425601507342581e-10
2.477550048828125 7.949231587829963e-10
2.478550048828125 7.552306366171008e-10
2.479550048828125 7.175378609232936e-10
2.480550048828125 6.827106495512095e-10
2.481550048828125 6.573443532886925e-10
2.482550048828125 6.236926943097968e-10
2.483550048828125 5.899730666470418e-10
2.484550048828125 5.687309884697772e-10
2.485550048828125 5.540788077988983e-10
2.486550048828125 5.28128623475504e-10
2.487550048828125 5.073021502725014e-10
2.488550048828125 4.945237291938803e-10
2.489550048828125 4.824768643702734e-10
2.490550048828125 4.642027103602708e-10
2.491550048828125 4.476699711951074e-10
2.492550048828125 4.360533480753924e-10
2.493550048828125 4.225911270408284e-10
2.494550048828125 4.0569294291310935e-10
2.495550048828125 3.9663455014607287e-10
2.496550048828125 3.837725433213955e-10
2.497550048828125 3.729210766011698e-10
2.498550048828125 3.6260078577978663e-10
2.499550048828125 3.532027265086838e-10
2.500550048828125 3.4569097163795027e-10
2.501550048828125 3.336608965394613e-10
2.502550048828125 3.2682684475558633e-10
2.503550048828125 3.1842275485406145e-10
2.504550048828125 3.108272868235441e-10
2.505550048828125 3.0294188997903535e-10
2.506550048828125 2.9365678150555833e-10
2.507550048828125 2.8734472659308226e-10
2.508550048828125 2.795983611939104e-10
2.509550048828125 2.716715413767601e-10
2.510550048828125 2.637512452901414e-10
2.511550048828125 2.5619188808825063e-10
2.512550048828125 2.493958089592795e-10
2.513550048828125 2.402549724806763e-10
2.514550048828125 2.3225045135709571e-10
2.515550048828125 2.2417395406842418e-10
2.516550048828125 2.1611181499624704e-10
2.517550048828125 2.0852493583895996e-10
2.518550048828125 2.0047252253597775e-10
2.519550048828125 1.921303415602778e-10
2.520550048828125 1.8405958037951114e-10
2.521550048828125 1.767253572558195e-10
2.522550048828125 1.6920692163315284e-10
2.523550048828125 1.6073389031620699e-10
2.524550048828125 1.5322648739282574e-10
2.525550048828125 1.459724889160573e-10
2.526550048828125 1.3881860760403202e-10
2.527550048828125 1.3168899568620353e-10
2.528550048828125 1.2469562982432161e-10
2.529550048828125 1.1815439527237593e-10
2.530550048828125 1.1161734486202093e-10
2.531550048828125 1.0634852456270504e-10
2.532550048828125 1.0052578435870523e-10
2.533550048828125 9.509869955541129e-11
2.534550048828125 9.023753112005747e-11
2.535550048828125 8.56594789424933e-11
2.536550048828125 8.151326885306027e-11
2.537550048828125 7.76209077042553e-11
2.538550048828125 7.414093252392035e-11
2.539550048828125 7.115440732456631e-11
2.540550048828125 6.76330881448476e-11
2.541550048828125 6.474378951186295e-11
2.542550048828125 6.1060639110415e-11
2.543550048828125 5.838798256169815e-11
2.544550048828125 5.568555039795841e-11
2.545550048828125 5.3341066259548824e-11
2.546550048828125 5.1077892742223235e-11
2.547550048828125 4.9360060759454044e-11
2.548550048828125 4.776039482100672e-11
2.549550048828125 4.552751823285295e-11
2.550550048828125 4.4046710330489215e-11
2.551550048828125 4.279300019227661e-11
2.552550048828125 4.13897872369455e-11
2.553550048828125 4.015306331588392e-11
2.554550048828125 3.906542502828758e-11
2.555550048828125 3.7620802556156325e-11
2.556550048828125 3.651198762692727e-11
2.557550048828125 3.534624807240271e-11
2.558550048828125 3.436273478750934e-11
2.559550048828125 3.337621057884924e-11
2.560550048828125 3.255229542969238e-11
2.561550048828125 3.097633113522664e-11
2.562550048828125 2.9898905377754783e-11
2.563550048828125 2.8423971479400187e-11
2.564550048828125 2.7352025299186805e-11
2.565550048828125 2.588539049254134e-11
2.566550048828125 2.4657347322621308e-11
2.567550048828125 2.3253545444454116e-11
2.568550048828125 2.168239145018396e-11
2.569550048828125 2.037368951012758e-11
2.570550048828125 1.875103824460727e-11
2.571550048828125 1.7466510504864227e-11
2.572550048828125 1.610494981638276e-11
2.573550048828125 1.470867920979913e-11
2.574550048828125 1.3433777616926327e-11
2.575550048828125 1.2166389265243352e-11
2.576550048828125 1.1002795782253235e-11
2.577550048828125 9.861693926456379e-12
2.578550048828125 8.806297792272091e-12
2.579550048828125 7.807616855347011e-12
2.580550048828125 6.998046264238672e-12
2.581550048828125 6.142866919030797e-12
2.582550048828125 5.402726480547504e-12
2.583550048828125 4.721872284070865e-12
2.584550048828125 4.137396380527414e-12
2.585550048828125 3.583390308992478e-12
2.586550048828125 3.0926714955213316e-12
2.587550048828125 2.697070150825375e-12
2.588550048828125 2.320759334714606e-12
2.589550048828125 2.016216845209345e-12
2.590550048828125 1.732680723538715e-12
2.591550048828125 1.4816689206006975e-12
2.592550048828125 1.2822551475877267e-12
2.593550048828125 1.1019137377818818e-12
2.594550048828125 9.407682199685485e-13
2.595550048828125 8.150488884975902e-13
2.596550048828125 6.995123231195122e-13
2.597550048828125 6.057924980002467e-13
2.598550048828125 5.29262449618191e-13
