microns throughput
0.5502000122070313 4.263059726353874e-10
0.5512000122070313 2.891132811480117e-10
0.5522000122070313 4.4205211938415806e-10
0.5532000122070313 6.291159557732231e-10
0.5542000122070313 6.791275087200021e-10
0.5552000122070313 5.575702220569172e-10
0.5562000122070313 5.271518101881557e-10
0.5572000122070313 5.925066061849124e-10
0.5582000122070313 3.4520990416512245e-10
0.5592000122070313 1.7375639308420234e-10
0.5602000122070312 2.333864438795359e-10
0.5612000122070312 2.3553868369493557e-10
0.5622000122070312 3.2795182674784205e-10
0.5632000122070312 2.7444495090678425e-10
0.5642000122070312 5.041299430134588e-10
0.5652000122070312 8.58587480728633e-10
0.5662000122070312 1.069939912871279e-09
0.5672000122070312 1.6983581252089489e-09
0.5682000122070312 1.8600622133660967e-09
0.5692000122070312 2.513255848983951e-09
0.5702000122070312 1.7697649411343866e-09
0.5712000122070312 1.576004782150231e-09
0.5722000122070312 9.845885826926568e-10
0.5732000122070312 1.867783891987182e-09
0.5742000122070312 2.1277482651824366e-09
0.5752000122070312 1.760014596773926e-09
0.5762000122070312 2.6767264445476355e-09
0.5772000122070312 2.226157291107937e-09
0.5782000122070312 2.8635749029788513e-09
0.5792000122070312 1.5796586956810054e-09
0.5802000122070312 2.2951830841345175e-09
0.5812000122070312 1.786330446391047e-09
0.5822000122070312 2.574152797507245e-09
0.5832000122070312 2.678968451141368e-09
0.5842000122070312 3.3149313186089166e-09
0.5852000122070312 4.714588851804493e-09
0.5862000122070312 6.073405044403716e-09
0.5872000122070312 7.490750916623024e-09
0.5882000122070312 5.9553576200408385e-09
0.5892000122070312 6.216940672655134e-09
0.5902000122070312 7.731740193743281e-09
0.5912000122070312 9.119481671311762e-09
0.5922000122070312 9.334468872270408e-09
0.5932000122070312 8.605319001670115e-09
0.5942000122070312 1.1229987677855597e-08
0.5952000122070312 1.2443203554973929e-08
0.5962000122070312 1.2463905668339189e-08
0.5972000122070312 1.0961056589556371e-08
0.5982000122070312 1.244245112095309e-08
0.5992000122070312 1.535786371223475e-08
0.6002000122070312 1.88277821062621e-08
0.6012000122070312 3.15716061084466e-08
0.6022000122070312 5.62892280875802e-08
0.6032000122070312 9.129602284692694e-08
0.6042000122070312 1.2155318787136664e-07
0.6052000122070312 1.4553517479700293e-07
0.6062000122070312 1.6142417258809092e-07
0.6072000122070312 1.714276261205133e-07
0.6082000122070312 1.7290369665800577e-07
0.6092000122070312 1.7065495809068652e-07
0.6102000122070312 1.803024138880443e-07
0.6112000122070312 2.1552050678186048e-07
0.6122000122070312 2.8033318937155915e-07
0.6132000122070312 3.696948750717555e-07
0.6142000122070312 4.7062745360222354e-07
0.6152000122070312 5.517291638946808e-07
0.6162000122070312 5.880345761597512e-07
0.6172000122070312 5.851626395126846e-07
0.6182000122070312 6.001478894270884e-07
0.6192000122070312 6.995975732506142e-07
0.6202000122070312 9.332017472433511e-07
0.6212000122070312 1.280703952483308e-06
0.6222000122070312 1.660122221463673e-06
0.6232000122070313 1.941755315871215e-06
0.6242000122070313 2.031856452266888e-06
0.6252000122070313 1.90457497883183e-06
0.6262000122070313 1.6012537273954638e-06
0.6272000122070313 1.2339361250484768e-06
0.6282000122070313 8.988178539935845e-07
0.6292000122070313 6.691671110861722e-07
0.6302000122070313 5.347509882634836e-07
0.6312000122070313 4.5624970515428055e-07
0.6322000122070313 4.0217575761110704e-07
0.6332000122070313 3.6376662589724164e-07
0.6342000122070313 3.4466431216970113e-07
0.6352000122070313 3.4130323296092943e-07
0.6362000122070313 3.4415344371289206e-07
0.6372000122070313 3.420227876172497e-07
0.6382000122070313 3.182428639102661e-07
0.6392000122070313 2.800952043433322e-07
0.6402000122070313 2.3254984304076594e-07
0.6412000122070313 1.8904911550402805e-07
0.6422000122070313 1.5262292388511106e-07
0.6432000122070313 1.2557421763464058e-07
0.6442000122070313 1.0799077069273783e-07
0.6452000122070313 9.508100775217169e-08
0.6462000122070313 9.336968972090907e-08
0.6472000122070313 9.53736588066937e-08
0.6482000122070313 9.648393470510602e-08
0.6492000122070313 9.41687068100968e-08
0.6502000122070313 9.268726051937866e-08
0.6512000122070313 1.0018541694833522e-07
0.6522000122070313 9.687326577450903e-08
0.6532000122070313 9.415111286484994e-08
0.6542000122070313 9.197726068295726e-08
0.6552000122070313 9.775972612207657e-08
0.6562000122070313 1.0938651024192016e-07
0.6572000122070313 1.1184635188269601e-07
0.6582000122070313 1.0474591032016773e-07
0.6592000122070313 9.649626896123685e-08
0.6602000122070313 9.620309566855684e-08
0.6612000122070313 1.0357599631674282e-07
0.6622000122070313 1.1306511439550956e-07
0.6632000122070313 1.1566918012566284e-07
0.6642000122070313 1.2235365427163171e-07
0.6652000122070313 1.240798260456252e-07
0.6662000122070313 1.2641635000467926e-07
0.6672000122070313 1.3661281547848235e-07
0.6682000122070313 1.5058857326646347e-07
0.6692000122070313 1.6176907853418076e-07
0.6702000122070313 1.5818852824468002e-07
0.6712000122070313 1.5376917005890234e-07
0.6722000122070313 1.5413473670435318e-07
0.6732000122070313 1.555896568447629e-07
0.6742000122070313 1.566404059929178e-07
0.6752000122070313 1.6066617455088245e-07
0.6762000122070313 1.6993309105133798e-07
0.6772000122070313 1.7046975971194807e-07
0.6782000122070313 1.6650499495076e-07
0.6792000122070313 1.6511858207923377e-07
0.6802000122070313 1.6524915019614728e-07
0.6812000122070313 1.5660880030206625e-07
0.6822000122070313 1.535358607198059e-07
0.6832000122070313 1.4049114320868965e-07
0.6842000122070313 1.3620819812505415e-07
0.6852000122070312 1.2705078240557626e-07
0.6862000122070312 1.2951272018996248e-07
0.6872000122070312 1.387391698303556e-07
0.6882000122070312 1.5583640962393002e-07
0.6892000122070312 1.7477659147157202e-07
0.6902000122070312 1.753290271467484e-07
0.6912000122070312 1.736291193070822e-07
0.6922000122070312 1.6118871779490769e-07
0.6932000122070312 1.6731446655104457e-07
0.6942000122070312 1.6887278450689116e-07
0.6952000122070312 1.6864145067099512e-07
0.6962000122070312 1.601872331460977e-07
0.6972000122070312 1.4461679576619316e-07
0.6982000122070312 1.3803639470467575e-07
0.6992000122070312 1.343819137390801e-07
0.7002000122070312 1.3123453520189044e-07
0.7012000122070312 1.4131016345755904e-07
0.7022000122070312 1.4409968401989918e-07
0.7032000122070312 1.5239565562518525e-07
0.7042000122070312 1.4848417023372728e-07
0.7052000122070312 1.55415146030719e-07
0.7062000122070312 1.5217571375701687e-07
0.7072000122070312 1.4816960495199754e-07
0.7082000122070312 1.4622332922862978e-07
0.7092000122070312 1.627123774410019e-07
0.7102000122070312 1.7802226743538025e-07
0.7112000122070312 1.683466303559247e-07
0.7122000122070312 1.5555503242037772e-07
0.7132000122070312 1.379042009764226e-07
0.7142000122070312 1.3686106671934964e-07
0.7152000122070312 1.1453529418359219e-07
0.7162000122070312 9.86190787609372e-08
0.7172000122070312 1.0048554015378202e-07
0.7182000122070312 1.0221810789481434e-07
0.7192000122070312 1.1529427280708164e-07
0.7202000122070312 1.1936756320390885e-07
0.7212000122070312 1.5033375638573845e-07
0.7222000122070312 1.4988714439392479e-07
0.7232000122070312 1.4751825903909425e-07
0.7242000122070312 1.151398694082939e-07
0.7252000122070312 1.1606219107519097e-07
0.7262000122070312 1.1362841637986373e-07
0.7272000122070312 1.3532660413946678e-07
0.7282000122070312 1.3579442169147248e-07
0.7292000122070312 1.396651807743815e-07
0.7302000122070312 1.513515399018623e-07
0.7312000122070312 1.6215135215993347e-07
0.7322000122070312 1.7803373577814332e-07
0.7332000122070312 1.7294180860584742e-07
0.7342000122070312 1.883659029411231e-07
0.7352000122070312 1.8355995097941024e-07
0.7362000122070312 1.914778596320919e-07
0.7372000122070312 1.8334495530300727e-07
0.7382000122070312 1.7886297602617035e-07
0.7392000122070312 1.657009360645382e-07
0.7402000122070312 1.4926017978488483e-07
0.7412000122070312 1.6213233640206334e-07
0.7422000122070312 1.7032982281987589e-07
0.7432000122070312 1.6526352972484448e-07
0.7442000122070312 1.3108412075687015e-07
0.7452000122070312 9.30553368868528e-08
0.7462000122070312 8.825923430055112e-08
0.7472000122070312 1.0593887835190446e-07
0.7482000122070313 1.3539535114097493e-07
0.7492000122070313 1.4088350187270323e-07
0.7502000122070313 1.629690049599766e-07
0.7512000122070313 1.6707711920701516e-07
0.7522000122070313 1.9366768641937825e-07
0.7532000122070313 1.474965150494651e-07
0.7542000122070313 1.4770158416340108e-07
0.7552000122070313 1.4396803971629669e-07
0.7562000122070313 1.7516999947608535e-07
0.7572000122070313 1.8919007126047418e-07
0.7582000122070313 1.9159415363397162e-07
0.7592000122070313 1.7762756771692657e-07
0.7602000122070313 1.6884910205017363e-07
0.7612000122070313 1.4759729869190555e-07
0.7622000122070313 1.4368444634791869e-07
0.7632000122070313 1.3943348602561514e-07
0.7642000122070313 1.42674608653204e-07
0.7652000122070313 1.5659409828482816e-07
0.7662000122070313 1.4658495457099357e-07
0.7672000122070313 1.3930743911882757e-07
0.7682000122070313 1.3497624502863307e-07
0.7692000122070313 1.5027221077404304e-07
0.7702000122070313 1.6355921202305564e-07
0.7712000122070313 1.7571691608749705e-07
0.7722000122070313 1.4541598076810945e-07
0.7732000122070313 1.0993219256195645e-07
0.7742000122070313 8.708594959092183e-08
0.7752000122070313 1.4489472384669334e-07
0.7762000122070313 1.4516524255784385e-07
0.7772000122070313 1.5247879135644812e-07
0.7782000122070313 7.526173773560351e-08
0.7792000122070313 1.2319947507449847e-07
0.7802000122070313 1.6927084103016304e-07
0.7812000122070313 1.9245596853197047e-07
0.7822000122070313 1.8062771747200607e-07
0.7832000122070313 1.19895060285754e-07
0.7842000122070313 9.946354622748284e-08
0.7852000122070313 8.452599271354436e-08
0.7862000122070313 6.340303397529363e-08
0.7872000122070313 7.904488937446125e-08
0.7882000122070313 5.723574961800249e-08
0.7892000122070313 6.418985606206212e-08
0.7902000122070313 3.249378646796019e-08
0.7912000122070313 2.3211187999465253e-08
0.7922000122070313 1.969490151916093e-08
0.7932000122070313 4.9116227234842675e-08
0.7942000122070313 4.51860637785865e-08
0.7952000122070313 5.918575200388199e-08
0.7962000122070313 9.67646666101748e-08
0.7972000122070313 9.696411773153795e-08
0.7982000122070313 7.139289846792261e-08
0.7992000122070313 1.0473257713099121e-08
0.8002000122070313 8.94895733465777e-09
0.8012000122070313 7.934353058971264e-09
0.8022000122070313 2.183762201713823e-09
0.8032000122070313 8.419653372513198e-10
0.8042000122070313 1.5044089044455046e-09
0.8052000122070313 6.920943151765575e-10
0.8062000122070313 6.960421595161826e-10
0.8072000122070313 1.0366344232250186e-08
0.8082000122070313 1.0395627878934537e-08
0.8092000122070313 1.0420802090087907e-08
0.8102000122070312 9.14990442506235e-09
0.8112000122070312 1.7756450721513773e-08
0.8122000122070312 4.2297095880444915e-08
0.8132000122070312 3.8247055685729756e-08
0.8142000122070312 2.9672475766492203e-08
0.8152000122070312 5.0952425533119045e-09
0.8162000122070312 1.5596518745310953e-08
0.8172000122070312 1.8235381362067055e-08
0.8182000122070312 2.0559449041210773e-08
0.8192000122070312 4.965687613803276e-09
0.8202000122070312 2.3366875847630053e-09
0.8212000122070312 7.801805191539041e-09
0.8222000122070312 7.810606343437734e-09
0.8232000122070312 2.085370687625971e-08
0.8242000122070312 2.102844670763057e-08
0.8252000122070312 3.3599803476782336e-08
0.8262000122070312 4.1385365393313076e-08
0.8272000122070312 3.4445652452703744e-08
0.8282000122070312 3.0006487560667715e-08
0.8292000122070312 1.4017666628641153e-08
0.8302000122070312 3.15503548060599e-08
0.8312000122070312 3.4423763415193764e-08
0.8322000122070312 3.250496422070019e-08
0.8332000122070312 4.4008836203207725e-08
0.8342000122070312 4.191686318034509e-08
0.8352000122070312 3.953724047618022e-08
0.8362000122070312 1.9385686522894152e-08
0.8372000122070312 2.065383955757649e-08
0.8382000122070312 2.1244994184039614e-08
0.8392000122070312 2.9762151612629063e-08
0.8402000122070312 2.8882696600555247e-08
0.8412000122070312 4.6310016881637374e-08
0.8422000122070312 2.7821801518166035e-08
0.8432000122070312 2.1580077392315922e-08
0.8442000122070312 3.0389147177649726e-09
0.8452000122070312 3.0438304483677985e-09
0.8462000122070312 1.3609523758047518e-08
0.8472000122070312 2.6100209694152976e-08
0.8482000122070312 2.6124919348337222e-08
0.8492000122070312 3.7214707095092037e-08
0.8502000122070312 2.478106718635135e-08
0.8512000122070312 3.422637187264944e-08
0.8522000122070312 2.9621272751978174e-08
0.8532000122070312 2.968285507783312e-08
0.8542000122070312 2.026541108632023e-08
0.8552000122070312 3.011035828946291e-11
0.8562000122070312 1.7215873422566158e-08
0.8572000122070312 1.7251696326398227e-08
0.8582000122070312 1.7278621844345703e-08
0.8592000122070312 2.465862633456571e-08
0.8602000122070312 2.4700488874696193e-08
0.8612000122070312 4.166784587705225e-08
0.8622000122070312 2.5932804113968305e-08
0.8632000122070312 2.9077779576280636e-08
0.8642000122070312 1.2078901941246096e-08
0.8652000122070312 3.140930929682939e-09
0.8662000122070312 1.8105610512167185e-08
0.8672000122070312 2.196795893759615e-08
0.8682000122070312 2.1975826257109124e-08
0.8692000122070312 2.1654582122321044e-08
0.8702000122070312 3.693089997773996e-08
0.8712000122070312 9.732885739615307e-08
0.8722000122070312 1.0878184056173915e-07
0.8732000122070313 8.965697399727155e-08
0.8742000122070313 2.9173498493032113e-08
0.8752000122070313 4.535458960975962e-08
0.8762000122070313 4.540442011772445e-08
0.8772000122070313 7.167088414348412e-08
0.8782000122070313 2.6248480787007546e-08
0.8792000122070313 7.84562056947937e-08
0.8802000122070313 5.225541508827249e-08
0.8812000122070313 1.3715841519801961e-07
0.8822000122070313 8.481724430850422e-08
0.8832000122070313 8.485566893366178e-08
0.8842000122070313 3.105879576716946e-11
0.8852000122070313 2.453203878250226e-08
0.8862000122070313 9.396551313769936e-08
0.8872000122070313 1.3489323675013097e-07
0.8882000122070313 1.103994520622368e-07
0.8892000122070313 4.0908586066874965e-08
0.8902000122070313 7.496474377475237e-08
0.8912000122070313 7.516108955974495e-08
0.8922000122070313 7.524631381311998e-08
0.8932000122070313 3.1415948014317824e-11
0.8942000122070313 3.146223883211398e-11
0.8952000122070313 1.7504111389670658e-07
0.8962000122070313 5.405592686331624e-07
0.8972000122070313 5.403957249639295e-07
0.8982000122070313 3.8916954288670455e-07
0.8992000122070313 4.098989865732732e-08
0.9002000122070313 7.888115001375565e-08
0.9012000122070313 6.552737000557413e-08
0.9022000122070313 7.180804544522665e-08
0.9032000122070313 3.99845794009316e-08
0.9042000122070313 6.478077924910054e-08
0.9052000122070313 5.757780996319036e-08
0.9062000122070313 5.1609896912594135e-08
0.9072000122070313 6.580383991275362e-08
0.9082000122070313 8.470417606590667e-08
0.9092000122070313 9.485746989765197e-08
0.9102000122070313 6.52037639270024e-08
0.9112000122070313 3.106845856714699e-08
0.9122000122070313 2.5593165930602825e-08
0.9132000122070313 2.852719172046004e-08
0.9142000122070313 4.927170848997384e-08
0.9152000122070313 6.218106527285358e-08
0.9162000122070313 4.7191615278212984e-08
0.9172000122070313 4.65920086845524e-08
0.9182000122070313 2.9164668878153183e-08
0.9192000122070313 6.888991619966741e-08
0.9202000122070313 4.758077995985547e-08
0.9212000122070313 9.296482784513245e-08
0.9222000122070313 7.00968103068723e-08
0.9232000122070313 7.00498074876711e-08
0.9242000122070313 4.1614249641407707e-08
0.9252000122070313 3.7152364868684735e-08
0.9262000122070313 5.18696754564577e-08
0.9272000122070313 4.341991911166881e-08
0.9282000122070313 5.1908882986457304e-08
0.9292000122070313 3.721461400991657e-08
0.9302000122070313 6.185350198952968e-08
0.9312000122070313 4.8174375690003033e-08
0.9322000122070313 8.834590466055524e-08
0.9332000122070313 8.487810069551463e-08
0.9342000122070313 8.809417573906148e-08
0.9352000122070312 5.5595008979499733e-08
0.9362000122070312 2.7682587996923915e-08
0.9372000122070312 4.256084871733969e-08
0.9382000122070312 3.653892590343703e-08
0.9392000122070312 5.771430480111378e-08
0.9402000122070312 4.0400976816180935e-08
0.9412000122070312 8.498846592617638e-08
0.9422000122070312 7.349411844390196e-08
0.9432000122070312 6.700706047751164e-08
0.9442000122070312 6.806595738644544e-08
0.9452000122070312 1.0778314155295609e-07
0.9462000122070312 1.4023637606439036e-07
0.9472000122070312 1.6652773158663027e-07
0.9482000122070312 1.537174122332391e-07
0.9492000122070312 1.9504947031699448e-07
0.9502000122070312 1.934476487196986e-07
0.9512000122070312 2.3903548915239435e-07
0.9522000122070312 2.6006136293837685e-07
0.9532000122070312 2.4321300589283203e-07
0.9542000122070312 2.5082822118805633e-07
0.9552000122070312 2.578412720016516e-07
0.9562000122070312 3.403564729248477e-07
0.9572000122070312 4.1466642824370155e-07
0.9582000122070312 5.344197286082685e-07
0.9592000122070312 6.811875741896968e-07
0.9602000122070312 8.714992353945731e-07
0.9612000122070312 1.097478026124522e-06
0.9622000122070312 1.3543682447734837e-06
0.9632000122070312 1.6246858333384947e-06
0.9642000122070312 1.8839468813219526e-06
0.9652000122070312 2.164857560194349e-06
0.9662000122070312 2.483125195288355e-06
0.9672000122070312 2.9293373477606044e-06
0.9682000122070312 3.482328088111028e-06
0.9692000122070312 4.204461589420317e-06
0.9702000122070312 5.010320883951652e-06
0.9712000122070312 5.951847009110338e-06
0.9722000122070312 6.918937628093557e-06
0.9732000122070312 7.892126717291735e-06
0.9742000122070312 8.790486085404836e-06
0.9752000122070312 9.672608463647353e-06
0.9762000122070312 1.0575917708647653e-05
0.9772000122070312 1.167663603877549e-05
0.9782000122070312 1.3097686470598517e-05
0.9792000122070312 1.5031135136612504e-05
0.9802000122070312 1.7634888052709956e-05
0.9812000122070312 2.114784149905813e-05
0.9822000122070312 2.5905598438410937e-05
0.9832000122070312 3.2226642983441094e-05
0.9842000122070312 4.0386857604303764e-05
0.9852000122070312 5.0796687228551904e-05
0.9862000122070312 6.349527551203883e-05
0.9872000122070312 7.870296783596824e-05
0.9882000122070312 9.647307262167676e-05
0.9892000122070312 0.00011680645490529873
0.9902000122070312 0.00013991475034335927
0.9912000122070312 0.00016564157446925654
0.9922000122070312 0.00019466778298635255
0.9932000122070312 0.0002277983716434522
0.9942000122070312 0.00026643420924594074
0.9952000122070312 0.00031214807299433095
0.9962000122070312 0.0003691717321025514
0.9972000122070312 0.0004420970489530685
0.9982000122070313 0.013006907060938815
0.9992000122070313 0.027075596871287973
1.0002000122070311 0.04281478558890228
1.0012000122070313 0.047683199768682266
1.0022000122070311 0.053474690817811296
1.0032000122070313 0.05940432511128328
1.0042000122070311 0.06679103343882545
1.0052000122070313 0.07495993997850382
1.0062000122070311 0.08554677781551295
1.0072000122070313 0.09737473516414474
1.0082000122070311 0.1108928472732495
1.0092000122070313 0.12595962012958375
1.0102000122070312 0.14203861650591398
1.0112000122070313 0.1597266250244821
1.0122000122070312 0.1778101270515877
1.0132000122070313 0.1960570780757992
1.0142000122070312 0.21232432609376128
1.0152000122070313 0.2263298744322454
1.0162000122070312 0.23645974344507487
1.0172000122070313 0.2436996019386411
1.0182000122070312 0.2474394685157101
1.0192000122070313 0.24963041956838006
1.0202000122070312 0.24979370029837783
1.0212000122070313 0.2502616661535946
1.0222000122070312 0.2500790697769206
1.0232000122070313 0.25011357347493246
1.024199951171875 0.24984589523509798
1.025199951171875 0.25031432744343207
1.026199951171875 0.25075652735173376
1.027199951171875 0.2517055085992346
1.028199951171875 0.2527471957306088
1.029199951171875 0.2538775649306558
1.030199951171875 0.25508268334389833
1.031199951171875 0.2562752126708014
1.032199951171875 0.2586636996830467
1.033199951171875 0.2601332799794479
1.034199951171875 0.262402237551478
1.035199951171875 0.26398841058551953
1.036199951171875 0.26562687422285913
1.037199951171875 0.2659545681600072
1.038199951171875 0.2677056324721298
1.039199951171875 0.26927751385408755
1.040199951171875 0.2709169355114146
1.041199951171875 0.2711626718914244
1.042199951171875 0.2718703927801749
1.043199951171875 0.271918786535956
1.044199951171875 0.27239063370912403
1.045199951171875 0.2731656182516664
1.046199951171875 0.27409273450421856
1.047199951171875 0.27492669379592793
1.048199951171875 0.2758979046072059
1.049199951171875 0.27649688097197367
1.050199951171875 0.2772656466422877
1.051199951171875 0.2788087721789947
1.052199951171875 0.280158751479246
1.053199951171875 0.28086207910197636
1.054199951171875 0.2818720383056289
1.055199951171875 0.2824274025127879
1.056199951171875 0.2824483534995873
1.057199951171875 0.2817220845651966
1.058199951171875 0.2817343220986361
1.059199951171875 0.2816697996493499
1.060199951171875 0.28097602550771184
1.061199951171875 0.2802400005031427
1.062199951171875 0.2793733851433477
1.063199951171875 0.2780575684375325
1.064199951171875 0.2771504502511273
1.065199951171875 0.2760848361099204
1.066199951171875 0.2756177867274924
1.067199951171875 0.2735285302964734
1.068199951171875 0.27212710851622196
1.069199951171875 0.27020897856753423
1.070199951171875 0.26811590638856164
1.071199951171875 0.26650085727191064
1.072199951171875 0.2651645215390891
1.073199951171875 0.2637765172432808
1.074199951171875 0.2617775097374482
1.075199951171875 0.26048801809102484
1.076199951171875 0.259950011673251
1.077199951171875 0.25890991097567895
1.078199951171875 0.2587449909478521
1.079199951171875 0.25855456666071286
1.080199951171875 0.2585479081232982
1.081199951171875 0.25884133463305214
1.082199951171875 0.25981001919853897
1.083199951171875 0.26017533799446674
1.084199951171875 0.2610004389602498
1.085199951171875 0.26172646242361386
1.086199951171875 0.2636376446827484
1.087199951171875 0.2647950931257024
1.088199951171875 0.2667846975318188
1.089199951171875 0.2686922120851667
1.090199951171875 0.27133287450801924
1.091199951171875 0.27347501904563787
1.092199951171875 0.27608362486896837
1.093199951171875 0.2784591032427222
1.094199951171875 0.28085027430897386
1.095199951171875 0.28303853750325314
1.096199951171875 0.28488789492593214
1.097199951171875 0.2876149466392456
1.098199951171875 0.2896552709690452
1.099199951171875 0.291704026472674
1.100199951171875 0.2925024421629866
1.101199951171875 0.2935583178013118
1.102199951171875 0.2944588631191748
1.103199951171875 0.2956345810820279
1.104199951171875 0.2964957760988696
1.105199951171875 0.2974223909108822
1.106199951171875 0.29747348830223763
1.107199951171875 0.29757076861874987
1.108199951171875 0.29738148883048454
1.109199951171875 0.29680265824023266
1.110199951171875 0.29708338174538695
1.111199951171875 0.2971430288310007
1.112199951171875 0.2974684944835017
1.113199951171875 0.2969013576714249
1.114199951171875 0.2967922456150362
1.115199951171875 0.2966290570299315
1.116199951171875 0.29591981992057603
1.117199951171875 0.2951694950030421
1.118199951171875 0.2945056090234549
1.119199951171875 0.29409643352258547
1.120199951171875 0.2940665626722385
1.121199951171875 0.29317782955313154
1.122199951171875 0.29278913706271015
1.123199951171875 0.2915731171461267
1.124199951171875 0.29186120617100475
1.125199951171875 0.2921590733550403
1.126199951171875 0.29321285970846434
1.127199951171875 0.2936921534345318
1.128199951171875 0.2948938520276012
1.129199951171875 0.29571473724738684
1.130199951171875 0.2971111609484446
1.131199951171875 0.2978509800582945
1.132199951171875 0.2995034520834451
1.133199951171875 0.3004846977612692
1.134199951171875 0.3019659347188085
1.135199951171875 0.3029312156582586
1.136199951171875 0.30416710030655614
1.137199951171875 0.30571089642505933
1.138199951171875 0.30670539471640423
1.139199951171875 0.3080892876360787
1.140199951171875 0.30864359154598275
1.141199951171875 0.3106897387877446
1.142199951171875 0.3128118852241243
1.143199951171875 0.31489343926889557
1.144199951171875 0.3172262967607635
1.145199951171875 0.31935604027391795
1.146199951171875 0.32079837548355283
1.147199951171875 0.32246680045800746
1.148199951171875 0.323978873824173
1.149199951171875 0.3261022225818957
1.150199951171875 0.3277715988072988
1.151199951171875 0.32958781514629415
1.152199951171875 0.33158378109847253
1.153199951171875 0.33274386993902266
1.154199951171875 0.3342140512431906
1.155199951171875 0.3360250369761417
1.156199951171875 0.33792258893472515
1.157199951171875 0.34013841430240255
1.158199951171875 0.341633674173092
1.159199951171875 0.3440803666909322
1.160199951171875 0.3450971635092486
1.161199951171875 0.3467785556353905
1.162199951171875 0.3478875066322924
1.163199951171875 0.34973164809015006
1.164199951171875 0.3508851040151656
1.165199951171875 0.35182556404660925
1.166199951171875 0.3525876107429984
1.167199951171875 0.35364080179868207
1.168199951171875 0.3542036002073097
1.169199951171875 0.3545005802068312
1.170199951171875 0.35479698899399564
1.171199951171875 0.3550879323211491
1.172199951171875 0.3555201625669905
1.173199951171875 0.3554767614538198
1.174199951171875 0.3558959605442249
1.175199951171875 0.35668085421472184
1.176199951171875 0.35626276039334914
1.177199951171875 0.35667821062817767
1.178199951171875 0.3561031033205456
1.179199951171875 0.3556882962286455
1.180199951171875 0.35516504369121604
1.181199951171875 0.3555608227902094
1.182199951171875 0.356452923161434
1.183199951171875 0.35606885698271384
1.184199951171875 0.35558020147184133
1.185199951171875 0.3550004293042333
1.186199951171875 0.3545570522503814
1.187199951171875 0.3532746683618078
1.188199951171875 0.35295260088706687
1.189199951171875 0.3533794729353126
1.190199951171875 0.35412947182234145
1.191199951171875 0.3535567758609659
1.192199951171875 0.35165313884971217
1.193199951171875 0.35125089259856634
1.194199951171875 0.35040763053266544
1.195199951171875 0.3496562098712105
1.196199951171875 0.34851072142170836
1.197199951171875 0.3482652141093322
1.198199951171875 0.34814133191197516
1.199199951171875 0.3480570955797806
1.200199951171875 0.3478517972060038
1.201199951171875 0.3484416877573675
1.202199951171875 0.3485803611446357
1.203199951171875 0.3479408606707957
1.204199951171875 0.34825038918855966
1.205199951171875 0.3481364681666935
1.206199951171875 0.34811482169594987
1.207199951171875 0.34798765610445714
1.208199951171875 0.3479818868963124
1.209199951171875 0.3492958590302012
1.210199951171875 0.3488688609524989
1.211199951171875 0.34947593181418635
1.212199951171875 0.34903680675068605
1.213199951171875 0.3500355614586529
1.214199951171875 0.3500196143125699
1.215199951171875 0.3507196992982782
1.216199951171875 0.35046836762541234
1.217199951171875 0.35067262562162005
1.218199951171875 0.3517787909924506
1.219199951171875 0.3527028596230859
1.220199951171875 0.35376312996241943
1.221199951171875 0.35492646024263996
1.222199951171875 0.3569146995284185
1.223199951171875 0.358572854138304
1.224199951171875 0.35966852756797396
1.225199951171875 0.36100782416426414
1.226199951171875 0.3628731281979759
1.227199951171875 0.36487676776685457
1.228199951171875 0.36643733258897987
1.229199951171875 0.36768461606580005
1.230199951171875 0.3694520881948677
1.231199951171875 0.37052945386397135
1.232199951171875 0.3722973304226893
1.233199951171875 0.3728610528761148
1.234199951171875 0.3744572558874508
1.235199951171875 0.3753147549373876
1.236199951171875 0.3762340700143586
1.237199951171875 0.3769281084889256
1.238199951171875 0.37753878976716093
1.239199951171875 0.3777410017952061
1.240199951171875 0.3788802441815875
1.241199951171875 0.379576547188474
1.242199951171875 0.3814157215871343
1.243199951171875 0.382109884308504
1.244199951171875 0.383525048969169
1.245199951171875 0.3844480540209577
1.246199951171875 0.38525640090496904
1.247199951171875 0.3854057277311336
1.248199951171875 0.38605148491614716
1.249199951171875 0.3871267834517007
1.250199951171875 0.3876875630327521
1.251199951171875 0.3891733047642959
1.252199951171875 0.390086333715139
1.253199951171875 0.39097845523420466
1.254199951171875 0.390821152906909
1.255199951171875 0.3905628734559871
1.256199951171875 0.3907575823266518
1.257199951171875 0.39161720484422635
1.258199951171875 0.39169014175512173
1.259199951171875 0.3921220736031511
1.260199951171875 0.3918416826905766
1.261199951171875 0.3921661969686959
1.262199951171875 0.39224475712771645
1.263199951171875 0.39201507868808494
1.264199951171875 0.391842396146626
1.265199951171875 0.39198173624667126
1.266199951171875 0.3910398959786683
1.267199951171875 0.3910729868274881
1.268199951171875 0.3905289614166697
1.269199951171875 0.390181433566666
1.270199951171875 0.3878853187630436
1.271199951171875 0.3845978478850196
1.272199951171875 0.37925050206001476
1.273199951171875 0.373197632790353
1.274199951171875 0.36403282906744244
1.275199951171875 0.35223738257179155
1.276199951171875 0.33525901030132876
1.277199951171875 0.3149718017908493
1.278199951171875 0.29035894017266467
1.279199951171875 0.2630724238158635
1.280199951171875 0.2340543130755081
1.281199951171875 0.20548616528008823
1.282199951171875 0.1784130828852477
1.283199951171875 0.15418400768156246
1.284199951171875 0.13280669565651487
1.285199951171875 0.11437672815430058
1.286199951171875 0.09793528418616751
1.287199951171875 0.0841572756209043
1.288199951171875 0.07206755638951234
1.289199951171875 0.0625324452201639
1.290199951171875 0.05430583130887015
1.291199951171875 0.04763940555107718
1.292199951171875 0.041609846311067074
1.293199951171875 0.03688596844306051
1.294199951171875 0.03257048636507336
1.295199951171875 0.02904117294691337
1.296199951171875 0.025423962394404993
1.297199951171875 0.02186521393010707
1.298199951171875 0.018212517517351645
1.299199951171875 0.014937895751203916
1.300199951171875 0.012174472369998659
1.301199951171875 0.00986614446007902
1.302199951171875 0.007998530742654318
1.303199951171875 0.0064838308929646826
1.304199951171875 0.005287627218898411
1.305199951171875 0.004306474665394961
1.306199951171875 0.003511599442173944
1.307199951171875 0.002872801740638974
1.308199951171875 0.0023675498364092015
1.309199951171875 0.0019650981524055333
1.310199951171875 0.001636825780768141
1.311199951171875 0.0013670866648189267
1.312199951171875 0.0011464360512104762
1.313199951171875 0.0009689618313360343
1.314199951171875 0.0008187604569194475
1.315199951171875 0.0006946823103756105
1.316199951171875 0.0005900083713206355
1.317199951171875 0.0005036281943195123
1.318199951171875 0.00043142335806231364
1.319199951171875 0.0003703281987189542
1.320199951171875 0.00031818985711957873
1.321199951171875 0.00027516583073125355
1.322199951171875 0.00023896055914672396
1.323199951171875 0.0002086680604597981
1.324199951171875 0.00018219334755162955
1.325199951171875 0.00015900164720244924
1.326199951171875 0.0001398111604181221
1.327199951171875 0.00012297856265523272
1.328199951171875 0.00010865492211277418
1.329199951171875 9.525992423916699e-05
1.330199951171875 8.48132423088205e-05
1.331199951171875 7.543877611916777e-05
1.332199951171875 6.752991351503698e-05
1.333199951171875 6.023052575197498e-05
1.334199951171875 5.4153228906474364e-05
1.335199951171875 4.844871218839388e-05
1.336199951171875 4.355437337264437e-05
1.337199951171875 3.929623990446134e-05
1.338199951171875 3.5579336383195996e-05
1.339199951171875 3.2227392446119115e-05
1.340199951171875 2.930194404023135e-05
1.341199951171875 2.6865391988600448e-05
1.342199951171875 2.4746357902344016e-05
1.343199951171875 2.285323824564309e-05
1.344199951171875 2.123148258387518e-05
1.345199951171875 1.9421075893356252e-05
1.346199951171875 1.760307408848404e-05
1.347199951171875 1.6377244604299552e-05
1.348199951171875 1.5122776123614397e-05
1.349199951171875 1.3820579777923346e-05
1.350199951171875 1.2499306288350851e-05
1.351199951171875 1.184273004849556e-05
1.352199951171875 1.0981676587429592e-05
1.353199951171875 1.0389747348730483e-05
1.354199951171875 9.185509854017832e-06
1.355199951171875 9.044301533519452e-06
1.356199951171875 8.370504532530286e-06
1.357199951171875 8.016082644578437e-06
1.358199951171875 7.566660440905993e-06
1.359199951171875 6.818204302879196e-06
1.360199951171875 6.315211478122157e-06
1.361199951171875 5.91762125368723e-06
1.362199951171875 5.697982412508348e-06
1.363199951171875 5.808903805643783e-06
1.364199951171875 5.164966333009472e-06
1.365199951171875 5.312756326655441e-06
1.366199951171875 4.614961895364399e-06
1.367199951171875 4.663114928377436e-06
1.368199951171875 4.651708200609969e-06
1.369199951171875 4.990428343692899e-06
1.370199951171875 4.693255169393651e-06
1.371199951171875 4.545365969481108e-06
1.372199951171875 4.892284567438486e-06
1.373199951171875 4.696421372558787e-06
1.374199951171875 4.551722675924868e-06
1.375199951171875 3.5449152089254003e-06
1.376199951171875 4.0559336478861965e-06
1.377199951171875 3.981284843344821e-06
1.378199951171875 4.437448800827182e-06
1.379199951171875 4.1000924809263285e-06
1.380199951171875 3.5840611094546563e-06
1.381199951171875 3.858410485723367e-06
1.382199951171875 3.850939338501578e-06
1.383199951171875 4.072006429314208e-06
1.384199951171875 3.6336930321827564e-06
1.385199951171875 3.635006529237539e-06
1.386199951171875 3.529143671578616e-06
1.387199951171875 3.3883821690133696e-06
1.388199951171875 3.1300476714426454e-06
1.389199951171875 2.8765764107639385e-06
1.390199951171875 2.818955122790233e-06
1.391199951171875 3.0191728441735545e-06
1.392199951171875 3.170637953354764e-06
1.393199951171875 3.001887840191543e-06
1.394199951171875 3.0232201140083183e-06
1.395199951171875 2.9412488858753138e-06
1.396199951171875 2.470248395191052e-06
1.397199951171875 2.3940934496705887e-06
1.398199951171875 2.5695209809390648e-06
1.399199951171875 3.022297319351717e-06
1.400199951171875 3.073466944861521e-06
1.401199951171875 3.1263251034433465e-06
1.402199951171875 3.0932299916004603e-06
1.403199951171875 3.2846363501445045e-06
1.404199951171875 3.064177835599041e-06
1.405199951171875 3.157539106749725e-06
1.406199951171875 2.7551826685706102e-06
1.407199951171875 2.682968378635623e-06
1.408199951171875 2.735721856630974e-06
1.409199951171875 2.9637415086137113e-06
1.410199951171875 2.9844742922715015e-06
1.411199951171875 3.0360923444838064e-06
1.412199951171875 3.0584305658146865e-06
1.413199951171875 3.337818413464043e-06
1.414199951171875 3.3813638302098675e-06
1.415199951171875 3.423941806923772e-06
1.416199951171875 3.117371198553724e-06
1.417199951171875 3.003065533917768e-06
1.418199951171875 3.2102407004712853e-06
1.419199951171875 3.38995785184844e-06
1.420199951171875 3.3613912034806786e-06
1.421199951171875 2.984692549149551e-06
1.422199951171875 3.245985840580724e-06
1.423199951171875 3.3434525459930516e-06
1.424199951171875 3.1266897748620615e-06
1.425199951171875 2.894266935294702e-06
1.426199951171875 2.5237754726919178e-06
1.427199951171875 2.805921923526262e-06
1.428199951171875 2.8721175667196523e-06
1.429199951171875 3.039404313168672e-06
1.430199951171875 2.878300337919013e-06
1.431199951171875 3.223354507841996e-06
1.432199951171875 3.4020173023499373e-06
1.433199951171875 3.3198819433803013e-06
1.434199951171875 3.0616611441148597e-06
1.435199951171875 2.7689385156157014e-06
1.436199951171875 3.059635596517507e-06
1.437199951171875 2.7117823258386848e-06
1.438199951171875 3.064254522396422e-06
1.439199951171875 2.625580718679131e-06
1.440199951171875 2.81905928793169e-06
1.441199951171875 2.503043633920962e-06
1.442199951171875 3.1557427065503205e-06
1.443199951171875 2.9443465346148336e-06
1.444199951171875 3.139487732433449e-06
1.445199951171875 2.652219330042815e-06
1.446199951171875 2.6731597468948356e-06
1.447199951171875 2.5434553250926628e-06
1.448199951171875 2.716637375509285e-06
1.449199951171875 2.3478506233093044e-06
1.450199951171875 2.177641730997564e-06
1.451199951171875 2.1573698272551676e-06
1.452199951171875 2.412898439224319e-06
1.453199951171875 2.8421535319112386e-06
1.454199951171875 2.49115873997483e-06
1.455199951171875 2.445242451639132e-06
1.456199951171875 2.3642846044521987e-06
1.457199951171875 2.6366643119302263e-06
1.458199951171875 2.581689330528377e-06
1.459199951171875 2.5225547038045508e-06
1.460199951171875 2.507741169195426e-06
1.461199951171875 2.4464924546949704e-06
1.462199951171875 2.6097708268667204e-06
1.463199951171875 2.3620077552269573e-06
1.464199951171875 2.7237088489525197e-06
1.465199951171875 2.81052043669267e-06
1.466199951171875 2.7528476729238837e-06
1.467199951171875 2.7192355705006886e-06
1.468199951171875 2.3233577619650514e-06
1.469199951171875 2.4412021205211765e-06
1.470199951171875 2.246699223379799e-06
1.471199951171875 2.34835860570217e-06
1.472199951171875 2.609187612471754e-06
1.473199951171875 2.9034584556936387e-06
1.474199951171875 2.202609139055505e-06
1.475199951171875 2.534561245125943e-06
1.476199951171875 2.1418227966742396e-06
1.477199951171875 2.4193849685827762e-06
1.478199951171875 2.0055041384688417e-06
1.479199951171875 2.261535107054576e-06
1.480199951171875 2.381545343973031e-06
1.481199951171875 1.931214909570642e-06
1.482199951171875 2.209785096368083e-06
1.483199951171875 2.0865279878091886e-06
1.484199951171875 2.491925384319035e-06
1.485199951171875 2.1106806827787888e-06
1.486199951171875 2.401671935136627e-06
1.487199951171875 1.9164337494081355e-06
1.488199951171875 2.1450970036219782e-06
1.489199951171875 2.1260563137533677e-06
1.490199951171875 2.5315878852643383e-06
1.491199951171875 2.218518788857578e-06
1.492199951171875 2.3922398771552902e-06
1.493199951171875 2.228917979074423e-06
1.494199951171875 2.082697879428183e-06
1.495199951171875 2.1231941058480028e-06
1.496199951171875 2.621577631821962e-06
1.497199951171875 2.9537386044982977e-06
1.498199951171875 2.7568964237027795e-06
1.499199951171875 2.6836095092208927e-06
1.500199951171875 3.116146012235583e-06
1.501199951171875 3.0399504782553066e-06
1.502199951171875 3.3773700832877643e-06
1.503199951171875 3.177299665401172e-06
1.504199951171875 2.9449997221966893e-06
1.505199951171875 2.5096775390611632e-06
1.506199951171875 2.551358099174867e-06
1.507199951171875 3.2332246892236556e-06
1.508199951171875 3.5190723406014564e-06
1.509199951171875 3.373171043801976e-06
1.510199951171875 2.8779733623954114e-06
1.511199951171875 2.732195842893035e-06
1.512199951171875 2.701348481869623e-06
1.513199951171875 3.0255780814620987e-06
1.514199951171875 2.8719337103171275e-06
1.515199951171875 3.2597915494885456e-06
1.516199951171875 2.8703269814398555e-06
1.517199951171875 2.9092411096233887e-06
1.518199951171875 2.695245900058486e-06
1.519199951171875 2.9239961783754742e-06
1.520199951171875 2.8694103382804467e-06
1.521199951171875 2.901904874006776e-06
1.522199951171875 2.9571679476954853e-06
1.523199951171875 2.667938899491941e-06
1.524199951171875 2.782392968465568e-06
1.525199951171875 2.8659716084153313e-06
1.526199951171875 3.3213215015164206e-06
1.527199951171875 2.9917193447473066e-06
1.528199951171875 3.635044081807595e-06
1.529199951171875 3.479511794349268e-06
1.530199951171875 4.197646561888907e-06
1.531199951171875 3.449214440627171e-06
1.532199951171875 3.354263331480931e-06
1.533199951171875 3.0769989175202495e-06
1.534199951171875 3.4006632328101814e-06
1.535199951171875 3.566353865588717e-06
1.536199951171875 3.2956895758600934e-06
1.537199951171875 3.09137148376615e-06
1.538199951171875 3.407697423561409e-06
1.539199951171875 3.2430055188027797e-06
1.540199951171875 3.203327402841867e-06
1.541199951171875 2.9299833618910507e-06
1.542199951171875 2.638140649226194e-06
1.543199951171875 2.7121106516281914e-06
1.544199951171875 2.736390107774921e-06
1.545199951171875 3.1116166658128287e-06
1.546199951171875 3.3059245883767838e-06
1.547199951171875 3.34464818357566e-06
1.548199951171875 3.1154988811444345e-06
1.549199951171875 3.3265049056375826e-06
1.550199951171875 3.072339034386764e-06
1.551199951171875 3.3769957556900997e-06
1.552199951171875 3.144155339016082e-06
1.553199951171875 3.108919354026781e-06
1.554199951171875 3.0148379193529666e-06
1.555199951171875 2.4062051689851036e-06
1.556199951171875 2.4528571431732304e-06
1.557199951171875 2.8948903349357998e-06
1.558199951171875 3.5335593017239015e-06
1.559199951171875 3.5289577024389355e-06
1.560199951171875 3.0878414285326116e-06
1.561199951171875 2.911653127801534e-06
1.562199951171875 3.1301706477614835e-06
1.563199951171875 3.4411369951671573e-06
1.564199951171875 3.4358367232896756e-06
1.565199951171875 3.037673133823936e-06
1.566199951171875 2.998413229744037e-06
1.567199951171875 3.1678116514211558e-06
1.568199951171875 3.4490392655738834e-06
1.569199951171875 3.073479544563337e-06
1.570199951171875 2.3213071975672807e-06
1.571199951171875 2.4899589861330303e-06
1.572199951171875 2.3332110101256314e-06
1.573199951171875 2.799117635992217e-06
1.574199951171875 2.7947378443781106e-06
1.575199951171875 3.141830159386539e-06
1.576199951171875 3.56422475725812e-06
1.577199951171875 3.16320770291615e-06
1.578199951171875 3.077968993768654e-06
1.579199951171875 2.4877457775576766e-06
1.580199951171875 3.233469836209317e-06
1.581199951171875 3.3072360792617658e-06
1.582199951171875 3.7768048376941063e-06
1.583199951171875 3.569359906104968e-06
1.584199951171875 3.715646307246458e-06
1.585199951171875 3.4890454428758827e-06
1.586199951171875 3.0839104603563134e-06
1.587199951171875 3.0719268433413647e-06
1.588199951171875 3.1714338222625962e-06
1.589199951171875 3.3252215097207335e-06
1.590199951171875 3.100575336555138e-06
1.591199951171875 3.1428585637883032e-06
1.592199951171875 3.248506451526768e-06
1.593199951171875 2.8500172960627845e-06
1.594199951171875 3.4037339549490287e-06
1.595199951171875 3.444077113039765e-06
1.596199951171875 4.1752982178832625e-06
1.597199951171875 3.66550730760812e-06
1.598199951171875 3.4186590026898255e-06
1.599199951171875 2.830015737234937e-06
1.600199951171875 2.6686783389425685e-06
1.601199951171875 3.1896870785066693e-06
1.602199951171875 3.4287413749503585e-06
1.603199951171875 3.8137743954572256e-06
1.604199951171875 3.979626461838682e-06
1.605199951171875 4.2391914037800795e-06
1.606199951171875 3.6707588276898646e-06
1.607199951171875 3.0336704848196386e-06
1.608199951171875 3.3032909802663598e-06
1.609199951171875 3.733541852346345e-06
1.610199951171875 3.565398269402657e-06
1.611199951171875 3.1711700630606757e-06
1.612199951171875 3.250622361392735e-06
1.613199951171875 3.983736053435154e-06
1.614199951171875 4.145175853059154e-06
1.615199951171875 3.4158904762424907e-06
1.616199951171875 2.8780425091430157e-06
1.617199951171875 2.935652395302565e-06
1.618199951171875 3.4405783470455243e-06
1.619199951171875 4.066437215638888e-06
1.620199951171875 3.7305212197949393e-06
1.621199951171875 3.5442707597027206e-06
1.622199951171875 2.7302535589903554e-06
1.623199951171875 3.038387657424881e-06
1.624199951171875 3.446525677997279e-06
1.625199951171875 3.42830054601855e-06
1.626199951171875 3.4584511807415608e-06
1.627199951171875 3.527400445570541e-06
1.628199951171875 3.994917267554878e-06
1.629199951171875 3.87336504743427e-06
1.630199951171875 4.05029852394449e-06
1.631199951171875 4.582264489052102e-06
1.632199951171875 3.715791019049292e-06
1.633199951171875 3.3296320679363105e-06
1.634199951171875 2.6510781550613654e-06
1.635199951171875 3.574779683359722e-06
1.636199951171875 2.9442704585797844e-06
1.637199951171875 3.0136556864725377e-06
1.638199951171875 2.798834416030969e-06
1.639199951171875 4.204394035154781e-06
1.640199951171875 4.09969197111409e-06
1.641199951171875 4.002566309224015e-06
1.642199951171875 3.3305434480542107e-06
1.643199951171875 3.4005734625922757e-06
1.644199951171875 3.857707182145985e-06
1.645199951171875 3.6757085031279404e-06
1.646199951171875 3.3722156672287195e-06
1.647199951171875 2.8194672245170674e-06
1.648199951171875 3.063288076561755e-06
1.649199951171875 2.87569616233055e-06
1.650199951171875 3.6653205921057e-06
1.651199951171875 3.60675530826338e-06
1.652199951171875 3.7085678105643512e-06
1.653199951171875 2.9460144413572404e-06
1.654199951171875 3.0696237996381943e-06
1.655199951171875 3.319736107744213e-06
1.656199951171875 3.7262398403131507e-06
1.657199951171875 3.513299014849518e-06
1.658199951171875 4.006494426455754e-06
1.659199951171875 3.673823160001663e-06
1.660199951171875 3.2203000571294012e-06
1.661199951171875 2.5994552401262415e-06
1.662199951171875 3.822306430724016e-06
1.663199951171875 4.0246962494115174e-06
1.664199951171875 4.441688774638043e-06
1.665199951171875 2.8426407206753343e-06
1.666199951171875 3.1928123403601627e-06
1.667199951171875 3.5587218834664756e-06
1.668199951171875 4.872663953873346e-06
1.669199951171875 4.564208076655714e-06
1.670199951171875 4.592380208925621e-06
1.671199951171875 3.250065359010072e-06
1.672199951171875 4.158104464748177e-06
1.673199951171875 3.5009938966969712e-06
1.674199951171875 3.820042188847779e-06
1.675199951171875 3.2599831175272634e-06
1.676199951171875 3.5285739182991314e-06
1.677199951171875 3.600358077210047e-06
1.678199951171875 3.525889768865874e-06
1.679199951171875 4.002993154828852e-06
1.680199951171875 3.562098280504824e-06
1.681199951171875 2.907274988285873e-06
1.682199951171875 1.9820143422633446e-06
1.683199951171875 2.4639996810134408e-06
1.684199951171875 2.9146866874069764e-06
1.685199951171875 3.373376697257902e-06
1.686199951171875 4.111127300383528e-06
1.687199951171875 3.961511606946045e-06
1.688199951171875 2.9605243080005065e-06
1.689199951171875 2.7194333207324924e-06
1.690199951171875 2.8020207451756105e-06
1.691199951171875 3.1190771998913932e-06
1.692199951171875 2.970344267343398e-06
1.693199951171875 2.768080123675041e-06
1.694199951171875 3.80582830774747e-06
1.695199951171875 3.864041923022999e-06
1.696199951171875 4.485526098144171e-06
1.697199951171875 4.1227024546880476e-06
1.698199951171875 3.920959724971648e-06
1.699199951171875 3.331088974604754e-06
1.700199951171875 3.3750710946536177e-06
1.701199951171875 3.615758114882461e-06
1.702199951171875 3.3389311460258362e-06
1.703199951171875 2.6776767700939995e-06
1.704199951171875 2.6994876359118067e-06
1.705199951171875 3.027137585431319e-06
1.706199951171875 2.661923654057782e-06
1.707199951171875 2.531242587101111e-06
1.708199951171875 3.146264296794655e-06
1.709199951171875 3.5147377996802733e-06
1.710199951171875 4.3410297875743775e-06
1.711199951171875 3.6111489702672563e-06
1.712199951171875 4.336061533266216e-06
1.713199951171875 2.9966297911282285e-06
1.714199951171875 2.9828719712700696e-06
1.715199951171875 2.3858780855745546e-06
1.716199951171875 3.35160008730946e-06
1.717199951171875 3.314766673227843e-06
1.718199951171875 3.5279326561869563e-06
1.719199951171875 3.281505145800724e-06
1.720199951171875 5.050937139765377e-06
1.721199951171875 4.591732164137622e-06
1.722199951171875 4.8956831947527304e-06
1.723199951171875 3.150580432780874e-06
1.724199951171875 4.161252801879359e-06
1.725199951171875 3.48490864364307e-06
1.726199951171875 4.6263787222156275e-06
1.727199951171875 4.494758142383348e-06
1.728199951171875 4.822279647669568e-06
1.729199951171875 4.217085458133433e-06
1.730199951171875 3.918112453607821e-06
1.731199951171875 4.292694151560315e-06
1.732199951171875 4.482674838509417e-06
1.733199951171875 4.084072462510878e-06
1.734199951171875 3.8878254070938655e-06
1.735199951171875 3.7550499064868843e-06
1.736199951171875 4.322695443620384e-06
1.737199951171875 3.5425697535334466e-06
1.738199951171875 3.878211000026888e-06
1.739199951171875 3.6956408721604736e-06
1.740199951171875 3.927231731641376e-06
1.741199951171875 3.56784769966438e-06
1.742199951171875 3.4268634129386053e-06
1.743199951171875 3.3352070163131814e-06
1.744199951171875 3.0232847741467344e-06
1.745199951171875 3.604728510621378e-06
1.746199951171875 5.019757928849487e-06
1.747199951171875 4.423234332880366e-06
1.748199951171875 4.085500035384416e-06
1.749199951171875 3.033287154925704e-06
1.750199951171875 3.7258603323051935e-06
1.751199951171875 4.331149950250124e-06
1.752199951171875 3.4311561756435267e-06
1.753199951171875 3.64381234537349e-06
1.754199951171875 3.3549787293355456e-06
1.755199951171875 3.753609465072495e-06
1.756199951171875 3.1778727551744804e-06
1.757199951171875 3.062676609000115e-06
1.758199951171875 3.2706068159141526e-06
1.759199951171875 4.231624041333095e-06
1.760199951171875 3.629668845506601e-06
1.761199951171875 4.230662399645795e-06
1.762199951171875 3.3043396630360364e-06
1.763199951171875 3.828699484675593e-06
1.764199951171875 3.5868828291972636e-06
1.765199951171875 4.322535828192035e-06
1.766199951171875 3.291723671939855e-06
1.767199951171875 3.027117669455491e-06
1.768199951171875 3.978534566374381e-06
1.769199951171875 5.370448118273328e-06
1.770199951171875 5.2380318365387015e-06
1.771199951171875 3.918942254141321e-06
1.772199951171875 3.6317665032842615e-06
1.773199951171875 3.928470928532073e-06
1.774199951171875 4.286177090279439e-06
1.775199951171875 3.5352294909994304e-06
1.776199951171875 3.4304850707841914e-06
1.777199951171875 3.259455252754945e-06
1.778199951171875 3.791440231066853e-06
1.779199951171875 4.5343814743314005e-06
1.780199951171875 4.914379390039554e-06
1.781199951171875 5.18351135419576e-06
1.782199951171875 4.490734906922688e-06
1.783199951171875 4.122620310611981e-06
1.784199951171875 4.71023322102621e-06
1.785199951171875 4.427098619139925e-06
1.786199951171875 4.758729288429145e-06
1.787199951171875 4.1670096755669765e-06
1.788199951171875 5.040705765355667e-06
1.789199951171875 5.438509754071203e-06
1.790199951171875 5.32033224688794e-06
1.791199951171875 5.256144401006845e-06
1.792199951171875 4.8969617046272904e-06
1.793199951171875 4.54314021854016e-06
1.794199951171875 4.760326024033143e-06
1.795199951171875 4.4083317245665415e-06
1.796199951171875 4.978911527469543e-06
1.797199951171875 5.195164790606111e-06
1.798199951171875 5.1819852875875954e-06
1.799199951171875 4.879256473096124e-06
1.800199951171875 3.3324511377912532e-06
1.801199951171875 4.096627676712971e-06
1.802199951171875 3.828597288788747e-06
1.803199951171875 5.629453242940389e-06
1.804199951171875 4.649869425212582e-06
1.805199951171875 5.447660762455165e-06
1.806199951171875 3.950414725442664e-06
1.807199951171875 4.786277220960376e-06
1.808199951171875 4.563634079526812e-06
1.809199951171875 5.391234752172433e-06
1.810199951171875 6.118506569026826e-06
1.811199951171875 5.632284146148396e-06
1.812199951171875 4.630202689335462e-06
1.813199951171875 3.972295167974073e-06
1.814199951171875 5.627781407628261e-06
1.815199951171875 6.955853299210153e-06
1.816199951171875 5.781370803827272e-06
1.817199951171875 4.733334638967277e-06
1.818199951171875 5.00656242824544e-06
1.819199951171875 6.810164005022166e-06
1.820199951171875 6.752553160971591e-06
1.821199951171875 5.547703592236007e-06
1.822199951171875 5.500465290706785e-06
1.823199951171875 4.620857830945601e-06
1.824199951171875 5.4610779014925525e-06
1.825199951171875 4.752571944727426e-06
1.826199951171875 5.970900698220103e-06
1.827199951171875 4.8780918116762965e-06
1.828199951171875 3.923245299381811e-06
1.829199951171875 4.300367154568338e-06
1.830199951171875 4.95009431922396e-06
1.831199951171875 5.284175672945182e-06
1.832199951171875 4.960331552575066e-06
1.833199951171875 5.748588517930364e-06
1.834199951171875 5.648555602722746e-06
1.835199951171875 5.690494138494714e-06
1.836199951171875 4.98307838944263e-06
1.837199951171875 5.947464619437639e-06
1.838199951171875 6.032234287248264e-06
1.839199951171875 5.502215666991975e-06
1.840199951171875 5.083097611099717e-06
1.841199951171875 3.7243509596100517e-06
1.842199951171875 5.585270716254726e-06
1.843199951171875 5.69068326499803e-06
1.844199951171875 7.582583325301737e-06
1.845199951171875 5.063557434541359e-06
1.846199951171875 6.300134316579012e-06
1.847199951171875 6.4786068110168665e-06
1.848199951171875 8.664685025922243e-06
1.849199951171875 6.910184284133231e-06
1.850199951171875 6.649943153320703e-06
1.851199951171875 5.8173864029052715e-06
1.852199951171875 8.201582602758695e-06
1.853199951171875 6.942348099945653e-06
1.854199951171875 9.40532364304529e-06
1.855199951171875 7.087565623125689e-06
1.856199951171875 8.636165401190021e-06
1.857199951171875 5.205523174965613e-06
1.858199951171875 7.543056356910952e-06
1.859199951171875 6.543647660357648e-06
1.860199951171875 7.723647006402787e-06
1.861199951171875 5.705593029929632e-06
1.862199951171875 5.5935725469221125e-06
1.863199951171875 6.632527389119245e-06
1.864199951171875 6.55289832410823e-06
1.865199951171875 5.70654395194431e-06
1.866199951171875 4.731507089850127e-06
1.867199951171875 6.359522957407951e-06
1.868199951171875 7.793781075418051e-06
1.869199951171875 6.770007968903298e-06
1.870199951171875 5.984050387229776e-06
1.871199951171875 5.4891838092019554e-06
1.872199951171875 5.8828961015328246e-06
1.873199951171875 6.7224167678948324e-06
1.874199951171875 6.684125356035528e-06
1.875199951171875 8.716249947788547e-06
1.876199951171875 7.878795531325173e-06
1.877199951171875 9.26107727331067e-06
1.878199951171875 7.2683096152197e-06
1.879199951171875 8.67081920252423e-06
1.880199951171875 5.9314778095277915e-06
1.881199951171875 6.391179076189556e-06
1.882199951171875 5.171463858104547e-06
1.883199951171875 6.678633139752204e-06
1.884199951171875 7.2785415290017475e-06
1.885199951171875 5.82109886625083e-06
1.886199951171875 6.297456805364757e-06
1.887199951171875 6.702938554004607e-06
1.888199951171875 6.556628411104043e-06
1.889199951171875 5.446722888481773e-06
1.890199951171875 6.113152837147758e-06
1.891199951171875 6.1197331710941166e-06
1.892199951171875 6.8119546776237356e-06
1.893199951171875 6.316388989287531e-06
1.894199951171875 6.963369260325962e-06
1.895199951171875 7.842728596479767e-06
1.896199951171875 6.859630273022126e-06
1.897199951171875 6.387842762392846e-06
1.898199951171875 6.2287631274793725e-06
1.899199951171875 6.522011881970146e-06
1.900199951171875 8.712894461092057e-06
1.901199951171875 6.2082373333621124e-06
1.902199951171875 8.110494628302714e-06
1.903199951171875 6.607534085304351e-06
1.904199951171875 8.164672720268507e-06
1.905199951171875 5.747661805179375e-06
1.906199951171875 6.3777908767234336e-06
1.907199951171875 7.206693159706986e-06
1.908199951171875 8.503460073082866e-06
1.909199951171875 8.227347034761104e-06
1.910199951171875 7.848468815176848e-06
1.911199951171875 6.189258428009851e-06
1.912199951171875 6.769190942646672e-06
1.913199951171875 7.374685444334303e-06
1.914199951171875 8.290721943695313e-06
1.915199951171875 7.206034745254835e-06
1.916199951171875 4.731585955315867e-06
1.917199951171875 4.3054804420246975e-06
1.918199951171875 5.602768483653072e-06
1.919199951171875 8.995393879728293e-06
1.920199951171875 9.259621712702046e-06
1.921199951171875 7.595828557216468e-06
1.922199951171875 8.043117462817031e-06
1.923199951171875 8.555595161994766e-06
1.924199951171875 9.464896932862839e-06
1.925199951171875 6.441751584612739e-06
1.926199951171875 5.199093286149484e-06
1.927199951171875 3.499430708352524e-06
1.928199951171875 5.800854374948227e-06
1.929199951171875 5.515284820766604e-06
1.930199951171875 6.2792300904839316e-06
1.931199951171875 6.565315446145191e-06
1.932199951171875 7.6021297491317634e-06
1.933199951171875 8.812880783033445e-06
1.934199951171875 6.785105926282718e-06
1.935199951171875 6.521538703080271e-06
1.936199951171875 5.259427670702513e-06
1.937199951171875 6.240796575511705e-06
1.938199951171875 5.4865508175070465e-06
1.939199951171875 7.62003353774083e-06
1.940199951171875 7.399809281447549e-06
1.941199951171875 7.43157368973901e-06
1.942199951171875 6.200960550733537e-06
1.943199951171875 7.074884842395627e-06
1.944199951171875 7.099414583748626e-06
1.945199951171875 7.712419185505336e-06
1.946199951171875 6.536348895697044e-06
1.947199951171875 7.073701248367779e-06
1.948199951171875 6.106621701748669e-06
1.949199951171875 5.378243145752557e-06
1.950199951171875 5.517720287178577e-06
1.951199951171875 5.839329285174256e-06
1.952199951171875 8.02521157194108e-06
1.953199951171875 7.354891673723062e-06
1.954199951171875 8.571269676694858e-06
1.955199951171875 7.919418941179895e-06
1.956199951171875 7.708592171646017e-06
1.957199951171875 7.099602331122792e-06
1.958199951171875 7.151291849780188e-06
1.959199951171875 8.895796658616803e-06
1.960199951171875 8.744801777272788e-06
1.961199951171875 7.535981118963703e-06
1.962199951171875 6.48910139793439e-06
1.963199951171875 7.825865294742334e-06
1.964199951171875 7.906634834309468e-06
1.965199951171875 1.0720400780175515e-05
1.966199951171875 9.82473725073019e-06
1.967199951171875 9.16870456724243e-06
1.968199951171875 7.479907538317709e-06
1.969199951171875 8.229327444740935e-06
1.970199951171875 8.322322006055943e-06
1.971199951171875 7.858860499356826e-06
1.972199951171875 8.855638409223615e-06
1.973199951171875 8.753991001206195e-06
1.974199951171875 8.042851459916176e-06
1.975199951171875 6.831415484673228e-06
1.976199951171875 7.5492611435052755e-06
1.977199951171875 8.116230283966146e-06
1.978199951171875 7.503314108979218e-06
1.979199951171875 7.524927308227104e-06
1.980199951171875 8.46213635333895e-06
1.981199951171875 8.145761842821797e-06
1.982199951171875 9.242278245671408e-06
1.983199951171875 8.569374737443035e-06
1.984199951171875 8.489758317979675e-06
1.985199951171875 8.500970110575886e-06
1.986199951171875 7.991942936497697e-06
1.987199951171875 7.5031583620455974e-06
1.988199951171875 6.478182691182555e-06
1.989199951171875 6.364520260738264e-06
1.990199951171875 6.861063457043484e-06
1.991199951171875 6.995456453719633e-06
1.992199951171875 7.318421032812544e-06
1.993199951171875 6.966519064007992e-06
1.994199951171875 7.737001183931565e-06
1.995199951171875 8.056662542498255e-06
1.996199951171875 8.803621716613249e-06
1.997199951171875 8.107670408170788e-06
1.998199951171875 7.778277822070648e-06
1.999199951171875 7.595304612504701e-06
2.000199951171875 7.339136260298401e-06
2.001199951171875 6.293533750541803e-06
2.002199951171875 6.25664840421975e-06
2.003199951171875 6.548471813282755e-06
2.004199951171875 6.712312288064978e-06
2.005199951171875 5.810799898651518e-06
2.006199951171875 6.296426367098061e-06
2.007199951171875 8.826241052039491e-06
2.008199951171875 7.99610668960986e-06
2.009199951171875 6.802338878630551e-06
2.010199951171875 4.4702957010542065e-06
2.011199951171875 7.041200024555893e-06
2.012199951171875 7.086205810785145e-06
2.013199951171875 6.141689475716634e-06
2.014199951171875 5.699712153353682e-06
2.015199951171875 6.5217518983636556e-06
2.016199951171875 7.283395011574263e-06
2.017199951171875 5.903111065682878e-06
2.018199951171875 6.27803561318547e-06
2.019199951171875 5.995076259392057e-06
2.020199951171875 6.084436809352232e-06
2.021199951171875 5.397048015403229e-06
2.022199951171875 6.346509476571884e-06
2.023199951171875 6.270533051551686e-06
2.024199951171875 5.802133263849111e-06
2.025199951171875 5.919623279706574e-06
2.026199951171875 7.0687460866295524e-06
2.027199951171875 7.309368580202731e-06
2.028199951171875 8.384469155668519e-06
2.029199951171875 7.045012839869651e-06
2.030199951171875 8.16444482259349e-06
2.031199951171875 6.460861215268127e-06
2.032199951171875 6.257680517448805e-06
2.033199951171875 5.497424098144422e-06
2.034199951171875 5.674050259497687e-06
2.035199951171875 6.655367918904957e-06
2.036199951171875 7.000059938937551e-06
2.037199951171875 6.923498318655709e-06
2.038199951171875 6.296306417759071e-06
2.039199951171875 4.1955532339817825e-06
2.040199951171875 4.561296236587655e-06
2.041199951171875 4.913859020871744e-06
2.042199951171875 5.775723852174577e-06
2.043199951171875 5.413951676529558e-06
2.044199951171875 4.6270411033460854e-06
2.045199951171875 5.738771198692117e-06
2.046199951171875 7.741228743565142e-06
2.047199951171875 8.88262623962867e-06
2.048199951171875 7.407977470703007e-06
2.049199951171875 7.608436544440549e-06
2.050199951171875 7.559142520885213e-06
2.051199951171875 6.729937165661124e-06
2.052199951171875 4.100212005682779e-06
2.053199951171875 6.13376637698237e-06
2.054199951171875 8.289658362973452e-06
2.055199951171875 8.813053421931047e-06
2.056199951171875 6.9061739388634435e-06
2.057199951171875 6.348531333053797e-06
2.058199951171875 8.366035647928356e-06
2.059199951171875 7.2453028895404965e-06
2.060199951171875 7.262011118989163e-06
2.061199951171875 6.0285557452492675e-06
2.062199951171875 6.615951891103755e-06
2.063199951171875 6.165820611458097e-06
2.064199951171875 6.336963053306813e-06
2.065199951171875 7.882974092966665e-06
2.066199951171875 7.75293468989771e-06
2.067199951171875 7.223634502739331e-06
2.068199951171875 5.2491375124320605e-06
2.069199951171875 8.925444722367802e-06
2.070199951171875 8.072597705236125e-06
2.071199951171875 8.139960413867305e-06
2.072199951171875 6.754762540807194e-06
2.073199951171875 7.225505648351977e-06
2.074199951171875 7.76197021608944e-06
2.075199951171875 5.35976860691399e-06
2.076199951171875 5.217337094725796e-06
2.077199951171875 5.229736514661381e-06
2.078199951171875 7.16746107194933e-06
2.079199951171875 6.3688377849269655e-06
2.080199951171875 6.443747491285312e-06
2.081199951171875 6.744512446054303e-06
2.082199951171875 8.617510059019092e-06
2.083199951171875 9.597207726833201e-06
2.084199951171875 9.390479082079893e-06
2.085199951171875 8.487335595735905e-06
2.086199951171875 7.384238947184078e-06
2.087199951171875 5.9695087475583055e-06
2.088199951171875 5.860416354120395e-06
2.089199951171875 4.0663305742648686e-06
2.090199951171875 6.903568546037679e-06
2.091199951171875 8.040762473922282e-06
2.092199951171875 1.106354598504641e-05
2.093199951171875 8.0050323627933e-06
2.094199951171875 8.661682202981145e-06
2.095199951171875 7.840544662258305e-06
2.096199951171875 8.75025763041947e-06
2.097199951171875 5.742409891695032e-06
2.098199951171875 5.7811756442507065e-06
2.099199951171875 7.237725115975732e-06
2.100199951171875 7.639135777574677e-06
2.101199951171875 7.661703789585052e-06
2.102199951171875 5.717327993754381e-06
2.103199951171875 7.2227287784620085e-06
2.104199951171875 6.457954696556303e-06
2.105199951171875 8.28442814297998e-06
2.106199951171875 8.803395376328921e-06
2.107199951171875 9.853414874378577e-06
2.108199951171875 8.581660191928216e-06
2.109199951171875 7.5606110898252786e-06
2.110199951171875 9.558980284647155e-06
2.111199951171875 8.912690153870724e-06
2.112199951171875 1.0502303293426066e-05
2.113199951171875 7.17426506635963e-06
2.114199951171875 9.279310474516214e-06
2.115199951171875 6.207431631496192e-06
2.116199951171875 8.22824920876089e-06
2.117199951171875 8.275897379541159e-06
2.118199951171875 9.19609064830333e-06
2.119199951171875 7.742114646686043e-06
2.120199951171875 5.539769089985154e-06
2.121199951171875 8.167308800773826e-06
2.122199951171875 8.966770235980028e-06
2.123199951171875 8.984903497277632e-06
2.124199951171875 6.599689555547468e-06
2.125199951171875 5.390442441397514e-06
2.126199951171875 5.13671531135273e-06
2.127199951171875 5.787573998580328e-06
2.128199951171875 6.871689571207814e-06
2.129199951171875 9.710214648952828e-06
2.130199951171875 8.25017552137356e-06
2.131199951171875 7.728790615976753e-06
2.132199951171875 6.463495277540936e-06
2.133199951171875 9.584588667436467e-06
2.134199951171875 1.0206791430033461e-05
2.135199951171875 9.531030079148791e-06
2.136199951171875 8.011677874744501e-06
2.137199951171875 8.69082393276153e-06
2.138199951171875 1.0204277144879e-05
2.139199951171875 9.719406566096275e-06
2.140199951171875 7.230298434744939e-06
2.141199951171875 5.214253821189646e-06
2.142199951171875 5.683131356922397e-06
2.143199951171875 9.193582165521361e-06
2.144199951171875 8.686600093166564e-06
2.145199951171875 9.232438726871746e-06
2.146199951171875 5.314339668344763e-06
2.147199951171875 5.078950324641828e-06
2.148199951171875 4.3006864793388716e-06
2.149199951171875 6.5102071624973924e-06
2.150199951171875 7.717375412255882e-06
2.151199951171875 8.069302466747122e-06
2.152199951171875 7.1690208187390865e-06
2.153199951171875 9.633526745140565e-06
2.154199951171875 9.318882703595204e-06
2.155199951171875 1.0774524495158353e-05
2.156199951171875 9.041854581174787e-06
2.157199951171875 1.2407679448298109e-05
2.158199951171875 1.2465719303795438e-05
2.159199951171875 1.3979529401898236e-05
2.160199951171875 1.4862975567783111e-05
2.161199951171875 1.5347041093307584e-05
2.162199951171875 1.2436144708203042e-05
2.163199951171875 9.867383359896903e-06
2.164199951171875 9.385847171407884e-06
2.165199951171875 1.1618673130806633e-05
2.166199951171875 1.2445972356658998e-05
2.167199951171875 1.526236651254545e-05
2.168199951171875 1.3570575329850219e-05
2.169199951171875 1.3995141218079759e-05
2.170199951171875 1.0683846932467902e-05
2.171199951171875 1.3404042703883604e-05
2.172199951171875 1.3454169635442958e-05
2.173199951171875 1.499492870789643e-05
2.174199951171875 1.2587079190261307e-05
2.175199951171875 1.0532401806660005e-05
2.176199951171875 9.148224403604998e-06
2.177199951171875 9.023707465532358e-06
2.178199951171875 9.86183574277641e-06
2.179199951171875 1.099911996016584e-05
2.180199951171875 1.1642090539190609e-05
2.181199951171875 1.1219181016581097e-05
2.182199951171875 1.0367042080610407e-05
2.183199951171875 8.493136813185453e-06
2.184199951171875 5.41113481477395e-06
2.185199951171875 4.1701273998685316e-06
2.186199951171875 4.631964872494484e-06
2.187199951171875 6.995466210285383e-06
2.188199951171875 9.426644844140749e-06
2.189199951171875 1.1877795508920605e-05
2.190199951171875 1.1099923002371684e-05
2.191199951171875 8.54604229378066e-06
2.192199951171875 4.63490260150797e-06
2.193199951171875 6.3380577942867346e-06
2.194199951171875 8.284027901454299e-06
2.195199951171875 1.0015149701172042e-05
2.196199951171875 1.0224154209610536e-05
2.197199951171875 1.0233233169289664e-05
2.198199951171875 1.604678510358971e-05
2.199199951171875 1.2328798159802544e-05
2.200199951171875 9.582937391921939e-06
2.201199951171875 4.965598808008311e-06
2.202199951171875 1.0116381959818855e-05
2.203199951171875 1.1383820882054164e-05
2.204199951171875 1.4766584526655969e-05
2.205199951171875 1.328826594879575e-05
2.206199951171875 1.2634642306554179e-05
2.207199951171875 9.138183237598437e-06
2.208199951171875 6.969731372225659e-06
2.209199951171875 7.109521584265815e-06
2.210199951171875 7.180279840164424e-06
2.211199951171875 9.283847464740044e-06
2.212199951171875 1.3624511985033276e-05
2.213199951171875 1.716426900663746e-05
2.214199951171875 1.618732270293829e-05
2.215199951171875 1.4165380596290541e-05
2.216199951171875 9.771169408268582e-06
2.217199951171875 1.1758205067370072e-05
2.218199951171875 1.219697617514771e-05
2.219199951171875 1.110028741864019e-05
2.220199951171875 8.80466086967088e-06
2.221199951171875 7.819939990327025e-06
2.222199951171875 1.02525078119532e-05
2.223199951171875 1.0662712546689043e-05
2.224199951171875 1.04211956839891e-05
2.225199951171875 1.3190139524233283e-05
2.226199951171875 1.4237345826840752e-05
2.227199951171875 1.4990309471734647e-05
2.228199951171875 1.176497811883154e-05
2.229199951171875 1.3172962276395933e-05
2.230199951171875 1.2963615748335859e-05
2.231199951171875 1.4194579383174792e-05
2.232199951171875 1.2349282330731068e-05
2.233199951171875 1.6382281198079148e-05
2.234199951171875 1.835122663098366e-05
2.235199951171875 1.842467832659401e-05
2.236199951171875 1.850110097345073e-05
2.237199951171875 1.9395738232169012e-05
2.238199951171875 1.9396280786639032e-05
2.239199951171875 1.901725560061911e-05
2.240199951171875 1.757778289662829e-05
2.241199951171875 1.9485176431481276e-05
2.242199951171875 1.953878612846508e-05
2.243199951171875 2.23947679765196e-05
2.244199951171875 2.719632079653721e-05
2.245199951171875 2.480083926366054e-05
2.246199951171875 2.133288189671442e-05
2.247199951171875 1.983576301105858e-05
2.248199951171875 2.1364834369560467e-05
2.249199951171875 2.27021286107215e-05
2.250199951171875 2.4908397442574415e-05
2.251199951171875 1.9682011251598786e-05
2.252199951171875 1.95125712035529e-05
2.253199951171875 1.3905346597892315e-05
2.254199951171875 1.6376784138785283e-05
2.255199951171875 1.8306459125541856e-05
2.256199951171875 1.6851284429736184e-05
2.257199951171875 2.2496084041888245e-05
2.258199951171875 2.1893414628547244e-05
2.259199951171875 2.8022659982150714e-05
2.260199951171875 2.6648930979921748e-05
2.261199951171875 2.4427685585992713e-05
2.262199951171875 2.097623433251273e-05
2.263199951171875 1.6189097980756474e-05
2.264199951171875 1.5427607992234663e-05
2.265199951171875 1.0971342728213477e-05
2.266199951171875 1.1201327657513606e-05
2.267199951171875 1.0438449357974623e-05
2.268199951171875 1.5609603248858123e-05
2.269199951171875 1.5241730262994488e-05
2.270199951171875 1.6051571145588448e-05
2.271199951171875 1.618924129075274e-05
2.272199951171875 1.6946956977727856e-05
2.273199951171875 1.5607394402676704e-05
2.274199951171875 1.3532499502675411e-05
2.275199951171875 1.115667130556793e-05
2.276199951171875 1.0085965049433113e-05
2.277199951171875 9.891722251024e-06
2.278199951171875 1.614496392756092e-05
2.279199951171875 1.566666083206792e-05
2.280199951171875 1.5190383704265743e-05
2.281199951171875 9.965263708175709e-06
2.282199951171875 1.1924183873559898e-05
2.283199951171875 1.0428460246603086e-05
2.284199951171875 1.2007175589285459e-05
2.285199951171875 1.007269404811426e-05
2.286199951171875 1.0078286164341454e-05
2.287199951171875 7.88154757672978e-06
2.288199951171875 8.106280964254305e-06
2.289199951171875 6.639994016169221e-06
2.290199951171875 9.323789004358164e-06
2.291199951171875 8.870753697125525e-06
2.292199951171875 9.581935627592108e-06
2.293199951171875 8.299995742880832e-06
2.294199951171875 9.422825185099022e-06
2.295199951171875 8.136160011965291e-06
2.296199951171875 7.579485901635957e-06
2.297199951171875 6.640934133541853e-06
2.298199951171875 7.377704869642003e-06
2.299199951171875 6.53125144191079e-06
2.300199951171875 7.1749031292887e-06
2.301199951171875 6.7149124972444924e-06
2.302199951171875 6.605328019959438e-06
2.303199951171875 6.07695006238616e-06
2.304199951171875 6.912365263331182e-06
2.305199951171875 6.1559336657695975e-06
2.306199951171875 6.858791264727927e-06
2.307199951171875 5.277323567813065e-06
2.308199951171875 6.989684949314989e-06
2.309199951171875 5.833281863318071e-06
2.310199951171875 5.653186022322505e-06
2.311199951171875 4.438120357177169e-06
2.312199951171875 4.378229780223237e-06
2.313199951171875 4.7683134010810055e-06
2.314199951171875 4.2284756892376e-06
2.315199951171875 5.291783535189134e-06
2.316199951171875 5.684315223265303e-06
2.317199951171875 4.923891206999463e-06
2.318199951171875 4.484100407103463e-06
2.319199951171875 4.53001272257704e-06
2.320199951171875 6.674989858463052e-06
2.321199951171875 5.958755070235133e-06
2.322199951171875 5.126134973934164e-06
2.323199951171875 5.255355142987175e-06
2.324199951171875 5.2523041668064395e-06
2.325199951171875 5.849143368972142e-06
2.326199951171875 4.207966549608608e-06
2.327199951171875 3.9816923309928415e-06
2.328199951171875 3.642955799275104e-06
2.329199951171875 3.23593976732194e-06
2.330199951171875 3.398732665495655e-06
2.331199951171875 3.7695263320415676e-06
2.332199951171875 3.593505739524864e-06
2.333199951171875 3.1130529837428074e-06
2.334199951171875 2.737525302210992e-06
2.335199951171875 2.7009646888027635e-06
2.336199951171875 2.7180698019416244e-06
2.337199951171875 2.556703575986948e-06
2.338199951171875 3.1060428468989495e-06
2.339199951171875 3.2272897308761364e-06
2.340199951171875 2.9672664523679077e-06
2.341199951171875 2.628794116218018e-06
2.342199951171875 2.3344710834623924e-06
2.343199951171875 2.766019676984223e-06
2.344199951171875 2.616179627245344e-06
2.345199951171875 2.858079841384645e-06
2.346199951171875 2.664368108044356e-06
2.347199951171875 2.9724433018212674e-06
2.348199951171875 2.450440839598034e-06
2.349199951171875 2.6162369159636946e-06
2.350199951171875 2.4334144183468704e-06
2.351199951171875 2.9853504714137534e-06
2.352199951171875 2.9727140035080084e-06
2.353199951171875 2.909469053587903e-06
2.354199951171875 2.973152637071328e-06
2.355199951171875 2.8562071419609752e-06
2.356199951171875 2.374242606068419e-06
2.357199951171875 2.313133226906054e-06
2.358199951171875 2.355887289296918e-06
2.359199951171875 2.7981510033032513e-06
2.360199951171875 2.92221617608672e-06
2.361199951171875 2.408445530032296e-06
2.362199951171875 2.3708572355691727e-06
2.363199951171875 1.7447303939327557e-06
2.364199951171875 1.6741521548349529e-06
2.365199951171875 1.371422098866294e-06
2.366199951171875 1.4614297628974025e-06
2.367199951171875 1.2830427523091803e-06
2.368199951171875 1.120439663326216e-06
2.369199951171875 9.024833891396957e-07
2.370199951171875 8.136774885995382e-07
2.371199951171875 9.322729699176709e-07
2.372199951171875 7.95913229775783e-07
2.373199951171875 6.785354852848182e-07
2.374199951171875 4.2903720425335677e-07
2.375199951171875 3.648711735203228e-07
2.376199951171875 3.719967392041931e-07
2.377199951171875 3.945311250327415e-07
2.378199951171875 4.70737667092859e-07
2.379199951171875 4.947407560512807e-07
2.380199951171875 4.3643406075914095e-07
2.381199951171875 3.264870138437964e-07
2.382199951171875 2.442529227691922e-07
2.383199951171875 3.047982253262085e-07
2.384199951171875 3.0426562331747294e-07
2.385199951171875 2.926142546040522e-07
2.386199951171875 2.4456259133203934e-07
2.387199951171875 2.5666441565216243e-07
2.388199951171875 2.2749986781038166e-07
2.389199951171875 1.873364485564029e-07
2.390199951171875 1.4700250635032734e-07
2.391199951171875 1.0705248387541999e-07
2.392199951171875 9.09757598060293e-08
2.393199951171875 8.779908991605762e-08
2.394199951171875 1.0533684553177182e-07
2.395199951171875 9.316737827411979e-08
2.396199951171875 8.386914341256236e-08
2.397199951171875 9.790691089765344e-08
2.398199951171875 1.0038848008747082e-07
2.399199951171875 9.439325489684752e-08
2.400199951171875 7.19097488158378e-08
2.401199951171875 6.251594961259104e-08
2.402199951171875 5.1337166624286217e-08
2.403199951171875 4.681034217828845e-08
2.404199951171875 4.470962553627524e-08
2.405199951171875 4.060611345571753e-08
2.406199951171875 3.5129182270492985e-08
2.407199951171875 2.9221076617190198e-08
2.408199951171875 2.871874454091551e-08
2.409199951171875 2.9260249285045786e-08
2.410199951171875 2.4413977823666374e-08
2.411199951171875 1.7351706498581898e-08
2.412199951171875 1.2231025675078546e-08
2.413199951171875 1.1715434665513243e-08
2.414199951171875 1.1357220970868838e-08
2.415199951171875 1.1898921167082587e-08
2.416199951171875 1.0524814998690368e-08
2.417199951171875 9.745126782528933e-09
2.418199951171875 8.2000932757865e-09
2.419199951171875 7.036311431313796e-09
2.420199951171875 6.328385740910366e-09
2.421199951171875 5.5238006091301215e-09
2.422199951171875 5.573953426751932e-09
2.423199951171875 5.84574535477884e-09
2.424199951171875 4.918503411438264e-09
2.425199951171875 4.000770010476694e-09
2.426199951171875 2.57919329478005e-09
2.427199951171875 2.7398736311649447e-09
2.428199951171875 2.4775304501156216e-09
2.429199951171875 2.578058460107404e-09
2.430199951171875 1.9497122396877595e-09
2.431199951171875 2.2467612683166253e-09
2.432199951171875 2.1508045596862013e-09
2.433199951171875 2.1308854465112186e-09
2.434199951171875 1.7401007656085303e-09
2.435199951171875 1.3653808279699886e-09
2.436199951171875 1.3156538538855917e-09
2.437199951171875 9.89794181317638e-10
2.438199951171875 8.929756244502272e-10
2.439199951171875 6.981290179581976e-10
2.440199951171875 7.318980735513224e-10
2.441199951171875 8.227571490227089e-10
2.442199951171875 7.243049336876877e-10
2.443199951171875 7.072917931662837e-10
2.444199951171875 5.462828000657763e-10
2.445199951171875 5.412994287193358e-10
2.446199951171875 4.288066541713322e-10
2.447199951171875 4.4116492049894366e-10
2.448199951171875 3.817834667547692e-10
2.449199951171875 3.496925348757893e-10
2.450199951171875 2.629353217129119e-10
2.451199951171875 2.1944715056130607e-10
2.452199951171875 2.4841945699848543e-10
2.453199951171875 2.5541458394059024e-10
2.454199951171875 2.5331094199401237e-10
2.455199951171875 2.2186293874706422e-10
2.456199951171875 1.8918828079150892e-10
2.457199951171875 1.5180252300399055e-10
2.458199951171875 1.3494825609650505e-10
2.459199951171875 1.1547758966382624e-10
2.460199951171875 1.1987311406762118e-10
2.461199951171875 7.610068275001024e-11
2.462199951171875 8.328417161587017e-11
2.463199951171875 7.736668323914889e-11
2.464199951171875 8.162514407169036e-11
2.465199951171875 7.500783062324989e-11
2.466199951171875 6.446324472847296e-11
2.467199951171875 5.7609158219716077e-11
2.468199951171875 4.821293035335402e-11
2.469199951171875 4.736850425284501e-11
2.470199951171875 4.418112737666609e-11
2.471199951171875 3.4949193833181975e-11
2.472199951171875 3.266231856346809e-11
2.473199951171875 3.501207690605298e-11
2.474199951171875 3.541036212600003e-11
2.475199951171875 3.110769745387102e-11
2.476199951171875 2.482533005370987e-11
2.477199951171875 2.2352762587351243e-11
2.478199951171875 2.044631421270475e-11
2.479199951171875 1.7970803253740563e-11
2.480199951171875 1.7087518433333357e-11
2.481199951171875 1.59791801123013e-11
2.482199951171875 1.7959122137773716e-11
2.483199951171875 1.2760109864701462e-11
2.484199951171875 1.0354575704347388e-11
2.485199951171875 7.059831960378276e-12
2.486199951171875 8.269605253099766e-12
2.487199951171875 8.203083963552706e-12
2.488199951171875 6.037007412388422e-12
2.489199951171875 5.203854471383326e-12
2.490199951171875 4.48887560076329e-12
2.491199951171875 5.7872066758932065e-12
2.492199951171875 5.6582140487248844e-12
2.493199951171875 5.31758345495418e-12
2.494199951171875 4.063260391264693e-12
2.495199951171875 4.192248606313368e-12
2.496199951171875 3.5584926434178638e-12
2.497199951171875 3.5380163775501754e-12
2.498199951171875 3.0311328259136305e-12
2.499199951171875 2.7113355521254276e-12
2.500199951171875 2.441625230517386e-12
2.501199951171875 1.9656934344255262e-12
2.502199951171875 2.0926202297461715e-12
2.503199951171875 2.082041309527164e-12
2.504199951171875 2.060373407541738e-12
2.505199951171875 1.6701918098046152e-12
2.506199951171875 1.5081704014249287e-12
2.507199951171875 1.3403169157999586e-12
2.508199951171875 1.1319087125571078e-12
2.509199951171875 1.1615704990284109e-12
2.510199951171875 1.1675207587735613e-12
2.511199951171875 1.1586158233489828e-12
2.512199951171875 1.006502735215786e-12
2.513199951171875 9.408807347566046e-13
2.514199951171875 1.1367443633469273e-12
2.515199951171875 9.491378863441778e-13
2.516199951171875 9.769512652823394e-13
2.517199951171875 7.41259064490091e-13
2.518199951171875 8.243164424351352e-13
2.519199951171875 6.290396930482855e-13
2.520199951171875 6.15896643749379e-13
2.521199951171875 4.841123742921511e-13
2.522199951171875 5.285167040828663e-13
2.523199951171875 4.859650356206587e-13
2.524199951171875 5.107927287609669e-13
2.525199951171875 4.334757320195374e-13
2.526199951171875 4.10501964703224e-13
2.527199951171875 3.8697070547005473e-13
2.528199951171875 3.502933371643645e-13
2.529199951171875 3.215474017503476e-13
2.530199951171875 2.8156737407112967e-13
2.531199951171875 2.9021101315134906e-13
2.532199951171875 2.6280595892013564e-13
2.533199951171875 2.765522342672099e-13
2.534199951171875 2.257048408361967e-13
2.535199951171875 2.2339547103078007e-13
2.536199951171875 1.621824615079568e-13
2.537199951171875 1.5430448255973927e-13
2.538199951171875 1.584138165829065e-13
2.539199951171875 1.713626034287415e-13
2.540199951171875 1.6861723864732116e-13
2.541199951171875 1.4629534721997628e-13
2.542199951171875 1.5385557535843394e-13
2.543199951171875 1.485457839234187e-13
2.544199951171875 1.3923468829872314e-13
2.545199951171875 1.0442282523921724e-13
2.546199951171875 9.533041851437367e-14
2.547199951171875 9.582395404332705e-14
2.548199951171875 9.194043261686744e-14
2.549199951171875 7.921252516992018e-14
2.550199951171875 7.060813526640888e-14
2.551199951171875 6.905049515285897e-14
2.552199951171875 6.391920546892291e-14
2.553199951171875 5.576057916370932e-14
2.554199951171875 4.917732548740875e-14
2.555199951171875 5.436409947449703e-14
2.556199951171875 5.240062771838488e-14
2.557199951171875 4.94191222585609e-14
2.558199951171875 3.0608310206436426e-14
2.559199951171875 2.7033381930377878e-14
2.560199951171875 2.257004489532882e-14
2.561199951171875 2.608168102853833e-14
2.562199951171875 2.5084015416074434e-14
2.563199951171875 2.144261634253719e-14
2.564199951171875 2.3542661265357562e-14
2.565199951171875 2.3177459153624078e-14
2.566199951171875 2.207202895736158e-14
2.567199951171875 1.7610244496312303e-14
2.568199951171875 1.8041939322688428e-14
2.569199951171875 1.7375277789330434e-14
2.570199951171875 1.3757468365941884e-14
2.571199951171875 9.498824495586274e-15
2.572199951171875 7.843355199008162e-15
2.573199951171875 9.507837897840676e-15
2.574199951171875 9.22541909873106e-15
2.575199951171875 9.224805139263586e-15
2.576199951171875 9.733835862881348e-15
2.577199951171875 8.668808191712922e-15
2.578199951171875 8.781992795539818e-15
2.579199951171875 7.471362554418611e-15
2.580199951171875 6.697979564793018e-15
2.581199951171875 5.422943630751847e-15
2.582199951171875 4.8497285988870146e-15
2.583199951171875 4.877223714042776e-15
2.584199951171875 4.83126793450021e-15
2.585199951171875 4.288794355930515e-15
2.586199951171875 3.752628981124483e-15
2.587199951171875 3.093475993384907e-15
2.588199951171875 2.783684544278871e-15
2.589199951171875 2.984688171953263e-15
2.590199951171875 2.6949824475881353e-15
2.591199951171875 2.3954941349095234e-15
2.592199951171875 1.9600687679926667e-15
2.593199951171875 1.858790257025301e-15
2.594199951171875 2.2649797660505265e-15
2.595199951171875 1.8728473059563275e-15
2.596199951171875 1.706490929888943e-15
2.597199951171875 1.2373030812060958e-15
2.598199951171875 1.1984194332648326e-15
