microns throughput
0.5503499755859375 6.498955195598723e-10
0.5513499755859375 1.1440522025648212e-09
0.5523499755859375 1.6061736709847356e-09
0.5533499755859375 1.4528893379331247e-09
0.5543499755859375 1.1858073264176362e-09
0.5553499755859375 1.875676457161143e-09
0.5563499755859375 2.5538289996153376e-09
0.5573499755859375 1.4734605703147903e-09
0.5583499755859375 1.061448823343497e-09
0.5593499755859375 1.1153963593304354e-09
0.5603499755859375 7.742973375392147e-10
0.5613499755859375 1.5048064239760236e-09
0.5623499755859375 2.230306850828064e-09
0.5633499755859375 2.27424972363628e-09
0.5643499755859375 2.925025690388394e-09
0.5653499755859375 3.94332200200719e-09
0.5663499755859375 5.285203088859037e-09
0.5673499755859375 7.174304774592812e-09
0.5683499755859375 1.0298381982664245e-08
0.5693499755859375 2.9116295213710367e-09
0.5703499755859375 3.2117780937086054e-09
0.5713499755859375 5.837899782468006e-09
0.5723499755859375 3.67273047947577e-09
0.5733499755859375 5.371723285826775e-10
0.5743499755859375 2.380506292235359e-10
0.5753499755859375 1.9436519238444123e-09
0.5763499755859375 2.2744908268258973e-09
0.5773499755859375 2.9376757681780786e-09
0.5783499755859375 3.2226511096409594e-09
0.5793499755859375 1.2192950592473951e-10
0.5803499755859375 1.220031346029565e-09
0.5813499755859375 4.78155433607097e-09
0.5823499755859375 3.8585751865558975e-09
0.5833499755859375 4.805739763432525e-09
0.5843499755859375 3.839894343067238e-09
0.5853499755859375 5.600289055784066e-09
0.5863499755859375 6.626208483589826e-09
0.5873499755859375 5.6778368193687464e-09
0.5883499755859375 8.460898749166738e-09
0.5893499755859375 9.077856499534948e-10
0.5903499755859375 2.4703974064720936e-09
0.5913499755859375 6.332603757287944e-09
0.5923499755859375 9.977801437674487e-09
0.5933499755859375 1.922590065222899e-08
0.5943499755859375 8.659237190453712e-09
0.5953499755859375 1.1613427002064444e-08
0.5963499755859375 6.1027853376021065e-09
0.5973499755859375 1.114330387128312e-08
0.5983499755859375 1.8148273018137264e-08
0.5993499755859375 1.7650063801467263e-08
0.6003499755859375 8.06380176896554e-09
0.6013499755859375 8.387798538892453e-09
0.6023499755859375 8.835682945635307e-09
0.6033499755859375 4.9437687303586685e-09
0.6043499755859375 8.573482763512837e-09
0.6053499755859375 7.1452320710054526e-09
0.6063499755859375 1.0861743216839224e-08
0.6073499755859375 1.703963940613999e-08
0.6083499755859375 1.6242943173354736e-08
0.6093499755859375 1.0643624060947956e-08
0.6103499755859375 1.7624778070447e-08
0.6113499755859375 7.19885917109239e-09
0.6123499755859375 1.6429269621599262e-08
0.6133499755859375 1.519591523601204e-08
0.6143499755859375 6.6211920669851855e-09
0.6153499755859375 1.6633129997228282e-08
0.6163499755859375 5.619747903193785e-09
0.6173499755859375 1.974412097998791e-08
0.6183499755859375 6.868868602151065e-09
0.6193499755859375 9.186860745306131e-09
0.6203499755859375 2.001402852208925e-08
0.6213499755859375 1.516346779216725e-08
0.6223499755859375 7.860824377499996e-09
0.6233499755859375 1.465290193657975e-08
0.6243499755859375 1.6259639103955476e-08
0.6253499755859375 1.0381919164796425e-08
0.6263499755859375 7.4461679384692966e-09
0.6273499755859375 8.08809198454563e-09
0.6283499755859375 1.3772588704862962e-08
0.6293499755859375 2.05373011906171e-08
0.6303499755859375 1.2994729646566232e-08
0.6313499755859375 1.9513185310741237e-08
0.6323499755859375 9.709895974048157e-09
0.6333499755859375 3.4593581669120824e-08
0.6343499755859375 1.8009384123124017e-08
0.6353499755859375 7.120079876349494e-09
0.6363499755859375 1.1981104599463898e-08
0.6373499755859375 1.4140266392457504e-08
0.6383499755859375 4.735620095060687e-08
0.6393499755859375 2.5987521611522302e-08
0.6403499755859375 4.652605152464218e-08
0.6413499755859375 2.6422914422155275e-08
0.6423499755859375 3.714104283008866e-08
0.6433499755859375 2.167737537868965e-08
0.6443499755859375 4.0206753575013254e-08
0.6453499755859375 2.4405617920538037e-08
0.6463499755859375 2.3484557164804897e-08
0.6473499755859375 2.861484115910663e-08
0.6483499755859375 2.670931974080057e-08
0.6493499755859375 2.677525504242347e-08
0.6503499755859375 2.3004591364064494e-08
0.6513499755859375 2.316819175024074e-08
0.6523499755859375 1.8135651350975876e-08
0.6533499755859375 4.43711094993384e-08
0.6543499755859375 6.406156973171508e-08
0.6553499755859375 4.1460180034973785e-08
0.6563499755859376 4.356175934774766e-08
0.6573499755859376 5.5817580387216045e-08
0.6583499755859376 5.325506603477344e-08
0.6593499755859376 2.6636992918196135e-08
0.6603499755859376 4.796343741958219e-08
0.6613499755859376 7.308595611760314e-08
0.6623499755859374 5.1487535250255605e-08
0.6633499755859374 5.735598889874245e-08
0.6643499755859374 7.481524692947121e-08
0.6653499755859374 9.539205903469188e-08
0.6663499755859374 9.9965830997581e-08
0.6673499755859374 6.284351427271881e-08
0.6683499755859375 5.509393392205435e-08
0.6693499755859375 6.970668371485259e-08
0.6703499755859375 8.232908758588048e-08
0.6713499755859375 6.441340353385935e-08
0.6723499755859375 4.100863575454976e-08
0.6733499755859375 4.358656724356954e-08
0.6743499755859375 4.545200359445723e-08
0.6753499755859375 4.2409513687243624e-08
0.6763499755859375 5.042502444213072e-08
0.6773499755859375 5.755340962159649e-08
0.6783499755859375 3.8964043390609245e-08
0.6793499755859375 5.1078426160763584e-08
0.6803499755859375 2.954584351640611e-08
0.6813499755859375 3.5410654472907985e-08
0.6823499755859375 2.1012693450877437e-08
0.6833499755859375 3.947746975046707e-08
0.6843499755859375 3.3066937059538234e-08
0.6853499755859375 3.914828348770371e-08
0.6863499755859375 4.1833098771663995e-08
0.6873499755859375 1.8291753906008556e-08
0.6883499755859375 3.8088930184312644e-08
0.6893499755859375 5.065821953188987e-08
0.6903499755859375 6.468458433039627e-08
0.6913499755859375 6.815584362667926e-08
0.6923499755859375 5.863974260905923e-08
0.6933499755859375 4.732433428617031e-08
0.6943499755859375 7.509400750064005e-08
0.6953499755859375 3.4403029639442966e-08
0.6963499755859375 1.373912524179804e-08
0.6973499755859375 7.631214351799166e-08
0.6983499755859375 6.9096314348565e-09
0.6993499755859375 2.2686672693559032e-08
0.7003499755859375 4.710526241462267e-08
0.7013499755859375 3.0138306356501225e-08
0.7023499755859375 2.369491873196482e-08
0.7033499755859375 3.799538201447013e-08
0.7043499755859375 5.3328213521720704e-08
0.7053499755859375 6.694227063354903e-08
0.7063499755859375 5.445693952129993e-08
0.7073499755859375 4.610635698375801e-08
0.7083499755859375 8.700324767048232e-09
0.7093499755859375 2.0004292964300356e-08
0.7103499755859375 4.587048206250556e-08
0.7113499755859375 8.517644000003971e-08
0.7123499755859375 6.157575320912087e-08
0.7133499755859375 8.46636115963015e-08
0.7143499755859375 6.402131847445492e-08
0.7153499755859375 5.984866320114958e-08
0.7163499755859375 6.193940701958982e-08
0.7173499755859375 4.8819911010403336e-08
0.7183499755859375 6.845418879505517e-08
0.7193499755859375 6.05332353877606e-08
0.7203499755859375 5.733651377417873e-08
0.7213499755859375 5.94716562516958e-08
0.7223499755859375 1.1322642621490246e-07
0.7233499755859375 7.864184551709932e-08
0.7243499755859375 6.324240014350542e-08
0.7253499755859375 6.754567217872585e-08
0.7263499755859375 7.530950881117682e-08
0.7273499755859375 1.0468366856547507e-07
0.7283499755859375 7.815902877011288e-08
0.7293499755859375 7.339035883085812e-08
0.7303499755859375 9.254072493853801e-08
0.7313499755859375 5.493913296633283e-08
0.7323499755859375 8.084231965161821e-08
0.7333499755859375 9.333213833607303e-08
0.7343499755859375 8.379572475991647e-08
0.7353499755859375 1.2025578714650402e-07
0.7363499755859375 5.47946625142627e-08
0.7373499755859375 9.91375427499289e-08
0.7383499755859375 9.70201487472378e-08
0.7393499755859375 1.2289587290832378e-07
0.7403499755859375 7.523995683885883e-08
0.7413499755859375 1.0211360414949076e-07
0.7423499755859375 1.228192020464508e-07
0.7433499755859375 9.287468603238112e-08
0.7443499755859375 5.2071571267698e-08
0.7453499755859375 1.413255061064885e-07
0.7463499755859375 8.910169794420078e-08
0.7473499755859375 1.092692005702903e-07
0.7483499755859375 9.636920284143856e-08
0.7493499755859375 9.703006433973555e-08
0.7503499755859375 1.4075862826527965e-07
0.7513499755859375 2.1201610870959426e-08
0.7523499755859375 9.182708611225668e-08
0.7533499755859375 1.4527537229268526e-07
0.7543499755859375 1.0360222451780905e-07
0.7553499755859375 1.4588277807893513e-07
0.7563499755859375 1.31268121460227e-07
0.7573499755859375 7.090514224193814e-08
0.7583499755859375 2.0902986146738212e-07
0.7593499755859375 8.807722103715421e-08
0.7603499755859375 1.26375814747967e-07
0.7613499755859375 1.2436250077021031e-07
0.7623499755859375 1.035901325650261e-07
0.7633499755859375 9.273770322863381e-08
0.7643499755859375 1.8603369793096192e-07
0.7653499755859375 1.2649421936149473e-07
0.7663499755859375 1.3012946570231634e-07
0.7673499755859375 6.357203139325027e-08
0.7683499755859375 1.4302087488942032e-07
0.7693499755859375 1.6520715072943187e-07
0.7703499755859375 2.011476051259861e-07
0.7713499755859375 1.3662306839160014e-07
0.7723499755859375 2.017260835510416e-07
0.7733499755859375 1.0611542815098366e-07
0.7743499755859375 2.024607946809357e-07
0.7753499755859375 1.3320717009900433e-07
0.7763499755859375 1.778919485353034e-07
0.7773499755859375 7.975494323528497e-08
0.7783499755859375 1.2451715176505085e-07
0.7793499755859375 6.686501933130606e-08
0.7803499755859375 8.745751044532533e-08
0.7813499755859376 6.829081645990115e-08
0.7823499755859376 1.2469294919646727e-07
0.7833499755859376 1.2241451200412294e-07
0.7843499755859376 1.2027532829311745e-07
0.7853499755859376 1.0562682495848716e-07
0.7863499755859376 1.5125062627444397e-07
0.7873499755859374 1.1982682899587746e-07
0.7883499755859374 1.28541116113342e-07
0.7893499755859374 1.0340199769357742e-07
0.7903499755859374 6.938979871030441e-08
0.7913499755859374 1.4551224781524463e-07
0.7923499755859374 1.245495895795549e-07
0.7933499755859375 9.597628933652594e-08
0.7943499755859375 1.7435865481697865e-07
0.7953499755859375 5.37178847048694e-08
0.7963499755859375 9.907749117634459e-08
0.7973499755859375 1.1063927297744865e-07
0.7983499755859375 7.696940490461986e-08
0.7993499755859375 1.813978447882204e-07
0.8003499755859375 4.102115713147625e-07
0.8013499755859375 4.223791820164831e-07
0.8023499755859375 4.487684351798213e-07
0.8033499755859375 3.529456243319136e-07
0.8043499755859375 3.69293563327314e-07
0.8053499755859375 3.084122661219666e-07
0.8063499755859375 3.650876310326353e-07
0.8073499755859375 5.015175212279416e-07
0.8083499755859375 2.1108706624059925e-07
0.8093499755859375 2.3064055216549472e-07
0.8103499755859375 3.5626035370287466e-07
0.8113499755859375 2.8354004893903123e-07
0.8123499755859375 1.9613117592648604e-07
0.8133499755859375 1.6074167304805157e-07
0.8143499755859375 2.577910562354438e-07
0.8153499755859375 1.4567131543926135e-07
0.8163499755859375 2.2164664943041095e-07
0.8173499755859375 2.461031789451338e-07
0.8183499755859375 1.9166783776043723e-07
0.8193499755859375 2.495398504758788e-07
0.8203499755859375 1.9809580663763628e-07
0.8213499755859375 3.82019817638151e-07
0.8223499755859375 1.57314932852124e-07
0.8233499755859375 2.0570740891701018e-07
0.8243499755859375 2.1569261738277317e-07
0.8253499755859375 2.286712940604819e-07
0.8263499755859375 1.6413223188890557e-07
0.8273499755859375 3.5027302113938814e-07
0.8283499755859375 3.2127790625805844e-07
0.8293499755859375 2.6048921744413605e-07
0.8303499755859375 1.6745379578967784e-07
0.8313499755859375 2.2832852811100323e-07
0.8323499755859375 3.3304042213655703e-07
0.8333499755859375 1.976991035521036e-07
0.8343499755859375 2.5141297897094805e-07
0.8353499755859375 2.6444976295667834e-07
0.8363499755859375 2.166480268876557e-07
0.8373499755859375 2.7732043084505467e-07
0.8383499755859375 2.27649091278037e-07
0.8393499755859375 3.308714603113455e-07
0.8403499755859375 3.442344140608819e-07
0.8413499755859375 3.2360162347042545e-07
0.8423499755859375 3.8786604000898604e-07
0.8433499755859375 3.776138976587474e-07
0.8443499755859375 4.020097090029088e-07
0.8453499755859375 4.3362810142535167e-07
0.8463499755859375 4.2983396146269773e-07
0.8473499755859375 4.5894793783916835e-07
0.8483499755859375 4.515626934334504e-07
0.8493499755859375 5.062172296418213e-07
0.8503499755859375 5.220349991420541e-07
0.8513499755859375 5.77781892489152e-07
0.8523499755859375 5.48178769946923e-07
0.8533499755859375 5.506288674074445e-07
0.8543499755859375 5.580141870690301e-07
0.8553499755859375 5.540365483116166e-07
0.8563499755859375 6.075404405665692e-07
0.8573499755859375 5.600515873408268e-07
0.8583499755859375 5.871528378691881e-07
0.8593499755859375 5.928852867479772e-07
0.8603499755859375 5.127729377768248e-07
0.8613499755859375 4.710571653358624e-07
0.8623499755859375 5.90632272947424e-07
0.8633499755859375 5.691370477567453e-07
0.8643499755859375 5.698403281823427e-07
0.8653499755859375 6.053421694558002e-07
0.8663499755859375 5.763058335976935e-07
0.8673499755859375 6.464955510291955e-07
0.8683499755859375 7.087544324651524e-07
0.8693499755859375 6.987231127494191e-07
0.8703499755859375 6.96245413543817e-07
0.8713499755859375 6.414816652074839e-07
0.8723499755859375 6.425749095944309e-07
0.8733499755859375 6.56358008074773e-07
0.8743499755859375 7.026444979842968e-07
0.8753499755859375 6.455364818368882e-07
0.8763499755859375 6.357403300300207e-07
0.8773499755859375 6.209445070868513e-07
0.8783499755859375 7.131391616217743e-07
0.8793499755859375 7.734179074425797e-07
0.8803499755859375 7.247069165480475e-07
0.8813499755859375 7.334263397333753e-07
0.8823499755859375 8.329191706034116e-07
0.8833499755859375 8.381691829287694e-07
0.8843499755859375 8.826649977778287e-07
0.8853499755859375 9.590824844328e-07
0.8863499755859375 9.288651265855998e-07
0.8873499755859375 9.434813405548953e-07
0.8883499755859375 9.446270221941253e-07
0.8893499755859375 9.780407345824058e-07
0.8903499755859375 9.440059093988691e-07
0.8913499755859375 9.388368423187862e-07
0.8923499755859375 8.875938387536123e-07
0.8933499755859375 8.732844355465882e-07
0.8943499755859375 8.744072167844831e-07
0.8953499755859375 8.292664011202054e-07
0.8963499755859375 8.312435923660812e-07
0.8973499755859375 7.780131917296216e-07
0.8983499755859375 8.404592116701784e-07
0.8993499755859375 7.662076195534579e-07
0.9003499755859375 7.023264268630517e-07
0.9013499755859375 7.799861416203167e-07
0.9023499755859375 6.70891385850294e-07
0.9033499755859375 6.538177690344242e-07
0.9043499755859375 6.796633719020487e-07
0.9053499755859375 6.570554850771859e-07
0.9063499755859376 6.430849860475109e-07
0.9073499755859376 7.060837494945124e-07
0.9083499755859376 6.518763137450128e-07
0.9093499755859376 6.235339932293043e-07
0.9103499755859376 7.078505579913724e-07
0.9113499755859376 5.846700126470781e-07
0.9123499755859374 6.018437261234037e-07
0.9133499755859374 5.282083922827573e-07
0.9143499755859374 5.80152226600656e-07
0.9153499755859374 5.724589814367257e-07
0.9163499755859374 5.738827248562223e-07
0.9173499755859374 6.418591838159573e-07
0.9183499755859375 6.883281667049285e-07
0.9193499755859375 7.438277956015521e-07
0.9203499755859375 7.180361725869933e-07
0.9213499755859375 7.716731987260429e-07
0.9223499755859375 7.461121199319899e-07
0.9233499755859375 7.192924258089994e-07
0.9243499755859375 7.020367830853154e-07
0.9253499755859375 6.309746965256594e-07
0.9263499755859375 6.197674352808471e-07
0.9273499755859375 5.834953803355451e-07
0.9283499755859375 5.524450528979701e-07
0.9293499755859375 4.6124578108032337e-07
0.9303499755859375 4.5562959385426885e-07
0.9313499755859375 4.116561213924309e-07
0.9323499755859375 3.3214426861572136e-07
0.9333499755859375 3.6796050019347205e-07
0.9343499755859375 4.14834307005189e-07
0.9353499755859375 3.94509461364303e-07
0.9363499755859375 3.676722890000747e-07
0.9373499755859375 3.8217001089679293e-07
0.9383499755859375 3.2609886138270504e-07
0.9393499755859375 2.730172558055238e-07
0.9403499755859375 3.3253536561678796e-07
0.9413499755859375 3.5304771923253615e-07
0.9423499755859375 3.325109157272412e-07
0.9433499755859375 3.7134040133359605e-07
0.9443499755859375 3.242684493744378e-07
0.9453499755859375 3.340704283178753e-07
0.9463499755859375 3.906246296103621e-07
0.9473499755859375 3.798485605343064e-07
0.9483499755859375 3.456900725613799e-07
0.9493499755859375 2.800924472458966e-07
0.9503499755859375 2.7370109843652413e-07
0.9513499755859375 3.94627454175817e-07
0.9523499755859375 3.8615813055807195e-07
0.9533499755859375 4.3007159775677503e-07
0.9543499755859375 5.777840127152445e-07
0.9553499755859375 6.114986964847095e-07
0.9563499755859375 7.195952064141524e-07
0.9573499755859375 7.211695449347026e-07
0.9583499755859375 8.243629898042226e-07
0.9593499755859375 6.838170317930147e-07
0.9603499755859375 7.089010816627183e-07
0.9613499755859375 7.638137850598595e-07
0.9623499755859375 7.417003545352715e-07
0.9633499755859375 7.759338753928447e-07
0.9643499755859375 7.179175473946495e-07
0.9653499755859375 6.811125834053863e-07
0.9663499755859375 6.109387554944307e-07
0.9673499755859375 5.217628936628609e-07
0.9683499755859375 4.155958595387009e-07
0.9693499755859375 2.784417160549689e-07
0.9703499755859375 2.529828041507324e-07
0.9713499755859375 2.7430147026696663e-07
0.9723499755859375 2.6485335271460806e-07
0.9733499755859375 3.1048446037099365e-07
0.9743499755859375 2.81439789035213e-07
0.9753499755859375 3.2838877323187234e-07
0.9763499755859375 3.8694041391212204e-07
0.9773499755859375 4.57903727802312e-07
0.9783499755859375 6.480207820489452e-07
0.9793499755859375 8.607884186961228e-07
0.9803499755859375 1.0237558937147148e-06
0.9813499755859375 1.1298813082264351e-06
0.9823499755859375 1.2011622974214626e-06
0.9833499755859375 1.1896899364328416e-06
0.9843499755859375 1.1310161391558749e-06
0.9853499755859375 1.1070860210686685e-06
0.9863499755859375 1.1210162786900008e-06
0.9873499755859375 1.1182747864637393e-06
0.9883499755859375 1.145397307699816e-06
0.9893499755859375 1.1758229720147156e-06
0.9903499755859375 1.178507080491985e-06
0.9913499755859375 1.1283195706995737e-06
0.9923499755859375 9.9136499479185e-07
0.9933499755859375 8.222166581285134e-07
0.9943499755859375 5.594538171299526e-07
0.9953499755859375 3.8682603648741214e-07
0.9963499755859375 2.691699780673555e-07
0.9973499755859375 3.0610013099283656e-07
0.9983499755859375 4.2286106004059405e-07
0.9993499755859375 3.6313301879691336e-07
1.0003499755859375 4.396552815025737e-07
1.0013499755859374 1.8637547267515303e-06
1.0023499755859375 8.284515985945292e-07
1.0033499755859374 2.51330981866837e-06
1.0043499755859375 1.191390720595268e-06
1.0053499755859374 8.255330365002429e-07
1.0063499755859375 1.445183905491182e-06
1.0073499755859374 1.4001467042611836e-06
1.0083499755859375 9.04308411789476e-07
1.0093499755859374 7.24622940961869e-07
1.0103499755859375 1.1023158809592644e-06
1.0113499755859374 1.2627728378028234e-06
1.0123499755859375 1.2854501988014086e-06
1.0133499755859374 6.986337016954633e-07
1.0143499755859375 1.0837017835850623e-06
1.0153499755859374 5.117133344780776e-07
1.0163499755859375 8.572805630609147e-07
1.0173499755859374 1.1745106214128185e-06
1.0183499755859375 1.2158571642999449e-06
1.0193499755859374 1.3469664454602363e-06
1.0203499755859375 1.4910942130020167e-06
1.0213499755859374 9.831329793542123e-07
1.0223499755859375 1.7436437910459903e-06
1.0233499755859374 1.0802494639991522e-06
1.0243499755859375 1.3927478893333344e-06
1.0253499755859374 1.4843527147367197e-06
1.0263499755859375 7.880088995385215e-07
1.0273499755859374 1.024267239303867e-06
1.0283499755859375 7.775428225463253e-07
1.0293499755859374 8.647938402260803e-07
1.0303499755859375 9.631822128136025e-07
1.0313499755859374 7.066404719008697e-07
1.0323499755859376 1.6604356456442361e-06
1.0333499755859374 4.0355882677444527e-07
1.0343499755859376 1.2390236601952582e-06
1.0353499755859374 1.2975267913270974e-06
1.0363499755859376 1.9029110218218973e-06
1.0373499755859374 2.15525920027539e-07
1.0383499755859376 1.2701172741394387e-06
1.0393499755859374 1.763437806073656e-06
1.0403499755859376 4.792507692393983e-07
1.0413499755859374 9.301979032801795e-07
1.0423499755859376 1.1906803328174826e-06
1.0433499755859375 6.875187863822795e-07
1.0443499755859376 1.547390243514491e-06
1.0453499755859375 7.924288133560242e-07
1.0463499755859376 9.6063022110828e-07
1.0473499755859375 5.241932614444494e-07
1.0483499755859376 9.63214245418769e-07
1.0493499755859375 6.269240665271006e-07
1.0503499755859376 2.209496316190117e-07
1.0513499755859375 1.0326951760256593e-06
1.0523499755859376 1.1204544362633366e-06
1.0533499755859375 1.388193050503909e-06
1.0543499755859376 1.6965102090455727e-07
1.0553499755859375 1.1143171697919938e-06
1.0563499755859376 1.1217348653237177e-06
1.0573499755859375 8.829710808747182e-07
1.0583499755859376 7.105130587512906e-07
1.0593499755859375 5.865191328250634e-07
1.0603499755859376 1.2969257280677118e-06
1.0613499755859375 8.212424864863416e-07
1.0623499755859376 1.560459483548222e-06
1.0633499755859375 3.113350188769976e-07
1.0643499755859376 6.755742258222848e-07
1.0653499755859375 3.936924988711946e-07
1.0663499755859376 9.06050990639155e-07
1.0673499755859375 7.1490311831095e-07
1.0683499755859376 1.1506421164254555e-06
1.0693499755859375 1.2652509416104594e-06
1.0703499755859376 1.0805532305308337e-06
1.0713499755859375 6.356043950275823e-07
1.0723499755859376 6.179398330525958e-07
1.0733499755859375 8.410383048529444e-08
1.0743499755859376 1.159077151298747e-06
1.0753499755859375 2.068891364602272e-06
1.0763499755859376 3.3847945405842794e-07
1.0773499755859375 1.6139476534167193e-06
1.0783499755859376 5.609468000609795e-07
1.0793499755859375 4.001161014490871e-07
1.0803499755859376 7.809376425927783e-07
1.0813499755859375 7.47203754281454e-07
1.0823499755859376 8.565288078440856e-07
1.0833499755859375 4.1839362619771724e-07
1.0843499755859376 8.244759292806484e-07
1.0853499755859375 1.1695253946921347e-06
1.0863499755859376 3.930809569350265e-07
1.0873499755859375 6.12358076293803e-07
1.0883499755859376 7.710938711856044e-07
1.0893499755859375 9.98409754098588e-07
1.0903499755859376 5.727563049838808e-07
1.0913499755859375 5.748247376160863e-07
1.0923499755859376 1.7050833556631907e-06
1.0933499755859375 6.370597737969254e-07
1.0943499755859376 3.79493262294204e-07
1.0953499755859375 6.985537949176955e-07
1.0963499755859376 8.23727343017882e-07
1.0973499755859375 3.9730609319414955e-07
1.0983499755859376 3.1155084695697677e-07
1.0993499755859375 1.2278656199765657e-06
1.1003499755859374 7.908124856719709e-07
1.1013499755859375 5.228557641550967e-07
1.1023499755859374 6.388423279317217e-07
1.1033499755859375 9.8440714358107e-07
1.1043499755859374 5.225444138905027e-07
1.1053499755859375 7.342541866399704e-07
1.1063499755859374 7.502572142577461e-07
1.1073499755859375 4.69044931650726e-07
1.1083499755859374 4.403405280767306e-08
1.1093499755859375 1.037031717988066e-06
1.1103499755859374 6.675446834982303e-07
1.1113499755859375 1.3856055601602135e-06
1.1123499755859374 1.202433141991718e-06
1.1133499755859375 6.842952989448203e-07
1.1143499755859374 1.360167140598361e-06
1.1153499755859375 1.2136449925051311e-06
1.1163499755859374 5.84280484376563e-07
1.1173499755859375 5.476643898076018e-07
1.1183499755859374 4.449180554848975e-07
1.1193499755859375 5.56201841008928e-08
1.1203499755859374 1.0221134021533772e-06
1.1213499755859375 8.669151925967173e-07
1.1223499755859374 1.115750995855029e-06
1.1233499755859375 1.284525988879812e-06
1.1243499755859374 5.140745414401544e-07
1.1253499755859375 1.3231526400697363e-06
1.1263499755859374 5.566116484044737e-07
1.1273499755859375 1.2141323324940353e-06
1.1283499755859374 6.876453221045096e-07
1.1293499755859375 1.3039733442962525e-06
1.1303499755859374 8.464387177562108e-07
1.1313499755859375 2.193190999699037e-07
1.1323499755859374 1.5020203377171728e-06
1.1333499755859375 5.951058421025495e-07
1.1343499755859374 7.170291657028391e-07
1.1353499755859375 6.107886617764768e-07
1.1363499755859374 1.243675331111018e-06
1.1373499755859375 9.569001893259288e-07
1.1383499755859374 1.0302559680966402e-06
1.1393499755859375 5.11931211224441e-07
1.1403499755859374 4.102482972784877e-07
1.1413499755859375 7.157582210240962e-07
1.1423499755859374 9.765364055624681e-07
1.1433499755859375 1.269204829290567e-06
1.1443499755859374 1.0903397175125277e-06
1.1453499755859375 2.0426922195400317e-07
1.1463499755859374 1.2740511470466748e-06
1.1473499755859375 4.133546867243385e-07
1.1483499755859374 1.0059139538816508e-06
1.1493499755859375 8.556215154258189e-07
1.1503499755859374 1.3389669603389998e-06
1.1513499755859375 6.486192609418096e-07
1.1523499755859374 5.111628284822013e-07
1.1533499755859375 1.314096031631642e-06
1.1543499755859374 5.74595275861542e-07
1.1553499755859375 1.1167026613334147e-06
1.1563499755859374 1.1227842445266979e-06
1.1573499755859376 1.2673162459142658e-06
1.1583499755859374 2.891623826999163e-07
1.1593499755859376 4.793485142346572e-07
1.1603499755859374 1.1316165714993051e-06
1.1613499755859376 1.2805513696217194e-06
1.1623499755859374 9.789009342786508e-07
1.1633499755859376 4.3934734379187546e-07
1.1643499755859374 8.046619822131445e-07
1.1653499755859376 1.1634180147788716e-06
1.1663499755859374 1.0187480076112027e-06
1.1673499755859376 4.3890343884321455e-07
1.1683499755859375 1.0840849733136772e-06
1.1693499755859376 1.1993879935580976e-06
1.1703499755859375 1.2053640811280997e-06
1.1713499755859376 8.344388773530913e-07
1.1723499755859375 1.7578749994273597e-06
1.1733499755859376 1.4059847966468063e-06
1.1743499755859375 3.4598694559842695e-07
1.1753499755859376 4.3917450991205155e-07
1.1763499755859375 1.0484964583568635e-06
1.1773499755859376 7.067650136910668e-07
1.1783499755859375 1.5596096369985208e-06
1.1793499755859376 5.125408466444789e-07
1.1803499755859375 1.0517953042795956e-06
1.1813499755859376 1.3294898873056709e-06
1.1823499755859375 4.223865485051773e-07
1.1833499755859376 7.144767400287986e-07
1.1843499755859375 1.3823516501192432e-06
1.1853499755859376 9.6894376363844e-07
1.1863499755859375 5.055206818486384e-07
1.1873499755859376 1.2669956013725237e-06
1.1883499755859375 1.1016577245898385e-06
1.1893499755859376 5.386396550363857e-07
1.1903499755859375 7.655317970876378e-07
1.1913499755859376 1.399207311230841e-06
1.1923499755859375 1.1723996487300399e-06
1.1933499755859376 1.1875788197892367e-06
1.1943499755859375 7.02369777501369e-07
1.1953499755859376 1.9961194419076813e-06
1.1963499755859375 1.3337476565907527e-06
1.1973499755859376 6.922522828492839e-07
1.1983499755859375 8.669121907543419e-07
1.1993499755859376 1.0058493502768735e-06
1.2003499755859375 1.3039277103179504e-06
1.2013499755859376 9.592327740399475e-07
1.2023499755859375 1.0570404710629813e-06
1.2033499755859376 1.217654043060204e-06
1.2043499755859375 1.7700237480609743e-06
1.2053499755859376 1.2532690499853773e-06
1.2063499755859375 9.065176865712175e-07
1.2073499755859376 1.559588338548844e-06
1.2083499755859375 1.3453657549232154e-06
1.2093499755859376 1.0915201724257852e-06
1.2103499755859375 1.2618781462856503e-06
1.2113499755859376 1.9932504582857755e-06
1.2123499755859375 1.4052223231035488e-06
1.2133499755859376 1.2900853878101216e-06
1.2143499755859375 1.0299015378766218e-06
1.2153499755859376 1.4589467829140144e-06
1.2163499755859375 1.730355323820468e-06
1.2173499755859376 1.5689645141640668e-06
1.2183499755859375 1.016108901364011e-06
1.2193499755859376 1.1586582487434143e-06
1.2203499755859375 1.2375373570261398e-06
1.2213499755859376 1.3932679310078597e-06
1.2223499755859375 1.686324732998252e-06
1.2233499755859376 1.2212018398688689e-06
1.2243499755859375 1.5718087090298665e-06
1.2253499755859374 1.394200260368621e-06
1.2263499755859375 1.3296439865431339e-06
1.2273499755859374 1.2350363396430685e-06
1.2283499755859375 6.255713869484283e-07
1.2293499755859374 1.5239747360301107e-06
1.2303499755859375 1.512950386603634e-06
1.2313499755859374 8.514857537055963e-07
1.2323499755859375 1.6651385685913015e-06
1.2333499755859374 1.748280340418396e-06
1.2343499755859375 1.8345096119332071e-06
1.2353499755859374 8.913081019654665e-07
1.2363499755859375 1.8329531796566747e-06
1.2373499755859374 1.8625322303241053e-06
1.2383499755859375 1.2930530475660355e-06
1.2393499755859374 2.5442639996082077e-06
1.2403499755859375 1.7032904014116026e-06
1.2413499755859374 1.9755792556261217e-06
1.2423499755859375 2.6088131678073142e-06
1.2433499755859374 2.356575168291683e-06
1.2443499755859375 2.056044750477983e-06
1.2453499755859374 2.3992374129654037e-06
1.2463499755859375 2.9559473316122424e-06
1.2473499755859374 3.1813342748683044e-06
1.2483499755859375 2.556251779900491e-06
1.2493499755859374 3.720350655769923e-06
1.2503499755859375 2.9818441081686196e-06
1.2513499755859374 3.3316537096256985e-06
1.2523499755859375 4.060506035678208e-06
1.2533499755859374 4.8123211185440995e-06
1.2543499755859375 4.072466403743716e-06
1.2553499755859374 4.659144120241254e-06
1.2563499755859375 5.142860694378676e-06
1.2573499755859374 5.061963813069787e-06
1.2583499755859375 5.509551787093145e-06
1.2593499755859374 6.124967453671383e-06
1.2603499755859375 7.443670314613648e-06
1.2613499755859374 6.7207086507342985e-06
1.2623499755859375 8.075242984238944e-06
1.2633499755859374 9.517765506670254e-06
1.2643499755859375 1.14027097766193e-05
1.2653499755859374 1.1976034845022645e-05
1.2663499755859375 1.4223636338862736e-05
1.2673499755859374 1.4870125023444222e-05
1.2683499755859375 1.8918435962695134e-05
1.2693499755859374 2.0386959781932683e-05
1.2703499755859375 2.408165017176462e-05
1.2713499755859374 2.854156545440787e-05
1.2723499755859375 3.154310372529118e-05
1.2733499755859374 3.6787321848471565e-05
1.2743499755859375 3.9283438386496676e-05
1.2753499755859374 4.545028232686758e-05
1.2763499755859375 5.202179664487355e-05
1.2773499755859374 6.056132795462013e-05
1.2783499755859375 6.613402482219335e-05
1.2793499755859374 7.760977627756482e-05
1.2803499755859375 8.624885452266089e-05
1.2813499755859374 9.763913608473646e-05
1.2823499755859376 0.00010990959648465187
1.2833499755859374 0.00013116818990948836
1.2843499755859376 0.0001443347403377279
1.2853499755859374 0.00016393168909369397
1.2863499755859376 0.00018432066155843485
1.2873499755859374 0.00022027123201139856
1.2883499755859376 0.0002521294774588698
1.2893499755859374 0.0002914514026172416
1.2903499755859376 0.00035409701051945406
1.2913499755859374 0.0004038272456554385
1.2923499755859376 0.00048666169220125237
1.2933499755859375 0.0005553963978660891
1.2943499755859376 0.0006729756021385139
1.2953499755859375 0.0008239528103971635
1.2963499755859376 0.0010005707925969253
1.2973499755859375 0.0012153517343290675
1.2983499755859376 0.001469201264603843
1.2993499755859375 0.0018026427181809415
1.3003499755859376 0.0021854813356541503
1.3013499755859375 0.0027005563437808105
1.3023499755859376 0.00326504378839256
1.3033499755859375 0.004007947493388828
1.3043499755859376 0.004915723726470362
1.3053499755859375 0.005652061132761447
1.3063499755859376 0.007049433890898377
1.3073499755859375 0.00823826943179944
1.3083499755859376 0.009310509566341087
1.3093499755859375 0.010578149623493847
1.3103499755859376 0.01176426823955264
1.3113499755859375 0.01338535529210258
1.3123499755859376 0.01395877488447797
1.3133499755859375 0.01628615358896368
1.3143499755859376 0.01801475107480013
1.3153499755859375 0.020800509388165613
1.3163499755859376 0.02328976072826943
1.3173499755859375 0.026799506154161573
1.3183499755859376 0.03072056032885756
1.3193499755859375 0.036173221095229836
1.3203499755859376 0.04092156338484537
1.3213499755859375 0.048227341911901575
1.3223499755859376 0.055334499686716776
1.3233499755859375 0.066886413678717
1.3243499755859376 0.07461619280209325
1.3253499755859375 0.08913251365169438
1.3263499755859376 0.10298142440184534
1.3273499755859375 0.12110797384777683
1.3283499755859376 0.14322806104288394
1.3293499755859375 0.16464175610485782
1.3303499755859376 0.19070299562690904
1.3313499755859375 0.21434474682246224
1.3323499755859376 0.2483562453857292
1.3333499755859375 0.27691492825294456
1.3343499755859376 0.3060990665308714
1.3353499755859375 0.32633538884864577
1.3363499755859376 0.3445068080289127
1.3373499755859375 0.36801938101945464
1.3383499755859376 0.3695754492442043
1.3393499755859375 0.38638534002809655
1.3403499755859376 0.38669352535079454
1.3413499755859375 0.3885800526272142
1.3423499755859376 0.3954187761302236
1.3433499755859375 0.38911509974529096
1.3443499755859376 0.3922982858609768
1.3453499755859375 0.39479984291897696
1.3463499755859376 0.3947292645906208
1.3473499755859375 0.3917405199178605
1.3483499755859376 0.40085311271120594
1.3493499755859375 0.3938673046088701
1.3503499755859374 0.4021402661867771
1.3513499755859375 0.3942738378380455
1.3523499755859374 0.3996543498360364
1.3533499755859375 0.3969005499848035
1.3543499755859374 0.3925724186701079
1.3553499755859375 0.4001752056074399
1.3563499755859374 0.39761447000478556
1.3573499755859375 0.39551132759052143
1.3583499755859374 0.3965063325726328
1.3593499755859375 0.3906993702389027
1.3603499755859374 0.40033473640897943
1.3613499755859375 0.3991888649726178
1.3623499755859374 0.3946923033203417
1.3633499755859375 0.3946197914891493
1.3643499755859374 0.3978483896670798
1.3653499755859375 0.3983125544247029
1.3663499755859374 0.39571964434534324
1.3673499755859375 0.40088470061313597
1.3683499755859374 0.39421390404841333
1.3693499755859375 0.3973646051638122
1.3703499755859374 0.3980099343673748
1.3713499755859375 0.3946240277240963
1.3723499755859374 0.3954715362122101
1.3733499755859375 0.3979096022870162
1.3743499755859374 0.3914037805617885
1.3753499755859375 0.3944938151375049
1.3763499755859374 0.38974564544225976
1.3773499755859375 0.3866723835394813
1.3783499755859374 0.3886531537561091
1.3793499755859375 0.3852839618687576
1.3803499755859374 0.38440110023952756
1.3813499755859375 0.38436259082656177
1.3823499755859374 0.3800351985839765
1.3833499755859375 0.3810498636151039
1.3843499755859374 0.3832814794334547
1.3853499755859375 0.37611696065331435
1.3863499755859374 0.3859876360889994
1.3873499755859375 0.37894086825879825
1.3883499755859374 0.3793846277198898
1.3893499755859375 0.3785216625289445
1.3903499755859374 0.3831334003442166
1.3913499755859375 0.3771116780980044
1.3923499755859374 0.38350845009834317
1.3933499755859375 0.3803368557329355
1.3943499755859374 0.3811771598073424
1.3953499755859375 0.3801072641598995
1.3963499755859374 0.37854645612221793
1.3973499755859375 0.3801671762883866
1.3983499755859374 0.38985994872264645
1.3993499755859375 0.38393846166419054
1.4003499755859374 0.38393607413884684
1.4013499755859375 0.3850822721830867
1.4023499755859374 0.38656789012129
1.4033499755859375 0.3893116733305526
1.4043499755859374 0.39385718347974263
1.4053499755859375 0.3935347794037911
1.4063499755859374 0.3900376588581598
1.4073499755859376 0.3962826406318573
1.4083499755859374 0.39723840715410086
1.4093499755859376 0.39704614471202027
1.4103499755859374 0.40179348029007833
1.4113499755859376 0.4001916620058614
1.4123499755859374 0.4015172341822698
1.4133499755859376 0.4051427015974521
1.4143499755859374 0.39841059144376756
1.4153499755859376 0.40755577461088516
1.4163499755859374 0.40730939829432844
1.4173499755859376 0.4085107665662052
1.4183499755859375 0.4106086902878404
1.4193499755859376 0.4097025693898766
1.4203499755859375 0.40569178625197433
1.4213499755859376 0.4149727233124748
1.4223499755859375 0.4096829412915205
1.4233499755859376 0.4129541506281763
1.4243499755859375 0.4128544884536972
1.4253499755859376 0.41214048205054293
1.4263499755859375 0.41486820241439615
1.4273499755859376 0.41194159500527605
1.4283499755859375 0.4107145100001194
1.4293499755859376 0.4128740060004744
1.4303499755859375 0.41727599488696
1.4313499755859376 0.41525288663726595
1.4323499755859375 0.41215607397246845
1.4333499755859376 0.4122495186348242
1.4343499755859375 0.41201343644449123
1.4353499755859376 0.4115591549743829
1.4363499755859375 0.4109203556325464
1.4373499755859376 0.4110932175648865
1.4383499755859375 0.4113507018793432
1.4393499755859376 0.4106107010808137
1.4403499755859375 0.41312058179614874
1.4413499755859376 0.4107998921418722
1.4423499755859375 0.4103932316672807
1.4433499755859376 0.4136955235118962
1.4443499755859375 0.4120822664622087
1.4453499755859376 0.41378692740662576
1.4463499755859375 0.411963665271618
1.4473499755859376 0.4148904856457149
1.4483499755859375 0.41643914102632507
1.4493499755859376 0.41758821626919274
1.4503499755859375 0.41181318707786474
1.4513499755859376 0.41745296254521724
1.4523499755859375 0.4186439403285309
1.4533499755859376 0.4201412548609012
1.4543499755859375 0.4199925119233763
1.4553499755859376 0.42249076666773466
1.4563499755859375 0.4164077719396925
1.4573499755859376 0.4209685399429393
1.4583499755859375 0.42603606490772533
1.4593499755859376 0.4228265821935039
1.4603499755859375 0.42291154445920587
1.4613499755859376 0.4239092891919545
1.4623499755859375 0.42424789817307873
1.4633499755859376 0.42394380531851616
1.4643499755859375 0.42768064937227807
1.4653499755859376 0.4242124768642206
1.4663499755859375 0.42149651877791017
1.4673499755859376 0.42610915085315515
1.4683499755859375 0.4159541576792022
1.4693499755859376 0.41255891492587277
1.4703499755859375 0.4065777244279137
1.4713499755859376 0.39730248234367016
1.4723499755859375 0.3841638246252186
1.4733499755859376 0.3657734126994858
1.4743499755859375 0.3460187916214117
1.4753499755859374 0.3193765733960306
1.4763499755859375 0.29799137547892207
1.4773499755859374 0.2659260893055381
1.4783499755859375 0.2364895945746745
1.4793499755859374 0.2048967732959695
1.4803499755859375 0.17765458965201075
1.4813499755859374 0.1529685091374166
1.4823499755859375 0.1289917533797172
1.4833499755859374 0.11087455174334038
1.4843499755859375 0.09577406321072382
1.4853499755859374 0.08131377473922159
1.4863499755859375 0.06951731567364283
1.4873499755859374 0.05827273997111725
1.4883499755859375 0.053480977703439764
1.4893499755859374 0.04402665921871367
1.4903499755859375 0.03874268063280948
1.4913499755859374 0.033641294069365814
1.4923499755859375 0.029590802220606158
1.4933499755859374 0.026416358517918542
1.4943499755859375 0.02289236028367224
1.4953499755859374 0.021292113018068305
1.4963499755859375 0.019062932613428334
1.4973499755859374 0.017198748479878144
1.4983499755859375 0.015150334949018896
1.4993499755859374 0.013500458483588388
1.5003499755859375 0.01144309456414905
1.5013499755859374 0.009473926068499575
1.5023499755859375 0.007900623646154854
1.5033499755859374 0.006534072881854624
1.5043499755859375 0.0054480255019652675
1.5053499755859374 0.004547780873239902
1.5063499755859375 0.0037820919770837173
1.5073499755859374 0.0032475445411923425
1.5083499755859375 0.002747958003791462
1.5093499755859374 0.0023603973576662093
1.5103499755859375 0.002007507752721888
1.5113499755859374 0.0017196982363189266
1.5123499755859375 0.0014861133669631192
1.5133499755859374 0.0012801255173864163
1.5143499755859375 0.0011444781172858997
1.5153499755859374 0.0009796537801241645
1.5163499755859375 0.0008636230691181272
1.5173499755859374 0.000754312302985027
1.5183499755859375 0.0006723686499716841
1.5193499755859374 0.0005921961328924952
1.5203499755859375 0.0005196702270521371
1.5213499755859374 0.00047066266531230313
1.5223499755859375 0.0004129851672278556
1.5233499755859374 0.0003782207182747497
1.5243499755859375 0.0003371423699798728
1.5253499755859374 0.0002982440461920062
1.5263499755859375 0.0002713316598575576
1.5273499755859374 0.00024405469682095427
1.5283499755859375 0.00022291759455968506
1.5293499755859374 0.00019831292245374817
1.5303499755859375 0.000179976044913744
1.5313499755859374 0.00016493020806206224
1.5323499755859376 0.00014818334774218767
1.5333499755859374 0.00013534704635731162
1.5343499755859376 0.0001232838211280553
1.5353499755859374 0.00011055508806951417
1.5363499755859376 0.0001024878126088539
1.5373499755859374 9.360746554886182e-05
1.5383499755859376 8.572351057027104e-05
1.5393499755859374 7.75903157355953e-05
1.5403499755859376 7.150778031401168e-05
1.5413499755859374 6.408951632496419e-05
1.5423499755859376 5.867925933848524e-05
1.5433499755859375 5.4997478647388315e-05
1.5443499755859376 5.039620232491265e-05
1.5453499755859375 4.502730373574904e-05
1.5463499755859376 4.1637327282814485e-05
1.5473499755859375 3.980748052808006e-05
1.5483499755859376 3.435262794314623e-05
1.5493499755859375 3.281637436852535e-05
1.5503499755859376 3.0112972924805633e-05
1.5513499755859375 2.6831284324035833e-05
1.5523499755859376 2.5881203178307957e-05
1.5533499755859375 2.3059837810747682e-05
1.5543499755859376 2.1129744573695946e-05
1.5553499755859375 2.194440325021997e-05
1.5563499755859376 1.861168374858942e-05
1.5573499755859375 1.6457644268173582e-05
1.5583499755859376 1.6922598926561895e-05
1.5593499755859375 1.577210325782434e-05
1.5603499755859376 1.486324554585512e-05
1.5613499755859375 1.3272073878264821e-05
1.5623499755859376 1.2083333707210563e-05
1.5633499755859375 1.1210747107097947e-05
1.5643499755859376 1.0406555268657834e-05
1.5653499755859375 9.909067021479498e-06
1.5663499755859376 1.0282920563764063e-05
1.5673499755859375 1.0122490972142137e-05
1.5683499755859376 9.076029162664695e-06
1.5693499755859375 9.701163077507164e-06
1.5703499755859376 7.789792247672569e-06
1.5713499755859375 7.478351918354777e-06
1.5723499755859376 7.873501596914612e-06
1.5733499755859375 7.921388413409726e-06
1.5743499755859376 7.487420199415872e-06
1.5753499755859375 5.81112803960119e-06
1.5763499755859376 5.027209938407305e-06
1.5773499755859375 7.589907197845589e-06
1.5783499755859376 6.747225709992278e-06
1.5793499755859375 6.1135235618362394e-06
1.5803499755859376 5.532814952757317e-06
1.5813499755859375 6.375217827989702e-06
1.5823499755859376 5.768222038100853e-06
1.5833499755859375 6.766510055458516e-06
1.5843499755859376 4.125258478921027e-06
1.5853499755859375 3.67074299280407e-06
1.5863499755859376 5.2920305257686595e-06
1.5873499755859375 4.9238455513353005e-06
1.5883499755859376 3.3891413919800707e-06
1.5893499755859375 3.535383084152172e-06
1.5903499755859376 4.305467305059973e-06
1.5913499755859375 5.6896348406636875e-06
1.5923499755859376 3.821737175660776e-06
1.5933499755859375 3.7756197269616574e-06
1.5943499755859376 4.546629137933295e-06
1.5953499755859375 3.893673472825058e-06
1.5963499755859376 4.341185167212299e-06
1.5973499755859375 3.905867950423954e-06
1.5983499755859376 2.832089453271127e-06
1.5993499755859375 4.1692021699980364e-06
1.6003499755859374 3.328881795720075e-06
1.6013499755859375 3.264082588768211e-06
1.6023499755859374 3.818045601321387e-06
1.6033499755859375 4.148560182581067e-06
1.6043499755859374 2.5527315460856448e-06
1.6053499755859375 3.568820083393733e-06
1.6063499755859374 1.7247492926924247e-06
1.6073499755859375 2.76695271503959e-06
1.6083499755859374 2.111121921602953e-06
1.6093499755859375 4.000901889101962e-06
1.6103499755859374 2.3281307858386854e-06
1.6113499755859375 1.5644210678769754e-06
1.6123499755859374 2.5256934211895367e-06
1.6133499755859375 1.740627436482634e-06
1.6143499755859374 2.939171467164662e-06
1.6153499755859375 2.6398674266350923e-06
1.6163499755859374 1.861303706005451e-06
1.6173499755859375 1.7445895487850509e-06
1.6183499755859374 2.1376568375446683e-06
1.6193499755859375 2.0632897477190107e-06
1.6203499755859374 1.582105120290936e-06
1.6213499755859375 6.77294374388114e-07
1.6223499755859374 2.174956213336719e-06
1.6233499755859375 1.7940461428238653e-06
1.6243499755859374 2.444736101041165e-06
1.6253499755859375 1.4658699913232188e-06
1.6263499755859374 1.8210764418307526e-06
1.6273499755859375 6.180519119007759e-07
1.6283499755859374 8.9689023738695e-07
1.6293499755859375 2.062120812120982e-06
1.6303499755859374 1.487186139893041e-06
1.6313499755859375 3.01613485443943e-06
1.6323499755859374 7.833490008696893e-07
1.6333499755859375 3.6283087537959204e-06
1.6343499755859374 1.0479560685659633e-06
1.6353499755859375 1.1966265044216857e-06
1.6363499755859374 2.3799814383701473e-06
1.6373499755859375 2.331729443644818e-06
1.6383499755859374 7.51982840960169e-07
1.6393499755859375 1.8072242224682464e-06
1.6403499755859374 2.4299756429364745e-06
1.6413499755859375 2.280598439332964e-06
1.6423499755859374 2.561098217308841e-06
1.6433499755859375 2.17408345459043e-06
1.6443499755859374 1.2769530537713203e-06
1.6453499755859375 2.465252923494099e-07
1.6463499755859374 2.836710029050814e-06
1.6473499755859375 5.260623776130563e-07
1.6483499755859374 3.91577257507026e-06
1.6493499755859375 1.2690973620817067e-06
1.6503499755859374 1.8422935265003237e-06
1.6513499755859375 1.6178525130073533e-06
1.6523499755859374 2.8188206369379297e-06
1.6533499755859375 1.6215987769299046e-06
1.6543499755859374 2.3954349095243963e-06
1.6553499755859375 2.8516529614050025e-06
1.6563499755859374 1.15473157151385e-06
1.6573499755859376 2.08083158017961e-06
1.6583499755859374 2.3615482664903268e-06
1.6593499755859376 2.933960517356732e-06
1.6603499755859374 1.8801229102906239e-06
1.6613499755859376 1.3364763718500714e-06
1.6623499755859374 3.4809132992449527e-06
1.6633499755859376 1.6085988484125089e-06
1.6643499755859374 3.909302803912008e-06
1.6653499755859376 2.021905999936897e-06
1.6663499755859374 2.9534129061236443e-06
1.6673499755859376 1.5200542941031884e-06
1.6683499755859375 3.4786173908789354e-06
1.6693499755859376 1.6655844546646211e-06
1.6703499755859375 1.0615260131361397e-06
1.6713499755859376 2.516874810118582e-06
1.6723499755859375 1.273512908238679e-06
1.6733499755859376 2.5011247696808875e-06
1.6743499755859375 1.5688762682505043e-06
1.6753499755859376 3.971751332897953e-06
1.6763499755859375 1.3338349683221131e-06
1.6773499755859376 2.6212464133372548e-06
1.6783499755859375 1.7130877703535148e-06
1.6793499755859376 2.6277920842209076e-06
1.6803499755859375 4.5003974700465805e-06
1.6813499755859376 4.427114385772049e-06
1.6823499755859375 1.4516233553816306e-06
1.6833499755859376 2.9444487474874095e-06
1.6843499755859375 1.0596648811711138e-06
1.6853499755859376 1.4000239936130996e-06
1.6863499755859375 1.0973549552597027e-06
1.6873499755859376 4.696178703526406e-06
1.6883499755859375 2.519807513847142e-06
1.6893499755859376 1.823771650197448e-06
1.6903499755859375 3.8030130454639628e-06
1.6913499755859376 3.0310264303422524e-06
1.6923499755859375 2.2533884142056736e-06
1.6933499755859376 3.297587674701679e-06
1.6943499755859375 1.566234063471466e-06
1.6953499755859376 1.6091437003473933e-06
1.6963499755859375 2.174059195754144e-06
1.6973499755859376 2.597416960335366e-06
1.6983499755859375 1.82456823766963e-06
1.6993499755859376 1.3314626773167386e-06
1.7003499755859375 5.816045621941715e-06
1.7013499755859376 3.8729014326106785e-07
1.7023499755859375 1.679073207436331e-06
1.7033499755859376 3.8148590516600524e-06
1.7043499755859375 1.6225797391500112e-06
1.7053499755859376 2.9204688302219845e-06
1.7063499755859375 2.4202230191022046e-06
1.7073499755859376 3.5508016652881504e-06
1.7083499755859375 2.1994979296455745e-06
1.7093499755859376 1.7021222969678819e-06
1.7103499755859375 1.0073144311143035e-06
1.7113499755859376 2.6490738749755707e-06
1.7123499755859375 4.474117836329016e-06
1.7133499755859376 3.6851018675359937e-06
1.7143499755859375 2.211604385217401e-06
1.7153499755859376 2.036458260402603e-06
1.7163499755859375 3.815648432531313e-06
1.7173499755859376 5.067578905503098e-06
1.7183499755859375 3.432432653029016e-06
1.7193499755859376 1.2974696242484415e-06
1.7203499755859375 3.0999416219000244e-06
1.7213499755859376 2.4394233375676346e-06
1.7223499755859375 3.078037592706834e-06
1.7233499755859376 2.0191850327448765e-06
1.7243499755859375 1.014961029007913e-06
1.7253499755859374 2.5192619248599524e-06
1.7263499755859375 4.7224778670939685e-06
1.7273499755859374 3.450590728171978e-06
1.7283499755859375 1.7887021661657709e-06
1.7293499755859374 2.31146600319335e-06
1.7303499755859375 2.6395479894227035e-06
1.7313499755859374 1.4702422684932929e-06
1.7323499755859375 1.8122651058822654e-06
1.7333499755859374 2.625584323264686e-06
1.7343499755859375 3.601447509078309e-06
1.7353499755859374 1.4619492013548185e-06
1.7363499755859375 2.3690930698406316e-06
1.7373499755859374 5.225707412900153e-06
1.7383499755859375 1.4660480074221716e-06
1.7393499755859374 4.993733125010419e-06
1.7403499755859375 5.817924605720258e-06
1.7413499755859374 9.767580311593752e-07
1.7423499755859375 2.889892715055889e-06
1.7433499755859374 3.302410280179061e-06
1.7443499755859375 7.979086751022227e-07
1.7453499755859374 1.5988614023914605e-06
1.7463499755859375 2.0528133744203177e-06
1.7473499755859374 1.3052223529201594e-06
1.7483499755859375 1.776349521706408e-06
1.7493499755859374 3.015113761158236e-06
1.7503499755859375 9.837727934994959e-07
1.7513499755859374 3.6402324932530273e-06
1.7523499755859375 5.049418525843693e-06
1.7533499755859374 1.2700144413026437e-06
1.7543499755859375 1.9669402966635015e-06
1.7553499755859374 4.81095559880537e-06
1.7563499755859375 6.0877796974471876e-06
1.7573499755859374 3.0437936220959505e-06
1.7583499755859375 5.306284345567867e-06
1.7593499755859374 1.7206696646645494e-06
1.7603499755859375 4.1369429223680195e-06
1.7613499755859374 3.219312287106443e-06
1.7623499755859375 2.2527959171778843e-06
1.7633499755859374 3.2637797551879764e-06
1.7643499755859375 3.309121717571176e-06
1.7653499755859374 2.5274687650840448e-06
1.7663499755859375 2.843749289601889e-06
1.7673499755859374 1.556512623552476e-06
1.7683499755859375 1.8788698662295486e-06
1.7693499755859374 1.1846554085376807e-06
1.7703499755859375 1.9141340348829497e-06
1.7713499755859374 2.9891586519918783e-06
1.7723499755859375 5.052356337342096e-06
1.7733499755859374 2.6711063488608873e-06
1.7743499755859375 4.021783615535852e-06
1.7753499755859374 7.963718637823849e-07
1.7763499755859375 2.9552652775874568e-06
1.7773499755859374 1.8647991072118056e-06
1.7783499755859375 3.9414691071295504e-06
1.7793499755859374 1.8427811987618965e-06
1.7803499755859375 2.765997319838014e-06
1.7813499755859374 2.8780586824196687e-06
1.7823499755859376 2.3101183689179278e-06
1.7833499755859374 4.358543976229598e-06
1.7843499755859376 1.6237538084486953e-06
1.7853499755859374 3.977407074201644e-06
1.7863499755859376 2.7118349693269277e-06
1.7873499755859374 3.5123756166942317e-06
1.7883499755859376 1.1264130668600168e-06
1.7893499755859374 3.5665420533767874e-06
1.7903499755859376 2.6567703457315248e-06
1.7913499755859374 4.510181062734041e-06
1.7923499755859376 2.7008900260457282e-06
1.7933499755859375 2.698244093557954e-06
1.7943499755859376 1.916295075388692e-06
1.7953499755859375 5.5232136512894595e-06
1.7963499755859376 3.4727469199585307e-06
1.7973499755859375 2.8532240012603705e-06
1.7983499755859376 3.4350452967651864e-06
1.7993499755859375 3.7028041124546763e-06
1.8003499755859376 1.958841752445443e-06
1.8013499755859375 2.261784336623265e-06
1.8023499755859376 1.9380889296497277e-06
1.8033499755859375 3.6792549449276456e-06
1.8043499755859376 2.67914790564317e-06
1.8053499755859375 2.416646298218122e-06
1.8063499755859376 2.792505936428941e-06
1.8073499755859375 4.4818747613759095e-06
1.8083499755859376 3.622258481759229e-06
1.8093499755859375 3.496300770817115e-06
1.8103499755859376 1.0200991853173185e-06
1.8113499755859375 3.5330604061194145e-06
1.8123499755859376 1.1478635968678786e-06
1.8133499755859375 1.4726380251203306e-06
1.8143499755859376 2.043629094939369e-06
1.8153499755859375 3.0051236779634666e-06
1.8163499755859376 8.618735167065625e-07
1.8173499755859375 9.25951173312295e-07
1.8183499755859376 3.0127423045422003e-06
1.8193499755859375 1.9982013931684605e-06
1.8203499755859376 2.4802298042899975e-06
1.8213499755859375 1.0242310270669422e-06
1.8223499755859376 3.7515361849234052e-06
1.8233499755859375 2.8495589098894063e-06
1.8243499755859376 3.1030198002512067e-06
1.8253499755859375 4.3673155134726075e-06
1.8263499755859376 3.856994109552111e-06
1.8273499755859375 2.9970006787777037e-06
1.8283499755859376 3.416381940727893e-06
1.8293499755859375 5.067785994438166e-06
1.8303499755859376 4.671712583836564e-06
1.8313499755859375 6.7238652310287185e-06
1.8323499755859376 3.5595937200700368e-06
1.8333499755859375 4.7734253123848524e-11
1.8343499755859376 3.6283498416441087e-06
1.8353499755859375 2.5314890686999202e-06
1.8363499755859376 3.2396695943795242e-06
1.8373499755859375 4.895440067243105e-06
1.8383499755859376 3.019961087262025e-06
1.8393499755859375 2.6253853862851867e-06
1.8403499755859376 4.880724748838101e-06
1.8413499755859375 2.323785198465473e-06
1.8423499755859376 3.2255090867431664e-06
1.8433499755859375 4.268670216000959e-06
1.8443499755859376 4.283058219363989e-06
1.8453499755859375 4.107574280768682e-06
1.8463499755859376 5.793559663142726e-06
1.8473499755859375 2.2447932304032198e-06
1.8483499755859376 4.873999872219705e-06
1.8493499755859375 4.769365818484587e-06
1.8503499755859374 9.014184223015312e-07
1.8513499755859375 6.317339352981089e-06
1.8523499755859374 4.034105331766483e-06
1.8533499755859375 2.221855324018221e-06
1.8543499755859374 7.091961679981666e-06
1.8553499755859375 3.0145927318653813e-06
1.8563499755859374 5.286004971744003e-06
1.8573499755859375 2.096903052931418e-06
1.8583499755859374 4.7008310956697004e-06
1.8593499755859375 3.704596520336141e-06
1.8603499755859374 3.1146757762191814e-06
1.8613499755859375 2.6446129732508153e-06
1.8623499755859374 5.312985571292774e-06
1.8633499755859375 3.4606500378472825e-06
1.8643499755859374 2.872955874246512e-06
1.8653499755859375 5.687522913018942e-06
1.8663499755859374 4.1212102408201815e-06
1.8673499755859375 2.060424546888821e-06
1.8683499755859374 3.2658393147240457e-06
1.8693499755859375 3.0393332737241786e-06
1.8703499755859374 4.74139397412351e-06
1.8713499755859375 8.786065791897071e-07
1.8723499755859374 7.903541013661818e-06
1.8733499755859375 3.529251125889992e-06
1.8743499755859374 3.2470173047846783e-06
1.8753499755859375 6.0735122808627946e-06
1.8763499755859374 2.429416615832635e-06
1.8773499755859375 3.220235488055585e-06
1.8783499755859374 5.273330660575863e-06
1.8793499755859375 5.068597356160128e-06
1.8803499755859374 5.184139712163713e-06
1.8813499755859375 2.379586061706042e-06
1.8823499755859374 2.2353786369200644e-06
1.8833499755859375 6.17847245689645e-06
1.8843499755859374 2.756741830929173e-06
1.8853499755859375 5.241648439949993e-06
1.8863499755859374 3.95036906030804e-06
1.8873499755859375 3.237165525012637e-06
1.8883499755859374 2.5494849442913212e-06
1.8893499755859375 6.65986582440139e-06
1.8903499755859374 6.394260397998377e-06
1.8913499755859375 6.213538106651562e-06
1.8923499755859374 1.591015124873038e-06
1.8933499755859375 1.4758851328797182e-06
1.8943499755859374 1.4070131209506342e-06
1.8953499755859375 2.9072430245613767e-06
1.8963499755859374 2.6338120801662894e-06
1.8973499755859375 2.551537359878088e-06
1.8983499755859374 8.037967738358588e-06
1.8993499755859375 5.67071441664966e-06
1.9003499755859374 1.8290107990548872e-06
1.9013499755859375 9.91104717102811e-06
1.9023499755859374 5.001751084100562e-06
1.9033499755859375 7.930445172728742e-06
1.9043499755859374 2.0223116498809968e-06
1.9053499755859375 7.873809301094389e-06
1.9063499755859374 7.038181224856246e-06
1.9073499755859376 7.2586165426448076e-06
1.9083499755859374 6.970782955314712e-06
1.9093499755859376 6.975523482542974e-06
1.9103499755859374 6.808593622176095e-06
1.9113499755859376 4.4297448752310566e-06
1.9123499755859374 2.393278378240816e-06
1.9133499755859376 4.087296446962357e-06
1.9143499755859374 5.431261517310968e-06
1.9153499755859376 5.113104278816037e-06
1.9163499755859374 5.041624913319088e-06
1.9173499755859376 3.186749641214555e-06
1.9183499755859375 3.874618796185775e-06
1.9193499755859376 4.232021221835209e-06
1.9203499755859375 2.246724018183522e-06
1.9213499755859376 3.5035962469901277e-06
1.9223499755859375 4.025238276525724e-06
1.9233499755859376 3.884750904416036e-06
1.9243499755859375 7.184033993030103e-06
1.9253499755859376 6.613101547222975e-06
1.9263499755859375 2.6312513509614205e-06
1.9273499755859376 2.338756268875944e-06
1.9283499755859375 1.0772218381202158e-05
1.9293499755859376 2.8488239213216667e-06
1.9303499755859375 4.894528793625452e-06
1.9313499755859376 7.879776660438761e-06
1.9323499755859375 5.038603094542062e-06
1.9333499755859376 5.407503589840229e-06
1.9343499755859375 4.14264593563318e-06
1.9353499755859376 6.161395881268202e-06
1.9363499755859375 4.024529716973828e-06
1.9373499755859376 8.518152687443276e-06
1.9383499755859375 5.914779817123917e-06
1.9393499755859376 7.25236224870352e-06
1.9403499755859375 1.6920208072388153e-06
1.9413499755859376 1.0036598870967573e-06
1.9423499755859375 5.865833973184098e-06
1.9433499755859376 5.618579682066876e-06
1.9443499755859375 9.053656880924664e-06
1.9453499755859376 3.5856753445532546e-06
1.9463499755859375 3.822928218191898e-06
1.9473499755859376 2.0716892505779227e-06
1.9483499755859375 5.680323886395418e-06
1.9493499755859376 6.064864559272868e-06
1.9503499755859375 3.845937358076182e-06
1.9513499755859376 6.858600501239209e-06
1.9523499755859375 4.594107527710937e-06
1.9533499755859376 8.230406813391414e-06
1.9543499755859375 6.828893857530827e-06
1.9553499755859376 3.7255011851947504e-06
1.9563499755859375 2.632887955781121e-06
1.9573499755859376 2.2731550224051581e-07
1.9583499755859375 4.994809987022988e-06
1.9593499755859376 5.364658015066272e-06
1.9603499755859375 5.125108598100695e-06
1.9613499755859376 3.985422380863595e-06
1.9623499755859375 4.271168734986399e-06
1.9633499755859376 4.345433578215178e-06
1.9643499755859375 4.945109080816842e-06
1.9653499755859376 2.4664768920984685e-06
1.9663499755859375 4.622421348678837e-06
1.9673499755859376 4.146664034481703e-06
1.9683499755859375 5.9423037749881e-06
1.9693499755859376 6.107866840871226e-06
1.9703499755859375 6.681552163501213e-06
1.9713499755859376 7.131960461944959e-06
1.9723499755859375 3.2327088501208577e-06
1.9733499755859376 7.895213789993651e-06
1.9743499755859375 3.3240395671671043e-06
1.9753499755859374 5.122814177065205e-06
1.9763499755859375 5.913608601423524e-06
1.9773499755859374 6.617847832913748e-06
1.9783499755859375 7.110546038097578e-06
1.9793499755859374 7.664868685730573e-06
1.9803499755859375 4.082295547053175e-06
1.9813499755859374 4.874540973168315e-06
1.9823499755859375 4.148516425722063e-06
1.9833499755859374 5.134663932774642e-06
1.9843499755859375 7.826048673467313e-06
1.9853499755859374 8.86600741618282e-06
1.9863499755859375 7.590296164976246e-06
1.9873499755859374 2.1117866652045776e-06
1.9883499755859375 6.133090465894335e-06
1.9893499755859374 4.552092058206915e-06
1.9903499755859375 4.250058232883728e-06
1.9913499755859374 7.884409557081023e-06
1.9923499755859375 4.640401579310715e-06
1.9933499755859374 9.861598719227319e-06
1.9943499755859375 3.081623606856243e-06
1.9953499755859374 7.405534870782578e-06
1.9963499755859375 4.7781453486852994e-06
1.9973499755859374 7.198256323909385e-06
1.9983499755859375 5.393100387164015e-06
1.9993499755859374 1.096708317321119e-05
2.0003499755859373 5.956819326075073e-06
2.0013499755859376 2.5445704285778696e-06
2.0023499755859375 7.216080395072087e-06
2.0033499755859374 5.681250050435672e-06
2.0043499755859373 5.835527493131879e-06
2.0053499755859376 8.562411046644442e-06
2.0063499755859375 7.641557210732987e-06
2.0073499755859374 6.729605663148562e-06
2.0083499755859373 2.4673771140381034e-06
2.0093499755859376 2.0351414893609036e-06
2.0103499755859375 6.994805907820111e-06
2.0113499755859374 9.46446839266784e-06
2.0123499755859373 6.770858992381882e-06
2.0133499755859376 8.845366889315404e-06
2.0143499755859375 4.157968167071539e-06
2.0153499755859374 5.4101914119672445e-06
2.0163499755859373 5.421046964600132e-06
2.0173499755859376 8.597207842893516e-06
2.0183499755859375 4.968035363745817e-06
2.0193499755859374 8.849270686050183e-06
2.0203499755859373 8.14212873066565e-06
2.0213499755859377 7.960547605944268e-06
2.0223499755859375 8.277404284549938e-06
2.0233499755859374 6.580127752824615e-06
2.0243499755859373 6.017409012749957e-06
2.0253499755859377 4.089173896347414e-06
2.0263499755859375 1.4689710504278382e-05
2.0273499755859374 1.0200367452013955e-05
2.0283499755859373 1.3022002338198538e-05
2.0293499755859377 3.777911666047869e-06
2.0303499755859375 4.256192583872196e-06
2.0313499755859374 6.640519832646952e-06
2.0323499755859373 5.6661738526648206e-06
2.0333499755859377 3.5414562595397825e-06
2.0343499755859376 2.845918854986336e-06
2.0353499755859374 3.917835553950943e-06
2.0363499755859373 1.0606392095700768e-06
2.0373499755859377 9.351425974406579e-06
2.0383499755859376 6.135099716060682e-06
2.0393499755859374 6.3093612529676485e-06
2.0403499755859373 5.303709618836732e-06
2.0413499755859377 5.0682910899982135e-06
2.0423499755859376 6.404225897304156e-06
2.0433499755859375 6.177791618035551e-06
2.0443499755859373 1.3213154850908331e-05
2.0453499755859377 4.4343549234896066e-06
2.0463499755859376 6.754766921951982e-06
2.0473499755859375 4.867225889984126e-06
2.04835009765625 1.0689623413010834e-05
2.04935009765625 3.4585984155674546e-06
2.05035009765625 5.254575302079637e-06
2.05135009765625 1.7407805568073648e-06
2.05235009765625 4.056761856923878e-06
2.05335009765625 2.545183650498531e-06
2.05435009765625 3.7510128574735165e-06
2.05535009765625 1.0127841220607006e-05
2.05635009765625 1.2167258323010294e-06
2.05735009765625 9.150686021114775e-06
2.05835009765625 4.695536165263021e-06
2.05935009765625 8.128076456263234e-06
2.06035009765625 9.874906384323621e-06
2.06135009765625 6.648905679360996e-06
2.06235009765625 6.226333801139043e-06
2.06335009765625 1.354404086180135e-05
2.06435009765625 7.757272115953425e-06
2.06535009765625 4.7675186600021405e-06
2.06635009765625 1.1467461901377919e-05
2.06735009765625 4.769990167233132e-06
2.06835009765625 8.219097057605336e-06
2.06935009765625 8.857755452588398e-06
2.07035009765625 8.233149875455183e-06
2.07135009765625 4.709304120615365e-06
2.07235009765625 3.8540051219689076e-06
2.07335009765625 3.6135499239154996e-06
2.07435009765625 8.557097112840416e-06
2.07535009765625 1.0108086874347313e-05
2.07635009765625 8.799301387944168e-06
2.07735009765625 8.321761757591164e-06
2.07835009765625 5.496999169315889e-06
2.07935009765625 7.7798778070199e-06
2.08035009765625 1.7534119704721834e-06
2.08135009765625 3.5766828115709366e-06
2.08235009765625 4.724247676048314e-06
2.08335009765625 4.9379744729640765e-06
2.08435009765625 1.0536125627673166e-05
2.08535009765625 1.2548927853557725e-05
2.08635009765625 8.720493784768578e-06
2.08735009765625 3.335243004943e-06
2.08835009765625 6.538988315054696e-06
2.08935009765625 8.732647932535384e-06
2.09035009765625 8.52135183521174e-06
2.09135009765625 1.0946482680364099e-05
2.09235009765625 7.801012896942791e-06
2.09335009765625 5.539220690294587e-06
2.09435009765625 7.316763262677789e-06
2.09535009765625 3.2812076312137592e-06
2.09635009765625 8.126072497591336e-06
2.09735009765625 7.394631331767791e-06
2.09835009765625 7.746673898984855e-06
2.09935009765625 8.53634161686577e-06
2.10035009765625 1.0233122510729155e-05
2.10135009765625 4.905592784651221e-06
2.10235009765625 8.418791493911735e-06
2.10335009765625 5.952523275268378e-06
2.10435009765625 7.788225600857019e-06
2.10535009765625 1.079001600366707e-05
2.10635009765625 3.676826520758172e-06
2.10735009765625 1.1219310475432124e-05
2.10835009765625 1.0905457344885727e-05
2.10935009765625 1.1757538773030289e-05
2.11035009765625 3.839314697572892e-06
2.11135009765625 1.1267021453322699e-05
2.11235009765625 6.119264073739963e-06
2.11335009765625 6.375830666540371e-06
2.11435009765625 8.460789880498003e-06
2.11535009765625 7.180171716356945e-06
2.11635009765625 7.264680149460045e-06
2.11735009765625 7.9826107091091e-06
2.11835009765625 7.038177039043861e-06
2.11935009765625 9.74513337962535e-06
2.12035009765625 2.1224148561282877e-06
2.12135009765625 9.02372010992112e-06
2.12235009765625 7.0021005580652605e-06
2.12335009765625 1.822347902261056e-06
2.12435009765625 6.786948428745092e-06
2.12535009765625 6.509061807925606e-06
2.12635009765625 7.719305735879778e-06
2.12735009765625 3.783681365039534e-06
2.12835009765625 1.4500205653794463e-05
2.12935009765625 8.463382770755169e-06
2.13035009765625 5.462407809399874e-06
2.13135009765625 1.4494506261023484e-05
2.13235009765625 7.427034633568613e-06
2.13335009765625 9.66842342535977e-06
2.13435009765625 8.22233079568552e-06
2.13535009765625 1.0525578771352013e-05
2.13635009765625 1.023615183309578e-05
2.13735009765625 3.180333462464371e-06
2.13835009765625 7.45743642846622e-06
2.13935009765625 5.464950926312861e-06
2.14035009765625 5.7128359631806525e-06
2.14135009765625 9.646562384285976e-06
2.14235009765625 9.724400857342305e-06
2.14335009765625 6.908588619861602e-06
2.14435009765625 7.4476004308135655e-06
2.14535009765625 1.3447232299256428e-05
2.14635009765625 9.367494598422399e-06
2.14735009765625 8.16400240920483e-06
2.14835009765625 8.158445616052036e-06
2.14935009765625 4.452242698399588e-06
2.15035009765625 7.716802857221868e-06
2.15135009765625 3.5881325249354118e-06
2.15235009765625 7.506964055346259e-06
2.15335009765625 1.5855644550129422e-05
2.15435009765625 1.6766026886133818e-06
2.15535009765625 5.905010876761692e-06
2.15635009765625 4.60014368612451e-06
2.15735009765625 6.274383997065691e-06
2.15835009765625 4.1826650509877334e-06
2.15935009765625 7.875659457404958e-06
2.16035009765625 4.532142399448651e-06
2.16135009765625 1.0301440297176048e-05
2.16235009765625 6.145015981880908e-06
2.16335009765625 7.998640234894321e-06
2.16435009765625 3.0979645881304936e-06
2.16535009765625 7.412071894366636e-06
2.16635009765625 1.7044519321453842e-06
2.16735009765625 8.121555564486548e-06
2.16835009765625 1.074272779614395e-05
2.16935009765625 9.523210463250028e-06
2.17035009765625 1.3499279507330369e-06
2.17135009765625 2.3733865955813244e-06
2.17235009765625 7.478681943413571e-06
2.17335009765625 9.732051401608238e-06
2.17435009765625 9.206265495983427e-06
2.17535009765625 3.6658967848239946e-06
2.17635009765625 9.436915156065963e-06
2.17735009765625 5.131553788840234e-06
2.17835009765625 4.563112333667606e-06
2.17935009765625 9.53589398940901e-06
2.18035009765625 2.7926103681065276e-06
2.18135009765625 7.705320726430404e-06
2.18235009765625 1.0876628135226577e-05
2.18335009765625 7.694029076222334e-06
2.18435009765625 2.3545318859508627e-06
2.18535009765625 6.5555986185870474e-06
2.18635009765625 4.978589633354797e-06
2.18735009765625 6.011478720303231e-06
2.18835009765625 6.493340087206069e-06
2.18935009765625 7.009265166016625e-06
2.19035009765625 8.35057659898132e-06
2.19135009765625 1.8929120615437868e-06
2.19235009765625 5.173162535897011e-06
2.19335009765625 9.042491995588068e-06
2.19435009765625 1.0394520898817636e-05
2.19535009765625 4.519094709172483e-06
2.19635009765625 5.59711055602553e-06
2.19735009765625 2.2076152767048667e-06
2.19835009765625 6.741280877977555e-06
2.19935009765625 1.1934332202235551e-05
2.20035009765625 5.514512594900017e-06
2.20135009765625 8.220159822206694e-06
2.20235009765625 1.0795937792711476e-05
2.20335009765625 8.934714039087017e-06
2.20435009765625 8.118220096381788e-06
2.20535009765625 4.559368173977231e-06
2.20635009765625 8.292952793664947e-06
2.20735009765625 3.079943898380914e-06
2.20835009765625 1.178865720830579e-05
2.20935009765625 4.159236255421873e-06
2.21035009765625 7.731991479867252e-06
2.21135009765625 1.1648206824494945e-05
2.21235009765625 6.6636988950059e-06
2.21335009765625 8.26137159505227e-06
2.21435009765625 1.3392276333936988e-05
2.21535009765625 8.167403888377053e-06
2.21635009765625 7.491357558677815e-06
2.21735009765625 1.1071213320286887e-05
2.21835009765625 1.5291946020314175e-05
2.21935009765625 2.8819999993219875e-06
2.22035009765625 6.686956384669392e-06
2.22135009765625 7.025589985268228e-06
2.22235009765625 7.71198885873243e-06
2.22335009765625 9.980582606904732e-06
2.22435009765625 1.256992834650725e-05
2.22535009765625 3.425681042127816e-06
2.22635009765625 9.086373173457766e-06
2.22735009765625 1.394809154708257e-05
2.22835009765625 1.0125711478113035e-05
2.22935009765625 7.22629158635447e-06
2.23035009765625 1.0125699474130442e-05
2.23135009765625 1.5096618101537146e-05
2.23235009765625 1.0517149437013099e-05
2.23335009765625 1.053053628044263e-05
2.23435009765625 1.6320219410456e-06
2.23535009765625 1.2763513268598257e-05
2.23635009765625 1.0030433635983477e-05
2.23735009765625 3.188917836893386e-06
2.23835009765625 5.661429300198936e-06
2.23935009765625 8.706785933084219e-06
2.24035009765625 6.7489588092393055e-06
2.24135009765625 3.142084665876174e-06
2.24235009765625 9.460994398800613e-06
2.24335009765625 1.2633724244322752e-05
2.24435009765625 1.0214685498510292e-05
2.24535009765625 1.406908286920286e-05
2.24635009765625 2.9070931897011534e-06
2.24735009765625 7.440321176156542e-06
2.24835009765625 1.189947366986368e-05
2.24935009765625 7.0723030348447026e-06
2.25035009765625 1.3079913397043889e-05
2.25135009765625 1.1681254846791821e-05
2.25235009765625 2.0550130138131945e-05
2.25335009765625 4.521317174990289e-06
2.25435009765625 8.956836059671163e-06
2.25535009765625 1.2860263539124678e-06
2.25635009765625 9.664089191998294e-06
2.25735009765625 1.1085275168216615e-05
2.25835009765625 2.6004424100451846e-06
2.25935009765625 1.446788420860394e-05
2.26035009765625 7.503998274162101e-06
2.26135009765625 8.197554575920105e-06
2.26235009765625 3.7285120229075756e-06
2.26335009765625 1.5383076222493315e-05
2.26435009765625 5.62537574185397e-06
2.26535009765625 6.199536965239768e-06
2.26635009765625 9.131325796699017e-06
2.26735009765625 8.043277774043471e-06
2.26835009765625 1.0615446355223606e-05
2.26935009765625 9.287632046548426e-06
2.27035009765625 1.3288380685020176e-05
2.27135009765625 3.800650864615416e-06
2.27235009765625 1.0883931071359279e-05
2.27335009765625 1.0957208973830211e-05
2.27435009765625 3.881892740137063e-06
2.27535009765625 6.721343795881152e-06
2.27635009765625 7.755546953213187e-06
2.27735009765625 4.7479224057291986e-06
2.27835009765625 5.812423271637857e-06
2.27935009765625 5.732603108008511e-06
2.28035009765625 9.105172459132617e-06
2.28135009765625 5.250909144429926e-06
2.28235009765625 3.3215690075873183e-06
2.28335009765625 5.903122510379312e-06
2.28435009765625 4.712711160477249e-06
2.28535009765625 1.3961320960820765e-06
2.28635009765625 4.682407159177996e-06
2.28735009765625 1.3775037185350939e-06
2.28835009765625 6.905667160156446e-06
2.28935009765625 4.355648629836519e-06
2.29035009765625 2.17613864380743e-06
2.29135009765625 8.25445154220536e-06
2.29235009765625 9.401985452362863e-06
2.29335009765625 1.6483320563966187e-06
2.29435009765625 3.771912264132042e-06
2.29535009765625 5.956678845631133e-06
2.29635009765625 4.6146871516980065e-06
2.29735009765625 5.180951488110953e-06
2.29835009765625 3.6595865018699356e-06
2.29935009765625 4.695324614310691e-06
2.30035009765625 3.2897023822410834e-06
2.30135009765625 1.7726190767320024e-06
2.30235009765625 1.5715005708321068e-06
2.30335009765625 5.109152583783718e-06
2.30435009765625 3.935876897025164e-06
2.30535009765625 2.8390908506049942e-06
2.30635009765625 2.8744325698733908e-06
2.30735009765625 3.9429879242116575e-06
2.30835009765625 2.925249060847973e-06
2.30935009765625 1.9551720294320427e-06
2.31035009765625 2.174418753160729e-06
2.31135009765625 3.260942312948419e-06
2.31235009765625 3.0445047328104937e-06
2.31335009765625 3.4648649584434186e-06
2.31435009765625 3.534693539729776e-06
2.31535009765625 2.6033312152383013e-06
2.31635009765625 3.1892397692488257e-06
2.31735009765625 4.757835520604312e-06
2.31835009765625 3.0144554608214978e-06
2.31935009765625 1.8064459035949923e-06
2.32035009765625 8.111444727620737e-07
2.32135009765625 1.3794713644731454e-06
2.32235009765625 3.832327370715793e-06
2.32335009765625 2.4311669570869196e-06
2.32435009765625 3.39779772921127e-06
2.32535009765625 3.914383007259861e-06
2.32635009765625 2.3098461546233597e-06
2.32735009765625 1.972900513146173e-06
2.32835009765625 6.245609488102293e-07
2.32935009765625 1.0328530967268853e-06
2.33035009765625 2.1140684331098953e-06
2.33135009765625 1.7773278134076902e-06
2.33235009765625 1.6195799794724509e-06
2.33335009765625 1.4279977760355365e-06
2.33435009765625 6.899205564595007e-07
2.33535009765625 2.093484854738645e-06
2.33635009765625 5.902414174575763e-07
2.33735009765625 1.2703532936978688e-06
2.33835009765625 1.569650943127938e-06
2.33935009765625 1.622176850122149e-06
2.34035009765625 1.2739921433835964e-06
2.34135009765625 9.185461922907818e-07
2.34235009765625 1.412757572757624e-06
2.34335009765625 2.7080116995709214e-07
2.34435009765625 8.051102442344397e-07
2.34535009765625 1.3895019799633298e-06
2.34635009765625 1.3333748709827246e-06
2.34735009765625 8.657264807375653e-07
2.34835009765625 1.2218481036004074e-06
2.34935009765625 1.2478664008160146e-06
2.35035009765625 1.7427791360979075e-06
2.35135009765625 1.1477579901519883e-06
2.35235009765625 4.6815907569391884e-07
2.35335009765625 1.331651616408016e-06
2.35435009765625 5.140366693728324e-07
2.35535009765625 4.6682565365227203e-07
2.35635009765625 1.468506191334765e-06
2.35735009765625 6.566697818349758e-07
2.35835009765625 7.703837498354552e-07
2.35935009765625 4.7116689786522507e-07
2.36035009765625 1.2540762631585751e-06
2.36135009765625 1.1867040404337332e-06
2.36235009765625 6.867460681427462e-07
2.36335009765625 6.684822265599047e-07
2.36435009765625 1.0686213250046131e-06
2.36535009765625 7.140954110844281e-07
2.36635009765625 5.510766633513821e-07
2.36735009765625 2.844594288447897e-07
2.36835009765625 2.1259659862998496e-08
2.36935009765625 5.133570134290099e-07
2.37035009765625 5.915474664004936e-07
2.37135009765625 3.9239350875051704e-07
2.37235009765625 4.0464522986622054e-07
2.37335009765625 3.037015193922262e-07
2.37435009765625 1.9235864890243544e-07
2.37535009765625 4.0129189192221666e-08
2.37635009765625 2.0420944891404584e-07
2.37735009765625 2.3637672432370336e-07
2.37835009765625 2.6267787353277613e-07
2.37935009765625 1.3719377948486765e-07
2.38035009765625 1.7977563595180063e-07
2.38135009765625 1.7099597291462264e-07
2.38235009765625 2.614336228006166e-07
2.38335009765625 8.734490713592846e-08
2.38435009765625 8.571576036334827e-08
2.38535009765625 1.3102681023295216e-07
2.38635009765625 1.2856707799634135e-07
2.38735009765625 5.913497334372825e-08
2.38835009765625 1.4782098146029718e-07
2.38935009765625 8.335912569166673e-08
2.39035009765625 9.663508100496081e-08
2.39135009765625 8.670368251426207e-08
2.39235009765625 2.573044729131138e-08
2.39335009765625 1.4269811569295179e-08
2.39435009765625 6.009718417551866e-08
2.39535009765625 9.887460960242386e-08
2.39635009765625 2.068129055072585e-08
2.39735009765625 1.8389992734891974e-08
2.39835009765625 4.634480421886835e-08
2.39935009765625 3.428987990423795e-08
2.40035009765625 2.0579743587247175e-08
2.40135009765625 4.742790931291624e-08
2.40235009765625 2.530220832232403e-08
2.40335009765625 4.179387477579678e-08
2.40435009765625 1.3616137216610958e-08
2.40535009765625 1.9085963829452902e-08
2.40635009765625 2.4726338796518544e-08
2.40735009765625 2.2692469958229298e-08
2.40835009765625 5.491050325688933e-09
2.40935009765625 1.3666624347412489e-08
2.41035009765625 1.2997782896561318e-08
2.41135009765625 1.1308537775252553e-08
2.41235009765625 6.177195001984587e-09
2.41335009765625 5.284007970226083e-09
2.41435009765625 6.793338883609571e-09
2.41535009765625 7.742792898345249e-09
2.41635009765625 6.358714469107493e-09
2.41735009765625 6.503069871202948e-09
2.41835009765625 2.069153116184786e-09
2.41935009765625 6.55794371713872e-09
2.42035009765625 1.6708334497818534e-09
2.42135009765625 3.212938164093687e-09
2.42235009765625 3.6832258576657125e-09
2.42335009765625 2.744196923864496e-09
2.42435009765625 1.9594659372253097e-09
2.42535009765625 2.0080456221822268e-09
2.42635009765625 8.739633094436776e-10
2.42735009765625 9.718517541568798e-10
2.42835009765625 1.5864599910383903e-09
2.42935009765625 7.269555011144544e-10
2.43035009765625 1.7974436691976331e-09
2.43135009765625 8.974789520696431e-10
2.43235009765625 6.47335855018945e-10
2.43335009765625 6.084378704577444e-10
2.43435009765625 6.813458314947346e-10
2.43535009765625 7.0754379611047e-10
2.43635009765625 6.481962092884565e-10
2.43735009765625 6.403495713001961e-10
2.43835009765625 6.989972519603135e-10
2.43935009765625 4.676123088681927e-10
2.44035009765625 1.9899915079016353e-10
2.44135009765625 4.791509800373484e-10
2.44235009765625 4.797127025797293e-10
2.44335009765625 3.0555461187866495e-10
2.44435009765625 2.9042874482091684e-10
2.44535009765625 2.570092555909341e-10
2.44635009765625 3.514437199735737e-11
2.44735009765625 2.5718186977389606e-10
2.44835009765625 1.2441004750920535e-10
2.44935009765625 1.1008607593670899e-10
2.45035009765625 1.4337151002077394e-10
2.45135009765625 1.5795740961228334e-10
2.45235009765625 5.26206898188273e-11
2.45335009765625 1.633734870826561e-10
2.45435009765625 8.426864070396463e-11
2.45535009765625 1.2617909701580524e-10
2.45635009765625 1.1863283250343247e-10
2.45735009765625 3.5251974599292476e-12
2.45835009765625 4.172251012122531e-11
2.45935009765625 8.008949961621788e-11
2.46035009765625 4.124388505396877e-11
2.46135009765625 7.501251531625916e-11
2.46235009765625 3.228680651307319e-11
2.46335009765625 6.599968024079385e-11
2.46435009765625 2.554347387939801e-11
2.46535009765625 4.0952854423963815e-11
2.46635009765625 1.4844769264191578e-11
2.46735009765625 2.3238588698768068e-11
2.46835009765625 3.4118032528681795e-11
2.46935009765625 1.1978732941366452e-11
2.47035009765625 9.70483828422628e-12
2.47135009765625 2.3788121379581034e-11
2.47235009765625 2.0351825507725237e-11
2.47335009765625 9.763214038945046e-12
2.47435009765625 1.245188796437351e-11
2.47535009765625 6.1887087555037095e-12
2.47635009765625 4.196747867179577e-12
2.47735009765625 1.1810289708554792e-11
2.47835009765625 3.2274655291980236e-12
2.47935009765625 9.420355863662224e-12
2.48035009765625 6.160281744018436e-12
2.48135009765625 1.1150123672870714e-11
2.48235009765625 1.2304380091178229e-12
2.48335009765625 4.160092604874157e-12
2.48435009765625 3.023379522402744e-12
2.48535009765625 3.200008348139059e-12
2.48635009765625 4.982886121750115e-12
2.48735009765625 4.0334346384058334e-12
2.48835009765625 3.6954459767473315e-12
2.48935009765625 2.2352961233360524e-12
2.49035009765625 1.1356555329564878e-12
2.49135009765625 2.4467644836269604e-12
2.49235009765625 5.447653228836938e-13
2.49335009765625 1.8964451896007856e-12
2.49435009765625 2.05602296442007e-12
2.49535009765625 1.0962476845457153e-12
2.49635009765625 1.1970911788796588e-12
2.49735009765625 1.7964778164534687e-12
2.49835009765625 1.1727967506905094e-12
2.49935009765625 8.765905545580938e-13
2.50035009765625 2.050373452815181e-12
2.50135009765625 5.583272540032114e-13
2.50235009765625 7.471983594299894e-13
2.50335009765625 1.0275873245711272e-12
2.50435009765625 4.4090184469450205e-13
2.50535009765625 1.153652703681298e-12
2.50635009765625 4.877858050460999e-13
2.50735009765625 5.891897611954725e-13
2.50835009765625 7.295329462777738e-13
2.50935009765625 6.291271011025329e-13
2.51035009765625 3.7994490917785813e-13
2.51135009765625 9.330648404094986e-13
2.51235009765625 3.4740807043686697e-13
2.51335009765625 4.412706919391965e-13
2.51435009765625 1.9512240089722344e-13
2.51535009765625 4.4603611010383307e-13
2.51635009765625 2.2671554974168834e-13
2.51735009765625 3.3061683919928495e-13
2.51835009765625 2.7086822295689077e-13
2.51935009765625 2.9074653327145227e-13
2.52035009765625 2.2133936791444038e-13
2.52135009765625 1.2270420778119515e-13
2.52235009765625 6.052927500546409e-14
2.52335009765625 1.6348716635584514e-13
2.52435009765625 2.504626004006016e-13
2.52535009765625 1.0423925339914973e-13
2.52635009765625 1.2660665985197493e-13
2.52735009765625 1.5147774325393792e-13
2.52835009765625 2.940125711160013e-13
2.52935009765625 3.172798205663913e-14
2.53035009765625 1.4952712199802517e-13
2.53135009765625 1.1567383181725078e-13
2.53235009765625 1.311014161426098e-13
2.53335009765625 2.2765682333016973e-14
2.53435009765625 1.3726253334296883e-13
2.53535009765625 3.3777104408050735e-14
2.53635009765625 1.4836586144836782e-13
2.53735009765625 6.466205891256787e-14
2.53835009765625 5.4570464483594006e-14
2.53935009765625 1.1908113539127431e-13
2.54035009765625 5.886471868104473e-14
2.54135009765625 7.106712640922492e-14
2.54235009765625 6.135134599230557e-14
2.54335009765625 3.5990141137681345e-14
2.54435009765625 4.0902318997160745e-14
2.54535009765625 4.847506236111009e-15
2.54635009765625 4.730623785543373e-14
2.54735009765625 2.4876682802957958e-14
2.54835009765625 1.7524057595652025e-14
2.54935009765625 1.1031231011250495e-14
2.55035009765625 2.738243892030892e-14
2.55135009765625 2.4305893145380672e-14
2.55235009765625 2.3337698875938653e-14
2.55335009765625 3.3730966975303284e-14
2.55435009765625 1.8331153714596864e-14
2.55535009765625 1.1708976674080285e-14
2.55635009765625 2.359121709416455e-14
2.55735009765625 1.2710600999782378e-14
2.55835009765625 1.7902802190569274e-14
2.55935009765625 1.4505547421518115e-14
2.56035009765625 1.0530957555544127e-14
2.56135009765625 4.311102539252351e-15
2.56235009765625 5.313656614158619e-15
2.56335009765625 3.747693336093741e-15
2.56435009765625 1.5374976361032466e-14
2.56535009765625 8.871266744105343e-15
2.56635009765625 8.165438468337898e-15
2.56735009765625 5.634622757305683e-15
2.56835009765625 7.505377088113368e-15
2.56935009765625 1.9011623930040958e-15
2.57035009765625 5.315366756381851e-15
2.57135009765625 3.750562887791569e-15
2.57235009765625 3.665542785753771e-15
2.57335009765625 1.0535091628574938e-15
2.57435009765625 2.8929519212112977e-15
2.57535009765625 1.5809428956101426e-15
2.57635009765625 3.3593867941580587e-15
2.57735009765625 2.7039424544441393e-15
2.57835009765625 3.058584213612572e-15
2.57935009765625 1.25008655984534e-15
2.58035009765625 3.3887243622099658e-15
2.58135009765625 4.927760367858115e-16
2.58235009765625 8.227892151792255e-16
2.58335009765625 9.955457123367186e-16
2.58435009765625 1.7465545396003699e-15
2.58535009765625 7.97410029212553e-16
2.58635009765625 1.2325595543380774e-15
2.58735009765625 1.5244657934655664e-15
2.58835009765625 5.233851841856285e-16
2.58935009765625 7.964630016384453e-16
2.59035009765625 4.622109403235861e-16
2.59135009765625 1.571600700577142e-16
2.59235009765625 7.414372515966191e-16
2.59335009765625 8.046314355679643e-16
2.59435009765625 5.808748106997068e-16
2.59535009765625 9.691490353884919e-16
2.59635009765625 9.513314490564705e-17
2.59735009765625 4.120505070655577e-16
2.59835009765625 2.866918754289208e-16
2.59935009765625 3.891333230867995e-16
2.60035009765625 3.0973655354011617e-16
