microns throughput
0.5507899780273438 1.2477017817643674e-09
0.5517899780273438 1.6349011787111878e-09
0.5527899780273438 1.89296167402396e-10
0.5537899780273438 1.0311255156554884e-09
0.5547899780273438 1.4255593734586478e-09
0.5557899780273438 1.040653444986373e-09
0.5567899780273438 1.1326587100825956e-09
0.5577899780273438 2.741266421598868e-10
0.5587899780273438 1.4967155876246849e-09
0.5597899780273438 1.52584661907194e-09
0.5607899780273438 6.628226585968208e-11
0.5617899780273438 5.444676580310284e-10
0.5627899780273438 9.56806999779974e-10
0.5637899780273438 1.5013622437200998e-09
0.5647899780273438 4.3268195589748375e-10
0.5657899780273438 2.3844279043185296e-09
0.5667899780273438 2.158050436425732e-10
0.5677899780273438 3.509196903706014e-09
0.5687899780273438 1.7631497846869231e-09
0.5697899780273438 1.5079422785185992e-09
0.5707899780273438 2.921171559340556e-09
0.5717899780273438 1.0579141175137472e-09
0.5727899780273438 1.0418497721296585e-09
0.5737899780273438 2.3692049602202726e-09
0.5747899780273438 1.3909374972676384e-09
0.5757899780273438 1.63004766166205e-09
0.5767899780273438 6.19634051718305e-10
0.5777899780273438 4.948715263685446e-09
0.5787899780273438 3.665095118551722e-09
0.5797899780273438 3.2821426447542336e-09
0.5807899780273438 2.261628133753266e-09
0.5817899780273438 3.601097393914326e-10
0.5827899780273438 3.0809223771612965e-09
0.5837899780273438 6.20610483452232e-09
0.5847899780273438 4.726918896556461e-09
0.5857899780273438 1.0292424141331335e-08
0.5867899780273438 4.297158588699683e-09
0.5877899780273438 5.754194026724069e-09
0.5887899780273438 2.943952885584903e-09
0.5897899780273438 8.788848401428999e-09
0.5907899780273438 3.9112564650095723e-10
0.5917899780273438 8.051709581561074e-09
0.5927899780273438 1.0015699419995303e-08
0.5937899780273438 1.6155456700861713e-08
0.5947899780273438 1.0071102802129222e-08
0.5957899780273438 1.2041537129575463e-08
0.5967899780273438 3.17983585332572e-08
0.5977899780273438 4.1029048352361635e-09
0.5987899780273438 7.534415083518019e-09
0.5997899780273438 3.775768037301891e-09
0.6007899780273438 1.3084006547848117e-08
0.6017899780273438 1.3701964337653218e-08
0.6027899780273438 1.8641625116207096e-08
0.6037899780273438 3.2548123090343235e-08
0.6047899780273438 4.289019888502611e-09
0.6057899780273438 8.298323677268393e-09
0.6067899780273438 1.60431537212267e-08
0.6077899780273438 6.931166515144355e-09
0.6087899780273438 8.9999694130235e-09
0.6097899780273438 5.144278639345265e-09
0.6107899780273438 7.868398706644147e-09
0.6117899780273437 6.033780867090971e-09
0.6127899780273437 1.370428267327188e-08
0.6137899780273437 1.943350841462304e-08
0.6147899780273437 6.2749137167099985e-09
0.6157899780273437 1.6588005392540367e-08
0.6167899780273437 2.3216831279156696e-08
0.6177899780273437 1.7002404037813935e-08
0.6187899780273437 1.4039870451900447e-08
0.6197899780273437 1.9648913160239034e-08
0.6207899780273437 1.9985041130789374e-08
0.6217899780273437 2.1196940548922933e-08
0.6227899780273437 1.5165787096407933e-08
0.6237899780273437 2.1103928911283035e-08
0.6247899780273437 1.4489563589642695e-08
0.6257899780273437 9.751938378818122e-09
0.6267899780273437 3.443573486192067e-08
0.6277899780273437 1.3148717243102393e-09
0.6287899780273437 1.381311816892441e-08
0.6297899780273437 7.139869527263615e-09
0.6307899780273437 2.433556172805969e-08
0.6317899780273437 1.3403890878057528e-08
0.6327899780273437 5.371653061891415e-09
0.6337899780273437 1.2203775063416527e-08
0.6347899780273437 8.450493342385312e-09
0.6357899780273437 5.667637225635821e-08
0.6367899780273437 2.2633953882147953e-08
0.6377899780273437 1.5654868155859754e-08
0.6387899780273437 2.1564794632324358e-08
0.6397899780273437 4.5737228198918026e-08
0.6407899780273437 2.014689639705719e-08
0.6417899780273437 1.8547954071207923e-08
0.6427899780273437 2.623997357170105e-08
0.6437899780273437 2.1331718688019573e-08
0.6447899780273437 2.3402905752016782e-08
0.6457899780273437 2.9698691204301095e-08
0.6467899780273437 1.2610919645611919e-08
0.6477899780273437 2.465677421173896e-08
0.6487899780273437 1.697638028049629e-08
0.6497899780273437 3.4889201441549e-08
0.6507899780273437 1.869382941750932e-08
0.6517899780273437 2.4145127374211612e-08
0.6527899780273437 2.4544871118506342e-08
0.6537899780273437 3.576522117959652e-08
0.6547899780273437 3.147707675266171e-08
0.6557899780273437 2.7874458732208555e-08
0.6567899780273437 3.829620737298195e-08
0.6577899780273437 5.422271876653592e-08
0.6587899780273437 1.711424483512004e-08
0.6597899780273437 3.946746542217424e-08
0.6607899780273437 4.297458002019604e-08
0.6617899780273437 5.63116521690373e-08
0.6627899780273437 3.539716742346937e-08
0.6637899780273437 4.458659370060618e-08
0.6647899780273437 4.107399403587462e-08
0.6657899780273437 4.082417154594161e-08
0.6667899780273437 4.183395359728242e-08
0.6677899780273437 8.491954309570017e-08
0.6687899780273437 6.973745538786872e-08
0.6697899780273437 5.921718534362851e-08
0.6707899780273437 5.9799684934407e-08
0.6717899780273437 5.2022286156437714e-08
0.6727899780273437 6.719746623121655e-08
0.6737899780273438 5.125395104136672e-08
0.6747899780273438 4.0302068347245347e-08
0.6757899780273438 4.188351080898476e-08
0.6767899780273438 5.889494979944019e-08
0.6777899780273438 5.118799300392938e-08
0.6787899780273438 6.102846693247023e-08
0.6797899780273438 8.990272241499377e-08
0.6807899780273438 7.628700021820898e-08
0.6817899780273438 6.683381340686173e-08
0.6827899780273438 5.644418212402647e-08
0.6837899780273438 5.138965829057722e-08
0.6847899780273438 6.886485265712814e-08
0.6857899780273438 8.129578264486343e-08
0.6867899780273438 5.717064272502819e-08
0.6877899780273438 6.148245271639846e-08
0.6887899780273438 5.25311667277879e-08
0.6897899780273438 7.524540995738637e-08
0.6907899780273438 7.796843982686888e-08
0.6917899780273438 7.446234108856139e-08
0.6927899780273438 6.044931904206673e-08
0.6937899780273438 6.798866285271715e-08
0.6947899780273438 6.848704012639411e-08
0.6957899780273438 7.855721225624947e-08
0.6967899780273438 8.173892424408885e-08
0.6977899780273438 7.780335989166329e-08
0.6987899780273438 6.481771853439601e-08
0.6997899780273438 3.805940088035531e-08
0.7007899780273438 6.814438143765127e-08
0.7017899780273438 8.065580297850376e-08
0.7027899780273438 6.131224717403447e-08
0.7037899780273438 7.031032712867068e-08
0.7047899780273438 7.318149977215452e-08
0.7057899780273438 7.18749463501057e-08
0.7067899780273438 6.902335516818566e-08
0.7077899780273438 6.172395777135894e-08
0.7087899780273438 6.418913227772004e-08
0.7097899780273438 5.686076357985506e-08
0.7107899780273438 4.974195630598006e-08
0.7117899780273438 3.377600077205212e-08
0.7127899780273438 4.5072674628830164e-08
0.7137899780273438 7.024836977792533e-08
0.7147899780273438 5.5654610133933544e-08
0.7157899780273438 6.990350352713145e-08
0.7167899780273438 6.283329137740879e-08
0.7177899780273438 8.711284947536814e-08
0.7187899780273438 7.253442108090524e-08
0.7197899780273438 8.060555457409658e-08
0.7207899780273438 8.328634297290145e-08
0.7217899780273438 8.164958619362625e-08
0.7227899780273438 9.090261374648544e-08
0.7237899780273438 8.446284437803455e-08
0.7247899780273438 9.305461413392964e-08
0.7257899780273438 1.002889733496022e-07
0.7267899780273438 5.6080583003454366e-08
0.7277899780273438 6.668281177996447e-08
0.7287899780273438 7.114068924225376e-08
0.7297899780273438 4.960071696277294e-08
0.7307899780273438 6.047970690302793e-08
0.7317899780273438 3.765446122587566e-08
0.7327899780273438 7.271037097953417e-08
0.7337899780273438 6.741721250515968e-08
0.7347899780273438 7.052002333509742e-08
0.7357899780273438 7.24451067307377e-08
0.7367899780273437 7.787216641963274e-08
0.7377899780273437 1.0118781089208906e-07
0.7387899780273437 9.572610602927982e-08
0.7397899780273437 8.231552787219685e-08
0.7407899780273437 8.851744618794894e-08
0.7417899780273437 7.600960908589011e-08
0.7427899780273437 9.287853672420545e-08
0.7437899780273437 5.704829456355105e-08
0.7447899780273437 6.673714236600914e-08
0.7457899780273437 4.1607705731204044e-08
0.7467899780273437 5.001686915260015e-08
0.7477899780273437 5.8894360306339636e-08
0.7487899780273437 9.000171092220882e-08
0.7497899780273437 1.0607314048472467e-07
0.7507899780273437 1.0469882884518741e-07
0.7517899780273437 1.0981676178471668e-07
0.7527899780273437 9.070122583026861e-08
0.7537899780273437 1.029490122334092e-07
0.7547899780273437 8.456125065193297e-08
0.7557899780273437 5.930895688242838e-08
0.7567899780273437 1.015077690900916e-07
0.7577899780273437 9.002750435335035e-08
0.7587899780273437 8.227158281548857e-08
0.7597899780273437 6.77726479666772e-08
0.7607899780273437 7.71762808149102e-08
0.7617899780273437 6.147748561265325e-08
0.7627899780273437 6.809486914881202e-08
0.7637899780273437 6.754319961973985e-08
0.7647899780273437 8.490973252105011e-08
0.7657899780273437 9.169104239603742e-08
0.7667899780273437 8.30563131283099e-08
0.7677899780273437 7.330124795910268e-08
0.7687899780273437 6.897735874713721e-08
0.7697899780273437 7.642651110494624e-08
0.7707899780273437 9.858212568065692e-08
0.7717899780273437 8.071138564287316e-08
0.7727899780273437 6.084740835671518e-08
0.7737899780273437 7.456624718261217e-08
0.7747899780273437 7.765067262519625e-08
0.7757899780273437 6.483939078075102e-08
0.7767899780273437 4.476362178277191e-08
0.7777899780273437 4.9638773997319425e-08
0.7787899780273437 6.65014208061928e-08
0.7797899780273437 7.02428223716389e-08
0.7807899780273437 4.016619518050088e-08
0.7817899780273437 9.148679816631636e-08
0.7827899780273437 6.137048658185933e-08
0.7837899780273437 1.1265510208040399e-07
0.7847899780273437 6.203542461098239e-08
0.7857899780273437 4.786464541705563e-08
0.7867899780273437 4.191018680211106e-08
0.7877899780273437 8.380907318145152e-08
0.7887899780273437 7.223052061978007e-08
0.7897899780273437 3.549316577958365e-08
0.7907899780273437 6.64108088035144e-08
0.7917899780273437 4.4667471899254024e-08
0.7927899780273437 7.294582890126476e-08
0.7937899780273437 2.9881058902700376e-08
0.7947899780273437 3.3858727039539215e-08
0.7957899780273437 3.153986629184008e-08
0.7967899780273437 1.748570961361063e-08
0.7977899780273437 4.776771036203055e-08
0.7987899780273438 2.709564378264782e-08
0.7997899780273438 5.471614181461996e-08
0.8007899780273438 6.956875336614175e-08
0.8017899780273438 7.149623748938822e-08
0.8027899780273438 3.969160361954067e-08
0.8037899780273438 6.52436051602217e-08
0.8047899780273438 2.0563330464724983e-08
0.8057899780273438 5.3289910917156225e-08
0.8067899780273438 3.949992491073457e-08
0.8077899780273438 2.987867768254879e-08
0.8087899780273438 5.149655032139447e-08
0.8097899780273438 2.735302867284558e-08
0.8107899780273438 6.401040396097289e-08
0.8117899780273438 1.0405937726565262e-08
0.8127899780273438 7.258885081172933e-08
0.8137899780273438 4.913504247990869e-08
0.8147899780273438 6.981644020098071e-08
0.8157899780273438 1.0429631331168845e-07
0.8167899780273438 4.83550610583214e-08
0.8177899780273438 4.5610392683354883e-08
0.8187899780273438 5.719411892775407e-08
0.8197899780273438 8.444556012161526e-08
0.8207899780273438 5.1336053986242466e-08
0.8217899780273438 9.600529579826007e-08
0.8227899780273438 9.845053650444005e-08
0.8237899780273438 3.756102093171883e-08
0.8247899780273438 5.216344143679599e-08
0.8257899780273438 6.625023542079389e-08
0.8267899780273438 9.282225497374761e-09
0.8277899780273438 3.467235069682207e-08
0.8287899780273438 7.463619294385592e-08
0.8297899780273438 7.457513388221631e-08
0.8307899780273438 6.2929277547411e-08
0.8317899780273438 5.845827353998718e-08
0.8327899780273438 6.714828251754717e-08
0.8337899780273438 1.0984520535056901e-07
0.8347899780273438 1.2561286422791522e-07
0.8357899780273438 1.4926547889089585e-07
0.8367899780273438 8.79368664781217e-08
0.8377899780273438 6.4064634796695e-08
0.8387899780273438 1.2413124245485113e-07
0.8397899780273438 1.3783723271306144e-07
0.8407899780273438 9.777958699399393e-08
0.8417899780273438 3.845429570068102e-08
0.8427899780273438 7.968588055209302e-08
0.8437899780273438 1.0888615714349005e-07
0.8447899780273438 1.021062466860963e-07
0.8457899780273438 1.3412882228809175e-07
0.8467899780273438 7.364196471827573e-08
0.8477899780273438 1.1571600511105043e-07
0.8487899780273438 1.4764519353383516e-07
0.8497899780273438 9.611708760698117e-08
0.8507899780273438 1.1266323708290795e-07
0.8517899780273438 1.3002319217985679e-07
0.8527899780273438 9.56244529729272e-08
0.8537899780273438 5.175424084236128e-08
0.8547899780273438 1.7643742274410963e-07
0.8557899780273438 1.5017713737589573e-07
0.8567899780273438 1.4323306618540423e-07
0.8577899780273438 1.1133170489421676e-07
0.8587899780273438 6.095093353024656e-09
0.8597899780273438 1.1448118588585661e-07
0.8607899780273438 2.0953991410448018e-07
0.8617899780273437 1.8160873742264802e-07
0.8627899780273437 1.5063523749794077e-07
0.8637899780273437 9.254342916180323e-08
0.8647899780273437 8.008896271129633e-08
0.8657899780273437 5.282655418151466e-08
0.8667899780273437 7.77608168543871e-08
0.8677899780273437 3.049977872435348e-11
0.8687899780273437 7.275804558784986e-08
0.8697899780273437 3.055712406816107e-11
0.8707899780273437 3.0611433162951483e-11
0.8717899780273437 3.0682946356305676e-11
0.8727899780273437 8.430928314371457e-08
0.8737899780273437 3.0761246266588344e-11
0.8747899780273437 1.0385007247097858e-07
0.8757899780273437 2.880540952885236e-07
0.8767899780273437 3.4570282288492454e-07
0.8777899780273437 3.0941541682842406e-11
0.8787899780273437 3.0964514438377714e-11
0.8797899780273437 3.5730854243422717e-07
0.8807899780273437 8.427167336777557e-08
0.8817899780273437 7.672962633077078e-08
0.8827899780273437 2.904114381907932e-07
0.8837899780273437 3.0301982865790694e-07
0.8847899780273437 2.4120825484240417e-07
0.8857899780273437 6.530751347661294e-07
0.8867899780273437 4.3647109790809973e-07
0.8877899780273437 8.218380420761598e-09
0.8887899780273437 6.323091348119117e-07
0.8897899780273437 3.1241632476159875e-11
0.8907899780273437 8.835207396492464e-07
0.8917899780273437 3.137063907444679e-11
0.8927899780273437 3.139915915130595e-11
0.8937899780273437 7.963557087116975e-07
0.8947899780273437 3.1465137439267556e-11
0.8957899780273437 1.4424921716296172e-06
0.8967899780273437 3.145433200169832e-11
0.8977899780273437 1.2999029042577044e-07
0.8987899780273437 3.9041081008234326e-08
0.8997899780273437 1.1352185211504842e-07
0.9007899780273437 2.0039849721990606e-08
0.9017899780273437 7.333691714628225e-08
0.9027899780273437 3.031839995143882e-08
0.9037899780273437 8.479975042983667e-08
0.9047899780273437 1.3547969129920148e-07
0.9057899780273437 1.366194097184854e-07
0.9067899780273437 9.539609377212519e-08
0.9077899780273437 5.929856325214697e-08
0.9087899780273437 9.68725900698936e-08
0.9097899780273437 1.1859264323759392e-07
0.9107899780273437 1.8198703755857875e-08
0.9117899780273437 1.1222015662757456e-07
0.9127899780273437 1.8777742409232546e-07
0.9137899780273437 8.145594152783542e-08
0.9147899780273437 1.3056277084522484e-07
0.9157899780273437 8.270821819139265e-08
0.9167899780273437 1.3113789046483296e-07
0.9177899780273437 1.1663030874603908e-07
0.9187899780273437 7.08999273129246e-08
0.9197899780273437 1.5786760417002412e-07
0.9207899780273437 1.1483867805209868e-07
0.9217899780273437 1.2135983284693008e-07
0.9227899780273437 1.703478485255706e-07
0.9237899780273438 1.1801179069671042e-07
0.9247899780273438 1.5922499586503224e-07
0.9257899780273438 1.4644037273484667e-07
0.9267899780273438 7.651891981857248e-08
0.9277899780273438 1.793980045192986e-07
0.9287899780273438 2.4083254301456254e-07
0.9297899780273438 2.431386508592775e-07
0.9307899780273438 1.2547100475463935e-07
0.9317899780273438 2.1356313495925105e-07
0.9327899780273438 2.470092956735433e-07
0.9337899780273438 1.4769329234266416e-07
0.9347899780273438 2.1541259614176114e-07
0.9357899780273438 2.2749865224193148e-07
0.9367899780273438 2.43468621931813e-07
0.9377899780273438 2.0033660754289712e-07
0.9387899780273438 2.4898457390020874e-07
0.9397899780273438 1.61122345546784e-07
0.9407899780273438 1.8153013655709286e-07
0.9417899780273438 1.5174309016605217e-07
0.9427899780273438 2.1602994127879728e-07
0.9437899780273438 2.0608936435377642e-07
0.9447899780273438 1.5692401733397693e-07
0.9457899780273438 1.1482171221766289e-07
0.9467899780273438 2.2816812956728443e-07
0.9477899780273438 2.3730491174137696e-07
0.9487899780273438 2.3164963066217067e-07
0.9497899780273438 1.4811657290632455e-07
0.9507899780273438 2.5473997478001403e-07
0.9517899780273438 2.2530932756836937e-07
0.9527899780273438 2.53522504610778e-07
0.9537899780273438 3.085624930235038e-07
0.9547899780273438 2.3408744363304377e-07
0.9557899780273438 2.323493688514487e-07
0.9567899780273438 2.543124801124837e-07
0.9577899780273438 3.366538223328922e-07
0.9587899780273438 2.7020299460862243e-07
0.9597899780273438 2.0053000631675814e-07
0.9607899780273438 2.242438959863529e-07
0.9617899780273438 2.407793892722736e-07
0.9627899780273438 1.3907607822504785e-07
0.9637899780273438 2.159584280428817e-07
0.9647899780273438 2.0491480755109474e-07
0.9657899780273438 2.640609280906531e-07
0.9667899780273438 2.267267597976527e-07
0.9677899780273438 1.8346958541990093e-07
0.9687899780273438 3.142389117243557e-07
0.9697899780273438 2.707532293875392e-07
0.9707899780273438 2.4620843748857377e-07
0.9717899780273438 2.7772365071760137e-07
0.9727899780273438 3.1492740800723975e-07
0.9737899780273438 2.1935208204121313e-07
0.9747899780273438 2.223153132672417e-07
0.9757899780273438 2.7525490476359547e-07
0.9767899780273438 2.2828464146437388e-07
0.9777899780273438 1.778623848024967e-07
0.9787899780273438 1.131587208915417e-07
0.9797899780273438 2.15975522958046e-07
0.9807899780273438 1.926233453923416e-07
0.9817899780273438 2.2441546412748376e-07
0.9827899780273438 1.3888911027824397e-07
0.9837899780273438 1.5938549701226988e-07
0.9847899780273438 1.91450260828167e-07
0.9857899780273438 2.237379055793494e-07
0.9867899780273437 2.9089578390646395e-07
0.9877899780273437 1.4266901194378897e-07
0.9887899780273437 2.410756681191145e-07
0.9897899780273437 2.960093941965655e-07
0.9907899780273437 2.477903381366068e-07
0.9917899780273437 1.971117766814065e-07
0.9927899780273437 2.147359127064871e-07
0.9937899780273437 2.2986262061850774e-07
0.9947899780273437 2.578945899549518e-07
0.9957899780273437 2.5502367624300736e-07
0.9967899780273437 2.34222498631952e-07
0.9977899780273437 2.450921686332619e-07
0.9987899780273437 1.6864943561046024e-06
0.9997899780273437 1.4686840781123941e-06
1.0007899780273437 1.6068758879885322e-06
1.0017899780273438 1.7166037678829992e-06
1.0027899780273437 1.5276841091595565e-06
1.0037899780273438 1.5909933413842361e-06
1.0047899780273437 1.6787125981708138e-06
1.0057899780273438 1.929884879189525e-06
1.0067899780273437 1.5405941953099162e-06
1.0077899780273438 1.1520407359395751e-06
1.0087899780273437 1.2165070964853177e-06
1.0097899780273438 1.5293438569198365e-06
1.0107899780273437 1.5664501428231578e-06
1.0117899780273438 1.2448533755147128e-06
1.0127899780273437 1.2974435691602133e-06
1.0137899780273438 1.410626291589276e-06
1.0147899780273437 1.655565840957276e-06
1.0157899780273438 1.5556715685137064e-06
1.0167899780273437 1.4897381212285278e-06
1.0177899780273438 1.1114947640836866e-06
1.0187899780273437 1.2964399924895734e-06
1.0197899780273438 1.5538304559474043e-06
1.0207899780273437 1.3839157216212855e-06
1.0217899780273438 1.7214507457934246e-06
1.0227899780273437 1.2683946374102104e-06
1.0237899780273438 1.4089963819736842e-06
1.0247900390625 1.6864713924234386e-06
1.0257900390625 1.402677478969302e-06
1.0267900390625 1.2002819464787906e-06
1.0277900390625 1.3652135780159174e-06
1.0287900390625 1.13678815649724e-06
1.0297900390625 9.57877969465485e-07
1.0307900390625 1.066396464224669e-06
1.0317900390625 1.239718545852285e-06
1.0327900390625 9.557577357331639e-07
1.0337900390625 1.2309973920612687e-06
1.0347900390625 1.1792791166510023e-06
1.0357900390625 1.0558487915234466e-06
1.0367900390625 1.3694036852302444e-06
1.0377900390625 1.127575083396708e-06
1.0387900390625 1.0512897036573139e-06
1.0397900390625 1.314325002941753e-06
1.0407900390625 1.175230991388445e-06
1.0417900390625 9.787393225945796e-07
1.0427900390625 9.90487356710221e-07
1.0437900390625 1.4959767502691465e-06
1.0447900390625 1.2285117410671459e-06
1.0457900390625 1.3984381938042247e-06
1.0467900390625 1.2832318968864479e-06
1.0477900390625 1.232981524171715e-06
1.0487900390625 1.1955990781682473e-06
1.0497900390625 7.582288350601141e-07
1.0507900390625 1.119292255962983e-06
1.0517900390625 9.711623305455918e-07
1.0527900390625 1.0156002337847548e-06
1.0537900390625 1.0613153375716267e-06
1.0547900390625 1.1310247177229664e-06
1.0557900390625 8.680305532485002e-07
1.0567900390625 8.669388641780295e-07
1.0577900390625 1.0669043939541878e-06
1.0587900390625 8.624362301944073e-07
1.0597900390625 1.2026415904429222e-06
1.0607900390625 1.1422379638124918e-06
1.0617900390625 1.1947967523247593e-06
1.0627900390625 9.363177127499404e-07
1.0637900390625 9.957316497302673e-07
1.0647900390625 1.1273179640484142e-06
1.0657900390625 1.3092583472289438e-06
1.0667900390625 1.4843619814117516e-06
1.0677900390625 1.191831647798607e-06
1.0687900390625 8.068788340488246e-07
1.0697900390625 9.160578921482692e-07
1.0707900390625 1.1399472704496945e-06
1.0717900390625 1.1828780547046407e-06
1.0727900390625 1.1609636165239794e-06
1.0737900390625 1.059344221379309e-06
1.0747900390625 1.2325451643914107e-06
1.0757900390625 8.985683580839098e-07
1.0767900390625 1.241990097376377e-06
1.0777900390625 8.619392188867013e-07
1.0787900390625 8.690790612275396e-07
1.0797900390625 1.0903667915882537e-06
1.0807900390625 8.663965479673154e-07
1.0817900390625 1.0420877901229935e-06
1.0827900390625 7.685937767559903e-07
1.0837900390625 9.372619280920813e-07
1.0847900390625 1.3376913401084353e-06
1.0857900390625 7.025802615197709e-07
1.0867900390625 9.655579141164223e-07
1.0877900390625 1.079454547122985e-06
1.0887900390625 1.0287761955095366e-06
1.0897900390625 7.472159500485158e-07
1.0907900390625 9.678760740752628e-07
1.0917900390625 9.428551474119334e-07
1.0927900390625 1.1987741242445854e-06
1.0937900390625 8.756989825809996e-07
1.0947900390625 7.18318579224162e-07
1.0957900390625 9.576254148309584e-07
1.0967900390625 9.151383158696978e-07
1.0977900390625 1.005311092892696e-06
1.0987900390625 1.0290233799840994e-06
1.0997900390625 8.809573516890341e-07
1.1007900390625 1.2187365194753076e-06
1.1017900390625 1.1327963568634333e-06
1.1027900390625 7.634848822627066e-07
1.1037900390625 6.926190710907526e-07
1.1047900390625 1.2494607768574615e-06
1.1057900390625 1.2865049648705217e-06
1.1067900390625 1.0888369721478792e-06
1.1077900390625 8.196776877831266e-07
1.1087900390625 9.42548572495735e-07
1.1097900390625 8.258733663258078e-07
1.1107900390625 7.289714141188838e-07
1.1117900390625 1.3240911028212525e-06
1.1127900390625 1.054106820456821e-06
1.1137900390625 1.071983591831608e-06
1.1147900390625 1.2402092642271477e-06
1.1157900390625 8.867989165487038e-07
1.1167900390625 1.1606885863643094e-06
1.1177900390625 8.980502601771177e-07
1.1187900390625 1.0634653700301904e-06
1.1197900390625 8.923811572213562e-07
1.1207900390625 8.011368099289265e-07
1.1217900390625 6.990801137377718e-07
1.1227900390625 7.885469112129576e-07
1.1237900390625 1.0569870574120205e-06
1.1247900390625 8.267558335016345e-07
1.1257900390625 7.290028131341328e-07
1.1267900390625 1.0213861937909262e-06
1.1277900390625 9.852300122107606e-07
1.1287900390625 1.1005159708901952e-06
1.1297900390625 1.3533801547192286e-06
1.1307900390625 1.2221409638585659e-06
1.1317900390625 1.202052296545851e-06
1.1327900390625 9.29976540972506e-07
1.1337900390625 9.62662593567568e-07
1.1347900390625 1.1081983367138054e-06
1.1357900390625 8.937559143889405e-07
1.1367900390625 1.0027467581049115e-06
1.1377900390625 7.86069913155171e-07
1.1387900390625 9.75194136105025e-07
1.1397900390625 1.0046806195827544e-06
1.1407900390625 1.0841039453557574e-06
1.1417900390625 9.381574427766481e-07
1.1427900390625 9.170582722299122e-07
1.1437900390625 1.0625275557601957e-06
1.1447900390625 1.1288957538104742e-06
1.1457900390625 1.0623085344449185e-06
1.1467900390625 9.208739792213537e-07
1.1477900390625 9.341454786715761e-07
1.1487900390625 1.0000819763775806e-06
1.1497900390625 8.787640249847411e-07
1.1507900390625 9.081499791710329e-07
1.1517900390625 1.0347502420473681e-06
1.1527900390625 1.226403531713228e-06
1.1537900390625 1.2257140319133418e-06
1.1547900390625 1.0835604909179693e-06
1.1557900390625 1.3223681464360734e-06
1.1567900390625 1.1918972410555315e-06
1.1577900390625 1.022508376425559e-06
1.1587900390625 1.0398693635280104e-06
1.1597900390625 8.468661735993869e-07
1.1607900390625 1.1158615079256927e-06
1.1617900390625 8.877296825421302e-07
1.1627900390625 1.2860602074735008e-06
1.1637900390625 1.1146516985621087e-06
1.1647900390625 1.1243576261102257e-06
1.1657900390625 8.405240898587441e-07
1.1667900390625 1.3151325326573789e-06
1.1677900390625 1.017223600670481e-06
1.1687900390625 1.1435048427541201e-06
1.1697900390625 1.4446948055182317e-06
1.1707900390625 1.1491675749981665e-06
1.1717900390625 1.0470845796131002e-06
1.1727900390625 1.140537600787317e-06
1.1737900390625 1.1550039189244602e-06
1.1747900390625 1.3010240095268277e-06
1.1757900390625 1.2843290528801785e-06
1.1767900390625 1.4921204125302354e-06
1.1777900390625 1.3202219765693808e-06
1.1787900390625 1.1953036503227226e-06
1.1797900390625 1.1431416383937375e-06
1.1807900390625 1.2770804135451023e-06
1.1817900390625 9.97955013272697e-07
1.1827900390625 1.1356631309014403e-06
1.1837900390625 1.1183014496550263e-06
1.1847900390625 9.502508553807423e-07
1.1857900390625 9.693928694044039e-07
1.1867900390625 1.0923624497457345e-06
1.1877900390625 1.108342432852857e-06
1.1887900390625 1.088122230354011e-06
1.1897900390625 1.1111249092729778e-06
1.1907900390625 1.0655078625310765e-06
1.1917900390625 9.726650270146159e-07
1.1927900390625 8.186614016064933e-07
1.1937900390625 1.1629740330950566e-06
1.1947900390625 1.1046195268873577e-06
1.1957900390625 1.3586916081637508e-06
1.1967900390625 1.3398007469750963e-06
1.1977900390625 1.0968219314520467e-06
1.1987900390625 1.0316656871514746e-06
1.1997900390625 1.3395366725306285e-06
1.2007900390625 1.2940055512975133e-06
1.2017900390625 1.418747613285208e-06
1.2027900390625 1.5869996992438156e-06
1.2037900390625 1.1210378935573456e-06
1.2047900390625 1.6797494888139361e-06
1.2057900390625 1.4374168773937489e-06
1.2067900390625 1.3000410057982051e-06
1.2077900390625 1.3490763727124532e-06
1.2087900390625 1.2330825806165174e-06
1.2097900390625 1.3975201836629013e-06
1.2107900390625 1.1913068407863229e-06
1.2117900390625 1.4374290499144341e-06
1.2127900390625 1.4998339310779674e-06
1.2137900390625 1.2418674271501667e-06
1.2147900390625 1.5976658623187948e-06
1.2157900390625 1.3134384245742683e-06
1.2167900390625 1.2594119583887912e-06
1.2177900390625 1.47929307137209e-06
1.2187900390625 1.564472807672051e-06
1.2197900390625 1.8755968986321276e-06
1.2207900390625 1.6525229570777411e-06
1.2217900390625 1.6739471310768964e-06
1.2227900390625 1.7878851512301275e-06
1.2237900390625 1.7293371492725486e-06
1.2247900390625 1.7356063591045008e-06
1.2257900390625 1.918471117929644e-06
1.2267900390625 1.971786590043566e-06
1.2277900390625 2.074685942638296e-06
1.2287900390625 1.901865844861417e-06
1.2297900390625 2.04438219487127e-06
1.2307900390625 2.2228658395922905e-06
1.2317900390625 2.0665691557875317e-06
1.2327900390625 1.779054542406252e-06
1.2337900390625 2.218403838166388e-06
1.2347900390625 2.174720043638997e-06
1.2357900390625 2.2488021183627442e-06
1.2367900390625 2.423704734536594e-06
1.2377900390625 2.685472802841639e-06
1.2387900390625 2.6944632682337357e-06
1.2397900390625 3.0325392263752356e-06
1.2407900390625 2.866332822988104e-06
1.2417900390625 3.2238843733662635e-06
1.2427900390625 3.6469753293979125e-06
1.2437900390625 3.1526832086547526e-06
1.2447900390625 3.7441380987734243e-06
1.2457900390625 3.9118261568295595e-06
1.2467900390625 4.242861645176912e-06
1.2477900390625 4.5820719221084085e-06
1.2487900390625 4.748197232713544e-06
1.2497900390625 5.30019707792224e-06
1.2507900390625 5.57740519614173e-06
1.2517900390625 6.322431544380426e-06
1.2527900390625 6.7270036741834094e-06
1.2537900390625 7.152710410615983e-06
1.2547900390625 8.0463560066872e-06
1.2557900390625 8.708743277043353e-06
1.2567900390625 9.397643918369768e-06
1.2577900390625 1.0065388296780667e-05
1.2587900390625 1.1071213283506331e-05
1.2597900390625 1.1986625216923759e-05
1.2607900390625 1.3328037017388502e-05
1.2617900390625 1.4277104701421228e-05
1.2627900390625 1.6126730692327493e-05
1.2637900390625 1.765801642292766e-05
1.2647900390625 1.9366367884260412e-05
1.2657900390625 2.155403166705192e-05
1.2667900390625 2.3731446627478447e-05
1.2677900390625 2.6388440090474956e-05
1.2687900390625 2.9119047846835818e-05
1.2697900390625 3.228996952060261e-05
1.2707900390625 3.66015207961237e-05
1.2717900390625 4.073831306360855e-05
1.2727900390625 4.614195629704202e-05
1.2737900390625 5.1753613523624364e-05
1.2747900390625 5.8802817491897855e-05
1.2757900390625 6.689499428688855e-05
1.2767900390625 7.641064998628534e-05
1.2777900390625 8.696668145664099e-05
1.2787900390625 9.951493756042243e-05
1.2797900390625 0.00011401783675364085
1.2807900390625 0.0001309037187604889
1.2817900390625 0.00015055284262782866
1.2827900390625 0.0001727603849458284
1.2837900390625 0.00019826488291513057
1.2847900390625 0.00022733776893520244
1.2857900390625 0.0002615161979376222
1.2867900390625 0.00030263124127207224
1.2877900390625 0.00034627577266859767
1.2887900390625 0.0004019402515721173
1.2897900390625 0.0004667037595583058
1.2907900390625 0.0005394735042446664
1.2917900390625 0.0006251614538091677
1.2927900390625 0.0007381845023584023
1.2937900390625 0.000860926434572543
1.2947900390625 0.0010068757892805046
1.2957900390625 0.001201385610469506
1.2967900390625 0.001421811494727458
1.2977900390625 0.001693818845051315
1.2987900390625 0.0020439675247052565
1.2997900390625 0.0024613868635070487
1.3007900390625 0.0029722888411058282
1.3017900390625 0.003618021935902567
1.3027900390625 0.004412969977472923
1.3037900390625 0.005357645104052478
1.3047900390625 0.0064943729560682515
1.3057900390625 0.007803389144560415
1.3067900390625 0.009026627054090058
1.3077900390625 0.009894386672748764
1.3087900390625 0.01098512812265304
1.3097900390625 0.011942171344113902
1.3107900390625 0.013079120343941118
1.3117900390625 0.014516547376187789
1.3127900390625 0.016274779651532192
1.3137900390625 0.018140482733099872
1.3147900390625 0.020708033219979258
1.3157900390625 0.02289070494075643
1.3167900390625 0.02622772323544009
1.3177900390625 0.029724066868627524
1.3187900390625 0.03469168166229634
1.3197900390625 0.04007395974790935
1.3207900390625 0.04754863092175211
1.3217900390625 0.05569049218147429
1.3227900390625 0.06595806880067659
1.3237900390625 0.07694761410984155
1.3247900390625 0.091265543180237
1.3257900390625 0.10527282821351502
1.3267900390625 0.12261919976436153
1.3277900390625 0.14144212512427795
1.3287900390625 0.16315304935131328
1.3297900390625 0.18632794442100178
1.3307900390625 0.21141163547043096
1.3317900390625 0.23601852452018746
1.3327900390625 0.26066797688925114
1.3337900390625 0.28475383029350604
1.3347900390625 0.30602489694348994
1.3357900390625 0.3248488203859418
1.3367900390625 0.3406039678064793
1.3377900390625 0.3538101733308813
1.3387900390625 0.3635840379172428
1.3397900390625 0.37087187020385237
1.3407900390625 0.3759962074382149
1.3417900390625 0.3793464981613912
1.3427900390625 0.3817222588756654
1.3437900390625 0.38515256951481514
1.3447900390625 0.38440827296754765
1.3457900390625 0.38597056855837697
1.3467900390625 0.388144829370785
1.3477900390625 0.3885803249176871
1.3487900390625 0.3898355314611903
1.3497900390625 0.39062829144147126
1.3507900390625 0.3924132910438932
1.3517900390625 0.39288716529246487
1.3527900390625 0.3931849421553375
1.3537900390625 0.3945775075246311
1.3547900390625 0.39376158929802296
1.3557900390625 0.39439082835479894
1.3567900390625 0.39437413365315666
1.3577900390625 0.39390969137474796
1.3587900390625 0.393781746754867
1.3597900390625 0.3933192729536214
1.3607900390625 0.392614427647653
1.3617900390625 0.39198204354033406
1.3627900390625 0.3907990888337506
1.3637900390625 0.39104403428239953
1.3647900390625 0.3918156917745441
1.3657900390625 0.3918514351970739
1.3667900390625 0.390566112052353
1.3677900390625 0.3902297522439293
1.3687900390625 0.3911937231152151
1.3697900390625 0.39088301954835625
1.3707900390625 0.39194974996737497
1.3717900390625 0.3918046514927933
1.3727900390625 0.39081373567831745
1.3737900390625 0.3908278146951521
1.3747900390625 0.390674297342819
1.3757900390625 0.3908311508643424
1.3767900390625 0.3905712910280146
1.3777900390625 0.39069886577468727
1.3787900390625 0.3902579206108666
1.3797900390625 0.3897780793909136
1.3807900390625 0.3889639015507344
1.3817900390625 0.3889342930437108
1.3827900390625 0.39030461991231846
1.3837900390625 0.3895723995175412
1.3847900390625 0.3892600285401821
1.3857900390625 0.38955640291938887
1.3867900390625 0.38958719908243566
1.3877900390625 0.3883298438354009
1.3887900390625 0.3887508832870723
1.3897900390625 0.38972362227035195
1.3907900390625 0.3902492592754019
1.3917900390625 0.3896949478787646
1.3927900390625 0.39093946402255864
1.3937900390625 0.39075229313812615
1.3947900390625 0.39169429571564685
1.3957900390625 0.3922993078820496
1.3967900390625 0.39260245172266517
1.3977900390625 0.39438778845129824
1.3987900390625 0.3946539629291211
1.3997900390625 0.3948575359959108
1.4007900390625 0.396593037361777
1.4017900390625 0.39707263730462133
1.4027900390625 0.39776216861451374
1.4037900390625 0.3987748974142553
1.4047900390625 0.39918222131198833
1.4057900390625 0.40077602658165096
1.4067900390625 0.4010687120364679
1.4077900390625 0.40104015587334657
1.4087900390625 0.4023243515142235
1.4097900390625 0.4033945068880195
1.4107900390625 0.402741250349616
1.4117900390625 0.40442487662085747
1.4127900390625 0.40512926415027717
1.4137900390625 0.4065789125548582
1.4147900390625 0.4065829111514314
1.4157900390625 0.4073864146280777
1.4167900390625 0.4085207850948325
1.4177900390625 0.4079317426026064
1.4187900390625 0.4096956800331208
1.4197900390625 0.40970913171220524
1.4207900390625 0.41005608954561446
1.4217900390625 0.41158380996576643
1.4227900390625 0.41180466097647145
1.4237900390625 0.41297205126646563
1.4247900390625 0.41318390868817967
1.4257900390625 0.41237334099850276
1.4267900390625 0.41373200349315065
1.4277900390625 0.413861954094196
1.4287900390625 0.4139108495855609
1.4297900390625 0.4161242530168262
1.4307900390625 0.4163254986253414
1.4317900390625 0.4169815250933898
1.4327900390625 0.41610934455347387
1.4337900390625 0.41653906896877585
1.4347900390625 0.4174038686617883
1.4357900390625 0.41689648545588126
1.4367900390625 0.41690262098486786
1.4377900390625 0.4180772874473866
1.4387900390625 0.41819966502361694
1.4397900390625 0.41812062339397293
1.4407900390625 0.4192595007198411
1.4417900390625 0.4184810952161831
1.4427900390625 0.41916864820394795
1.4437900390625 0.41975843612095975
1.4447900390625 0.4202735541415282
1.4457900390625 0.41937297589257244
1.4467900390625 0.42009433544016617
1.4477900390625 0.4198202267517572
1.4487900390625 0.4213723308828848
1.4497900390625 0.42025408478098164
1.4507900390625 0.4201315118529826
1.4517900390625 0.4212327474573483
1.4527900390625 0.4211281545858263
1.4537900390625 0.41952300506312423
1.4547900390625 0.4185562418676536
1.4557900390625 0.4197720314298461
1.4567900390625 0.41862697939785565
1.4577900390625 0.4184101383967036
1.4587900390625 0.4189166138179866
1.4597900390625 0.41804398665968323
1.4607900390625 0.41628086808139264
1.4617900390625 0.41509213731376227
1.4627900390625 0.4147807833339247
1.4637900390625 0.4142895092212357
1.4647900390625 0.4143983242673569
1.4657900390625 0.41446556888628067
1.4667900390625 0.4125236289913618
1.4677900390625 0.4123192316596461
1.4687900390625 0.41232669719731196
1.4697900390625 0.4112721877231015
1.4707900390625 0.4097552492333394
1.4717900390625 0.4094303292300152
1.4727900390625 0.4102621008404293
1.4737900390625 0.40884256253512596
1.4747900390625 0.41066644292957327
1.4757900390625 0.40960625746397483
1.4767900390625 0.4101582576618992
1.4777900390625 0.4103111952312214
1.4787900390625 0.4104770892297864
1.4797900390625 0.41073241592012655
1.4807900390625 0.4102695894211751
1.4817900390625 0.4109299652695817
1.4827900390625 0.4116495204142996
1.4837900390625 0.4115926386236463
1.4847900390625 0.41305183486017916
1.4857900390625 0.4155803033272678
1.4867900390625 0.414759081469982
1.4877900390625 0.41581003351169027
1.4887900390625 0.416324154203856
1.4897900390625 0.4169099203495835
1.4907900390625 0.4176575749133053
1.4917900390625 0.41947206455427866
1.4927900390625 0.4198250176584236
1.4937900390625 0.4202847529522825
1.4947900390625 0.421116439220501
1.4957900390625 0.4224392425472026
1.4967900390625 0.4236194000915622
1.4977900390625 0.4233862760521371
1.4987900390625 0.4244157706388293
1.4997900390625 0.42690280306067185
1.5007900390625 0.42741480516162206
1.5017900390625 0.42741354112438784
1.5027900390625 0.427733692650616
1.5037900390625 0.42930906002405356
1.5047900390625 0.4297393278407635
1.5057900390625 0.4303407334770646
1.5067900390625 0.4318871507791656
1.5077900390625 0.4319188384793723
1.5087900390625 0.43319589069843223
1.5097900390625 0.4343117793902991
1.5107900390625 0.43502444035347665
1.5117900390625 0.4346908530355154
1.5127900390625 0.43614165125375126
1.5137900390625 0.43669022593245965
1.5147900390625 0.4356492358917313
1.5157900390625 0.43645872764328597
1.5167900390625 0.4366232070516271
1.5177900390625 0.4379999456771012
1.5187900390625 0.43636927337264186
1.5197900390625 0.43756702718690066
1.5207900390625 0.4367413282986546
1.5217900390625 0.4360048025112827
1.5227900390625 0.43814048108699427
1.5237900390625 0.4365154936835055
1.5247900390625 0.43549529508687823
1.5257900390625 0.43619054531729506
1.5267900390625 0.43645931284056577
1.5277900390625 0.4361011930607419
1.5287900390625 0.4354502576644379
1.5297900390625 0.4339186032327893
1.5307900390625 0.4354202642578565
1.5317900390625 0.434427772211435
1.5327900390625 0.43405582528561537
1.5337900390625 0.4328128372685115
1.5347900390625 0.4333834535388073
1.5357900390625 0.43334819629475374
1.5367900390625 0.432481231025311
1.5377900390625 0.4336035535803613
1.5387900390625 0.4327156805418292
1.5397900390625 0.4317181752005157
1.5407900390625 0.4315341932200747
1.5417900390625 0.43153860748031453
1.5427900390625 0.4312838760190517
1.5437900390625 0.43176476166570543
1.5447900390625 0.4307561783360444
1.5457900390625 0.4308208564262481
1.5467900390625 0.430975734552159
1.5477900390625 0.4303847415544256
1.5487900390625 0.43189979671598444
1.5497900390625 0.4295871036016517
1.5507900390625 0.4305173508890193
1.5517900390625 0.4285517971889209
1.5527900390625 0.4298015901309551
1.5537900390625 0.4285381914764256
1.5547900390625 0.4293917273688202
1.5557900390625 0.4274701920373656
1.5567900390625 0.4266180073161414
1.5577900390625 0.42640363775423884
1.5587900390625 0.4263928605920675
1.5597900390625 0.42639450710117865
1.5607900390625 0.42563059589714136
1.5617900390625 0.42639964929341456
1.5627900390625 0.42430233981708687
1.5637900390625 0.4254803646568953
1.5647900390625 0.42513795344130245
1.5657900390625 0.42534102512686045
1.5667900390625 0.426257339332342
1.5677900390625 0.42632583092321075
1.5687900390625 0.42673145877781626
1.5697900390625 0.42722584349646475
1.5707900390625 0.42745021750631296
1.5717900390625 0.42853656422330066
1.5727900390625 0.43094521099763655
1.5737900390625 0.43000637384903984
1.5747900390625 0.43215715481571776
1.5757900390625 0.43175069479964356
1.5767900390625 0.43406743511709983
1.5777900390625 0.4347961420649443
1.5787900390625 0.4346109594707116
1.5797900390625 0.4364821776666207
1.5807900390625 0.43776738604323795
1.5817900390625 0.43817242040353976
1.5827900390625 0.4392169514074382
1.5837900390625 0.4407081556470116
1.5847900390625 0.4421394465743206
1.5857900390625 0.4425093336015429
1.5867900390625 0.44130581042369604
1.5877900390625 0.4431073437699161
1.5887900390625 0.44246776578418
1.5897900390625 0.44366159799035143
1.5907900390625 0.44359787908881
1.5917900390625 0.44480758731987935
1.5927900390625 0.44526360876612925
1.5937900390625 0.44491715370230306
1.5947900390625 0.44432255423362976
1.5957900390625 0.44465049447271543
1.5967900390625 0.44645714749559506
1.5977900390625 0.4460490396574569
1.5987900390625 0.44611960245479565
1.5997900390625 0.4444488261013109
1.6007900390625 0.447120658239771
1.6017900390625 0.4461157810609915
1.6027900390625 0.44619082258592035
1.6037900390625 0.4458117438936482
1.6047900390625 0.4471598628221991
1.6057900390625 0.4470931018263403
1.6067900390625 0.44723027158303374
1.6077900390625 0.4468558506127187
1.6087900390625 0.44647053194151776
1.6097900390625 0.4469526319624332
1.6107900390625 0.4469273173636941
1.6117900390625 0.4472382184918364
1.6127900390625 0.44600730146871914
1.6137900390625 0.4470823815758057
1.6147900390625 0.44724877015901826
1.6157900390625 0.44772279146564736
1.6167900390625 0.44785387040842745
1.6177900390625 0.4489518014787525
1.6187900390625 0.44583932143339244
1.6197900390625 0.44738367543119095
1.6207900390625 0.4452670779374266
1.6217900390625 0.4470401594087246
1.6227900390625 0.44534865912910154
1.6237900390625 0.44544417425511124
1.6247900390625 0.44487235762168237
1.6257900390625 0.44431359657089287
1.6267900390625 0.4430650634362862
1.6277900390625 0.44436717693021255
1.6287900390625 0.44350373846473445
1.6297900390625 0.4421733220087078
1.6307900390625 0.44243908096599704
1.6317900390625 0.44277458832123584
1.6327900390625 0.4434599032909794
1.6337900390625 0.4424845741838799
1.6347900390625 0.4428390006275685
1.6357900390625 0.44422930249421033
1.6367900390625 0.4439328173237087
1.6377900390625 0.4445836342578537
1.6387900390625 0.4442948966503123
1.6397900390625 0.4456707677766836
1.6407900390625 0.44469567638455587
1.6417900390625 0.44566272275512253
1.6427900390625 0.44551221746974856
1.6437900390625 0.4463436453696243
1.6447900390625 0.4433589922363985
1.6457900390625 0.44656323225626965
1.6467900390625 0.44621261769581677
1.6477900390625 0.4479687668823709
1.6487900390625 0.4471729662036308
1.6497900390625 0.4479845796973973
1.6507900390625 0.4490347676099688
1.6517900390625 0.4493028423871036
1.6527900390625 0.45142835275974347
1.6537900390625 0.45187474494835833
1.6547900390625 0.45176042121708937
1.6557900390625 0.4492970032046585
1.6567900390625 0.4479515294478078
1.6577900390625 0.444600168111431
1.6587900390625 0.4379256189437659
1.6597900390625 0.4280647833980925
1.6607900390625 0.41686842223886833
1.6617900390625 0.39986564676623493
1.6627900390625 0.3806681040553239
1.6637900390625 0.35545148290410544
1.6647900390625 0.3301754254715195
1.6657900390625 0.3030558589327117
1.6667900390625 0.27350789096793493
1.6677900390625 0.24576494936121765
1.6687900390625 0.2165489678657916
1.6697900390625 0.1884437647401294
1.6707900390625 0.1642947440337072
1.6717900390625 0.1407514325575046
1.6727900390625 0.12059253388415585
1.6737900390625 0.10286028736159197
1.6747900390625 0.08852661701734903
1.6757900390625 0.07736265222864093
1.6767900390625 0.0672326946449199
1.6777900390625 0.05937642290897076
1.6787900390625 0.05157539305848029
1.6797900390625 0.045360094110845364
1.6807900390625 0.03987098468548087
1.6817900390625 0.03573565002927133
1.6827900390625 0.03134853053975628
1.6837900390625 0.02797125237016776
1.6847900390625 0.02441293914796394
1.6857900390625 0.020838576951059444
1.6867900390625 0.017704645623133067
1.6877900390625 0.014912657597169619
1.6887900390625 0.012457145435628598
1.6897900390625 0.010511754454663076
1.6907900390625 0.008844560409309313
1.6917900390625 0.0074639694097840764
1.6927900390625 0.006252302776235637
1.6937900390625 0.005303087571025162
1.6947900390625 0.0044808652480349586
1.6957900390625 0.0037761416243396627
1.6967900390625 0.0032280469549357876
1.6977900390625 0.0027369991219488516
1.6987900390625 0.0023354529066089043
1.6997900390625 0.0020025269935596743
1.7007900390625 0.0017262674770584683
1.7017900390625 0.0014790766203966275
1.7027900390625 0.0012784034668978737
1.7037900390625 0.001107533968766563
1.7047900390625 0.0009584597469339134
1.7057900390625 0.0008373619521968693
1.7067900390625 0.0007316847638835991
1.7077900390625 0.0006391227565242493
1.7087900390625 0.0005604014891106371
1.7097900390625 0.0004937446718376412
1.7107900390625 0.00043456123345550837
1.7117900390625 0.00038337316089901916
1.7127900390625 0.0003413184865410946
1.7137900390625 0.0003002901978901042
1.7147900390625 0.0002690393281854847
1.7157900390625 0.00023967795179995625
1.7167900390625 0.0002148880816491341
1.7177900390625 0.00019174890472410124
1.7187900390625 0.00017278750173747498
1.7197900390625 0.00015573477579217191
1.7207900390625 0.00014065714161861717
1.7217900390625 0.00012787302789926764
1.7227900390625 0.00011467052852366538
1.7237900390625 0.00010472518678452494
1.7247900390625 9.497848309101184e-05
1.7257900390625 8.694111319641778e-05
1.7267900390625 7.807525066017864e-05
1.7277900390625 7.267979781140166e-05
1.7287900390625 6.509470530109212e-05
1.7297900390625 6.0693782935703476e-05
1.7307900390625 5.57205173707973e-05
1.7317900390625 5.046795533943449e-05
1.7327900390625 4.7438513714012954e-05
1.7337900390625 4.17925761372702e-05
1.7347900390625 3.954174441050174e-05
1.7357900390625 3.635468919264867e-05
1.7367900390625 3.333311952986743e-05
1.7377900390625 3.1655782841605946e-05
1.7387900390625 2.9198253734970393e-05
1.7397900390625 2.6921715414980914e-05
1.7407900390625 2.470434913958107e-05
1.7417900390625 2.288459372994757e-05
1.7427900390625 2.1320244917582864e-05
1.7437900390625 2.045313849198607e-05
1.7447900390625 1.8545773726833538e-05
1.7457900390625 1.790353969699865e-05
1.7467900390625 1.626360854513285e-05
1.7477900390625 1.5961448549181462e-05
1.7487900390625 1.5337263142527986e-05
1.7497900390625 1.3774419551924382e-05
1.7507900390625 1.3265257858893979e-05
1.7517900390625 1.234386042520447e-05
1.7527900390625 1.1341034716178319e-05
1.7537900390625 1.0866937445422528e-05
1.7547900390625 1.0896278927041912e-05
1.7557900390625 9.772044320833391e-06
1.7567900390625 9.62387115647585e-06
1.7577900390625 8.84863209644549e-06
1.7587900390625 9.229611588390492e-06
1.7597900390625 7.677116185883659e-06
1.7607900390625 9.09631337994382e-06
1.7617900390625 7.172831110173556e-06
1.7627900390625 6.923955471673905e-06
1.7637900390625 7.5849384918389675e-06
1.7647900390625 6.937490716852938e-06
1.7657900390625 7.4393109512575045e-06
1.7667900390625 6.203792129281246e-06
1.7677900390625 6.359696061558234e-06
1.7687900390625 4.964218955613987e-06
1.7697900390625 6.855075065400581e-06
1.7707900390625 5.997581693231609e-06
1.7717900390625 5.226308295853512e-06
1.7727900390625 5.868272897796783e-06
1.7737900390625 5.221892740340304e-06
1.7747900390625 5.023154261841313e-06
1.7757900390625 5.009961592557644e-06
1.7767900390625 5.625141624911725e-06
1.7777900390625 5.821766684432999e-06
1.7787900390625 5.885250188356728e-06
1.7797900390625 5.008964152756982e-06
1.7807900390625 4.082973428774584e-06
1.7817900390625 5.129188239503357e-06
1.7827900390625 4.286254592298157e-06
1.7837900390625 5.033305306784522e-06
1.7847900390625 4.643096461900012e-06
1.7857900390625 5.361027757234585e-06
1.7867900390625 4.763605283681994e-06
1.7877900390625 5.068603359275842e-06
1.7887900390625 4.549283559650954e-06
1.7897900390625 5.410617550905292e-06
1.7907900390625 4.6690759395843155e-06
1.7917900390625 4.686945381214382e-06
1.7927900390625 4.937097008164416e-06
1.7937900390625 4.507543434101137e-06
1.7947900390625 4.808831490912378e-06
1.7957900390625 5.367938346697538e-06
1.7967900390625 3.873411943819069e-06
1.7977900390625 4.467735733679947e-06
1.7987900390625 3.62750568935629e-06
1.7997900390625 3.4563246415981427e-06
1.8007900390625 4.5504337291257644e-06
1.8017900390625 5.438147707942719e-06
1.8027900390625 4.8620787673653195e-06
1.8037900390625 5.073815069107461e-06
1.8047900390625 3.3203624424780988e-06
1.8057900390625 3.993432030636427e-06
1.8067900390625 4.786509002778063e-06
1.8077900390625 5.03522331436947e-06
1.8087900390625 5.101276185329036e-06
1.8097900390625 4.985085686062397e-06
1.8107900390625 5.623310738629247e-06
1.8117900390625 5.548489433571972e-06
1.8127900390625 4.514428587165635e-06
1.8137900390625 4.653760868104775e-06
1.8147900390625 4.879243700739465e-06
1.8157900390625 4.44769605143478e-06
1.8167900390625 4.289967277110502e-06
1.8177900390625 4.975434028778384e-06
1.8187900390625 5.492268463511503e-06
1.8197900390625 4.796619467645942e-06
1.8207900390625 4.404309707669149e-06
1.8217900390625 4.871021726245489e-06
1.8227900390625 4.905312861200086e-06
1.8237900390625 5.663701593007676e-06
1.8247900390625 4.722340847939891e-06
1.8257900390625 5.721827572919203e-06
1.8267900390625 4.2267463657743025e-06
1.8277900390625 3.815773431439715e-06
1.8287900390625 5.605426750018241e-06
1.8297900390625 4.9349500321110725e-06
1.8307900390625 5.618829735014582e-06
1.8317900390625 4.069886950408695e-06
1.8327900390625 4.806928687266514e-06
1.8337900390625 3.608053057292947e-06
1.8347900390625 5.742427583683289e-06
1.8357900390625 5.003725508644363e-06
1.8367900390625 4.618453813841009e-06
1.8377900390625 3.34180316884802e-06
1.8387900390625 5.625127750149237e-06
1.8397900390625 3.957959693062078e-06
1.8407900390625 5.504176470182571e-06
1.8417900390625 3.6764364924120518e-06
1.8427900390625 5.055560205406521e-06
1.8437900390625 5.5502751868076896e-06
1.8447900390625 4.434585153100619e-06
1.8457900390625 3.71233494198376e-06
1.8467900390625 5.760003951677246e-06
1.8477900390625 6.272398403390895e-06
1.8487900390625 4.16916536414841e-06
1.8497900390625 6.3888755879939224e-06
1.8507900390625 4.893776692698558e-06
1.8517900390625 6.234270550978117e-06
1.8527900390625 4.848543811060149e-06
1.8537900390625 4.4396393356874815e-06
1.8547900390625 5.189302881072675e-06
1.8557900390625 6.926452897883897e-06
1.8567900390625 5.115604250815356e-06
1.8577900390625 4.198584348962921e-06
1.8587900390625 6.05774783980289e-06
1.8597900390625 3.5642930348396636e-06
1.8607900390625 5.83031436796806e-06
1.8617900390625 5.377814934573778e-06
1.8627900390625 5.708384648874769e-06
1.8637900390625 5.212876742959251e-06
1.8647900390625 6.654527142884767e-06
1.8657900390625 4.870844236348895e-06
1.8667900390625 4.616592118786475e-06
1.8677900390625 6.840453370179694e-06
1.8687900390625 5.446702853939145e-06
1.8697900390625 5.6207936880793115e-06
1.8707900390625 5.850894227121379e-06
1.8717900390625 5.427081806556613e-06
1.8727900390625 3.292693013162242e-06
1.8737900390625 3.7719675281461856e-06
1.8747900390625 4.430244717892825e-06
1.8757900390625 4.8827819988145765e-06
1.8767900390625 6.2600682718459346e-06
1.8777900390625 6.2928745495677546e-06
1.8787900390625 5.889854454243592e-06
1.8797900390625 4.915391571312747e-06
1.8807900390625 4.760486990488564e-06
1.8817900390625 4.136042189527425e-06
1.8827900390625 5.47517322073985e-06
1.8837900390625 4.685396570135539e-06
1.8847900390625 7.361872640078578e-06
1.8857900390625 4.996675887586643e-06
1.8867900390625 5.693626119703454e-06
1.8877900390625 5.438054186085404e-06
1.8887900390625 5.1781732907527464e-06
1.8897900390625 5.354474746935965e-06
1.8907900390625 4.987847239883824e-06
1.8917900390625 6.04086474420412e-06
1.8927900390625 5.092300519118184e-06
1.8937900390625 5.099847498374855e-06
1.8947900390625 5.0113134667333765e-06
1.8957900390625 6.784959873227658e-06
1.8967900390625 5.0867418937868845e-06
1.8977900390625 6.839949062108101e-06
1.8987900390625 5.217670485379624e-06
1.8997900390625 4.722746186222349e-06
1.9007900390625 4.333311104090594e-06
1.9017900390625 5.517175620581953e-06
1.9027900390625 6.673341950565803e-06
1.9037900390625 4.609645175263516e-06
1.9047900390625 5.097187998716938e-06
1.9057900390625 5.261862201146619e-06
1.9067900390625 5.753043112032262e-06
1.9077900390625 6.052120561347915e-06
1.9087900390625 4.133931589954545e-06
1.9097900390625 6.251999954720342e-06
1.9107900390625 5.934626082466327e-06
1.9117900390625 5.403862988380076e-06
1.9127900390625 6.941606609359102e-06
1.9137900390625 4.834451322468552e-06
1.9147900390625 4.611936939958373e-06
1.9157900390625 5.609192963876629e-06
1.9167900390625 4.898296011011548e-06
1.9177900390625 5.399617235627852e-06
1.9187900390625 5.400896006296454e-06
1.9197900390625 6.48969043461088e-06
1.9207900390625 6.274117819962496e-06
1.9217900390625 6.591667746606715e-06
1.9227900390625 6.508454626585849e-06
1.9237900390625 4.856626966577939e-06
1.9247900390625 6.052433321235162e-06
1.9257900390625 4.552234216448522e-06
1.9267900390625 6.117587039678128e-06
1.9277900390625 5.769555760659329e-06
1.9287900390625 5.135501126243326e-06
1.9297900390625 4.927301670264846e-06
1.9307900390625 6.121684878254994e-06
1.9317900390625 4.770152072947678e-06
1.9327900390625 4.215570216843015e-06
1.9337900390625 6.343352058704011e-06
1.9347900390625 5.8981666302229975e-06
1.9357900390625 6.490931330828207e-06
1.9367900390625 6.018088404464227e-06
1.9377900390625 6.453836135154538e-06
1.9387900390625 4.3338508158659355e-06
1.9397900390625 6.061945219197587e-06
1.9407900390625 6.27949432532256e-06
1.9417900390625 6.571840998955867e-06
1.9427900390625 6.351998577296914e-06
1.9437900390625 5.96896667885656e-06
1.9447900390625 8.970536710812089e-06
1.9457900390625 6.1011796193917426e-06
1.9467900390625 7.0988370356228296e-06
1.9477900390625 7.147442518084852e-06
1.9487900390625 4.799722762953851e-06
1.9497900390625 7.156241925499418e-06
1.9507900390625 7.172169369365516e-06
1.9517900390625 5.256156606128317e-06
1.9527900390625 6.732593606422535e-06
1.9537900390625 5.5724528154426925e-06
1.9547900390625 5.298228526247993e-06
1.9557900390625 5.677406211676697e-06
1.9567900390625 5.4737009391975754e-06
1.9577900390625 6.948707679722006e-06
1.9587900390625 5.82253555709722e-06
1.9597900390625 6.1775992771199735e-06
1.9607900390625 5.53725008838663e-06
1.9617900390625 6.168338347787806e-06
1.9627900390625 5.337537249693048e-06
1.9637900390625 5.058608883710944e-06
1.9647900390625 5.859506503186443e-06
1.9657900390625 6.5703502110222386e-06
1.9667900390625 6.041469835385714e-06
1.9677900390625 5.45908639929775e-06
1.9687900390625 7.015592318150372e-06
1.9697900390625 6.289624115019301e-06
1.9707900390625 6.557371900273942e-06
1.9717900390625 6.21455922752789e-06
1.9727900390625 5.88975797597011e-06
1.9737900390625 5.927557533803627e-06
1.9747900390625 6.716947457198636e-06
1.9757900390625 5.0615040245223296e-06
1.9767900390625 5.9095410212367546e-06
1.9777900390625 5.9633503233646e-06
1.9787900390625 6.514434298074407e-06
1.9797900390625 6.3104331719689e-06
1.9807900390625 5.147861107324783e-06
1.9817900390625 5.7132569446080025e-06
1.9827900390625 7.965809724809639e-06
1.9837900390625 6.470707495750686e-06
1.9847900390625 6.294137359301067e-06
1.9857900390625 5.5233165557621324e-06
1.9867900390625 5.339606374348122e-06
1.9877900390625 5.68072536770585e-06
1.9887900390625 6.687254669277968e-06
1.9897900390625 7.166523511313758e-06
1.9907900390625 4.326806213552641e-06
1.9917900390625 7.744549146552854e-06
1.9927900390625 6.237258212700345e-06
1.9937900390625 4.73735586180409e-06
1.9947900390625 5.740777302165786e-06
1.9957900390625 6.8213327980514e-06
1.9967900390625 5.897140449022873e-06
1.9977900390625 6.690534320752176e-06
1.9987900390625 6.925436772701811e-06
1.9997900390625 6.23471592204617e-06
2.0007900390625 5.607851053716218e-06
2.0017900390625 5.728108729992123e-06
2.0027900390625 6.214765925454095e-06
2.0037900390625 7.332761281442635e-06
2.0047900390625 7.030739261894968e-06
2.0057900390625 5.7272900857257e-06
2.0067900390625 7.702453259891173e-06
2.0077900390625 7.926800587111247e-06
2.0087900390625 6.464895585534008e-06
2.0097900390625 7.623521574465572e-06
2.0107900390625 7.051786415760131e-06
2.0117900390625 8.02934155533029e-06
2.0127900390625 7.2265855718132065e-06
2.0137900390625 6.523274601903001e-06
2.0147900390625 7.4186876740134735e-06
2.0157900390625 7.831970090352954e-06
2.0167900390625 4.984083392031116e-06
2.0177900390625 8.150544815335707e-06
2.0187900390625 6.87794408346831e-06
2.0197900390625 9.248078212456221e-06
2.0207900390625 6.188686757317961e-06
2.0217900390625 7.765049962855028e-06
2.0227900390625 6.193353183849091e-06
2.0237900390625 7.216974292663376e-06
2.0247900390625 7.48225550472241e-06
2.0257900390625 5.767018338315379e-06
2.0267900390625 7.037425177829312e-06
2.0277900390625 6.287991278381427e-06
2.0287900390625 8.512866482333386e-06
2.0297900390625 6.719233125156375e-06
2.0307900390625 7.445190078028604e-06
2.0317900390625 7.53566638094605e-06
2.0327900390625 8.244464183636613e-06
2.0337900390625 8.033562243107942e-06
2.0347900390625 5.903336932215789e-06
2.0357900390625 8.03635182297904e-06
2.0367900390625 5.793884209090469e-06
2.0377900390625 7.455948501532971e-06
2.0387900390625 6.079107304462813e-06
2.0397900390625 7.664438700000772e-06
2.0407900390625 5.525588527897959e-06
2.0417900390625 1.0580621355522763e-05
2.0427900390625 5.904858481572984e-06
2.0437900390625 7.4377765178153315e-06
2.0447900390625 5.471993672307079e-06
2.0457900390625 9.577782619936183e-06
2.0467900390625 7.129398883499569e-06
2.0477900390625 6.664602874432936e-06
2.0487900390625 8.904926451799904e-06
2.0497900390625 6.126486401559227e-06
2.0507900390625 8.962631207404722e-06
2.0517900390625 7.265268070319999e-06
2.0527900390625 7.808105470104374e-06
2.0537900390625 6.780074456922952e-06
2.0547900390625 7.083269306880058e-06
2.0557900390625 9.377556288153818e-06
2.0567900390625 6.417010855392412e-06
2.0577900390625 5.747113140347788e-06
2.0587900390625 8.891483407506197e-06
2.0597900390625 7.4278833349352925e-06
2.0607900390625 7.94629984067446e-06
2.0617900390625 8.306268667394242e-06
2.0627900390625 7.6115852821004885e-06
2.0637900390625 9.069387291437645e-06
2.0647900390625 9.05465681886282e-06
2.0657900390625 8.168375167073511e-06
2.0667900390625 6.353095317427944e-06
2.0677900390625 7.450598043821269e-06
2.0687900390625 9.42442299621447e-06
2.0697900390625 7.99480160473923e-06
2.0707900390625 7.974456725565291e-06
2.0717900390625 9.288646651610195e-06
2.0727900390625 7.331066988544892e-06
2.0737900390625 7.86516787565174e-06
2.0747900390625 1.0494404463384114e-05
2.0757900390625 7.38812588035264e-06
2.0767900390625 8.972698191825157e-06
2.0777900390625 6.8632762761593e-06
2.0787900390625 7.769995241907527e-06
2.0797900390625 9.008859333553212e-06
2.0807900390625 8.927303966910617e-06
2.0817900390625 7.084373774141677e-06
2.0827900390625 9.385556102371616e-06
2.0837900390625 7.867404223803982e-06
2.0847900390625 8.844938062889023e-06
2.0857900390625 8.889048737596182e-06
2.0867900390625 8.776520267200058e-06
2.0877900390625 7.278982106379186e-06
2.0887900390625 8.080785358630515e-06
2.0897900390625 1.0492642314827022e-05
2.0907900390625 8.680166580198128e-06
2.0917900390625 7.627764454050712e-06
2.0927900390625 8.133391914989489e-06
2.0937900390625 8.209277012970643e-06
2.0947900390625 7.789046540022361e-06
2.0957900390625 8.51331323985593e-06
2.0967900390625 8.52293825504544e-06
2.0977900390625 8.670101532025753e-06
2.0987900390625 7.222153007942599e-06
2.0997900390625 7.871805005425112e-06
2.1007900390625 8.546173610540031e-06
2.1017900390625 8.629061439066072e-06
2.1027900390625 8.69103665153852e-06
2.1037900390625 1.0205571238524427e-05
2.1047900390625 9.262092186562424e-06
2.1057900390625 7.125958040883986e-06
2.1067900390625 8.773233130779825e-06
2.1077900390625 8.917499655694223e-06
2.1087900390625 7.235567903835128e-06
2.1097900390625 8.574910244931878e-06
2.1107900390625 7.363420202053261e-06
2.1117900390625 9.902518667762576e-06
2.1127900390625 8.640793721566176e-06
2.1137900390625 9.178930759609013e-06
2.1147900390625 1.0267299690256405e-05
2.1157900390625 9.02235238105079e-06
2.1167900390625 9.715663193541402e-06
2.1177900390625 8.508488342649686e-06
2.1187900390625 1.1597291923839737e-05
2.1197900390625 1.0157527569570368e-05
2.1207900390625 9.390924204875245e-06
2.1217900390625 8.694185682105117e-06
2.1227900390625 9.30083337706824e-06
2.1237900390625 7.999225162535151e-06
2.1247900390625 8.14867544858948e-06
2.1257900390625 1.056824430591572e-05
2.1267900390625 1.1273595604743275e-05
2.1277900390625 1.315086649060949e-05
2.1287900390625 1.0538512736233049e-05
2.1297900390625 1.1186162016136883e-05
2.1307900390625 1.1546978788114148e-05
2.1317900390625 8.843525288292128e-06
2.1327900390625 1.3359740669699654e-05
2.1337900390625 9.862239165828717e-06
2.1347900390625 6.9652228784449015e-06
2.1357900390625 9.890101283253298e-06
2.1367900390625 1.110124589593587e-05
2.1377900390625 6.27916927425499e-06
2.1387900390625 1.1698211775934778e-05
2.1397900390625 1.077817223114934e-05
2.1407900390625 1.0965731166845513e-05
2.1417900390625 1.3027322427772892e-05
2.1427900390625 1.0160741623884121e-05
2.1437900390625 1.1574453647594151e-05
2.1447900390625 1.0286721595322023e-05
2.1457900390625 1.162421019083088e-05
2.1467900390625 9.488820581793133e-06
2.1477900390625 1.0727798200963119e-05
2.1487900390625 1.3230442587062357e-05
2.1497900390625 1.0905038553541686e-05
2.1507900390625 8.352108412180597e-06
2.1517900390625 1.2315654466140006e-05
2.1527900390625 1.3799688317281598e-05
2.1537900390625 1.4467824958831802e-05
2.1547900390625 1.2013705960780772e-05
2.1557900390625 1.3225080070642113e-05
2.1567900390625 1.063693498941931e-05
2.1577900390625 1.2078523309485452e-05
2.1587900390625 1.0311025881205577e-05
2.1597900390625 1.157488633466899e-05
2.1607900390625 1.0631723964727784e-05
2.1617900390625 1.0865672680524303e-05
2.1627900390625 1.0371808182230644e-05
2.1637900390625 1.2207785644223838e-05
2.1647900390625 1.1866272487829224e-05
2.1657900390625 7.959846573514664e-06
2.1667900390625 1.000463579343927e-05
2.1677900390625 9.10401960330547e-06
2.1687900390625 1.0263802604479422e-05
2.1697900390625 1.1964381903558205e-05
2.1707900390625 1.2350648190810791e-05
2.1717900390625 1.0906407962618821e-05
2.1727900390625 1.0602636101795043e-05
2.1737900390625 1.3331271756406544e-05
2.1747900390625 1.1262238645289846e-05
2.1757900390625 1.1823617628906303e-05
2.1767900390625 6.6368863866643935e-06
2.1777900390625 9.602936141644367e-06
2.1787900390625 1.0036115073191827e-05
2.1797900390625 1.000452605676412e-05
2.1807900390625 8.274258340790167e-06
2.1817900390625 1.1969313528717169e-05
2.1827900390625 1.052716647903408e-05
2.1837900390625 1.0770540079591228e-05
2.1847900390625 1.2511401266210302e-05
2.1857900390625 1.0347291626054364e-05
2.1867900390625 1.0570975368928813e-05
2.1877900390625 7.706194506520277e-06
2.1887900390625 9.84892423917787e-06
2.1897900390625 1.1610332278487103e-05
2.1907900390625 1.0671592313079738e-05
2.1917900390625 1.3837982591238917e-05
2.1927900390625 1.160400670622345e-05
2.1937900390625 9.500450426849324e-06
2.1947900390625 1.1676405028524606e-05
2.1957900390625 1.1330181058807224e-05
2.1967900390625 1.4091735617959817e-05
2.1977900390625 1.2200652837285e-05
2.1987900390625 1.4097046256163348e-05
2.1997900390625 1.21078048398941e-05
2.2007900390625 1.1898419868551438e-05
2.2017900390625 1.3156612629006224e-05
2.2027900390625 1.3880863727668615e-05
2.2037900390625 1.3998770656765861e-05
2.2047900390625 1.3216330432356502e-05
2.2057900390625 1.4938899251093706e-05
2.2067900390625 1.4872213299777893e-05
2.2077900390625 1.3544104339433645e-05
2.2087900390625 1.3316883744492526e-05
2.2097900390625 1.6876044358753543e-05
2.2107900390625 1.441915013644689e-05
2.2117900390625 1.7981074164637325e-05
2.2127900390625 1.784743695439795e-05
2.2137900390625 1.824635708791297e-05
2.2147900390625 1.7035712623113956e-05
2.2157900390625 9.731300664307401e-06
2.2167900390625 1.6746510663288435e-05
2.2177900390625 1.8013073599805848e-05
2.2187900390625 1.5218792854220342e-05
2.2197900390625 1.476822167772384e-05
2.2207900390625 1.360304359042997e-05
2.2217900390625 1.7216053084524033e-05
2.2227900390625 1.4180136668788833e-05
2.2237900390625 1.3961365308869604e-05
2.2247900390625 1.5818710572906972e-05
2.2257900390625 1.3185730138535539e-05
2.2267900390625 1.6930178744210716e-05
2.2277900390625 1.627739796921577e-05
2.2287900390625 1.390047504528627e-05
2.2297900390625 1.859214943184285e-05
2.2307900390625 1.4491699095313073e-05
2.2317900390625 1.4690775837705698e-05
2.2327900390625 1.586620486490178e-05
2.2337900390625 1.8361263347045162e-05
2.2347900390625 1.6375590324773657e-05
2.2357900390625 1.650146873275836e-05
2.2367900390625 1.3088592413243374e-05
2.2377900390625 1.7850060879123178e-05
2.2387900390625 1.3502544197069234e-05
2.2397900390625 1.9241906972462548e-05
2.2407900390625 1.87016845456817e-05
2.2417900390625 1.5654497269264824e-05
2.2427900390625 2.014148664844368e-05
2.2437900390625 1.8190982256906465e-05
2.2447900390625 1.766064072248326e-05
2.2457900390625 1.7277757359308193e-05
2.2467900390625 1.5355803400944795e-05
2.2477900390625 2.2786370108955668e-05
2.2487900390625 1.6151833175084513e-05
2.2497900390625 1.990857403919829e-05
2.2507900390625 1.8059465571583955e-05
2.2517900390625 1.6408165295369375e-05
2.2527900390625 1.815053452969336e-05
2.2537900390625 1.8880917610783607e-05
2.2547900390625 1.955771087816107e-05
2.2557900390625 2.022473114987004e-05
2.2567900390625 1.9471888108254605e-05
2.2577900390625 1.7013771617980432e-05
2.2587900390625 1.6402018752767754e-05
2.2597900390625 2.1545963578902397e-05
2.2607900390625 1.9396969890234256e-05
2.2617900390625 2.0793872857040026e-05
2.2627900390625 1.734358182055838e-05
2.2637900390625 1.9751244377991687e-05
2.2647900390625 1.7544148435646844e-05
2.2657900390625 1.9162686686618077e-05
2.2667900390625 2.0826439540653674e-05
2.2677900390625 1.9731614806151953e-05
2.2687900390625 2.129037527461843e-05
2.2697900390625 1.8410530326064735e-05
2.2707900390625 1.934699766998204e-05
2.2717900390625 1.7093014151423147e-05
2.2727900390625 1.805777592710653e-05
2.2737900390625 1.8315697298520957e-05
2.2747900390625 1.708989352072174e-05
2.2757900390625 1.8000570790202874e-05
2.2767900390625 1.5342702582928694e-05
2.2777900390625 1.3673736234244569e-05
2.2787900390625 1.5909971209697513e-05
2.2797900390625 1.4801195349030708e-05
2.2807900390625 1.4105098352625667e-05
2.2817900390625 1.1882524886074934e-05
2.2827900390625 9.121477404412358e-06
2.2837900390625 1.1700385858069236e-05
2.2847900390625 1.3397428062255927e-05
2.2857900390625 1.1163504468973085e-05
2.2867900390625 1.1318754152252261e-05
2.2877900390625 9.179606369396543e-06
2.2887900390625 1.335040826189607e-05
2.2897900390625 9.579593638008092e-06
2.2907900390625 1.0444709427237501e-05
2.2917900390625 1.0700020462429571e-05
2.2927900390625 8.812051354426879e-06
2.2937900390625 1.0210863908701367e-05
2.2947900390625 1.045045974067012e-05
2.2957900390625 6.6017822636928075e-06
2.2967900390625 8.451715622798332e-06
2.2977900390625 6.440613827802183e-06
2.2987900390625 6.733066895192529e-06
2.2997900390625 7.734794908247789e-06
2.3007900390625 6.892390011570863e-06
2.3017900390625 8.713298557697041e-06
2.3027900390625 6.6811751950984705e-06
2.3037900390625 7.265426204346986e-06
2.3047900390625 6.419709230799974e-06
2.3057900390625 7.648990056544113e-06
2.3067900390625 6.935331199834543e-06
2.3077900390625 4.850159683834699e-06
2.3087900390625 7.931745442821719e-06
2.3097900390625 5.7073851713327275e-06
2.3107900390625 6.7669936975649516e-06
2.3117900390625 5.9896502938054746e-06
2.3127900390625 5.218359391120132e-06
2.3137900390625 5.491684321181135e-06
2.3147900390625 5.9500907933836474e-06
2.3157900390625 5.7425821347565525e-06
2.3167900390625 5.476131727969873e-06
2.3177900390625 3.893915156633554e-06
2.3187900390625 4.002632734083075e-06
2.3197900390625 5.313307168791933e-06
2.3207900390625 4.4844054189352546e-06
2.3217900390625 4.308289979022957e-06
2.3227900390625 4.678489706240858e-06
2.3237900390625 3.1624547602527093e-06
2.3247900390625 3.7532275479858684e-06
2.3257900390625 4.035872201786779e-06
2.3267900390625 3.787594371833321e-06
2.3277900390625 3.858030335399509e-06
2.3287900390625 3.1442322158474827e-06
2.3297900390625 3.1519721852764977e-06
2.3307900390625 2.9716907058199926e-06
2.3317900390625 2.753220220357082e-06
2.3327900390625 2.9374888946459693e-06
2.3337900390625 2.800838444930884e-06
2.3347900390625 2.3269506017634958e-06
2.3357900390625 2.217346479729871e-06
2.3367900390625 2.0806942121424676e-06
2.3377900390625 2.221019451263893e-06
2.3387900390625 2.1762806840651953e-06
2.3397900390625 2.015847776125604e-06
2.3407900390625 1.8070252276003572e-06
2.3417900390625 2.2313106680056754e-06
2.3427900390625 2.1394271070738176e-06
2.3437900390625 1.7818329459041744e-06
2.3447900390625 1.775686419703838e-06
2.3457900390625 1.6473589363810473e-06
2.3467900390625 1.8057087614056723e-06
2.3477900390625 1.6579001026550212e-06
2.3487900390625 1.7214167560602987e-06
2.3497900390625 1.9961212493707892e-06
2.3507900390625 1.5583595482618882e-06
2.3517900390625 1.6642384610693641e-06
2.3527900390625 1.5840994326268923e-06
2.3537900390625 1.6798242034888022e-06
2.3547900390625 1.7202467724524904e-06
2.3557900390625 1.1022684500265692e-06
2.3567900390625 1.9861560348529064e-06
2.3577900390625 1.502320699319776e-06
2.3587900390625 1.3083205248690854e-06
2.3597900390625 1.6043784896649916e-06
2.3607900390625 1.3461287877747438e-06
2.3617900390625 1.095569866050827e-06
2.3627900390625 1.2888939402146156e-06
2.3637900390625 1.1870803863137976e-06
2.3647900390625 1.0525718171640038e-06
2.3657900390625 8.917139750079221e-07
2.3667900390625 7.145006869444503e-07
2.3677900390625 7.466015425034363e-07
2.3687900390625 5.136137676340972e-07
2.3697900390625 4.97984649362275e-07
2.3707900390625 4.625402269813167e-07
2.3717900390625 4.250997051711239e-07
2.3727900390625 3.655439285459977e-07
2.3737900390625 2.3278993681941244e-07
2.3747900390625 2.8840747590653603e-07
2.3757900390625 2.6187626612196954e-07
2.3767900390625 2.2377351740747118e-07
2.3777900390625 2.3382449855243645e-07
2.3787900390625 2.4650346139381595e-07
2.3797900390625 2.4585839919392197e-07
2.3807900390625 1.4738948220161176e-07
2.3817900390625 1.8734348252436659e-07
2.3827900390625 1.793179791913047e-07
2.3837900390625 1.3927198598012462e-07
2.3847900390625 1.4313155660162984e-07
2.3857900390625 1.464048808447529e-07
2.3867900390625 1.0732670618254432e-07
2.3877900390625 8.751659457425206e-08
2.3887900390625 1.0785308902691422e-07
2.3897900390625 8.51371207003117e-08
2.3907900390625 9.04313968936534e-08
2.3917900390625 1.1909021261324899e-07
2.3927900390625 7.604870061308109e-08
2.3937900390625 8.110053924656928e-08
2.3947900390625 6.422190660165659e-08
2.3957900390625 6.026184183545105e-08
2.3967900390625 5.227008242262886e-08
2.3977900390625 4.178566465412342e-08
2.3987900390625 3.9197498758581184e-08
2.3997900390625 4.6084403493483205e-08
2.4007900390625 4.113383425036008e-08
2.4017900390625 3.1031870988528426e-08
2.4027900390625 3.1034199891943156e-08
2.4037900390625 2.3075400107507534e-08
2.4047900390625 2.1549292426080658e-08
2.4057900390625 2.0960461303166388e-08
2.4067900390625 2.060327221415103e-08
2.4077900390625 1.4872678350544556e-08
2.4087900390625 1.4105463405089204e-08
2.4097900390625 1.2068763495866886e-08
2.4107900390625 8.975849155709779e-09
2.4117900390625 8.831025679322964e-09
2.4127900390625 7.891803538160681e-09
2.4137900390625 7.801607627733114e-09
2.4147900390625 5.198638554889735e-09
2.4157900390625 5.595529268441914e-09
2.4167900390625 5.084062627442495e-09
2.4177900390625 4.060466622083102e-09
2.4187900390625 4.726094142948123e-09
2.4197900390625 3.4518371655639925e-09
2.4207900390625 2.961885119300559e-09
2.4217900390625 2.619188616547485e-09
2.4227900390625 2.8266119174020667e-09
2.4237900390625 1.624307536764268e-09
2.4247900390625 1.7045224209538934e-09
2.4257900390625 1.561905710331762e-09
2.4267900390625 1.4672793487100819e-09
2.4277900390625 1.296027074071046e-09
2.4287900390625 1.240837385394297e-09
2.4297900390625 1.1066044956973374e-09
2.4307900390625 1.0072916948372954e-09
2.4317900390625 8.589147981636388e-10
2.4327900390625 7.701576436311961e-10
2.4337900390625 9.082684806482421e-10
2.4347900390625 6.779254519166111e-10
2.4357900390625 4.858110236870054e-10
2.4367900390625 6.552517302011921e-10
2.4377900390625 4.819394149431047e-10
2.4387900390625 4.65855590510986e-10
2.4397900390625 4.803984838640246e-10
2.4407900390625 2.7509064350260333e-10
2.4417900390625 3.123110467277342e-10
2.4427900390625 2.5472834481080216e-10
2.4437900390625 2.8252912853273303e-10
2.4447900390625 1.5530289538943756e-10
2.4457900390625 2.5067916411995563e-10
2.4467900390625 2.1268760409919173e-10
2.4477900390625 2.193173791622365e-10
2.4487900390625 1.1923466281005816e-10
2.4497900390625 1.6920259564526382e-10
2.4507900390625 1.0134867356718538e-10
2.4517900390625 1.0180492774564561e-10
2.4527900390625 1.3110766917873754e-10
2.4537900390625 9.601679550889011e-11
2.4547900390625 8.64506689526058e-11
2.4557900390625 6.942992294467555e-11
2.4567900390625 6.610787825404778e-11
2.4577900390625 6.603941580945405e-11
2.4587900390625 6.755568811842426e-11
2.4597900390625 6.137046462935649e-11
2.4607900390625 4.282849095826377e-11
2.4617900390625 4.708246008881795e-11
2.4627900390625 5.3924855264763554e-11
2.4637900390625 2.8656094475361403e-11
2.4647900390625 2.8163939924247713e-11
2.4657900390625 3.4299485409343206e-11
2.4667900390625 2.5920763361431406e-11
2.4677900390625 2.635474181787359e-11
2.4687900390625 2.2956240382381905e-11
2.4697900390625 1.8001744082649613e-11
2.4707900390625 1.6915161976001733e-11
2.4717900390625 1.5618036823346392e-11
2.4727900390625 1.020026627223152e-11
2.4737900390625 1.3941108065026024e-11
2.4747900390625 1.1503095220023935e-11
2.4757900390625 9.576735794088102e-12
2.4767900390625 1.0559894798213223e-11
2.4777900390625 6.654681863220736e-12
2.4787900390625 5.333655217550785e-12
2.4797900390625 6.028833666005582e-12
2.4807900390625 6.8512975411345136e-12
2.4817900390625 5.68049021191449e-12
2.4827900390625 4.904945341444202e-12
2.4837900390625 4.228435283540486e-12
2.4847900390625 3.4010540976097666e-12
2.4857900390625 3.71796651557998e-12
2.4867900390625 2.562929277504127e-12
2.4877900390625 3.21633574632098e-12
2.4887900390625 2.8698651135729685e-12
2.4897900390625 2.966369403242751e-12
2.4907900390625 2.6016376298132037e-12
2.4917900390625 1.9768291118693173e-12
2.4927900390625 1.6651147273227026e-12
2.4937900390625 1.6096151449630737e-12
2.4947900390625 1.8199595121822544e-12
2.4957900390625 1.2750835401033901e-12
2.4967900390625 1.3759488862223492e-12
2.4977900390625 1.231141315947786e-12
2.4987900390625 1.3231292650430798e-12
2.4997900390625 9.326364975405145e-13
2.5007900390625 6.887785100055274e-13
2.5017900390625 7.970860205259476e-13
2.5027900390625 7.930350529921219e-13
2.5037900390625 6.617754666210125e-13
2.5047900390625 4.2845684787383237e-13
2.5057900390625 4.905040839624116e-13
2.5067900390625 5.248967245547933e-13
2.5077900390625 5.553025335317039e-13
2.5087900390625 3.715536535102975e-13
2.5097900390625 3.548188773359517e-13
2.5107900390625 3.664019010808575e-13
2.5117900390625 3.4202732329544044e-13
2.5127900390625 3.2693446024646583e-13
2.5137900390625 3.846965170606567e-13
2.5147900390625 3.4312322456999987e-13
2.5157900390625 2.888106106569289e-13
2.5167900390625 2.070849268150783e-13
2.5177900390625 2.3670201031707576e-13
2.5187900390625 2.4243222067771824e-13
2.5197900390625 2.195438134514609e-13
2.5207900390625 1.7724290923386778e-13
2.5217900390625 1.6076566340640557e-13
2.5227900390625 1.5721739553054219e-13
2.5237900390625 1.4469580233694823e-13
2.5247900390625 1.5336941070751652e-13
2.5257900390625 1.3933215448513502e-13
2.5267900390625 9.857318518377835e-14
2.5277900390625 1.0434186648958131e-13
2.5287900390625 9.71894023068335e-14
2.5297900390625 1.0745937901639901e-13
2.5307900390625 8.346202428176998e-14
2.5317900390625 1.0462258151368125e-13
2.5327900390625 8.502815371420352e-14
2.5337900390625 7.937691715628999e-14
2.5347900390625 5.707108045888296e-14
2.5357900390625 7.028966487170885e-14
2.5367900390625 6.569518320503064e-14
2.5377900390625 6.837468916135919e-14
2.5387900390625 5.082349756490179e-14
2.5397900390625 3.913459891446273e-14
2.5407900390625 6.155684772104478e-14
2.5417900390625 4.618838612188215e-14
2.5427900390625 2.3250274829194584e-14
2.5437900390625 1.8418237541299198e-14
2.5447900390625 3.883859734142201e-14
2.5457900390625 3.4277138928137836e-14
2.5467900390625 3.106148741355975e-14
2.5477900390625 2.7254013936731908e-14
2.5487900390625 2.405206694711552e-14
2.5497900390625 2.419181718694057e-14
2.5507900390625 1.731557469211923e-14
2.5517900390625 2.105259032089303e-14
2.5527900390625 1.408970599080634e-14
2.5537900390625 1.5636289235542418e-14
2.5547900390625 1.182267401456066e-14
2.5557900390625 1.2627095603130452e-14
2.5567900390625 1.1116361976851422e-14
2.5577900390625 1.2505184230383569e-14
2.5587900390625 1.0940537701744757e-14
2.5597900390625 7.869842964403425e-15
2.5607900390625 6.705481018019724e-15
2.5617900390625 8.127875984214918e-15
2.5627900390625 8.421428609810693e-15
2.5637900390625 6.231754409732602e-15
2.5647900390625 5.639108476903954e-15
2.5657900390625 5.3688963968879224e-15
2.5667900390625 6.1376791798871686e-15
2.5677900390625 3.475338239387871e-15
2.5687900390625 3.928554841794323e-15
2.5697900390625 3.964227923693494e-15
2.5707900390625 2.1821442101765846e-15
2.5717900390625 2.6794595006440517e-15
2.5727900390625 2.6191507943633883e-15
2.5737900390625 1.8932710190967313e-15
2.5747900390625 1.8438177511879394e-15
2.5757900390625 2.071928092695412e-15
2.5767900390625 2.5262407119217343e-15
2.5777900390625 1.2271852050676361e-15
2.5787900390625 1.2475492088201584e-15
2.5797900390625 1.0392471393569105e-15
2.5807900390625 1.5139813296212978e-15
2.5817900390625 4.3270726529677685e-16
2.5827900390625 7.137915835684268e-16
2.5837900390625 5.0105905242325505e-16
2.5847900390625 8.110373680525165e-16
2.5857900390625 5.669369187296625e-16
2.5867900390625 9.486789033995e-16
2.5877900390625 1.9915353569095192e-16
2.5887900390625 6.120743485196066e-16
2.5897900390625 4.885089407559441e-16
2.5907900390625 4.953088779537993e-16
2.5917900390625 3.6325583477371867e-16
2.5927900390625 2.1145822107104046e-16
2.5937900390625 3.572743404428353e-16
2.5947900390625 3.3720141195907643e-16
2.5957900390625 2.860173208439143e-16
2.5967900390625 1.9892916631002343e-16
2.5977900390625 2.1325775940000837e-16
