microns throughput
0.55 3.6896410670924572e-06
0.551 3.6344870598682997e-06
0.552 4.512307859425381e-06
0.553 5.449306665291459e-06
0.554 6.116937541156748e-06
0.555 6.529308575218585e-06
0.556 6.573078445531137e-06
0.557 6.95938029701712e-06
0.558 6.8594285638436265e-06
0.559 6.264864089744386e-06
0.56 6.738205123729855e-06
0.561 7.3427484316696524e-06
0.562 7.214751589025517e-06
0.563 6.877487309199836e-06
0.564 7.160146187192352e-06
0.565 7.335694570684363e-06
0.566 7.416195413513673e-06
0.567 7.0326145619285565e-06
0.568 7.0136535789804155e-06
0.569 7.071941141598591e-06
0.57 6.789125534009031e-06
0.571 7.0391693314520286e-06
0.572 8.278998753115688e-06
0.573 9.841896394730795e-06
0.574 1.076398594915789e-05
0.575 1.2327655510846185e-05
0.576 1.5592886247643258e-05
0.577 1.9140110630377014e-05
0.578 2.1888712584450977e-05
0.579 2.5074986256885965e-05
0.58 2.9741386284700324e-05
0.581 3.6861269056240475e-05
0.582 4.759077223450913e-05
0.583 6.691043636553996e-05
0.584 0.00011185614626821971
0.585 0.00021806852958492203
0.586 0.0003879806436834207
0.587 0.0005036732426550083
0.588 0.00045760417591415045
0.589 0.0002919102616557662
0.59 0.00015071791091288925
0.591 8.291740195681024e-05
0.592 5.637708347041645e-05
0.593 4.2164914970868044e-05
0.594 3.433433838493017e-05
0.595 3.2992255760240405e-05
0.596 3.0439749921603607e-05
0.597 3.085761118410096e-05
0.598 3.313720570810657e-05
0.599 3.4131208500218734e-05
0.6 3.668987819585302e-05
0.601 4.0984789733852755e-05
0.602 4.778737611521807e-05
0.603 5.845200983677686e-05
0.604 7.132739571446962e-05
0.605 8.305632784033439e-05
0.606 9.56807833366087e-05
0.607 0.00010717057916989839
0.608 0.00011059303854626235
0.609 0.00010709521612871324
0.61 9.892165728697743e-05
0.611 8.770748107743733e-05
0.612 7.443444430392301e-05
0.613 6.333629152834268e-05
0.614 5.4292736476180674e-05
0.615 4.877140836490938e-05
0.616 4.421218056973716e-05
0.617 4.184672390809007e-05
0.618 4.153540067837175e-05
0.619 3.8907362294160166e-05
0.62 3.627196873786243e-05
0.621 3.4632977418465076e-05
0.622 3.8827149618979206e-05
0.623 4.188443027726101e-05
0.624 4.6695907894750725e-05
0.625 5.55332486877848e-05
0.626 6.865051072240188e-05
0.627 8.973283343235633e-05
0.628 0.00012595695901502731
0.629 0.00018548232633541388
0.63 0.0002771517821139811
0.631 0.0003919867745571249
0.632 0.00047690300827532236
0.633 0.00048224994849502793
0.634 0.000410762549687685
0.635 0.00031934517441365427
0.636 0.0002481652398662877
0.637 0.0002069955545714554
0.638 0.0001864894365951432
0.639 0.00018055940450625543
0.64 0.00019084956074828823
0.641 0.00021118402143594414
0.642 0.00024036694620267887
0.643 0.00027079226780412686
0.644 0.00029554768243498033
0.645 0.00029930825222551595
0.646 0.00027316512219601824
0.647 0.0002280127154989701
0.648 0.00017876814453116492
0.649 0.00014208205325942798
0.65 0.00011559946787349388
0.651 9.52885458119641e-05
0.652 8.234898207748587e-05
0.653 7.936483283282127e-05
0.654 7.857667664053307e-05
0.655 8.100171183673152e-05
0.656 8.769327162186071e-05
0.657 0.00010314055233478058
0.658 0.00012174414741885768
0.659 0.0001467973272895532
0.66 0.00017715295116392147
0.661 0.00020817020411269363
0.662 0.00021974110581605998
0.663 0.00020944338258733144
0.664 0.00018759669073175356
0.665 0.00016489512365508397
0.666 0.00014189820468240086
0.667 0.00012226662556032844
0.668 0.0001131112281719551
0.669 0.0001082865923245813
0.67 0.00010718074190130473
0.671 0.00010801609155267545
0.672 0.00011976958924832633
0.673 0.00013891568903713576
0.674 0.0001649434575337876
0.675 0.00018936729369254242
0.676 0.0002131214502414172
0.677 0.00022781373720611443
0.678 0.00023313243211762368
0.679 0.00022296787162851873
0.68 0.00019927187036899974
0.681 0.00016564933240781332
0.682 0.00013981485285519438
0.683 0.0001304158497616182
0.684 0.0001260654582570784
0.685 0.00012099711662053976
0.686 0.00011724036328750436
0.687 0.00012068447116316177
0.688 0.00012717805017323377
0.689 0.00013204405533976781
0.69 0.00014199731555823638
0.691 0.00015154464157333302
0.692 0.00015246549849340867
0.693 0.00014503499189948848
0.694 0.0001343957032848621
0.695 0.00012087827530115971
0.696 0.00010361962156111131
0.697 9.159014771877132e-05
0.698 8.372018212838002e-05
0.699 7.76978400373122e-05
0.7 7.20748188437271e-05
0.701 6.55210964963723e-05
0.702 6.209246651062519e-05
0.703 6.549061343117108e-05
0.704 7.57907113118053e-05
0.705 8.843746172311666e-05
0.706 0.00010449435676548104
0.707 0.00012265252259415307
0.708 0.00014583125786433743
0.709 0.00018435390260028773
0.71 0.0002561590949441561
0.711 0.000375542449583052
0.712 0.0005549748931978997
0.713 0.0008001392940020297
0.714 0.0011298575559013004
0.715 0.0014682467471161499
0.716 0.0016674736192465083
0.717 0.0015711385758487176
0.718 0.0012646549668618016
0.719 0.0009207392345030269
0.72 0.0006496583304094309
0.721 0.0004481454867363203
0.722 0.0003091394235987694
0.723 0.00022909864505229433
0.724 0.0001674183212492822
0.725 0.0001273867218590149
0.726 0.00010187510226765189
0.727 8.5808260581543e-05
0.728 6.922445220437867e-05
0.729 5.35303393696667e-05
0.73 4.895939372900592e-05
0.731 4.654957459046801e-05
0.732 4.3998948266186556e-05
0.733 4.021988912922652e-05
0.734 4.423433921958806e-05
0.735 4.59809926125425e-05
0.736 4.1503965295464356e-05
0.737 4.3597310268403156e-05
0.738 5.344603020189508e-05
0.739 6.734461200804594e-05
0.74 7.398824805265224e-05
0.741 9.243188260762742e-05
0.742 0.00012184861452504118
0.743 0.00017547609142874664
0.744 0.000261824458432543
0.745 0.00039790033827617386
0.746 0.0005939313465487765
0.747 0.0008521963205532577
0.748 0.0011191451221575408
0.749 0.001313158274532961
0.75 0.0013924125883545972
0.751 0.0014446183415240993
0.752 0.0016920560182668884
0.753 0.00228419681601485
0.754 0.0029454383564839846
0.755 0.002938894465226459
0.756 0.0020818643680249145
0.757 0.001026049573883127
0.758 0.0004212806423166164
0.759 0.00020682539970166846
0.76 0.0001177938550321286
0.761 6.653389313228191e-05
0.762 3.9788819759653956e-05
0.763 3.23046697285961e-05
0.764 2.2415211116776782e-05
0.765 1.2630742240551322e-05
0.766 1.2148622919442905e-05
0.767 1.29687103164608e-05
0.768 1.270800801599217e-05
0.769 8.702659092557765e-06
0.77 9.0415549684908e-06
0.771 7.55094098387864e-06
0.772 9.534533272368918e-06
0.773 9.216384081534504e-06
0.774 4.1479691419598e-06
0.775 5.423353363763825e-06
0.776 7.84536844583834e-06
0.777 1.4299615004998926e-05
0.778 5.559650509026176e-06
0.779 6.459041392122496e-06
0.78 9.030023358465867e-06
0.781 1.3342628214621994e-05
0.782 7.594609213412723e-06
0.783 1.4673807473864799e-05
0.784 1.46821904709047e-05
0.785 1.1337661425748836e-05
0.786 9.771201809585995e-06
0.787 1.5237909218750663e-05
0.788 2.3666858482430536e-05
0.789 4.3785733993012584e-05
0.79 8.57230563426041e-05
0.791 0.00013049001747152518
0.792 0.00015111937486799514
0.793 0.00012413538795947356
0.794 8.256966489777696e-05
0.795 5.553391900942715e-05
0.796 4.097337844238933e-05
0.797 0.0
0.798 0.00029186558105183966
0.799 0.0008503301450797532
0.8 0.0018063045407391977
0.801 0.0013311693894586182
0.802 0.0019790903693553785
0.803 0.001777999984662959
0.804 0.0018148062013506705
0.805 0.0003808893441633791
0.806 0.00014649241485763129
0.807 0.0006629657382483849
0.808 0.0015126006411056493
0.809 0.0016770112141359626
0.81 0.0008166825879377631
0.811 0.001035544252829763
0.812 0.0009652439964622314
0.813 0.0014037301623728883
0.814 0.0013371422613118128
0.815 0.001493520269706461
0.816 0.0010454495295155893
0.817 0.0011734324800668108
0.818 0.00109038218397236
0.819 0.0008794174730747051
0.82 0.001218325586403936
0.821 0.0019770701602573526
0.822 0.0016534559040719296
0.823 0.0004939517157751766
0.824 0.0
0.825 0.00020881342094571413
0.826 0.0013108014606859255
0.827 0.001618806405932268
0.828 0.0007228386685175383
0.829 4.493649162997728e-06
0.83 0.00046891030726037167
0.831 0.0009024283136447344
0.832 0.0011624423437887326
0.833 0.0010206307224639227
0.834 0.0009949256788992528
0.835 0.0009060490268582896
0.836 0.0009635090302164863
0.837 0.0008957724127199308
0.838 0.0011197092538737402
0.839 0.0011570750380183346
0.84 0.0009323059725963961
0.841 0.0007600072603081535
0.842 0.0009134518520217754
0.843 0.0008014407076732428
0.844 0.0006895467946918222
0.845 0.0006224447264912635
0.846 0.0007785317037436614
0.847 0.0010744798137310684
0.848 0.0011864060890764473
0.849 0.0008771893722702431
0.85 0.000765631163409847
0.851 0.0009828832010981984
0.852 0.0011368132968422495
0.853 0.001158785841422448
0.854 0.0013482755679558654
0.855 0.0009023881979906347
0.856 0.0005063964165796552
0.857 0.0003155533478993077
0.858 0.0008152474921142185
0.859 0.0010190377252027576
0.86 0.0013728312012624118
0.861 0.0009019857474138142
0.862 0.0007207454133659174
0.863 0.0005043783985015718
0.864 0.0009265531765319526
0.865 0.0009801249388028974
0.866 0.0010939599660008993
0.867 0.0006214832397552154
0.868 0.0007584711155125446
0.869 0.0010193214389071482
0.87 0.001221249376098577
0.871 0.000965113402755949
0.872 0.001090046228143157
0.873 0.0010939919304936577
0.874 0.0009483960714067969
0.875 0.0009371266849197057
0.876 0.0010430192013806245
0.877 0.0010693084174670136
0.878 0.001004550838635405
0.879 0.0009629033414151184
0.88 0.0008722048134670955
0.881 0.0007556577515908662
0.882 0.0007317464749668269
0.883 0.0007730098917842278
0.884 0.0006915912255156316
0.885 0.0005668882875662631
0.886 0.0006327230260235551
0.887 0.0007897111892196045
0.888 0.000684816698786147
0.889 0.0005637608371610464
0.89 0.0007214352892672589
0.891 0.0008365587131153125
0.892 0.000815183155043726
0.893 0.0008552278807587441
0.894 0.0009518385948798456
0.895 0.0009780790471184148
0.896 0.0009691536737462644
0.897 0.0009170698568089289
0.898 0.0008971647283344474
0.899 0.0009003672197187786
0.9 0.0009530831529547268
0.901 0.0010535557977406176
0.902 0.0010867902689591137
0.903 0.0010535929116962561
0.904 0.00100616264872607
0.905 0.0009982746884896565
0.906 0.0008847007370485901
0.907 0.0007654144242415816
0.908 0.0007879469588495146
0.909 0.0008424212756064385
0.91 0.00077314436050731
0.911 0.0006526438120761395
0.912 0.00067705890008264
0.913 0.0008038598291462684
0.914 0.0007714164643072916
0.915 0.0006727564035309318
0.916 0.0005397151490843925
0.917 0.00042909029603337807
0.918 0.0004437838245012982
0.919 0.0005663196845110434
0.92 0.0006412037440282417
0.921 0.0006034626673529459
0.922 0.000571418011601168
0.923 0.0006473272100724142
0.924 0.0007660538161177074
0.925 0.000853316815249589
0.926 0.0008616703580204284
0.927 0.0009875779927944624
0.928 0.0011244665357763237
0.929 0.0012434287914221249
0.93 0.0012751474750883566
0.931 0.0013639782104149039
0.932 0.0015403990256121123
0.933 0.001705590557382527
0.934 0.0017886924687353072
0.935 0.00183499603372286
0.936 0.0019346170584509867
0.937 0.002058593508859883
0.938 0.002157315383672897
0.939 0.0022387438055430915
0.94 0.0022678681161773274
0.941 0.0022686686187746745
0.942 0.002271559822027589
0.943 0.0023100139533685973
0.944 0.0022751232782642957
0.945 0.0022314432841581324
0.946 0.0021754272640596116
0.947 0.0021091514506222666
0.948 0.0020179720520528167
0.949 0.0019413463845660913
0.95 0.0018574028221069795
0.951 0.0017665359124172204
0.952 0.0017160549531489602
0.953 0.001648253509322805
0.954 0.0015463332383958022
0.955 0.001484291378126338
0.956 0.0014458276925302218
0.957 0.0013982949784288865
0.958 0.0013504399227429456
0.959 0.001342378780000411
0.96 0.0013329600734337354
0.961 0.001367529329819071
0.962 0.0014543887207889325
0.963 0.001561854439413504
0.964 0.0016251767748142467
0.965 0.0017406737522279827
0.966 0.0019121070288180375
0.967 0.0021178085917128516
0.968 0.0023393783201167088
0.969 0.002636633002419837
0.97 0.0030543704086802093
0.971 0.003527070735000943
0.972 0.004085926042375173
0.973 0.0047828061114316605
0.974 0.005646938065410245
0.975 0.006624649470534768
0.976 0.007878995033845147
0.977 0.009360664290917801
0.978 0.01112706453313067
0.979 0.01314835460183008
0.98 0.015725830281749384
0.981 0.018551596161753933
0.982 0.02189604604223546
0.983 0.025666738122652098
0.984 0.02995258398585528
0.985 0.0350523183049105
0.986 0.040400964264312555
0.987 0.04620962764181161
0.988 0.052390374783579996
0.989 0.05974539482233716
0.99 0.06742607994138179
0.991 0.07534590395790902
0.992 0.08473371416284092
0.993 0.09379991455415856
0.994 0.10286307966406846
0.995 0.1118014679402198
0.996 0.12266655992064779
0.997 0.1333553128008021
0.998 0.1441363416593693
0.999 0.15488443893185821
1.0 0.16466867660215942
1.001 0.17420138690263476
1.002 0.1838342730944929
1.003 0.1935962279313322
1.004 0.2033865267270765
1.005 0.21213786344444527
1.006 0.2202198853581328
1.007 0.22666562539208537
1.008 0.23366730396964616
1.009 0.24002766624193614
1.01 0.2461480049442579
1.011 0.2525165304586215
1.012 0.25866616199086057
1.013 0.2638742659413865
1.014 0.26839477602523054
1.015 0.2727453086414019
1.016 0.27561206830779916
1.017 0.27858423356869183
1.018 0.282135031530919
1.019 0.2857995272618977
1.02 0.2891556649315643
1.021 0.29223671676272267
1.022 0.29518236004217435
1.023 0.29647419467308983
1.024 0.2981487611368545
1.025 0.29892894051502694
1.026 0.29981384792827703
1.027 0.3008418326059089
1.028 0.30243081167863173
1.029 0.3041405117085875
1.03 0.3049301248279209
1.031 0.3057347098667506
1.032 0.3065686930315733
1.033 0.30693553490813696
1.034 0.3076709752046402
1.035 0.3082274862552151
1.036 0.3089559111362562
1.037 0.31014047004098844
1.038 0.31052907669276675
1.039 0.3107908098087371
1.04 0.3099722414475514
1.041 0.3101066033452835
1.042 0.3100372743041697
1.043 0.3110252474141627
1.044 0.3119552480686737
1.045 0.3126929343055965
1.046 0.3124758614401725
1.047 0.31251161762755547
1.048 0.3135486003234258
1.049 0.31343295582843983
1.05 0.3130932201783456
1.051 0.3133445772530853
1.052 0.3147303700492042
1.053 0.3157937382259917
1.054 0.315867033819343
1.055 0.3160145953294198
1.056 0.31475099696088293
1.057 0.31405617771940314
1.058 0.31378002062200705
1.059 0.3141744810971853
1.06 0.31507941441012366
1.061 0.3154140410300854
1.062 0.31636391591328816
1.063 0.31682638758301646
1.064 0.3174923728384913
1.065 0.3174661301419441
1.066 0.31853179750056404
1.067 0.3194838284588978
1.068 0.32059974846135253
1.069 0.32165700688515675
1.07 0.32130919944494263
1.071 0.3211852634935649
1.072 0.32188350576104974
1.073 0.32240497438310806
1.074 0.32298997605202484
1.075 0.32384744228246276
1.076 0.32581776726928335
1.077 0.3265750474835803
1.078 0.3271711015057609
1.079 0.32854905829458847
1.08 0.32924653812232557
1.081 0.3297966165892849
1.082 0.33038846879528916
1.083 0.33074542606729135
1.084 0.3310331920274468
1.085 0.33189735247443386
1.086 0.333218777679961
1.087 0.33456639544713684
1.088 0.3346520545127154
1.089 0.33445236597316574
1.09 0.334219923506477
1.091 0.3349662374062816
1.092 0.33697232002187383
1.093 0.33827332074872285
1.094 0.33878966622505
1.095 0.338133609915318
1.096 0.33825102344907343
1.097 0.3383897684736889
1.098 0.33866974714375625
1.099 0.33907404004737945
1.1 0.3397441219820374
1.101 0.34052879500002475
1.102 0.34060070346938054
1.103 0.340363616821727
1.104 0.3407703268047557
1.105 0.340651202259104
1.106 0.340412697973801
1.107 0.34047864667331607
1.108 0.342041120763368
1.109 0.3417539939247241
1.11 0.3414131697376558
1.111 0.341551752126136
1.112 0.34200253520738433
1.113 0.34174563907228084
1.114 0.34176315751315034
1.115 0.3428394617611379
1.116 0.34346809430469866
1.117 0.3437199781409307
1.118 0.3443478801236111
1.119 0.34460740258766887
1.12 0.3440399829992947
1.121 0.3430341056822108
1.122 0.3431623277404722
1.123 0.34281802666375105
1.124 0.3430517386661545
1.125 0.34451232259004316
1.126 0.3458545623875258
1.127 0.3457271619459292
1.128 0.3452414811804861
1.129 0.34512570279702526
1.13 0.34666138650888756
1.131 0.34807378752156126
1.132 0.34918121246033706
1.133 0.3490350474259004
1.134 0.34922823448521856
1.135 0.34966356047021796
1.136 0.35014996085526584
1.137 0.3506286939372778
1.138 0.35149703551374084
1.139 0.3514100691087971
1.14 0.352073961757895
1.141 0.35370676529642464
1.142 0.3553401434747757
1.143 0.3558157261138985
1.144 0.3552650568817992
1.145 0.35519190656198885
1.146 0.35542803103303433
1.147 0.35670534330936476
1.148 0.35834595340550685
1.149 0.3583757588638522
1.15 0.35840099059186903
1.151 0.35846954234750306
1.152 0.3595923112349207
1.153 0.3597780508447782
1.154 0.359897525368638
1.155 0.3607182024540819
1.156 0.3609146839424441
1.157 0.362167642144432
1.158 0.36291014765600305
1.159 0.3635522382155808
1.16 0.3633555921381849
1.161 0.3628828467002657
1.162 0.36336276620545077
1.163 0.36412852818146624
1.164 0.36507254723095967
1.165 0.3653899308054456
1.166 0.36527208645128917
1.167 0.3648817014271487
1.168 0.3645398766936525
1.169 0.364242315085847
1.17 0.36370388557590894
1.171 0.3632833408453668
1.172 0.3624865418607241
1.173 0.36239593492675487
1.174 0.3617227836331699
1.175 0.3613895874690993
1.176 0.35924097616021333
1.177 0.35714789795882
1.178 0.3548803644859975
1.179 0.35209407012536353
1.18 0.34900516464968534
1.181 0.34554781679791235
1.182 0.3414687639677092
1.183 0.33553610776756115
1.184 0.32788202320799875
1.185 0.32041427179077997
1.186 0.3119404131240746
1.187 0.3024524252119163
1.188 0.29180194032090306
1.189 0.28174200214306755
1.19 0.2722636491117779
1.191 0.2615587745842657
1.192 0.25061148944839967
1.193 0.2404518374455913
1.194 0.23123835935605036
1.195 0.22337901672326946
1.196 0.21703827435253253
1.197 0.2125454509162807
1.198 0.21110910989263026
1.199 0.2119794940851715
1.2 0.2136600524363736
1.201 0.21655159337956542
1.202 0.22134120017252526
1.203 0.22832539283938139
1.204 0.23653002550286872
1.205 0.24548642055280873
1.206 0.2558643338831738
1.207 0.2665523300927329
1.208 0.27732869261807014
1.209 0.2887275662276563
1.21 0.3010922798249909
1.211 0.31243485310698416
1.212 0.32243625814727217
1.213 0.33224059734312106
1.214 0.3408786028390623
1.215 0.3481228089327364
1.216 0.3541352609202211
1.217 0.35998602505240135
1.218 0.3654425217587913
1.219 0.36961253689518575
1.22 0.3721296890678436
1.221 0.3734904268587914
1.222 0.3752810015480902
1.223 0.37674827445713616
1.224 0.3770408192690434
1.225 0.37727659769455435
1.226 0.37787173039376476
1.227 0.3786416489992026
1.228 0.378908196334543
1.229 0.37878329184974
1.23 0.3781692535210799
1.231 0.3775219037366109
1.232 0.37782317172100566
1.233 0.3785037834519803
1.234 0.37899581752134337
1.235 0.3789307887888119
1.236 0.37882231860301685
1.237 0.3795514975352914
1.238 0.3794500669800742
1.239 0.3792587659194394
1.24 0.3792080931648394
1.241 0.3797760966890562
1.242 0.38092261485687173
1.243 0.3812762456308755
1.244 0.38144397354400883
1.245 0.3808642841788855
1.246 0.3808747087487628
1.247 0.380629108164022
1.248 0.38079136374124184
1.249 0.38121538809374805
1.25 0.38183374090854416
1.251 0.3820277292453189
1.252 0.3820211593390905
1.253 0.3822379951084776
1.254 0.381847460084182
1.255 0.3817610854523433
1.256 0.3815816724894915
1.257 0.38154022433141577
1.258 0.38163780142345727
1.259 0.38251814251029603
1.26 0.3829734744147406
1.261 0.38304809396147266
1.262 0.3829023269802658
1.263 0.38253814077105286
1.264 0.38245203493942054
1.265 0.3828695754517828
1.266 0.3832375863530428
1.267 0.3835344567969871
1.268 0.383083480969576
1.269 0.38235871812843913
1.27 0.38164910545007935
1.271 0.3816415086927668
1.272 0.3815300185199339
1.273 0.38131447454869577
1.274 0.381201317489839
1.275 0.381637318450823
1.276 0.38171553124447166
1.277 0.382024756828241
1.278 0.3820468463771175
1.279 0.3815317214358278
1.28 0.38111513240074996
1.281 0.3821627522143052
1.282 0.3828075671864622
1.283 0.3834818666376333
1.284 0.38377032490777796
1.285 0.3840690002492669
1.286 0.3837146464013297
1.287 0.3832080989911956
1.288 0.38289909343414696
1.289 0.3827647567047696
1.29 0.38242226574850224
1.291 0.38214541720004164
1.292 0.38286377297964225
1.293 0.3836467439422211
1.294 0.38358442920189717
1.295 0.3828901283683003
1.296 0.3824482968373306
1.297 0.3836711302356464
1.298 0.38587517045393244
1.299 0.3885694585727134
1.3 0.38911988422789007
1.301 0.3889858199942203
1.302 0.38804340350435795
1.303 0.38780007713982523
1.304 0.3877355024679054
1.305 0.3883574111345538
1.306 0.3886579883433847
1.307 0.389056849169451
1.308 0.3895720413435451
1.309 0.39017563671928934
1.31 0.39033183883239586
1.311 0.3908395084969203
1.312 0.3909700714160431
1.313 0.39151733736830807
1.314 0.39158651096190344
1.315 0.39250944193092285
1.316 0.3931274285411497
1.317 0.39289272377249473
1.318 0.39227542953818645
1.319 0.39266211236616383
1.32 0.3931904787208348
1.321 0.39323239600253923
1.322 0.3924325411006597
1.323 0.3926650864125345
1.324 0.39440902584670584
1.325 0.39565993576732694
1.326 0.39541749402152937
1.327 0.39479216160750674
1.328 0.39418020454694935
1.329 0.39384325850774693
1.33 0.3944773650637171
1.331 0.3953655611584936
1.332 0.396011760828742
1.333 0.395705902364924
1.334 0.39500034925281724
1.335 0.3946914368082006
1.336 0.3948114559506487
1.337 0.3956881817914062
1.338 0.39623820313842184
1.339 0.39629204176379407
1.34 0.3964337105381606
1.341 0.397301714354623
1.342 0.3978158925523561
1.343 0.3979708015335827
1.344 0.3978115202252114
1.345 0.39753360256043674
1.346 0.39803242611070266
1.347 0.39842833765981983
1.348 0.3995385567338752
1.349 0.40027438850754843
1.35 0.3997263246011509
1.351 0.3992189200551836
1.352 0.3987183683082184
1.353 0.39890341933203166
1.354 0.4001170770670722
1.355 0.400812429973027
1.356 0.40102288922711027
1.357 0.4011365369029136
1.358 0.4015451886114456
1.359 0.4010900252917223
1.36 0.39995361257825485
1.361 0.39919799222249397
1.362 0.39965059743156783
1.363 0.4003830252183773
1.364 0.40085448774088484
1.365 0.4007854972682202
1.366 0.3996786520868722
1.367 0.39771388246109407
1.368 0.39638899053486487
1.369 0.3959468726441769
1.37 0.39687922594155234
1.371 0.39682705107941524
1.372 0.3958109341029439
1.373 0.3943312700641842
1.374 0.3927815888361496
1.375 0.3916257749980844
1.376 0.39112463614211
1.377 0.39043591522166393
1.378 0.38907456185498024
1.379 0.3878503153984384
1.38 0.3871601339648961
1.381 0.386241457452525
1.382 0.38569262997023723
1.383 0.38451446337947154
1.384 0.38336039819814494
1.385 0.38349815466145887
1.386 0.3840519399427078
1.387 0.384465266159253
1.388 0.38394234865077603
1.389 0.38357065170577154
1.39 0.384470541430057
1.391 0.3849796064839681
1.392 0.3850266930682062
1.393 0.38590480781403924
1.394 0.3871906094841211
1.395 0.3885342195276973
1.396 0.3886220330743806
1.397 0.388951844842917
1.398 0.39073574500666364
1.399 0.3916490397691729
1.4 0.39241540060544133
1.401 0.39335831487804523
1.402 0.3941734952048358
1.403 0.3946522302439591
1.404 0.39529203647543637
1.405 0.39573820464840226
1.406 0.3959492308655691
1.407 0.3961385805401174
1.408 0.3970401311467727
1.409 0.39813080411273266
1.41 0.39920438925441054
1.411 0.40016091027171385
1.412 0.4012752632526769
1.413 0.4019333837818643
1.414 0.4026062773179624
1.415 0.4021617959997472
1.416 0.4024781935120341
1.417 0.4035462285390977
1.418 0.404415589145364
1.419 0.40431145130343105
1.42 0.40322515048447877
1.421 0.4030092100438669
1.422 0.4022312026094417
1.423 0.401152420129261
1.424 0.399286953585161
1.425 0.3975017540743155
1.426 0.3955297812967287
1.427 0.3931390902322981
1.428 0.38973863224488103
1.429 0.38577860868928593
1.43 0.3824905210966625
1.431 0.37825777198483357
1.432 0.37293676644717466
1.433 0.3676796173654291
1.434 0.362235472333968
1.435 0.3561719577939797
1.436 0.34913016751377857
1.437 0.3433061837061636
1.438 0.33624623559555733
1.439 0.3286369199929766
1.44 0.31951549871565943
1.441 0.3118649044352463
1.442 0.3049119152738411
1.443 0.296705789701471
1.444 0.2879924309196984
1.445 0.2795305044765256
1.446 0.27123175113880016
1.447 0.2642425903293052
1.448 0.25765513562981507
1.449 0.2522451858730165
1.45 0.24679473258117512
1.451 0.24236016638499103
1.452 0.23866650523811483
1.453 0.2351567939499482
1.454 0.2330704118353833
1.455 0.23259811305236155
1.456 0.23380427638074008
1.457 0.23519240911117492
1.458 0.23801828292437754
1.459 0.2423855136953067
1.46 0.24810108101715297
1.461 0.2543434041887085
1.462 0.2610476984500595
1.463 0.2693504797242896
1.464 0.27840678473121794
1.465 0.2900048577428665
1.466 0.30112453406318657
1.467 0.31248306660951186
1.468 0.32166011796132427
1.469 0.33158585467110346
1.47 0.3414660344989871
1.471 0.35198988641933115
1.472 0.36276530900071635
1.473 0.3729433252568777
1.474 0.3824100673217204
1.475 0.3899415097075699
1.476 0.3971266737600695
1.477 0.4022276053079234
1.478 0.4069058644563448
1.479 0.41057939051391
1.48 0.4146675941399667
1.481 0.4176830662853968
1.482 0.42015052385814144
1.483 0.42232797736014077
1.484 0.4246941103288291
1.485 0.42486022059350437
1.486 0.4253211472638494
1.487 0.42469101065169684
1.488 0.42523177961505726
1.489 0.4259306844458385
1.49 0.42733377026235353
1.491 0.42797479096713176
1.492 0.42809868501812465
1.493 0.4276249101603271
1.494 0.4265209685722496
1.495 0.42636421831901206
1.496 0.4259860931305243
1.497 0.4270713733388971
1.498 0.42813583547234535
1.499 0.42873581091268875
1.5 0.4282629144142059
1.501 0.42826891806988016
1.502 0.42818431957881575
1.503 0.427960707438147
1.504 0.4279738459490682
1.505 0.4289318807871302
1.506 0.43076636441879945
1.507 0.4308740190184286
1.508 0.43126082899251206
1.509 0.43163646541227363
1.51 0.43154930550613513
1.511 0.43208605534078504
1.512 0.4322444595997218
1.513 0.4328095509145775
1.514 0.43334853646207716
1.515 0.4338849165010469
1.516 0.43443750626317956
1.517 0.43470285084904137
1.518 0.4344825964900805
1.519 0.43367259765249266
1.52 0.43293284955934624
1.521 0.4326395224827386
1.522 0.4330412954333947
1.523 0.43442703476453104
1.524 0.4353921400969439
1.525 0.43502870462071735
1.526 0.4347791539378327
1.527 0.43526144042756154
1.528 0.436293760865899
1.529 0.4364089880739376
1.53 0.43700706444160586
1.531 0.4369027881689336
1.532 0.4380717929560082
1.533 0.43802188791896035
1.534 0.4374789034932409
1.535 0.43711810563471676
1.536 0.43688858224815513
1.537 0.4372428373595625
1.538 0.43799618717039035
1.539 0.4387006385787162
1.54 0.4386546755080383
1.541 0.43822191426089363
1.542 0.4376582812170024
1.543 0.4361868750001934
1.544 0.43528041369054155
1.545 0.4349159864021976
1.546 0.4361066343978939
1.547 0.4367687385028021
1.548 0.43712986381184993
1.549 0.4372876803387224
1.55 0.43682085720356184
1.551 0.4359050567982069
1.552 0.43574073872210406
1.553 0.4362015882890017
1.554 0.4362657463170855
1.555 0.4369574724588636
1.556 0.4374836425307266
1.557 0.43700185466177055
1.558 0.435470978549589
1.559 0.43416527802501903
1.56 0.43404494731710574
1.561 0.4344295078318562
1.562 0.4348724502543005
1.563 0.4354018702392928
1.564 0.4368688111271235
1.565 0.436831327381641
1.566 0.43525470174322756
1.567 0.43422535645334415
1.568 0.4339989686107541
1.569 0.43442522995657246
1.57 0.4348071973306
1.571 0.4353247754464162
1.572 0.43621758853013826
1.573 0.4364569496704355
1.574 0.4361766119676165
1.575 0.43544717883270034
1.576 0.4354687807721749
1.577 0.43579741434526986
1.578 0.43639852425020764
1.579 0.4373473421801415
1.58 0.4382638770007664
1.581 0.4389511376181495
1.582 0.43728594678773436
1.583 0.43615627531420925
1.584 0.43642836405989593
1.585 0.437667896434216
1.586 0.4375426182768467
1.587 0.43697199507732465
1.588 0.437122065483026
1.589 0.43669058477004247
1.59 0.43625762845677996
1.591 0.4352709107033177
1.592 0.4354393318417087
1.593 0.43567651314378986
1.594 0.4360411933169628
1.595 0.43611764768414407
1.596 0.4362893753999027
1.597 0.4371967152224361
1.598 0.436704871266123
1.599 0.4363440704505578
1.6 0.4360632500123496
1.601 0.43653788574514674
1.602 0.43780598674714044
1.603 0.4396841647324534
1.604 0.4415535655338849
1.605 0.44085312649578146
1.606 0.4399605335854259
1.607 0.4390259848885845
1.608 0.438848969440467
1.609 0.439142961847818
1.61 0.44003168615105026
1.611 0.4406353621694192
1.612 0.4398223640415764
1.613 0.4400980974473053
1.614 0.4408578650339322
1.615 0.4413175621481734
1.616 0.43985319184822536
1.617 0.4391406123966908
1.618 0.4396753993432737
1.619 0.44078965917171986
1.62 0.4413487604989413
1.621 0.4411105399698
1.622 0.4397269260924279
1.623 0.43850261192235984
1.624 0.43740726766324006
1.625 0.4382407829258452
1.626 0.4395951310868277
1.627 0.440650553138645
1.628 0.4400377308044662
1.629 0.44052060208674726
1.63 0.43999271334551093
1.631 0.4376116009592499
1.632 0.43589637254199987
1.633 0.43607578000470737
1.634 0.4374749095422136
1.635 0.43850935896985066
1.636 0.44033777779316596
1.637 0.440486866186818
1.638 0.4403649182211379
1.639 0.43969572177127436
1.64 0.4403163916469437
1.641 0.4414869458758392
1.642 0.44264760702239264
1.643 0.4425269878259698
1.644 0.44276961878751186
1.645 0.44277482966911896
1.646 0.4430259587717208
1.647 0.442795588299024
1.648 0.4431096219399857
1.649 0.44244422840604336
1.65 0.44298320142531766
1.651 0.4442349797795577
1.652 0.445699660363126
1.653 0.4456573570630841
1.654 0.4446184242484416
1.655 0.44413794107253685
1.656 0.44386873234888774
1.657 0.44381393817254877
1.658 0.4438164389403363
1.659 0.44475649559151914
1.66 0.4458700534818861
1.661 0.4455388096327323
1.662 0.44498055551659355
1.663 0.44486054884472703
1.664 0.4439015647530557
1.665 0.4434220865175291
1.666 0.4434933048486638
1.667 0.44443129592609154
1.668 0.4442499857150139
1.669 0.44408864780631224
1.67 0.44268250175895907
1.671 0.44125567202048654
1.672 0.4395464312716809
1.673 0.43941032718027595
1.674 0.44123930121453203
1.675 0.442842831952756
1.676 0.4437228132827664
1.677 0.4435217295338607
1.678 0.44304042576084235
1.679 0.44290023030772424
1.68 0.444040718896906
1.681 0.4435851576883426
1.682 0.4423160396290617
1.683 0.44247827809756624
1.684 0.4432682103407863
1.685 0.44431268660780593
1.686 0.4437678599158479
1.687 0.4425345531817254
1.688 0.44136686639871525
1.689 0.44185975971304253
1.69 0.4421692963706484
1.691 0.44289902822546307
1.692 0.443874029195892
1.693 0.4455344035917087
1.694 0.44556663903723626
1.695 0.44573422539078866
1.696 0.44462993901748854
1.697 0.4450582972931495
1.698 0.4451071847483007
1.699 0.44572340455512993
1.7 0.44632274552254064
1.701 0.4476730347150455
1.702 0.44761987311740714
1.703 0.4462420204557924
1.704 0.44467461709168377
1.705 0.44385874833271494
1.706 0.444689247759982
1.707 0.4451168001981035
1.708 0.44538275282628415
1.709 0.44555813492275054
1.71 0.4450844916613087
1.711 0.4448841342873138
1.712 0.4442473334388304
1.713 0.4434884486220566
1.714 0.4431404855740211
1.715 0.44379018049029584
1.716 0.444776206998516
1.717 0.4451231860828483
1.718 0.44641944562555513
1.719 0.4463327848019129
1.72 0.44582265456367853
1.721 0.4444133179973573
1.722 0.44515509205242465
1.723 0.4458244003645604
1.724 0.4463950127851386
1.725 0.44741202338773894
1.726 0.4489522894839541
1.727 0.4500733723460209
1.728 0.44853180666502757
1.729 0.44717026682902183
1.73 0.4459471416628509
1.731 0.44643447128657054
1.732 0.4469136999595013
1.733 0.44751095550666053
1.734 0.4475560146482983
1.735 0.44701001090499504
1.736 0.44665939219467077
1.737 0.44606888471963846
1.738 0.4466595872838268
1.739 0.44709801186447096
1.74 0.44759190110524905
1.741 0.44767421380705197
1.742 0.44803311740477775
1.743 0.4489337535487997
1.744 0.4486471698880571
1.745 0.44790728307514727
1.746 0.4471941352040243
1.747 0.44711027248212065
1.748 0.4471290339852082
1.749 0.4480921632204622
1.75 0.44980504495104895
1.751 0.450068441741988
1.752 0.4493748401128638
1.753 0.44855391128751526
1.754 0.44808249804322453
1.755 0.44866576766351496
1.756 0.4491874734429121
1.757 0.4502823155502339
1.758 0.44995867887873753
1.759 0.45038557928252065
1.76 0.4504560965253096
1.761 0.44977677445589537
1.762 0.4485842827064658
1.763 0.44852029495547685
1.764 0.4494526246937405
1.765 0.45057711283810453
1.766 0.4513735127738935
1.767 0.45170431666636424
1.768 0.4504924030394636
1.769 0.44962400753650755
1.77 0.44870413539153553
1.771 0.44939304498063665
1.772 0.4496861441176393
1.773 0.449365231257031
1.774 0.4500398378343844
1.775 0.4524344481619824
1.776 0.4570963741759799
1.777 0.45543536924090156
1.778 0.45192584721875095
1.779 0.4489656930496464
1.78 0.4510673074195636
1.781 0.45214104174813996
1.782 0.45334978852387753
1.783 0.45430775655991906
1.784 0.4541603109633262
1.785 0.45286549300890017
1.786 0.4520449000167011
1.787 0.45225654882898225
1.788 0.4528915177530497
1.789 0.4536262015708722
1.79 0.4540421404388165
1.791 0.4540324420763987
1.792 0.4533367590269731
1.793 0.45206576109615815
1.794 0.45130984088721593
1.795 0.4511931200404799
1.796 0.45053370293558737
1.797 0.4509667289516977
1.798 0.45187786628048554
1.799 0.45349658654890895
1.8 0.45351485984658757
1.801 0.4534226335242043
1.802 0.4532027616277198
1.803 0.45294546708285977
1.804 0.4529628713181966
1.805 0.4533481508532566
1.806 0.4545903243275826
1.807 0.45548604766521045
1.808 0.45580464068594573
1.809 0.4554990782908992
1.81 0.45540239942395255
1.811 0.4551429931211547
1.812 0.4552149086850932
1.813 0.4560863231474434
1.814 0.4580086858160981
1.815 0.45889020155999305
1.816 0.4586926968244637
1.817 0.4582206612396758
1.818 0.45714216356383264
1.819 0.45558486561422207
1.82 0.4545277805710547
1.821 0.4544855116636699
1.822 0.45524745977388625
1.823 0.45558427954973585
1.824 0.4557965521197308
1.825 0.45539813745357505
1.826 0.4547482685838169
1.827 0.4538541346959184
1.828 0.4536235341342038
1.829 0.4534543675641044
1.83 0.4538760382101181
1.831 0.4547400617153051
1.832 0.45597225751632386
1.833 0.4557443751196709
1.834 0.4549142863450029
1.835 0.4545548962031839
1.836 0.4546242520309523
1.837 0.4547757850367858
1.838 0.4554240047525399
1.839 0.4573849888477692
1.84 0.4577112803608113
1.841 0.45677638759394856
1.842 0.45505780453936157
1.843 0.4541274195548525
1.844 0.45397042330575244
1.845 0.4549028393112512
1.846 0.4561812504875648
1.847 0.45665168774785403
1.848 0.4567982729122605
1.849 0.456548704608403
1.85 0.4557080066393469
1.851 0.4546646708009816
1.852 0.4542927643408369
1.853 0.45454965344799414
1.854 0.45534627463714783
1.855 0.4567080996144969
1.856 0.4563861716124238
1.857 0.4554406738123521
1.858 0.4542300326941915
1.859 0.45388043061216987
1.86 0.4537605577182888
1.861 0.4534641187171178
1.862 0.45419692720819915
1.863 0.45522236076073835
1.864 0.4564829180142864
1.865 0.456232378294568
1.866 0.4550275873750391
1.867 0.45343661461401097
1.868 0.45318622145419474
1.869 0.4547377975393073
1.87 0.45534979927907115
1.871 0.4556161741184714
1.872 0.4552710477975858
1.873 0.45627982817612434
1.874 0.45704285403406386
1.875 0.4569358813619674
1.876 0.45630248702168874
1.877 0.4566133941650953
1.878 0.45714752510428275
1.879 0.4578808193913173
1.88 0.45838384481635924
1.881 0.45753712551025827
1.882 0.45562732590409705
1.883 0.45414311316534334
1.884 0.454219920468008
1.885 0.4548900610348352
1.886 0.4556853012656499
1.887 0.45645117129827345
1.888 0.4562140861319181
1.889 0.45590475524130614
1.89 0.45499948155470704
1.891 0.454005061975049
1.892 0.4542259059253199
1.893 0.4540916478364929
1.894 0.4541419016252298
1.895 0.4550986391637041
1.896 0.45609337835623365
1.897 0.4567328033644287
1.898 0.4557954698683369
1.899 0.4545981500533313
1.9 0.4537402904265952
1.901 0.4546108229501845
1.902 0.45511376810119564
1.903 0.45539514017163363
1.904 0.4558055675574506
1.905 0.4560939663022059
1.906 0.45550550468841844
1.907 0.45501381601108704
1.908 0.45516908267424994
1.909 0.456226572656376
1.91 0.45755004329868054
1.911 0.4586750456958965
1.912 0.4593653322894059
1.913 0.4596074536423489
1.914 0.4589331411822193
1.915 0.4580197718267983
1.916 0.4566322188428229
1.917 0.45640441042738533
1.918 0.4575755082226369
1.919 0.45820672573761756
1.92 0.4585515933247292
1.921 0.45785636626190207
1.922 0.4577329488074843
1.923 0.456961021984446
1.924 0.4566306119534499
1.925 0.455706387089643
1.926 0.4554324165915214
1.927 0.45648733597667424
1.928 0.45738215321391873
1.929 0.45742006612705866
1.93 0.4569174593478639
1.931 0.4561012462214553
1.932 0.4548089132553423
1.933 0.45352094233318946
1.934 0.4541090494477763
1.935 0.4553296815115605
1.936 0.45659950744157185
1.937 0.45653294500406416
1.938 0.45683870151913253
1.939 0.45640214309944216
1.94 0.456112787936524
1.941 0.45584561212277463
1.942 0.4569401076787416
1.943 0.4582488064723824
1.944 0.45937700953194605
1.945 0.46029296926015084
1.946 0.4610355016293993
1.947 0.46055895893007615
1.948 0.45929078904177867
1.949 0.4582400989954882
1.95 0.45852701645868105
1.951 0.4595908922102696
1.952 0.46035449788469096
1.953 0.4601134220482476
1.954 0.45979766011570394
1.955 0.45932394472614313
1.956 0.45911493582262913
1.957 0.4586845365297139
1.958 0.4575852495465227
1.959 0.4559836092904268
1.96 0.45490373141621143
1.961 0.45543050794642065
1.962 0.4573869318670566
1.963 0.4590014123939619
1.964 0.45956620514122903
1.965 0.4592256255761328
1.966 0.45989489014724705
1.967 0.4610981832290174
1.968 0.46193687893867125
1.969 0.4615211515012164
1.97 0.4605857725606094
1.971 0.46066570570362175
1.972 0.46025605930340685
1.973 0.4604055933810427
1.974 0.4600076488234853
1.975 0.4602920688888045
1.976 0.4606414709633847
1.977 0.46099727034357907
1.978 0.4616062825876592
1.979 0.4623347987894562
1.98 0.46219214264579334
1.981 0.46198235837122714
1.982 0.461829601268095
1.983 0.4621547663581481
1.984 0.4624559714511581
1.985 0.4631384307289647
1.986 0.46360194100179763
1.987 0.46433619578426166
1.988 0.4639645113057693
1.989 0.46419653287272566
1.99 0.4637507687918705
1.991 0.4640618623924201
1.992 0.46427934497551604
1.993 0.4642814337455532
1.994 0.4637159565415714
1.995 0.46163716834162893
1.996 0.45964289918307066
1.997 0.4580105133451031
1.998 0.4600420717113257
1.999 0.46164087242561436
2.0 0.462205796042141
2.001 0.4615288925647093
2.002 0.4611413075033821
2.003 0.4606155291757418
2.004 0.4604091247088884
2.005 0.46077814942180606
2.006 0.46090313750267636
2.007 0.46190838587083743
2.008 0.4620395934245076
2.009 0.4622731878254388
2.01 0.4615398388697137
2.011 0.4605419030159065
2.012 0.46012175445435055
2.013 0.4602023040046056
2.014 0.46073963797674056
2.015 0.4601663499169937
2.016 0.4602055054177323
2.017 0.4602863080193247
2.018 0.46030730526559926
2.019 0.45960239664435454
2.02 0.45830702463933626
2.021 0.45839372986903193
2.022 0.4599024843323749
2.023 0.4607986047787555
2.024 0.4606396989933361
2.025 0.459335614291931
2.026 0.45926518880946204
2.027 0.45948744878118164
2.028 0.45924787372628706
2.029 0.45873022162700217
2.03 0.4597246115115859
2.031 0.46106198851176466
2.032 0.4616225456199983
2.033 0.46093021451297106
2.034 0.460271987526614
2.035 0.4604610088959954
2.036 0.4605108309012088
2.037 0.46035632767449597
2.038 0.4604782471268132
2.039 0.4613665948663979
2.04 0.4605493132341965
2.041 0.4594727227765135
2.042 0.4590845336219671
2.043 0.4592776056279786
2.044 0.45927681104455864
2.045 0.45920112147057557
2.046 0.45872978645680057
2.047 0.45902969772235375
2.048 0.45898442961705893
2.049 0.4587992609009429
2.05 0.45906378402213893
2.051 0.45848191623317813
2.052 0.457773445265324
2.053 0.45727192738546657
2.054 0.4579589065078723
2.055 0.4583765877979332
2.056 0.45924401102118984
2.057 0.4594597978467717
2.058 0.4603905006567893
2.059 0.4606665740015797
2.06 0.4598926223663339
2.061 0.459810514186751
2.062 0.45961746986088686
2.063 0.46084864514724844
2.064 0.46086934394207446
2.065 0.46045535393680115
2.066 0.45981220523020966
2.067 0.45949553072466975
2.068 0.4593494384201769
2.069 0.4589217677171429
2.07 0.4598170986998548
2.071 0.46055260842660173
2.072 0.4626848158828549
2.073 0.46306064122806334
2.074 0.4631962108230726
2.075 0.4639931907370637
2.076 0.46394712209299427
2.077 0.4628487601128126
2.078 0.46116717661177675
2.079 0.4617151765031124
2.08 0.4631601598036983
2.081 0.464608361653271
2.082 0.464837647066611
2.083 0.4652849684090894
2.084 0.4658407625071125
2.085 0.46496422070918897
2.086 0.46535143753451336
2.087 0.46538263965851945
2.088 0.4663854433601323
2.089 0.4649801586332919
2.09 0.4632310927649282
2.091 0.46203830790875794
2.092 0.4625139564189242
2.093 0.4633883425334925
2.094 0.46371102340892845
2.095 0.46245278316251626
2.096 0.46191536835826663
2.097 0.4629735384080308
2.098 0.4638911425035883
2.099 0.46359697786842935
2.1 0.4626225567222887
2.101 0.46203442361378344
2.102 0.46159474311970383
2.103 0.4608622190786751
2.104 0.4601946053132938
2.105 0.4612819060700777
2.106 0.46155015126268717
2.107 0.4612872219557509
2.108 0.46130518527557884
2.109 0.4615382200223377
2.11 0.4619077837726999
2.111 0.46089833651298523
2.112 0.45971878865565713
2.113 0.4598343483466724
2.114 0.4607982233224896
2.115 0.46048372543754434
2.116 0.4606391339148778
2.117 0.4607449592702436
2.118 0.4613465157722069
2.119 0.46213749227331863
2.12 0.46305327295836474
2.121 0.46392762666804
2.122 0.46455214930616723
2.123 0.4639945259588494
2.124 0.46390313419471496
2.125 0.4651144881622279
2.126 0.4665911652151047
2.127 0.4666413629885078
2.128 0.465654738325876
2.129 0.4652052350971193
2.13 0.4664191493297077
2.131 0.46746269968272197
2.132 0.4673511502216365
2.133 0.4666145632395817
2.134 0.4654311078558604
2.135 0.46601638172712373
2.136 0.4657060193589573
2.137 0.4653530640644733
2.138 0.46481631420542113
2.139 0.46374846704429284
2.14 0.46253384992865265
2.141 0.46170330635375323
2.142 0.4621485052437131
2.143 0.4620546378711272
2.144 0.4618002282661142
2.145 0.46083809666306746
2.146 0.4608191293330254
2.147 0.4610199041965579
2.148 0.46138906496658183
2.149 0.4627087748908427
2.15 0.4623334495640725
2.151 0.46147198116635735
2.152 0.46004834334360345
2.153 0.45927166767146715
2.154 0.4590014030367372
2.155 0.45919639926681827
2.156 0.4597274234903532
2.157 0.4588258551908436
2.158 0.4580432122296385
2.159 0.4583672539542524
2.16 0.45914487770158474
2.161 0.45931050110072624
2.162 0.45833449053853037
2.163 0.45831001941172755
2.164 0.45790167819419825
2.165 0.45649200616283125
2.166 0.45513672273204736
2.167 0.45532810162347737
2.168 0.45569984044154
2.169 0.45487980693649943
2.17 0.454056563978771
2.171 0.45357490896878633
2.172 0.45436197008827117
2.173 0.45421434271513916
2.174 0.45425645794940267
2.175 0.45350465308469745
2.176 0.4515295609137585
2.177 0.4491756723853279
2.178 0.44733795123134523
2.179 0.44574045602282897
2.18 0.44396185181194425
2.181 0.44262766591075187
2.182 0.4417265461384452
2.183 0.4405190824396906
2.184 0.4386578884791947
2.185 0.43528630790905354
2.186 0.4326548767110685
2.187 0.4295672524785917
2.188 0.4280910176234445
2.189 0.42524200050196853
2.19 0.4236927119376276
2.191 0.42024062757291525
2.192 0.4181461962241996
2.193 0.41522609030594493
2.194 0.41270387862211544
2.195 0.4091391190349522
2.196 0.4064857906216689
2.197 0.4038756150672524
2.198 0.40026487530803373
2.199 0.3963436872409884
2.2 0.39356947540974346
2.201 0.3900013841299811
2.202 0.3859040704321306
2.203 0.38134344424778643
2.204 0.3779067637194248
2.205 0.37528375703398376
2.206 0.3734098772349573
2.207 0.37123521004916626
2.208 0.36897719019985753
2.209 0.36596409884158865
2.21 0.3637382616699704
2.211 0.3622478697704169
2.212 0.3618836224449384
2.213 0.36160723815121426
2.214 0.36075596014819444
2.215 0.3594369460030902
2.216 0.35910183226479564
2.217 0.35956212223874107
2.218 0.36017531825665317
2.219 0.36018798665545887
2.22 0.36042270279923494
2.221 0.3609889374476364
2.222 0.36111366574193604
2.223 0.36283504630710894
2.224 0.36380731704470126
2.225 0.36442507966922755
2.226 0.36414822831851157
2.227 0.36435540514910014
2.228 0.36504078781403965
2.229 0.36642652452215124
2.23 0.3681181117413571
2.231 0.36921206932987966
2.232 0.3700392612515367
2.233 0.3713311941247608
2.234 0.37277184733796764
2.235 0.37390877280090123
2.236 0.37532069461295564
2.237 0.3759528440943649
2.238 0.37641230522207614
2.239 0.37762535592760005
2.24 0.37940895414791304
2.241 0.3792050647094175
2.242 0.3780571498140066
2.243 0.3775804178249864
2.244 0.3787653881362145
2.245 0.3803568968384987
2.246 0.38156256868718125
2.247 0.38172245133404215
2.248 0.38066012669429766
2.249 0.38034592182396915
2.25 0.3806926104358529
2.251 0.3822978411765183
2.252 0.38219669107885074
2.253 0.3817448362972098
2.254 0.38150250719544454
2.255 0.3821353355751905
2.256 0.3831904258414628
2.257 0.38372854728675077
2.258 0.38387915611321577
2.259 0.384083280074495
2.26 0.38479691423332396
2.261 0.38532701091940225
2.262 0.38659706325009646
2.263 0.3872272560874871
2.264 0.3871827656562351
2.265 0.38704370663643467
2.266 0.3886053973804172
2.267 0.3895997850805193
2.268 0.3903107761010066
2.269 0.39130434418644167
2.27 0.3931190800612482
2.271 0.3950448277325648
2.272 0.39710279502357976
2.273 0.3982084033187955
2.274 0.39887569501359976
2.275 0.39964683668400786
2.276 0.4005749635558429
2.277 0.40166599980303125
2.278 0.40235714026139785
2.279 0.4029874778088343
2.28 0.4031008473744537
2.281 0.40357261268804906
2.282 0.4053313126381132
2.283 0.4075875775920446
2.284 0.4094641134264801
2.285 0.409746587125981
2.286 0.40999728509574773
2.287 0.41071869434701985
2.288 0.41218552506809636
2.289 0.4132595595651609
2.29 0.41404623327182893
2.291 0.41408420153437375
2.292 0.41394032614574244
2.293 0.41467111752777813
2.294 0.4167955632604296
2.295 0.41835542673056464
2.296 0.4184438523539355
2.297 0.4181975319007437
2.298 0.41817119879055165
2.299 0.41975683644318
2.3 0.4207580185580745
2.301 0.4204955022379738
2.302 0.41934523306127597
2.303 0.4187029986085772
2.304 0.4191915716210558
2.305 0.419555280471669
2.306 0.4192337171631647
2.307 0.41815569112619105
2.308 0.4174197994359637
2.309 0.4171687816953288
2.31 0.4164552425687805
2.311 0.41488967797690396
2.312 0.412360287087074
2.313 0.40836969285222835
2.314 0.40387013463145854
2.315 0.39892497454688414
2.316 0.3951415544775003
2.317 0.3907861189583962
2.318 0.38493055119379826
2.319 0.37753975091817693
2.32 0.36943661177115505
2.321 0.36104805463697476
2.322 0.35282706784572193
2.323 0.3439574537001321
2.324 0.3333865076027662
2.325 0.3223164931955851
2.326 0.31179309999813737
2.327 0.3012800761101738
2.328 0.2912659079238912
2.329 0.2808269630588795
2.33 0.27026856514588415
2.331 0.2589969655449973
2.332 0.24897797497544355
2.333 0.23910698970851452
2.334 0.22879323514418162
2.335 0.21778846598370893
2.336 0.20717312988301992
2.337 0.1977019003149005
2.338 0.18910971199320492
2.339 0.1814215233311401
2.34 0.17457405463248
2.341 0.1688009616726106
2.342 0.16426159955221994
2.343 0.1607087851260332
2.344 0.15825047199508685
2.345 0.15623196907025613
2.346 0.15494022922299022
2.347 0.154019076808354
2.348 0.1537673447019766
2.349 0.1535105418640548
2.35 0.15281909334137866
2.351 0.15182169515100252
2.352 0.15025495899711422
2.353 0.1485578511590784
2.354 0.14623369375034465
2.355 0.1435324185379855
2.356 0.14005666737997907
2.357 0.135722787216008
2.358 0.13083507067003566
2.359 0.12532703339852347
2.36 0.11944326161928676
2.361 0.1126532000153799
2.362 0.10528139046424662
2.363 0.09720663393851123
2.364 0.08913044248858795
2.365 0.08106620468324868
2.366 0.07296419327180215
2.367 0.06492894055865475
2.368 0.057027862966653374
2.369 0.049526114635686784
2.37 0.04261278106703566
2.371 0.036411439105350496
2.372 0.030924679981187735
2.373 0.02611531259369269
2.374 0.022110955201336005
2.375 0.020308374890008356
2.376 0.018736557382965605
2.377 0.017483993019344914
2.378 0.016557248908898536
2.379 0.015898654631584172
2.38 0.015469413568235175
2.381 0.013792845658876566
2.382 0.012441999590834148
2.383 0.011320960877415662
2.384 0.010328217281071283
2.385 0.00950481344276471
2.386 0.008768716392187684
2.387 0.008112156126705178
2.388 0.007506008199085367
2.389 0.00690397923684547
2.39 0.006341043280235443
2.391 0.005820735529863475
2.392 0.005343970446580302
2.393 0.004893145218680236
2.394 0.004454353296664499
2.395 0.0040271504821188416
2.396 0.003635238804260086
2.397 0.0032865609347020324
2.398 0.0029686567216703763
2.399 0.0026702690012729196
2.4 0.002390483816545108
2.401 0.002130195347524744
2.402 0.0018954273424976196
2.403 0.0016829198325401364
2.404 0.0014914084931304116
2.405 0.0013124273630329736
2.406 0.001152525795533277
2.407 0.001010362005044065
2.408 0.0008861482735545367
2.409 0.000775146083857249
2.41 0.0006766105715436481
2.411 0.0005882051760037376
2.412 0.0005098991557225766
2.413 0.0004423252317653811
2.414 0.00038439745952585343
2.415 0.00033434109845220704
2.416 0.0002906503770631327
2.417 0.0002521584034799707
2.418 0.00021895382553597105
2.419 0.00019026181007217216
2.42 0.00016579490980277124
2.421 0.00014478456064744293
2.422 0.00012683187625411386
2.423 0.00011120205073323578
2.424 9.782454748546405e-05
2.425 8.658820512448559e-05
2.426 7.677507667843079e-05
2.427 6.812925091896909e-05
2.428 6.0408219096156645e-05
2.429 5.372262804965045e-05
2.43 4.79503589796204e-05
2.431 4.288760802887829e-05
2.432 3.847510794039489e-05
2.433 3.4470970632173086e-05
2.434 3.092005366684966e-05
2.435 2.7751087248345158e-05
2.436 2.4920166374174456e-05
2.437 2.2372507685719482e-05
2.438 2.0059037855426576e-05
2.439 1.7966583926034747e-05
2.44 1.604684720301375e-05
2.441 1.4367468429949738e-05
2.442 1.2841492294861675e-05
2.443 1.145949621738546e-05
2.444 1.0179412295214337e-05
2.445 9.016610341944063e-06
2.446 7.979320522695854e-06
2.447 7.0573627174881465e-06
2.448 6.242632224191704e-06
2.449 5.497092768603998e-06
2.45 4.991513959188841e-06
2.451 4.5157227790635634e-06
2.452 4.084827545082631e-06
2.453 3.6870158210891724e-06
2.454 3.3196806027581414e-06
2.455 2.9834328109469925e-06
2.456 2.6789867202236245e-06
2.457 2.406578880036371e-06
2.458 2.164901814883864e-06
2.459 1.943923457224517e-06
2.46 1.7413727172996462e-06
2.461 1.55430018660038e-06
2.462 1.388621848560882e-06
2.463 1.2430698172936042e-06
2.464 1.1148263645023952e-06
2.465 9.973349125264627e-07
2.466 8.902352992251886e-07
2.467 7.950727845292353e-07
2.468 7.102586501494642e-07
2.469 6.233674134462056e-07
2.47 5.587201801914001e-07
2.471 4.907131739754419e-07
2.472 4.3956749316227216e-07
2.473 3.8657747103864577e-07
2.474 3.4854701178316475e-07
2.475 3.0691758953599667e-07
2.476 2.758218150702952e-07
2.477 2.429105320825319e-07
2.478 2.1893302436380129e-07
2.479 1.93331657787042e-07
2.48 1.7100840899394471e-07
2.481 1.5523044156833434e-07
2.482 1.3801866907929134e-07
2.483 1.2270377298983506e-07
2.484 1.090755773241763e-07
2.485 9.947207960001416e-08
2.486 8.889262863609914e-08
2.487 7.944930689085656e-08
2.488 7.104898872992908e-08
2.489 6.508801407581837e-08
2.49 5.841964730170214e-08
2.491 5.2579626976855885e-08
2.492 4.734587609671695e-08
2.493 4.260789777002955e-08
2.494 3.830808723645778e-08
2.495 3.457832305299338e-08
2.496 3.124553098782752e-08
2.497 2.8323581171527393e-08
2.498 2.566140465323541e-08
2.499 2.324703850758219e-08
2.5 2.1044811591648917e-08
2.501 1.9069317072741762e-08
2.502 1.732482982466556e-08
2.503 1.5719740141304062e-08
2.504 1.4264191638656327e-08
2.505 1.298001508478324e-08
2.506 1.186353503655776e-08
2.507 1.0863190305977186e-08
2.508 9.920255519154799e-09
2.509 9.056585594344897e-09
2.51 8.261927254685603e-09
2.511 7.562659704456533e-09
2.512 6.93616057247536e-09
2.513 6.3685869839668886e-09
2.514 5.838589141389001e-09
2.515 5.3503191692556016e-09
2.516 4.910827908657555e-09
2.517 4.512416000101526e-09
2.518 4.14628741169642e-09
2.519 3.803902108842872e-09
2.52 3.4916282887775436e-09
2.521 3.2045244734064926e-09
2.522 2.9467395615258155e-09
2.523 2.707429875621875e-09
2.524 2.489222905344096e-09
2.525 2.283040576963333e-09
2.526 2.0949552136020745e-09
2.527 1.924408207605911e-09
2.528 1.7713809971958166e-09
2.529 1.6331785161519955e-09
2.53 1.502349041719616e-09
2.531 1.3754168226253469e-09
2.532 1.2600808278422314e-09
2.533 1.1567936169489816e-09
2.534 1.0629058123738927e-09
2.535 9.7431536352801e-10
2.536 8.932628627746529e-10
2.537 8.166942949697326e-10
2.538 7.475345893220812e-10
2.539 6.839935755454987e-10
2.54 6.266424134359301e-10
2.541 5.726751507949433e-10
2.542 5.234699382840043e-10
2.543 4.773132396305981e-10
2.544 4.355759316392979e-10
2.545 3.9679248000406737e-10
2.546 3.6057346716017204e-10
2.547 3.2693652151246637e-10
2.548 2.970988417799641e-10
2.549 2.7074696534472576e-10
2.55 2.4684261539280224e-10
2.551 2.2379344188180865e-10
2.552 2.0293833424691073e-10
2.553 1.8403955590188973e-10
2.554 1.666555440314646e-10
2.555 1.5065083136575984e-10
2.556 1.3610728135170314e-10
2.557 1.228519620843576e-10
2.558 1.1099843939994187e-10
2.559 1.0066327642411916e-10
2.56 9.127200605714366e-11
2.561 8.236186896298132e-11
2.562 7.410580841176803e-11
2.563 6.667774217110588e-11
2.564 6.017360317191035e-11
2.565 5.435337565388609e-11
2.566 4.9004762685064464e-11
2.567 4.418028398331517e-11
2.568 3.9871605324465385e-11
2.569 3.593756447883021e-11
2.57 3.23183650937924e-11
2.571 2.8923166325022677e-11
2.572 2.6005927805502607e-11
2.573 2.343833575465697e-11
2.574 2.1185620550705453e-11
2.575 1.9080081145930142e-11
2.576 1.720632976482289e-11
2.577 1.5493078912595204e-11
2.578 1.3931736968409312e-11
2.579 1.2545243485446772e-11
2.58 1.1260745678006078e-11
2.581 1.0103645643803426e-11
2.582 9.082455239632593e-12
2.583 8.157445833376258e-12
2.584 7.309095414372321e-12
2.585 6.5693133626228415e-12
2.586 5.899343286489616e-12
2.587 5.271872830859727e-12
2.588 4.684841460418805e-12
2.589 4.18562096538759e-12
2.59 3.758432780831109e-12
2.591 3.375568303959403e-12
2.592 3.016498860074631e-12
2.593 2.6936757322826026e-12
2.594 2.4009916952796127e-12
2.595 2.1326520257200395e-12
2.596 1.89506557874357e-12
2.597 1.6890368765099704e-12
2.598 1.5075071671451178e-12
