microns throughput
0.5504000244140625 5.968557752847726e-13
0.5514000244140626 6.466201988519143e-13
0.5524000244140626 6.374615614099552e-13
0.5534000244140626 5.258662950147704e-13
0.5544000244140626 1.9663022281817933e-12
0.5554000244140626 1.1969260177792972e-12
0.5564000244140626 2.6233153683428592e-12
0.5574000244140624 1.0248146329699539e-12
0.5584000244140624 2.2598822940511707e-12
0.5594000244140624 1.0022061759718127e-12
0.5604000244140624 2.190691552322538e-12
0.5614000244140624 1.755784384620953e-12
0.5624000244140624 7.316545218318084e-13
0.5634000244140625 5.834506716140875e-13
0.5644000244140625 1.6873007322693605e-12
0.5654000244140625 1.1331846702612385e-12
0.5664000244140625 2.012374599699586e-12
0.5674000244140625 1.988255907849975e-12
0.5684000244140625 1.4275336788705152e-12
0.5694000244140625 8.337558356527992e-13
0.5704000244140625 8.09243009723535e-15
0.5714000244140625 7.531668226032597e-16
0.5724000244140625 5.335118345871411e-13
0.5734000244140625 8.29976775253796e-13
0.5744000244140625 2.160964667192167e-13
0.5754000244140625 9.268574108257298e-13
0.5764000244140625 3.730216213682327e-13
0.5774000244140625 2.0227880727617825e-15
0.5784000244140625 3.918949718768664e-12
0.5794000244140625 2.6889172738250674e-15
0.5804000244140625 5.042146767584409e-12
0.5814000244140625 6.419023478198373e-12
0.5824000244140625 3.482454628864955e-12
0.5834000244140625 2.4093391778024627e-12
0.5844000244140625 4.597557996927795e-12
0.5854000244140625 1.935476457286033e-11
0.5864000244140625 1.8776858183089884e-12
0.5874000244140625 3.5307137456754207e-12
0.5884000244140625 3.239772046671006e-11
0.5894000244140625 5.376731618391202e-12
0.5904000244140625 2.2872289824580087e-11
0.5914000244140625 7.540061476810818e-12
0.5924000244140625 6.633173123078345e-12
0.5934000244140625 2.347341770982524e-12
0.5944000244140625 3.9304510027514875e-13
0.5954000244140625 2.4230625353624166e-13
0.5964000244140625 2.5590359082621304e-12
0.5974000244140625 3.0341625606208003e-12
0.5984000244140625 6.7411350075883046e-12
0.5994000244140625 2.0348321270970129e-13
0.6004000244140625 2.2567376297173325e-12
0.6014000244140625 4.685035339483947e-12
0.6024000244140625 3.896568344622986e-12
0.6034000244140625 8.193269189934889e-12
0.6044000244140625 1.25657871616262e-12
0.6054000244140625 4.510244171885912e-12
0.6064000244140625 1.6365312361082292e-11
0.6074000244140625 8.143157434137518e-12
0.6084000244140625 1.41830080686141e-11
0.6094000244140625 1.1931468293438377e-11
0.6104000244140625 8.443716023870351e-14
0.6114000244140625 6.98350060105037e-12
0.6124000244140625 9.127078054979931e-12
0.6134000244140625 8.90619489399669e-12
0.6144000244140625 5.209833498262335e-15
0.6154000244140625 2.673824284345299e-12
0.6164000244140625 2.155121998488792e-12
0.6174000244140625 1.3571422157875046e-12
0.6184000244140625 1.842208755717796e-12
0.6194000244140625 1.283056051332221e-12
0.6204000244140625 4.084337089179639e-12
0.6214000244140625 6.753984086704529e-12
0.6224000244140625 2.0662658767679807e-13
0.6234000244140625 4.8462552692249e-14
0.6244000244140625 3.598840351373825e-12
0.6254000244140625 3.994760783979961e-13
0.6264000244140625 1.5939816278160896e-11
0.6274000244140625 1.0413331508102478e-14
0.6284000244140625 7.421742834903217e-12
0.6294000244140625 5.700827368713077e-12
0.6304000244140625 7.273369965882223e-12
0.6314000244140625 1.354635575353949e-11
0.6324000244140625 5.3957332775963255e-11
0.6334000244140625 4.0214936064697966e-11
0.6344000244140625 3.7436332696293146e-14
0.6354000244140625 2.9102935696417393e-14
0.6364000244140625 2.3177284844262328e-14
0.6374000244140625 2.040660648122802e-11
0.6384000244140625 5.226735695525066e-12
0.6394000244140625 2.1308310196837103e-11
0.6404000244140625 6.272605870157648e-12
0.6414000244140625 9.098685895867815e-12
0.6424000244140625 1.1437302628588194e-11
0.6434000244140625 1.6145856828064626e-11
0.6444000244140625 1.4982105129046466e-11
0.6454000244140625 1.5523103324558753e-11
0.6464000244140625 2.6470077546271094e-12
0.6474000244140625 3.7839474687274504e-11
0.6484000244140625 8.480683429030868e-13
0.6494000244140625 4.557361920346655e-12
0.6504000244140625 6.733298853638948e-12
0.6514000244140625 1.4982311538953237e-11
0.6524000244140625 1.0268741257802906e-12
0.6534000244140625 8.48243741501417e-12
0.6544000244140625 9.830629545954284e-12
0.6554000244140625 4.263629814031247e-12
0.6564000244140625 8.474323508831217e-12
0.6574000244140625 3.0346811288215934e-12
0.6584000244140625 1.3173830902878453e-14
0.6594000244140625 3.8057832601918805e-11
0.6604000244140625 1.596252685614319e-11
0.6614000244140625 1.7398286621554022e-11
0.6624000244140625 2.6563183941478306e-11
0.6634000244140625 3.330820500908454e-11
0.6644000244140625 2.0352037328601892e-11
0.6654000244140625 6.752713220339483e-12
0.6664000244140625 1.6459885373724374e-11
0.6674000244140625 1.8040162933098017e-11
0.6684000244140625 7.451017569312538e-12
0.6694000244140625 1.478448398749853e-11
0.6704000244140625 9.778041243814514e-12
0.6714000244140625 9.619551463288792e-12
0.6724000244140625 3.0381693008197894e-11
0.6734000244140625 9.797711789367808e-12
0.6744000244140625 3.2110576405271625e-11
0.6754000244140625 2.0425518971759045e-11
0.6764000244140626 2.138522317548174e-11
0.6774000244140626 1.4230507354459369e-11
0.6784000244140626 3.126841920281998e-11
0.6794000244140626 1.2850344259689949e-11
0.6804000244140626 2.6201284934774662e-11
0.6814000244140626 3.500447900001691e-11
0.6824000244140624 2.354500870628305e-11
0.6834000244140624 2.4411855093382226e-11
0.6844000244140624 2.2734835570996393e-11
0.6854000244140624 2.7208212756950546e-11
0.6864000244140624 5.178840087008397e-12
0.6874000244140624 4.36718802022416e-11
0.6884000244140625 3.846902305366461e-11
0.6894000244140625 2.867453623009715e-11
0.6904000244140625 4.403160478089137e-11
0.6914000244140625 4.832991796225105e-11
0.6924000244140625 3.644255589126648e-11
0.6934000244140625 5.266668093633403e-11
0.6944000244140625 7.891086758415298e-11
0.6954000244140625 4.234780500660213e-11
0.6964000244140625 8.525371226514314e-11
0.6974000244140625 8.35630674268332e-11
0.6984000244140625 9.208185905865515e-11
0.6994000244140625 8.910160459338432e-11
0.7004000244140625 1.102957176456019e-10
0.7014000244140625 1.1615969774231645e-10
0.7024000244140625 1.626344044745875e-10
0.7034000244140625 1.809632771117906e-10
0.7044000244140625 2.49142999171954e-10
0.7054000244140625 3.771264137871824e-10
0.7064000244140625 5.365718347732656e-10
0.7074000244140625 8.38427089024979e-10
0.7084000244140625 1.3229443481689335e-09
0.7094000244140625 2.0709249963497455e-09
0.7104000244140625 3.1445342715980764e-09
0.7114000244140625 4.2451028360083705e-09
0.7124000244140625 5.263439843431558e-09
0.7134000244140625 6.229339768381732e-09
0.7144000244140625 5.907214686216691e-09
0.7154000244140625 6.51185624790882e-09
0.7164000244140625 5.690467946528044e-09
0.7174000244140625 4.511134582705706e-09
0.7184000244140625 3.315181988148667e-09
0.7194000244140625 2.304172525632942e-09
0.7204000244140625 1.517646488743233e-09
0.7214000244140625 1.0818644935890024e-09
0.7224000244140625 6.39373289754659e-10
0.7234000244140625 3.4107349553212384e-10
0.7244000244140625 2.585948981945467e-10
0.7254000244140625 1.6462315087241312e-10
0.7264000244140625 1.036597073606614e-10
0.7274000244140625 8.650793581209754e-11
0.7284000244140625 6.004640305258933e-11
0.7294000244140625 1.973862104131375e-11
0.7304000244140625 3.576475289573758e-11
0.7314000244140625 2.2780021939160825e-11
0.7324000244140625 3.5699866772218975e-11
0.7334000244140625 2.6096904758325247e-11
0.7344000244140625 2.952170980446888e-11
0.7354000244140625 3.1157884998877897e-11
0.7364000244140625 3.38837296976855e-11
0.7374000244140625 2.990977040906884e-11
0.7384000244140625 6.414750960800702e-11
0.7394000244140625 8.572227136889872e-11
0.7404000244140625 1.1563025017010586e-10
0.7414000244140625 1.6035189761695726e-10
0.7424000244140625 2.2172135428459338e-10
0.7434000244140625 3.746188266897318e-10
0.7444000244140625 3.713048031986454e-10
0.7454000244140625 3.820348870150585e-10
0.7464000244140625 1.0791545475988595e-10
0.7474000244140625 3.328583702974704e-10
0.7484000244140625 1.999489973539457e-10
0.7494000244140625 3.102433347983726e-10
0.7504000244140625 1.5780849693807754e-10
0.7514000244140625 1.7494995062036544e-10
0.7524000244140625 5.301720949764235e-10
0.7534000244140625 3.870255928616991e-10
0.7544000244140625 7.782355797561614e-10
0.7554000244140625 1.529528449523597e-09
0.7564000244140625 8.841634234775479e-10
0.7574000244140625 2.540260134485689e-10
0.7584000244140625 1.1975752897874432e-10
0.7594000244140625 9.444629813293637e-11
0.7604000244140625 5.055554597917634e-11
0.7614000244140625 2.4116662510179898e-11
0.7624000244140625 6.414982136730206e-12
0.7634000244140625 2.3044968246507678e-11
0.7644000244140625 1.1926864913822205e-11
0.7654000244140625 6.1066325860420284e-12
0.7664000244140625 4.585252188974761e-12
0.7674000244140625 3.722586537737898e-12
0.7684000244140625 2.3151665920745925e-12
0.7694000244140625 3.1899314873763353e-12
0.7704000244140625 1.7956366535324254e-12
0.7714000244140625 2.1524968059661813e-12
0.7724000244140625 5.703419071897092e-13
0.7734000244140625 1.4184074045506644e-12
0.7744000244140625 6.158689265009991e-13
0.7754000244140625 1.7830941067533992e-12
0.7764000244140625 1.7218404236995437e-12
0.7774000244140625 2.4582360297498544e-12
0.7784000244140625 1.6493795913750887e-12
0.7794000244140625 3.0638487662319944e-12
0.7804000244140625 7.815025609662285e-12
0.7814000244140625 5.2538718792242866e-12
0.7824000244140625 5.3519171881951694e-12
0.7834000244140625 2.9254249436730642e-12
0.7844000244140625 9.656742766628005e-12
0.7854000244140625 3.842622943717369e-12
0.7864000244140625 7.56343134393017e-12
0.7874000244140625 1.188472910100701e-11
0.7884000244140625 7.26466021019192e-12
0.7894000244140625 1.4472644439643789e-11
0.7904000244140625 2.274850134315874e-11
0.7914000244140625 1.7930090746045752e-11
0.7924000244140625 1.5070091799135675e-11
0.7934000244140625 2.5596810481350423e-11
0.7944000244140625 1.5388505285353347e-11
0.7954000244140625 2.3910399446858986e-11
0.7964000244140625 0.0
0.7974000244140625 2.9049653795268756e-11
0.7984000244140625 3.327854609560075e-10
0.7994000244140625 1.9534432446106203e-10
0.8004000244140625 2.363343405061865e-09
0.8014000244140626 2.1957195095195793e-09
0.8024000244140626 2.172674457804791e-09
0.8034000244140626 2.4715469683964634e-09
0.8044000244140626 1.4710395512574043e-09
0.8054000244140626 2.068632332194251e-10
0.8064000244140626 3.1441161384706683e-10
0.8074000244140624 1.2795459118192981e-09
0.8084000244140624 2.0359312191232598e-09
0.8094000244140624 1.3882898244012758e-09
0.8104000244140624 8.475086024661192e-10
0.8114000244140624 1.1452232376071558e-09
0.8124000244140624 1.630102244397216e-09
0.8134000244140625 2.1141774242906933e-09
0.8144000244140625 2.0749606403028147e-09
0.8154000244140625 1.5619287128566863e-09
0.8164000244140625 1.13032409132184e-09
0.8174000244140625 1.1730281552379408e-09
0.8184000244140625 1.0640465418493686e-09
0.8194000244140625 1.2669073148597274e-09
0.8204000244140625 9.106063967713039e-10
0.8214000244140625 9.417104518591267e-10
0.8224000244140625 1.0803409273853779e-09
0.8234000244140625 1.6548729076381143e-10
0.8244000244140625 0.0
0.8254000244140625 4.329820171940837e-10
0.8264000244140625 1.175282505087885e-09
0.8274000244140625 8.962287751022066e-10
0.8284000244140625 4.439235710067299e-10
0.8294000244140625 2.1383825934561373e-10
0.8304000244140625 4.554150201335349e-10
0.8314000244140625 1.3282695592447592e-09
0.8324000244140625 1.1226182478316081e-09
0.8334000244140625 4.388614000371435e-10
0.8344000244140625 9.02986651804959e-10
0.8354000244140625 9.77612992081464e-10
0.8364000244140625 5.833162264523919e-10
0.8374000244140625 1.0225165935885934e-09
0.8384000244140625 1.1767457144722664e-09
0.8394000244140625 4.978672431672772e-10
0.8404000244140625 2.812113233267802e-10
0.8414000244140625 1.8085577194569807e-10
0.8424000244140625 6.342295539226593e-10
0.8434000244140625 8.853723453169021e-10
0.8444000244140625 3.042472932318521e-10
0.8454000244140625 3.295050271240376e-10
0.8464000244140625 3.7115305999536483e-10
0.8474000244140625 6.048435792157581e-10
0.8484000244140625 7.401501150222118e-10
0.8494000244140625 4.6351490665368776e-10
0.8504000244140625 5.104384979300211e-10
0.8514000244140625 6.256201009222158e-10
0.8524000244140625 9.727784740127663e-10
0.8534000244140625 1.0094605966176394e-09
0.8544000244140625 7.550452165107022e-10
0.8554000244140625 5.879475150457867e-10
0.8564000244140625 3.631861254235302e-10
0.8574000244140625 3.094417283959062e-10
0.8584000244140625 7.358815178121969e-10
0.8594000244140625 5.687313723145834e-10
0.8604000244140625 7.901611150612254e-10
0.8614000244140625 5.437508844544535e-10
0.8624000244140625 2.079912719347495e-10
0.8634000244140625 4.949135080205619e-10
0.8644000244140625 1.0099254260073453e-09
0.8654000244140625 7.135804771173163e-10
0.8664000244140625 6.403218405694093e-10
0.8674000244140625 5.740379179727506e-10
0.8684000244140625 6.785216570690236e-10
0.8694000244140625 1.0174926957938734e-09
0.8704000244140625 8.788746389271661e-10
0.8714000244140625 9.089023096398468e-10
0.8724000244140625 9.90247271043085e-10
0.8734000244140625 1.033757865791511e-09
0.8744000244140625 8.858514637772469e-10
0.8754000244140625 9.059229164545215e-10
0.8764000244140625 1.1937819103958386e-09
0.8774000244140625 1.11184138166313e-09
0.8784000244140625 1.0115896280005424e-09
0.8794000244140625 1.1559015035692345e-09
0.8804000244140625 7.710484751311589e-10
0.8814000244140625 6.906066148946193e-10
0.8824000244140625 7.801606275196183e-10
0.8834000244140625 8.989686102601585e-10
0.8844000244140625 7.656883403154227e-10
0.8854000244140625 5.422742613475785e-10
0.8864000244140625 6.470313066716246e-10
0.8874000244140625 7.481898037912883e-10
0.8884000244140625 6.467863265814763e-10
0.8894000244140625 6.970153308055448e-10
0.8904000244140625 8.688949047919435e-10
0.8914000244140625 8.067283070311713e-10
0.8924000244140625 1.0118250779708377e-09
0.8934000244140625 8.735720641637407e-10
0.8944000244140625 1.284391707451392e-09
0.8954000244140625 9.6844663483736e-10
0.8964000244140625 1.1899747546027607e-09
0.8974000244140625 1.3502762635478065e-09
0.8984000244140625 1.2790570208604853e-09
0.8994000244140625 1.070874891214355e-09
0.9004000244140625 1.279891687540731e-09
0.9014000244140625 1.4339795951315012e-09
0.9024000244140625 1.5846766350843988e-09
0.9034000244140625 1.3784245303982165e-09
0.9044000244140625 8.289587528961813e-10
0.9054000244140625 1.1904442437568415e-09
0.9064000244140625 8.767974986553238e-10
0.9074000244140625 8.140087193264123e-10
0.9084000244140625 1.0053795043092929e-09
0.9094000244140625 1.1647654979218863e-09
0.9104000244140625 1.1147390360812605e-09
0.9114000244140625 8.096292735845674e-10
0.9124000244140625 8.873886277171485e-10
0.9134000244140625 1.1225019345495818e-09
0.9144000244140625 9.672509800066933e-10
0.9154000244140625 6.647708600721145e-10
0.9164000244140625 5.345605804672238e-10
0.9174000244140625 3.0288672890063213e-10
0.9184000244140625 3.4528801733616505e-10
0.9194000244140625 4.900632315605738e-10
0.9204000244140625 3.810024013079944e-10
0.9214000244140625 2.583168519527005e-10
0.9224000244140625 3.8182461467006533e-10
0.9234000244140625 4.574112303162828e-10
0.9244000244140625 5.094021595536878e-10
0.9254000244140625 5.323637864182934e-10
0.9264000244140626 6.398180329272348e-10
0.9274000244140626 6.434602675066939e-10
0.9284000244140626 7.095694103443099e-10
0.9294000244140626 1.3190866215101928e-09
0.9304000244140626 1.5362568614404011e-09
0.9314000244140626 2.0666662038172064e-09
0.9324000244140624 2.5441560208454502e-09
0.9334000244140624 2.661806138521606e-09
0.9344000244140624 2.8417360084453946e-09
0.9354000244140624 2.8323901827322573e-09
0.9364000244140624 2.227344773134029e-09
0.9374000244140624 1.9768455224272765e-09
0.9384000244140625 1.8219665472213099e-09
0.9394000244140625 1.8554471252114354e-09
0.9404000244140625 1.3800860431976537e-09
0.9414000244140625 7.014634084196852e-10
0.9424000244140625 4.192271436380702e-10
0.9434000244140625 4.846555327208392e-10
0.9444000244140625 8.443122048719319e-10
0.9454000244140625 9.383669580843275e-10
0.9464000244140625 4.6128302627302674e-10
0.9474000244140625 9.518394095956104e-10
0.9484000244140625 7.713036017558343e-10
0.9494000244140625 4.28473141803563e-10
0.9504000244140625 1.0822504090857541e-09
0.9514000244140625 1.0155584466154363e-09
0.9524000244140625 7.390726134082986e-10
0.9534000244140625 6.790564413170798e-10
0.9544000244140625 8.937199920049225e-10
0.9554000244140625 1.0291205160926884e-09
0.9564000244140625 1.0281001164280926e-09
0.9574000244140625 1.0242605612592815e-09
0.9584000244140625 9.062544821701237e-10
0.9594000244140625 8.566980214803901e-10
0.9604000244140625 7.530170408064881e-10
0.9614000244140625 9.87569676963892e-10
0.9624000244140625 7.762397168794e-10
0.9634000244140625 7.739788357332919e-10
0.9644000244140625 9.366395767956404e-10
0.9654000244140625 9.937644476696323e-10
0.9664000244140625 8.913886386651166e-10
0.9674000244140625 1.1666805560581512e-09
0.9684000244140625 1.0771205554111805e-09
0.9694000244140625 9.163132947108961e-10
0.9704000244140625 1.3364903154794583e-09
0.9714000244140625 6.663565480737217e-10
0.9724000244140625 3.131320559153554e-09
0.9734000244140625 1.888491603199851e-09
0.9744000244140625 2.868104339549531e-09
0.9754000244140625 3.829130762010797e-09
0.9764000244140625 5.507578310478941e-09
0.9774000244140625 6.618347219122501e-09
0.9784000244140625 7.95516614273447e-09
0.9794000244140625 8.409785785066454e-09
0.9804000244140625 9.619506367286374e-09
0.9814000244140625 2.034298479509024e-08
0.9824000244140625 1.938766165151264e-08
0.9834000244140625 2.4490212912232856e-08
0.9844000244140625 2.7527579679660032e-08
0.9854000244140625 3.95768677912602e-08
0.9864000244140625 5.055810387940186e-08
0.9874000244140625 5.020079090586451e-08
0.9884000244140625 7.165965418670987e-08
0.9894000244140625 7.406371281422268e-08
0.9904000244140625 8.766801269684896e-08
0.9914000244140625 9.40535892306813e-08
0.9924000244140625 1.312197274016239e-07
0.9934000244140625 1.1976566091593283e-07
0.9944000244140625 1.376735127563402e-07
0.9954000244140625 1.1417706045380199e-07
0.9964000244140625 1.480532137026627e-07
0.9974000244140625 1.7838811522995284e-07
0.9984000244140625 9.970807261544623e-08
0.9994000244140625 1.5791656111534023e-07
1.0004000244140625 1.7550230447798855e-07
1.0014000244140624 4.773161111490471e-07
1.0024000244140625 7.499004659468669e-07
1.0034000244140624 3.026360753878453e-07
1.0044000244140625 4.548115570431455e-07
1.0054000244140624 6.080873830335197e-07
1.0064000244140625 2.8977802595913217e-07
1.0074000244140624 1.0625791475347146e-06
1.0084000244140625 1.7259028455719173e-07
1.0094000244140624 1.3137142157842007e-06
1.0104000244140625 1.3623983348688584e-06
1.0114000244140624 5.041571354073144e-07
1.0124000244140625 5.767954746573935e-07
1.0134000244140624 3.9732979840127993e-07
1.0144000244140625 2.2688143757916683e-07
1.0154000244140624 3.590230570911013e-07
1.0164000244140625 7.827358040416604e-07
1.0174000244140624 1.0530311556752461e-06
1.0184000244140625 4.240923563194795e-07
1.0194000244140624 3.6705692176864065e-08
1.0204000244140625 6.568898568544181e-07
1.0214000244140624 1.3343531733718408e-06
1.0224000244140625 1.3829451508873663e-06
1.0234000244140624 1.0784163451082532e-07
1.0244000244140625 1.2983990843118544e-06
1.0254000244140624 5.573272120747758e-07
1.0264000244140625 7.409275608872602e-08
1.0274000244140624 5.824303932093475e-07
1.0284000244140625 2.645421136549266e-07
1.0294000244140624 1.2081469295747733e-06
1.0304000244140625 5.731673795100754e-07
1.0314000244140624 3.2719716281918917e-07
1.0324000244140625 1.1048818344732671e-06
1.0334000244140624 5.270225291485699e-07
1.0344000244140625 2.426998181312706e-07
1.0354000244140624 8.862489213909883e-07
1.0364000244140625 1.3945000392161698e-06
1.0374000244140624 5.655375048421361e-07
1.0384000244140625 4.868210414176713e-07
1.0394000244140624 4.6010258466688286e-07
1.0404000244140625 3.100260743685468e-11
1.0414000244140624 1.6383099080707056e-06
1.0424000244140625 7.800297903098845e-07
1.0434000244140624 1.1313407881264328e-06
1.0444000244140625 9.290657562676279e-07
1.0454000244140624 2.40926256045793e-07
1.0464000244140625 9.056263584749678e-07
1.0474000244140624 5.355941428034167e-07
1.0484000244140625 8.110163797908932e-07
1.0494000244140624 3.532427097988131e-07
1.0504000244140625 7.30395633192731e-07
1.0514000244140624 1.3949339834767734e-06
1.0524000244140626 3.169048107351128e-07
1.0534000244140624 1.1435682437930768e-06
1.0544000244140626 1.1448972863943361e-06
1.0554000244140624 1.624919197430019e-07
1.0564000244140626 6.133967975465716e-07
1.0574000244140624 9.101170217952956e-08
1.0584000244140626 3.8381325138704687e-07
1.0594000244140624 8.247915892544076e-07
1.0604000244140626 4.676279469376245e-07
1.0614000244140624 2.2619490485369845e-07
1.0624000244140626 4.3166532118320377e-07
1.0634000244140625 3.527560586293804e-07
1.0644000244140626 1.3703206372425966e-06
1.0654000244140625 2.656865776744397e-07
1.0664000244140626 4.3415226282600944e-07
1.0674000244140625 8.080079099478936e-08
1.0684000244140626 9.024139077120955e-07
1.0694000244140625 2.406291378799524e-07
1.0704000244140626 1.5552988338781334e-07
1.0714000244140625 6.131351399123964e-07
1.0724000244140626 1.5246258825304582e-07
1.0734000244140625 3.107577478950867e-07
1.0744000244140626 1.4133098157026293e-06
1.0754000244140625 1.397696241238768e-06
1.0764000244140626 4.23916884627822e-07
1.0774000244140625 7.313736998013504e-07
1.0784000244140626 7.445638801441374e-07
1.0794000244140625 1.0477562870189184e-06
1.0804000244140626 7.154340264795508e-07
1.0814000244140625 2.4757315386600774e-07
1.0824000244140626 9.100109382265878e-07
1.0834000244140625 1.2255303821233748e-07
1.0844000244140626 2.400644250416731e-07
1.0854000244140625 6.204798787544758e-07
1.0864000244140626 3.8214129386564426e-07
1.0874000244140625 7.59218549354047e-07
1.0884000244140626 5.541399030872306e-07
1.0894000244140625 4.6930613728967227e-07
1.0904000244140626 1.225392819579169e-07
1.0914000244140625 4.6283900662990317e-07
1.0924000244140626 1.023714030261698e-06
1.0934000244140625 3.238636520188454e-07
1.0944000244140626 2.993731687965515e-07
1.0954000244140625 5.977693455937245e-07
1.0964000244140626 9.072817460212775e-07
1.0974000244140625 2.6332787892112323e-07
1.0984000244140626 5.808893749017411e-07
1.0994000244140625 2.3761050852595233e-07
1.1004000244140626 4.5751873211643023e-07
1.1014000244140625 4.4974925749690793e-07
1.1024000244140626 2.2093985107489782e-08
1.1034000244140625 6.377211274357797e-07
1.1044000244140626 3.935226944811011e-07
1.1054000244140625 1.1296737485490707e-06
1.1064000244140626 3.1450856215754363e-07
1.1074000244140625 5.839584008333019e-07
1.1084000244140626 3.094425403516344e-07
1.1094000244140625 1.5914991308758225e-07
1.1104000244140626 3.533020429746996e-07
1.1114000244140625 5.744373808716484e-07
1.1124000244140626 6.181351429711903e-07
1.1134000244140625 2.0403256982741943e-07
1.1144000244140626 9.497867854737233e-07
1.1154000244140625 6.192422142322924e-07
1.1164000244140626 9.106277499978244e-08
1.1174000244140625 4.1445091505295676e-07
1.1184000244140626 4.4021589834462933e-07
1.1194000244140625 1.4015828267004048e-06
1.1204000244140624 3.4038052308389086e-08
1.1214000244140625 2.3901879157682217e-07
1.1224000244140624 1.0024556972428124e-06
1.1234000244140625 2.3175393621731864e-07
1.1244000244140624 9.63345120930555e-07
1.1254000244140625 1.8113617117959293e-07
1.1264000244140624 7.486385524309433e-07
1.1274000244140625 2.9586272692328555e-07
1.1284000244140624 5.442354709495007e-07
1.1294000244140625 9.34298332018288e-07
1.1304000244140624 4.796693410683015e-07
1.1314000244140625 3.4851648369071506e-11
1.1324000244140624 3.796297425983308e-07
1.1334000244140625 1.2169301713342039e-06
1.1344000244140624 5.364183291492445e-07
1.1354000244140625 2.8721801578642403e-07
1.1364000244140624 5.709328239669202e-07
1.1374000244140625 1.2845049837327646e-07
1.1384000244140624 7.572518310993064e-07
1.1394000244140625 2.410001329572738e-07
1.1404000244140624 6.169640100995185e-07
1.1414000244140625 2.429634918111065e-07
1.1424000244140624 5.47062481802652e-07
1.1434000244140625 1.0362009318651761e-07
1.1444000244140624 7.71446590921772e-07
1.1454000244140625 6.745447201627629e-07
1.1464000244140624 4.1551842907311666e-08
1.1474000244140625 7.3909971031428e-07
1.1484000244140624 4.997124316807277e-07
1.1494000244140625 2.742186423417632e-07
1.1504000244140624 4.456306779644021e-07
1.1514000244140625 3.657829028548323e-07
1.1524000244140624 3.2834293864521306e-07
1.1534000244140625 1.273465828443865e-07
1.1544000244140624 6.584087795414685e-07
1.1554000244140625 3.607967943268024e-11
1.1564000244140624 4.894739954923387e-07
1.1574000244140625 3.927239084488669e-07
1.1584000244140624 3.665389354185144e-07
1.1594000244140625 2.404992498113973e-07
1.1604000244140624 6.787085168529312e-08
1.1614000244140625 3.7906393644062214e-07
1.1624000244140624 4.113819883251384e-07
1.1634000244140625 4.0356728311981127e-07
1.1644000244140624 4.527025560710348e-08
1.1654000244140625 7.613061759192333e-07
1.1664000244140624 4.215730018395413e-07
1.1674000244140625 1.3409621024203597e-06
1.1684000244140624 1.1986394828543332e-08
1.1694000244140625 5.534467285895156e-07
1.1704000244140624 8.707680109204727e-07
1.1714000244140625 2.525558387296198e-07
1.1724000244140624 1.642342381843102e-07
1.1734000244140625 1.0040515687821914e-06
1.1744000244140624 4.881854670240609e-07
1.1754000244140625 1.0544042918824466e-06
1.1764000244140624 1.2594163900118349e-06
1.1774000244140626 8.010683046093395e-07
1.1784000244140624 1.3581975780840515e-07
1.1794000244140626 5.521354536642532e-07
1.1804000244140624 5.147122760767808e-07
1.1814000244140626 1.6852440557810678e-08
1.1824000244140624 2.4997674801146224e-07
1.1834000244140626 5.797687042738023e-07
1.1844000244140624 5.552032902424283e-07
1.1854000244140626 4.7064531072376057e-07
1.1864000244140624 1.3242303655396708e-06
1.1874000244140626 8.122539187370218e-08
1.1884000244140625 5.30756636998859e-07
1.1894000244140626 2.995673740401973e-07
1.1904000244140625 4.7418116883257e-07
1.1914000244140626 2.563213119900027e-07
1.1924000244140625 6.272451981988487e-07
1.1934000244140626 1.3361027106143434e-07
1.1944000244140625 2.9438706308735876e-07
1.1954000244140626 3.7975295372188146e-07
1.1964000244140625 2.0374039360134057e-08
1.1974000244140626 2.64301720976785e-07
1.1984000244140625 3.0472047116903226e-07
1.1994000244140626 5.903464217848148e-07
1.2004000244140625 5.0988442970329156e-08
1.2014000244140626 5.071115493925686e-07
1.2024000244140625 2.0784185163602249e-07
1.2034000244140626 1.5061982840063183e-07
1.2044000244140625 2.669860742176034e-07
1.2054000244140626 5.898460177392756e-07
1.2064000244140625 6.960206589466323e-07
1.2074000244140626 3.999154003966791e-07
1.2084000244140625 3.038239052439135e-07
1.2094000244140626 7.256117821525405e-07
1.2104000244140625 1.1708858925622981e-07
1.2114000244140626 6.983933016407761e-07
1.2124000244140625 3.474832548756486e-07
1.2134000244140626 4.619462825911691e-07
1.2144000244140625 2.2132781316383488e-07
1.2154000244140626 8.220841018567485e-08
1.2164000244140625 3.564743347199917e-11
1.2174000244140626 3.308806237793424e-07
1.2184000244140625 7.291611050166315e-07
1.2194000244140626 4.405117926082866e-08
1.2204000244140625 2.5559166329531155e-07
1.2214000244140626 2.652794758295258e-07
1.2224000244140625 6.054308374909571e-07
1.2234000244140626 4.2969473450494424e-07
1.2244000244140625 5.695903808912426e-07
1.2254000244140626 2.0654024565201085e-07
1.2264000244140625 8.121735139994095e-07
1.2274000244140626 6.488378089661409e-07
1.2284000244140625 1.0294144635360917e-06
1.2294000244140626 6.815873444765381e-08
1.2304000244140625 7.730058692579988e-08
1.2314000244140626 9.929457103386936e-07
1.2324000244140625 2.0013975356694353e-07
1.2334000244140626 5.8232449102928045e-08
1.2344000244140625 1.8368338442551913e-07
1.2354000244140626 1.4666582323168693e-07
1.2364000244140625 5.66594459095199e-07
1.2374000244140626 1.2258662170765279e-06
1.2384000244140625 3.7937357005758114e-11
1.2394000244140626 5.3433649426229233e-08
1.2404000244140625 1.8650057433257425e-07
1.2414000244140626 4.668603454910188e-07
1.2424000244140625 8.990511250632571e-07
1.2434000244140626 1.1743054373884107e-07
1.2444000244140625 3.825435148259922e-07
1.2454000244140624 6.335813165545016e-07
1.2464000244140625 6.63286772995448e-08
1.2474000244140624 4.897356133845897e-07
1.2484000244140625 2.2122828872457045e-07
1.2494000244140624 3.1332634631142087e-07
1.2504000244140625 4.869135002621994e-07
1.2514000244140624 1.2317120668223614e-06
1.2524000244140625 6.49820256188899e-07
1.2534000244140624 2.652055871389353e-07
1.2544000244140625 3.8173643000729517e-07
1.2554000244140624 1.6528703379186877e-07
1.2564000244140625 5.922870576821824e-07
1.2574000244140624 6.639805403872419e-09
1.2584000244140625 3.532653709639897e-07
1.2594000244140624 3.758942850945372e-07
1.2604000244140625 3.543080588040385e-07
1.2614000244140624 7.990444807471644e-07
1.2624000244140625 1.4319792076355564e-07
1.2634000244140624 1.2335952808034046e-06
1.2644000244140625 8.773590997856784e-07
1.2654000244140624 3.5469539803987704e-07
1.2664000244140625 5.94720156852314e-07
1.2674000244140624 3.833540411095355e-11
1.2684000244140625 7.881324054279885e-07
1.2694000244140624 7.607758748476857e-07
1.2704000244140625 4.448740169294583e-08
1.2714000244140624 1.2328680684120575e-07
1.2724000244140625 5.431305821160214e-08
1.2734000244140624 8.387734202921146e-07
1.2744000244140625 4.6046625513836237e-07
1.2754000244140624 7.067054511837108e-07
1.2764000244140625 1.2221555227482733e-07
1.2774000244140624 4.224084847086584e-07
1.2784000244140625 4.60458794031287e-07
1.2794000244140624 5.545443383214726e-07
1.2804000244140625 2.9256768801927705e-07
1.2814000244140624 1.0798097450423672e-06
1.2824000244140625 1.3079793396967344e-07
1.2834000244140624 5.488468037936668e-07
1.2844000244140625 1.2563618323293366e-06
1.2854000244140624 4.833169566696062e-07
1.2864000244140625 1.0120591031662281e-07
1.2874000244140624 4.5428534760206576e-07
1.2884000244140625 8.528001139512557e-07
1.2894000244140624 5.30788321421799e-07
1.2904000244140625 1.1592555503206252e-06
1.2914000244140624 6.362210336579711e-07
1.2924000244140625 3.759595101129546e-07
1.2934000244140624 2.0318873744339131e-07
1.2944000244140625 1.1882573338052622e-06
1.2954000244140624 4.0598995930608815e-08
1.2964000244140625 4.947058445280357e-07
1.2974000244140624 5.48939828060417e-07
1.2984000244140625 1.689422194405902e-07
1.2994000244140624 4.325901276107771e-07
1.3004000244140625 2.6864265820358205e-07
1.3014000244140624 5.736139649120126e-07
1.3024000244140626 8.898117766771523e-07
1.3034000244140624 4.878586170891847e-07
1.3044000244140626 4.2646989927943695e-07
1.3054000244140624 5.760953219349285e-07
1.3064000244140626 7.852607404324357e-07
1.3074000244140624 5.935857408203591e-07
1.3084000244140626 7.100334193757948e-07
1.3094000244140624 5.765047288278335e-07
1.3104000244140626 4.0675733001699484e-07
1.3114000244140624 2.0210098191544744e-08
1.3124000244140626 3.9602053039220964e-07
1.3134000244140625 3.439110566799649e-07
1.3144000244140626 3.148324544852459e-07
1.3154000244140625 7.857406690028602e-07
1.3164000244140626 2.5790243207058657e-07
1.3174000244140625 8.066413520686066e-07
1.3184000244140626 8.32972317935453e-07
1.3194000244140625 2.2971945473833374e-07
1.3204000244140626 2.8895513388946293e-07
1.3214000244140625 2.5806174002618336e-07
1.3224000244140626 3.8057122613384235e-07
1.3234000244140625 4.4874940662994466e-07
1.3244000244140626 9.28912866995479e-08
1.3254000244140625 1.4161665141442998e-07
1.3264000244140626 2.1048357127390756e-07
1.3274000244140625 4.1003416747403564e-07
1.3284000244140626 1.7085747806340822e-07
1.3294000244140625 1.2512952904547424e-06
1.3304000244140626 4.342174004940953e-07
1.3314000244140625 5.828010547211041e-07
1.3324000244140626 5.456607871415911e-07
1.3334000244140625 6.928254406414632e-07
1.3344000244140626 3.296532880802448e-07
1.3354000244140625 2.9858055916268097e-07
1.3364000244140626 9.201381166415786e-07
1.3374000244140625 6.884106126585753e-07
1.3384000244140626 2.0292896557851523e-07
1.3394000244140625 8.371319945755444e-07
1.3404000244140626 2.2637853045963195e-07
1.3414000244140625 1.2997316961194546e-07
1.3424000244140626 2.9339007077406106e-07
1.3434000244140625 2.621471820156302e-07
1.3444000244140626 8.856414482522983e-07
1.3454000244140625 3.5421416777876217e-07
1.3464000244140626 3.59837672734267e-07
1.3474000244140625 7.289772795366271e-07
1.3484000244140626 6.358228355261964e-07
1.3494000244140625 7.704730960083903e-07
1.3504000244140626 8.830458813334906e-07
1.3514000244140625 2.3098683359882665e-07
1.3524000244140626 1.8021222311383195e-07
1.3534000244140625 1.124342672572107e-06
1.3544000244140626 4.0039523559834443e-11
1.3554000244140625 8.478123530659246e-07
1.3564000244140626 1.6107706219691805e-07
1.3574000244140625 5.876252292572213e-07
1.3584000244140626 4.458078661705347e-07
1.3594000244140625 4.41032580020467e-07
1.3604000244140626 1.454882322655346e-07
1.3614000244140625 5.779426887166455e-07
1.3624000244140626 1.133038617342645e-06
1.3634000244140625 6.348421549130463e-07
1.3644000244140626 7.707614899968481e-07
1.3654000244140625 1.3337655703472808e-07
1.3664000244140626 8.129756905963206e-07
1.3674000244140625 1.3618031489613106e-06
1.3684000244140626 2.7666521775210513e-07
1.3694000244140625 2.7231457383600696e-07
1.3704000244140624 4.523409594250369e-07
1.3714000244140625 7.26768255522899e-07
1.3724000244140624 5.433095918683886e-07
1.3734000244140625 1.2731199828135489e-06
1.3744000244140624 6.774727057782633e-07
1.3754000244140625 1.0416945202797567e-06
1.3764000244140624 4.981861544760774e-07
1.3774000244140625 1.0541576000756349e-06
1.3784000244140624 9.086410952454772e-07
1.3794000244140625 1.3069651342900911e-07
1.3804000244140624 1.0049388899455453e-06
1.3814000244140625 2.960846512662663e-07
1.3824000244140624 1.1769116867703813e-06
1.3834000244140625 3.118486856033078e-07
1.3844000244140624 3.5389248339690816e-07
1.3854000244140625 3.520674954451676e-07
1.3864000244140624 4.763412506853971e-07
1.3874000244140625 1.2632672361826715e-06
1.3884000244140624 6.135528323022223e-07
1.3894000244140625 3.1993782342333e-07
1.3904000244140624 1.8249024367121976e-06
1.3914000244140625 8.720211873215902e-07
1.3924000244140624 3.3040747102697386e-07
1.3934000244140625 6.196373317178373e-07
1.3944000244140624 4.648900488057641e-07
1.3954000244140625 1.5228771363243428e-06
1.3964000244140624 9.906569108039853e-07
1.3974000244140625 8.850724656821492e-07
1.3984000244140624 4.3301855892428204e-07
1.3994000244140625 8.808571940498873e-07
1.4004000244140624 2.2291081894886296e-07
1.4014000244140625 5.227387995059094e-07
1.4024000244140624 6.413304674111567e-07
1.4034000244140625 7.808523631257297e-07
1.4044000244140624 7.397646181493593e-07
1.4054000244140625 1.0567301961713637e-06
1.4064000244140624 3.328235402303758e-07
1.4074000244140625 7.689339891155179e-07
1.4084000244140624 5.170834183218936e-07
1.4094000244140625 6.858522582578019e-08
1.4104000244140624 8.398584422599612e-07
1.4114000244140625 3.271347004054856e-07
1.4124000244140624 1.0808986168053885e-06
1.4134000244140625 4.036105939537744e-07
1.4144000244140624 7.888945686732766e-07
1.4154000244140625 5.980316924281484e-07
1.4164000244140624 1.961451299801459e-07
1.4174000244140625 4.1128746076292657e-07
1.4184000244140624 5.620923744453191e-07
1.4194000244140625 6.23626725745556e-07
1.4204000244140624 2.3653197846295964e-07
1.4214000244140625 1.034452303661327e-06
1.4224000244140624 7.806500682171254e-07
1.4234000244140625 9.801022897459227e-07
1.4244000244140624 1.0526799596448739e-07
1.4254000244140625 1.6268207647550187e-06
1.4264000244140624 5.608010612960947e-07
1.4274000244140626 8.949130626626892e-07
1.4284000244140624 7.185865945671922e-07
1.4294000244140626 4.777324874216382e-07
1.4304000244140624 7.841773305134707e-07
1.4314000244140626 4.839582258805849e-07
1.4324000244140624 1.3064178216683019e-06
1.4334000244140626 7.216632863988884e-07
1.4344000244140624 4.5440297541395616e-07
1.4354000244140626 7.269974948687377e-07
1.4364000244140624 5.460105868060108e-07
1.4374000244140626 7.757048858674528e-07
1.4384000244140625 9.58429025838621e-07
1.4394000244140626 6.624261666656756e-07
1.4404000244140625 7.840884509243731e-07
1.4414000244140626 1.451435775623318e-06
1.4424000244140625 7.120432035872205e-07
1.4434000244140626 1.7421311636108868e-06
1.4444000244140625 1.659958729486188e-06
1.4454000244140626 1.8709632964046427e-06
1.4464000244140625 1.2043644233549048e-06
1.4474000244140626 1.6163299819578373e-06
1.4484000244140625 1.9726834533432226e-06
1.4494000244140626 1.5201587745336742e-06
1.4504000244140625 2.162965147733728e-06
1.4514000244140626 2.094165351101873e-06
1.4524000244140625 2.1177010372133434e-06
1.4534000244140626 2.4111196832854383e-06
1.4544000244140625 2.0380621343898335e-06
1.4554000244140626 2.78536463040356e-06
1.4564000244140625 2.926147436624271e-06
1.4574000244140626 3.4271767582064822e-06
1.4584000244140625 3.4369718161211093e-06
1.4594000244140626 3.376479769257199e-06
1.4604000244140625 4.536750007762459e-06
1.4614000244140626 5.083078095798363e-06
1.4624000244140625 5.44642532459436e-06
1.4634000244140626 6.355121031775742e-06
1.4644000244140625 6.905370976775209e-06
1.4654000244140626 7.7029259241519e-06
1.4664000244140625 1.0228345098246807e-05
1.4674000244140626 9.566327338911102e-06
1.4684000244140625 1.214765913676996e-05
1.4694000244140626 1.3127269113903093e-05
1.4704000244140625 1.4257026112406217e-05
1.4714000244140626 1.7765309198113636e-05
1.4724000244140625 2.0205118445458933e-05
1.4734000244140626 2.26928528788874e-05
1.4744000244140625 2.5634428248726942e-05
1.4754000244140626 2.915543647787892e-05
1.4764000244140625 3.1882246360769916e-05
1.4774000244140626 3.668940543923443e-05
1.4784000244140625 4.0410137303113385e-05
1.4794000244140626 4.71999392725933e-05
1.4804000244140625 5.1859315934868916e-05
1.4814000244140626 5.678691097563457e-05
1.4824000244140625 6.597272981811313e-05
1.4834000244140626 7.174896129198989e-05
1.4844000244140625 8.14586126546952e-05
1.4854000244140626 9.098380346960735e-05
1.4864000244140625 0.00010233623289184228
1.4874000244140626 0.00011613844638165517
1.4884000244140625 0.0001283153383609907
1.4894000244140626 0.0001478101679734727
1.4904000244140625 0.00016844435599815577
1.4914000244140626 0.00019146996067501658
1.4924000244140625 0.00021929752212512577
1.4934000244140626 0.000248875389668609
1.4944000244140625 0.00029370302478368566
1.4954000244140624 0.00032500910597094547
1.4964000244140625 0.00038062103111297275
1.4974000244140624 0.0004432253037702713
1.4984000244140625 0.0005229485293205207
1.4994000244140624 0.0006030560378873914
1.5004000244140625 0.0007152604610041333
1.5014000244140624 0.0008321301337210791
1.5024000244140625 0.0009698019011739358
1.5034000244140624 0.0011422427145731133
1.5044000244140625 0.0013287342176293644
1.5054000244140624 0.0015833083419442956
1.5064000244140625 0.0018594590704724624
1.5074000244140624 0.0021991826373203294
1.5084000244140625 0.002541377200821349
1.5094000244140624 0.002970848630213418
1.5104000244140625 0.003467451112875994
1.5114000244140624 0.0041427494757273736
1.5124000244140625 0.004711951876009727
1.5134000244140624 0.005609169954129032
1.5144000244140625 0.0062813208008653965
1.5154000244140624 0.00755463831785873
1.5164000244140625 0.008806722259110503
1.5174000244140624 0.010232991596699494
1.5184000244140625 0.011785606321644368
1.5194000244140624 0.013121442019684673
1.5204000244140625 0.014517991952291823
1.5214000244140624 0.015866668222063243
1.5224000244140625 0.0177781390666701
1.5234000244140624 0.01970563441239286
1.5244000244140625 0.0212541530330907
1.5254000244140624 0.02450951762054867
1.5264000244140625 0.0270060109556724
1.5274000244140624 0.03032473299323939
1.5284000244140625 0.034600515048778285
1.5294000244140624 0.039247411686642406
1.5304000244140625 0.04497679200131935
1.5314000244140624 0.051197397777827
1.5324000244140625 0.05885920406241966
1.5334000244140624 0.06832760072644739
1.5344000244140625 0.07732365370314895
1.5354000244140624 0.09168759447507681
1.5364000244140625 0.10396152417823051
1.5374000244140624 0.11779834058763378
1.5384000244140625 0.1426408011956587
1.5394000244140624 0.1615593554804749
1.5404000244140625 0.18597214778726315
1.5414000244140624 0.21202317064109627
1.5424000244140625 0.23951143156967653
1.5434000244140624 0.26422271464591385
1.5444000244140625 0.2910964172115804
1.5454000244140624 0.31757124987751323
1.5464000244140625 0.3359739630043477
1.5474000244140624 0.3549194533521711
1.5484000244140625 0.3698323861229028
1.5494000244140624 0.3792557792128175
1.5504000244140625 0.38596357990953134
1.5514000244140624 0.38953506560063
1.5524000244140626 0.39561490853845027
1.5534000244140624 0.3960827136736804
1.5544000244140626 0.39999500021194745
1.5554000244140624 0.4040897728214714
1.5564000244140626 0.40491462403034295
1.5574000244140624 0.40447732520242385
1.5584000244140626 0.40053065202137084
1.5594000244140624 0.4119469924128536
1.5604000244140626 0.40697621135391615
1.5614000244140624 0.40864806250922003
1.5624000244140626 0.41575532794948733
1.5634000244140625 0.4177273328756856
1.5644000244140626 0.41106577284340906
1.5654000244140625 0.4162269581450164
1.5664000244140626 0.4132101157576974
1.5674000244140625 0.41620089344869937
1.5684000244140626 0.4157061964232587
1.5694000244140625 0.41788843108891977
1.5704000244140626 0.41564416063337306
1.5714000244140625 0.41684982301551504
1.5724000244140626 0.42017713316157596
1.5734000244140625 0.4121368170445471
1.5744000244140626 0.4204293889427321
1.5754000244140625 0.42760077577351535
1.5764000244140626 0.4224257002731001
1.5774000244140625 0.4207911174789963
1.5784000244140626 0.4178729517420381
1.5794000244140625 0.41925968809776004
1.5804000244140626 0.4364550729865275
1.5814000244140625 0.4217121605481793
1.5824000244140626 0.4346250304510081
1.5834000244140625 0.4259884020353536
1.5844000244140626 0.42403182666052375
1.5854000244140625 0.43146054075609175
1.5864000244140626 0.4259724029493515
1.5874000244140625 0.43075912120109877
1.5884000244140626 0.42469411116632894
1.5894000244140625 0.4273253961475573
1.5904000244140626 0.42744969135119437
1.5914000244140625 0.42748205953831686
1.5924000244140626 0.4233358896001932
1.5934000244140625 0.4272102364688618
1.5944000244140626 0.42340558273684914
1.5954000244140625 0.42316645778302775
1.5964000244140626 0.4224716692029604
1.5974000244140625 0.42569585750962236
1.5984000244140626 0.4205741969006865
1.5994000244140625 0.42179209605521983
1.6004000244140626 0.4221081939743625
1.6014000244140625 0.4236944457607148
1.6024000244140626 0.42456677609028415
1.6034000244140625 0.4232546313672606
1.6044000244140626 0.42551585580675677
1.6054000244140625 0.4273738376847591
1.6064000244140626 0.41999465602138436
1.6074000244140625 0.4196624976163118
1.6084000244140626 0.4221330187818603
1.6094000244140625 0.4237353997895701
1.6104000244140626 0.4204143732795185
1.6114000244140625 0.4228664992448179
1.6124000244140626 0.41790749639851954
1.6134000244140625 0.41880100230570727
1.6144000244140626 0.41319600095568976
1.6154000244140625 0.4265367048506743
1.6164000244140626 0.4136368366266734
1.6174000244140625 0.42153862090852273
1.6184000244140626 0.4145368273335284
1.6194000244140625 0.41707809819474106
1.6204000244140624 0.42246819408257275
1.6214000244140625 0.41871059258105375
1.6224000244140624 0.4152057623716913
1.6234000244140625 0.4181487080867534
1.6244000244140624 0.41908210276760904
1.6254000244140625 0.41080237653717416
1.6264000244140624 0.4320858281522879
1.6274000244140625 0.4200592851683175
1.6284000244140624 0.42283095677686533
1.6294000244140625 0.4222297779830868
1.6304000244140624 0.4237722539404908
1.6314000244140625 0.4164996552345409
1.6324000244140624 0.42466190813101173
1.6334000244140625 0.4223570291145058
1.6344000244140624 0.418719554406105
1.6354000244140625 0.42967095883843787
1.6364000244140624 0.43024006170961887
1.6374000244140625 0.42496591261476985
1.6384000244140624 0.42744930171166584
1.6394000244140625 0.4295418953527179
1.6404000244140624 0.4302388685025501
1.6414000244140625 0.4312370294817296
1.6424000244140624 0.43182521766572934
1.6434000244140625 0.4285382077989677
1.6444000244140624 0.4348715790791124
1.6454000244140625 0.4339317144209051
1.6464000244140624 0.4301041892285461
1.6474000244140625 0.4309604987308353
1.6484000244140624 0.4346450585842305
1.6494000244140625 0.43531013623979364
1.6504000244140624 0.4349912493122766
1.6514000244140625 0.441374681504367
1.6524000244140624 0.43309628687269364
1.6534000244140625 0.4296216809222271
1.6544000244140624 0.4362521706165276
1.6554000244140625 0.43278457377417545
1.6564000244140624 0.4312369639408079
1.6574000244140625 0.432908218659776
1.6584000244140624 0.428836946900258
1.6594000244140625 0.43674416179226294
1.6604000244140624 0.4348950467627173
1.6614000244140625 0.43071993242758644
1.6624000244140624 0.4307464169489995
1.6634000244140625 0.4281875659673451
1.6644000244140624 0.4314580334502973
1.6654000244140625 0.4283640480839914
1.6664000244140624 0.4274577806859745
1.6674000244140625 0.4308289253659445
1.6684000244140624 0.4282974759177147
1.6694000244140625 0.4283298408682863
1.6704000244140624 0.4260870020930161
1.6714000244140625 0.42370602091111953
1.6724000244140624 0.42275143758119593
1.6734000244140625 0.42742486027754206
1.6744000244140624 0.4277389348126045
1.6754000244140625 0.42853820488300126
1.6764000244140624 0.4331969052424573
1.6774000244140626 0.42674423117887705
1.6784000244140624 0.43037019483648026
1.6794000244140626 0.43389723231353583
1.6804000244140624 0.4316667894078568
1.6814000244140626 0.428596841003478
1.6824000244140624 0.42873445471219085
1.6834000244140626 0.4392286418242497
1.6844000244140624 0.4356119127928
1.6854000244140626 0.435586277998058
1.6864000244140624 0.4298068694589866
1.6874000244140626 0.4349202346104268
1.6884000244140625 0.4320500405219882
1.6894000244140626 0.42800806096895105
1.6904000244140625 0.4272779879805533
1.6914000244140626 0.4358949631579099
1.6924000244140625 0.4346103817472692
1.6934000244140626 0.431671647555421
1.6944000244140625 0.42665628500092556
1.6954000244140626 0.43769051658207514
1.6964000244140625 0.42579821926705724
1.6974000244140626 0.42591306503988313
1.6984000244140625 0.4257919773430775
1.6994000244140626 0.41843759386353185
1.7004000244140625 0.4147656594003406
1.7014000244140626 0.4113557227338649
1.7024000244140625 0.4032744624221737
1.7034000244140626 0.39305748048588496
1.7044000244140625 0.3811897765614677
1.7054000244140626 0.3696273265371241
1.7064000244140625 0.3545113442214207
1.7074000244140626 0.34087359236835696
1.7084000244140625 0.3198182081341796
1.7094000244140626 0.2981117375509201
1.7104000244140625 0.27607479055730405
1.7114000244140626 0.2546770600991744
1.7124000244140625 0.22583594128809656
1.7134000244140626 0.21788107405149004
1.7144000244140625 0.18938693052208197
1.7154000244140626 0.17014446100801
1.7164000244140625 0.15182625451084525
1.7174000244140626 0.1340822061467827
1.7184000244140625 0.11701776727684751
1.7194000244140626 0.10564764709574112
1.7204000244140625 0.09303597417603642
1.7214000244140626 0.08216585681974797
1.7224000244140625 0.07188879585509639
1.7234000244140626 0.06424646806212089
1.7244000244140625 0.05706165734567781
1.7254000244140626 0.04953207400044716
1.7264000244140625 0.04657113970927616
1.7274000244140626 0.041511884491184474
1.7284000244140625 0.03730269258711236
1.7294000244140626 0.03332961870601105
1.7304000244140625 0.03105475952495077
1.7314000244140626 0.02745054973312243
1.7324000244140625 0.024514487077215773
1.7334000244140626 0.021328819712576497
1.7344000244140625 0.018228047858271583
1.7354000244140626 0.0155655555959774
1.7364000244140625 0.013366113094272884
1.7374000244140626 0.011076613109882047
1.7384000244140625 0.009943422161258129
1.7394000244140626 0.008387731643482738
1.7404000244140625 0.007367465593551793
1.7414000244140626 0.006190203323894089
1.7424000244140625 0.005401828729809602
1.7434000244140626 0.004639376214917831
1.7444000244140625 0.003896988639819353
1.7454000244140624 0.0034262536836113786
1.7464000244140625 0.003037887307543767
1.7474000244140624 0.0026913700560553112
1.7484000244140625 0.0023183084880505868
1.7494000244140624 0.0020402229103635952
1.7504000244140625 0.0017820307021271398
1.7514000244140624 0.0015807012816309875
1.7524000244140625 0.0013912405566488114
1.7534000244140624 0.0012231700665530907
1.7544000244140625 0.0011162295405723248
1.7554000244140624 0.0009642925441995063
1.7564000244140625 0.0008614308475462901
1.7574000244140624 0.0007928193095625127
1.7584000244140625 0.0007090950379930855
1.7594000244140624 0.000640650418751119
1.7604000244140625 0.0005637915300608081
1.7614000244140624 0.0005150836142992225
1.7624000244140625 0.0004618091151461156
1.7634000244140624 0.0004137447063854147
1.7644000244140625 0.00037661135609411817
1.7654000244140624 0.00035092071517281746
1.7664000244140625 0.0003217908899516008
1.7674000244140624 0.000291567729853916
1.7684000244140625 0.00026673729649027457
1.7694000244140624 0.00024404033982857907
1.7704000244140625 0.00021904785689075756
1.7714000244140624 0.00020331667233774398
1.7724000244140625 0.0001907496319175453
1.7734000244140624 0.00017334519122888983
1.7744000244140625 0.0001631857005622319
1.7754000244140624 0.00014342047193941128
1.7764000244140625 0.00014041231676340736
1.7774000244140624 0.00012306469440898074
1.7784000244140625 0.00011637696491237213
1.7794000244140624 0.0001090007376928961
1.7804000244140625 9.95296626006468e-05
1.7814000244140624 9.561816185103543e-05
1.7824000244140625 8.623802685360659e-05
1.7834000244140624 8.011209698104033e-05
1.7844000244140625 7.474148251634152e-05
1.7854000244140624 6.814626772223958e-05
1.7864000244140625 6.685375041462201e-05
1.7874000244140624 5.854310939390008e-05
1.7884000244140625 5.602015476778239e-05
1.7894000244140624 5.188349256961007e-05
1.7904000244140625 4.8712133744767964e-05
1.7914000244140624 4.40934709952184e-05
1.7924000244140625 4.19732389993152e-05
1.7934000244140624 4.1209076169791806e-05
1.7944000244140625 3.741988578148285e-05
1.7954000244140624 3.2602322565705656e-05
1.7964000244140625 3.2871196317211827e-05
1.7974000244140624 3.1736724889871316e-05
1.7984000244140625 2.8944952757342255e-05
1.7994000244140624 2.6864625934863815e-05
1.8004000244140625 2.526464572524376e-05
1.8014000244140624 2.6032096200235228e-05
1.8024000244140626 2.077946859969107e-05
1.8034000244140624 1.8543173656545946e-05
1.8044000244140626 2.052358308039496e-05
1.8054000244140624 1.8667952662203026e-05
1.8064000244140626 1.5248647578883777e-05
1.8074000244140624 1.791895390560596e-05
1.8084000244140626 1.8089844217318464e-05
1.8094000244140624 1.3614943580985938e-05
1.8104000244140626 1.5368021395443474e-05
1.8114000244140624 1.4656637513355545e-05
1.8124000244140626 1.4617939894837804e-05
1.8134000244140625 1.1806579684366052e-05
1.8144000244140626 1.0389614274308362e-05
1.8154000244140625 1.427741885874752e-05
1.8164000244140626 9.54464963938025e-06
1.8174000244140625 1.2505418161270948e-05
1.8184000244140626 1.0810172416183252e-05
1.8194000244140625 7.062830142965289e-06
1.8204000244140626 9.037922786313496e-06
1.8214000244140625 1.0298392677789004e-05
1.8224000244140626 6.3314821050246055e-06
1.8234000244140625 7.964936864385324e-06
1.8244000244140626 9.732796079978706e-06
1.8254000244140625 6.9975035127394136e-06
1.8264000244140626 5.806136019754398e-06
1.8274000244140625 5.329926844025283e-06
1.8284000244140626 7.63213599703963e-06
1.8294000244140625 7.305405428987397e-06
1.8304000244140626 2.7295686160531663e-06
1.8314000244140625 7.399627247984338e-06
1.8324000244140626 9.255121526443272e-06
1.8334000244140625 5.90796087963314e-06
1.8344000244140626 2.0580937901441946e-06
1.8354000244140625 7.419007378246883e-06
1.8364000244140626 4.4037392005871494e-06
1.8374000244140625 5.520639036602317e-06
1.8384000244140626 8.422527239546159e-06
1.8394000244140625 5.686681399093384e-06
1.8404000244140626 6.357422681543841e-06
1.8414000244140625 3.332819933940357e-06
1.8424000244140626 9.145960607267933e-06
1.8434000244140625 5.090669261540926e-06
1.8444000244140626 5.21521829233964e-06
1.8454000244140625 1.0359626012900374e-05
1.8464000244140626 1.1068937618520987e-06
1.8474000244140625 6.192984353990089e-06
1.8484000244140626 5.782231943355362e-06
1.8494000244140625 4.211757583875171e-06
1.8504000244140626 3.4980566535269564e-06
1.8514000244140625 2.904953798355436e-06
1.8524000244140626 6.9774510062964955e-06
1.8534000244140625 4.399630832330898e-06
1.8544000244140626 1.1815352165257829e-06
1.8554000244140625 2.6780901757141698e-06
1.8564000244140626 5.599107607512954e-06
1.8574000244140625 5.243715426929558e-06
1.8584000244140626 1.5870458501110167e-06
1.8594000244140625 6.878369406665502e-06
1.8604000244140626 5.999102166240004e-06
1.8614000244140625 3.1992265906360674e-06
1.8624000244140626 4.366528357018706e-06
1.8634000244140625 3.7092750890580124e-06
1.8644000244140626 2.70754806212273e-06
1.8654000244140625 2.4891178914101853e-06
1.8664000244140626 7.3767244830500215e-06
1.8674000244140625 4.641361225691941e-06
1.8684000244140626 2.5659036486680104e-06
1.8694000244140625 6.3732059583493935e-06
1.8704000244140624 5.432272432904899e-06
1.8714000244140625 3.359090590860641e-06
1.8724000244140624 5.20751667941106e-06
1.8734000244140625 1.816668295763842e-06
1.8744000244140624 4.732423521759778e-06
1.8754000244140625 6.7265259906807506e-06
1.8764000244140624 3.579793584977561e-06
1.8774000244140625 6.313424416411187e-06
1.8784000244140624 5.961444547960293e-06
1.8794000244140625 1.9765652906037345e-06
1.8804000244140624 4.173774492569116e-06
1.8814000244140625 2.5173956068743296e-06
1.8824000244140624 1.4878995112137456e-06
1.8834000244140625 3.297555432774427e-06
1.8844000244140624 4.682168222155235e-06
1.8854000244140625 7.613954894681372e-07
1.8864000244140624 3.005014168992304e-06
1.8874000244140625 3.947435536114526e-06
1.8884000244140624 1.3912407645412498e-06
1.8894000244140625 3.0606237659535064e-06
1.8904000244140624 5.469316243230568e-06
1.8914000244140625 3.156378650964985e-06
1.8924000244140624 1.444366804737169e-06
1.8934000244140625 2.0298942775680213e-06
1.8944000244140624 5.670662297396888e-06
1.8954000244140625 4.5519980334780025e-06
1.8964000244140624 3.85235653988134e-06
1.8974000244140625 5.137090026562906e-08
1.8984000244140624 2.5126969824866653e-06
1.8994000244140625 5.1812772000380785e-06
1.9004000244140624 3.3117505198344206e-06
1.9014000244140625 2.8413384541465957e-06
1.9024000244140624 1.743002780292006e-06
1.9034000244140625 3.1176604947540853e-06
1.9044000244140624 2.801365074040716e-06
1.9054000244140625 4.550617891848295e-06
1.9064000244140624 3.369556848769824e-06
1.9074000244140625 2.7788972693020138e-06
1.9084000244140624 3.5011672906025557e-06
1.9094000244140625 1.0367157767340968e-06
1.9104000244140624 5.6267991972526495e-08
1.9114000244140625 1.0048582837863517e-05
1.9124000244140624 5.941771129368146e-07
1.9134000244140625 2.74225571929949e-06
1.9144000244140624 2.051261117937636e-06
1.9154000244140625 6.360541928170767e-06
1.9164000244140624 9.079450599451789e-07
1.9174000244140625 2.9974174495794895e-06
1.9184000244140624 4.4903148460402754e-06
1.9194000244140625 2.1760340138412533e-06
1.9204000244140624 2.365786675019251e-06
1.9214000244140625 3.1064510860154923e-06
1.9224000244140624 3.957282795233198e-06
1.9234000244140625 3.7177235192412463e-06
1.9244000244140624 1.465590359616335e-06
1.9254000244140625 1.4143998464525392e-06
1.9264000244140624 9.21375495700199e-07
1.9274000244140626 1.3419574745834237e-06
1.9284000244140624 2.8246505293079603e-06
1.9294000244140626 7.184763600337197e-07
1.9304000244140624 3.0554729395525115e-06
1.9314000244140626 1.9564691195628756e-06
1.9324000244140624 1.8154090099443922e-06
1.9334000244140626 2.302895127969927e-06
1.9344000244140624 7.142870174448137e-07
1.9354000244140626 3.3844521003295516e-06
1.9364000244140624 1.7316249054014003e-06
1.9374000244140626 8.957877547669211e-07
1.9384000244140625 2.1683448122230276e-06
1.9394000244140626 2.1416904613131043e-07
1.9404000244140625 2.1523586926700124e-06
1.9414000244140626 4.525495168093583e-06
1.9424000244140625 4.7524803960112465e-08
1.9434000244140626 3.166942548108081e-07
1.9444000244140625 2.782436440652009e-06
1.9454000244140626 3.404088158486082e-06
1.9464000244140625 1.1495203489180716e-06
1.9474000244140626 2.6429966541791965e-06
1.9484000244140625 1.2237379178344573e-06
1.9494000244140626 1.6721789712147986e-06
1.9504000244140625 2.8592259348070605e-06
1.9514000244140626 3.5025628641360827e-06
1.9524000244140625 4.4972865689002155e-07
1.9534000244140626 3.4497728736168388e-06
1.9544000244140625 2.814085869787042e-06
1.9554000244140626 1.662509437489797e-07
1.9564000244140625 6.230103502384007e-06
1.9574000244140626 1.8214698197342053e-06
1.9584000244140625 2.0036091911837788e-07
1.9594000244140626 1.1171450142475215e-06
1.9604000244140625 2.7687055712519964e-06
1.9614000244140626 1.5900616973034833e-06
1.9624000244140625 2.719037935471316e-06
1.9634000244140626 3.4748032681028994e-06
1.9644000244140625 4.594302050938463e-11
1.9654000244140626 1.620938971905474e-06
1.9664000244140625 8.784768978008739e-07
1.9674000244140626 3.873184818332567e-06
1.9684000244140625 2.583517548694627e-07
1.9694000244140626 3.899876691333934e-06
1.9704000244140625 6.042406672744507e-07
1.9714000244140626 7.54361871743049e-06
1.9724000244140625 4.278477507325981e-06
1.9734000244140626 2.445990666882904e-07
1.9744000244140625 1.9297805516666365e-06
1.9754000244140626 2.023421394929432e-07
1.9764000244140625 2.737000492655125e-06
1.9774000244140626 6.505422900049175e-06
1.9784000244140625 3.0506679651440134e-06
1.9794000244140626 2.6147597080137307e-06
1.9804000244140625 1.0400138090138943e-06
1.9814000244140626 2.457576026852166e-07
1.9824000244140625 2.919815684814141e-06
1.9834000244140626 5.487445510832689e-07
1.9844000244140625 4.872236296079201e-07
1.9854000244140626 4.320976859025219e-06
1.9864000244140625 2.2810541699450865e-06
1.9874000244140626 4.641875226462733e-11
1.9884000244140625 5.030165001448981e-06
1.9894000244140626 3.7451970972554644e-06
1.9904000244140625 3.942172457097246e-06
1.9914000244140626 6.919851044489489e-08
1.9924000244140625 4.194166993044265e-06
1.9934000244140626 2.838750837161547e-06
1.9944000244140625 3.3926873834181596e-06
1.9954000244140624 1.320073783547917e-06
1.9964000244140625 1.915125976292693e-06
1.9974000244140624 2.242957827503899e-06
1.9984000244140625 5.006143205948132e-06
1.9994000244140624 1.4433001718045357e-06
2.0004000244140623 3.7628995109552487e-06
2.0014000244140626 1.3927998352709503e-06
2.0024000244140625 3.079023137951563e-06
2.0034000244140624 2.8145071606520786e-06
2.0044000244140623 3.583540594291582e-06
2.0054000244140626 1.5070239382810235e-06
2.0064000244140625 4.09580158607763e-06
2.0074000244140624 4.1661010812635854e-06
2.0084000244140623 4.621331429063969e-11
2.0094000244140626 6.890222433445934e-07
2.0104000244140625 2.1860374472076297e-06
2.0114000244140624 4.376307952209916e-06
2.0124000244140623 1.3480538565052841e-06
2.0134000244140626 1.7015592582594735e-06
2.0144000244140625 4.605103088845442e-11
2.0154000244140624 3.537926644945166e-06
2.0164000244140623 5.047022946851087e-06
2.0174000244140626 1.3728716063735427e-06
2.0184000244140625 8.009000433089529e-07
2.0194000244140624 2.4652215532772117e-06
2.0204000244140623 4.583417369060902e-11
2.0214000244140626 2.06461847669994e-06
2.0224000244140625 4.3373583499450175e-06
2.0234000244140624 1.0276820514229048e-06
2.0244000244140623 2.652278152941911e-06
2.0254000244140626 5.8511016304338104e-06
2.0264000244140625 2.472922626250735e-07
2.0274000244140624 4.147814504696432e-06
2.0284000244140623 4.3607692323001995e-06
2.0294000244140626 1.9398372812515e-06
2.0304000244140625 5.919828003230193e-06
2.0314000244140624 2.1146570878422897e-06
2.0324000244140623 2.030136111400021e-06
2.0334000244140626 4.6066695089766455e-11
2.0344000244140625 2.2963071268798218e-06
2.0354000244140624 1.692671937770301e-06
2.0364000244140623 4.6044905441609005e-11
2.0374000244140626 3.271502343532688e-07
2.0384000244140625 5.187238605775852e-06
2.0394000244140624 3.932923944232139e-06
2.0404000244140623 2.94489381299504e-06
2.0414000244140627 1.0213924166941468e-06
2.0424000244140625 1.582946507457777e-06
2.0434000244140624 1.9986658319768444e-06
2.0444000244140623 2.7916686399811845e-06
2.0454000244140627 7.188200861459945e-07
2.0464000244140625 4.5434977289863114e-06
2.0474000244140624 4.011977783864972e-06
2.04839990234375 3.228580420312253e-06
2.04939990234375 3.2872958327024283e-06
2.05039990234375 4.558542182666935e-07
2.05139990234375 1.0353508660664852e-06
2.05239990234375 2.899901810153583e-06
2.05339990234375 2.6303454581721658e-06
2.05439990234375 4.571446886518201e-06
2.05539990234375 3.7409693120457676e-06
2.05639990234375 4.593303298220682e-11
2.05739990234375 3.99356007879304e-06
2.05839990234375 4.6050092525152156e-11
2.05939990234375 1.9577307764508262e-06
2.06039990234375 6.445963898645995e-06
2.06139990234375 4.597333571463777e-11
2.06239990234375 2.887077451852833e-06
2.06339990234375 2.367338814139395e-06
2.06439990234375 6.490940848130837e-07
2.06539990234375 2.5957170211045715e-06
2.06639990234375 5.997252566430986e-06
2.06739990234375 1.6262292957052244e-06
2.06839990234375 6.634807608219502e-08
2.06939990234375 5.154475540329398e-06
2.07039990234375 1.144909161434967e-06
2.07139990234375 1.5405427546532659e-06
2.07239990234375 7.03806685280876e-07
2.07339990234375 4.875811479161103e-06
2.07439990234375 6.049554847754078e-07
2.07539990234375 3.2357038430386097e-06
2.07639990234375 7.459281774606929e-07
2.07739990234375 2.073260712601947e-06
2.07839990234375 7.271177232222207e-08
2.07939990234375 2.4970665117145116e-06
2.08039990234375 2.7316696678523017e-06
2.08139990234375 2.151524621067962e-06
2.08239990234375 7.9515559952636e-07
2.08339990234375 4.655072723765068e-11
2.08439990234375 2.9784590839334886e-06
2.08539990234375 2.039929199724056e-06
2.08639990234375 5.397934810513226e-06
2.08739990234375 2.698741607328054e-07
2.08839990234375 1.783413703869747e-06
2.08939990234375 3.3003822955148398e-06
2.09039990234375 6.073353039521486e-07
2.09139990234375 3.7917894107325643e-06
2.09239990234375 2.471771890213083e-06
2.09339990234375 5.901340947703514e-07
2.09439990234375 4.80485606775277e-08
2.09539990234375 4.2292804432531415e-06
2.09639990234375 2.8727394466943203e-06
2.09739990234375 2.353573078530973e-06
2.09839990234375 6.363645220761915e-06
2.09939990234375 2.7012985291883448e-08
2.10039990234375 5.559437366526134e-07
2.10139990234375 2.8782358973155235e-06
2.10239990234375 6.33666779853269e-07
2.10339990234375 6.334640163211297e-06
2.10439990234375 2.6325692394422013e-07
2.10539990234375 5.16227713192084e-06
2.10639990234375 4.6144503950106725e-11
2.10739990234375 5.906977587126718e-06
2.10839990234375 4.6139847442561665e-11
2.10939990234375 6.249053511474977e-06
2.11039990234375 6.6630254408383995e-06
2.11139990234375 7.432801962228563e-06
2.11239990234375 4.597650519863523e-11
2.11339990234375 6.015323729768277e-07
2.11439990234375 1.116972101638863e-05
2.11539990234375 4.6054601929397e-11
2.11639990234375 4.606814847927017e-11
2.11739990234375 3.2618200656816926e-07
2.11839990234375 6.718949954331705e-06
2.11939990234375 4.358566163892164e-06
2.12039990234375 2.0908233382652604e-09
2.12139990234375 4.641774119260796e-11
2.12239990234375 7.86826540279296e-06
2.12339990234375 8.047443385556751e-06
2.12439990234375 1.0294015676157943e-06
2.12539990234375 5.779142359382045e-07
2.12639990234375 4.020903845958791e-06
2.12739990234375 4.662469517003012e-11
2.12839990234375 3.489194014670152e-07
2.12939990234375 1.7249624702989645e-06
2.13039990234375 3.6738106847665666e-06
2.13139990234375 7.370067144433786e-06
2.13239990234375 7.943233376278577e-07
2.13339990234375 9.54631881908434e-07
2.13439990234375 8.05145021997148e-07
2.13539990234375 1.8205135493834375e-06
2.13639990234375 4.655649184976098e-11
2.13739990234375 1.3719249288076383e-05
2.13839990234375 5.322854394642248e-06
2.13939990234375 4.849981867903292e-06
2.14039990234375 2.9720012103087906e-06
2.14139990234375 8.513316400122925e-06
2.14239990234375 5.840092183564481e-06
2.14339990234375 3.778131465007822e-07
2.14439990234375 4.614154877169491e-11
2.14539990234375 8.374000031171805e-06
2.14639990234375 5.520090487821591e-06
2.14739990234375 2.832093164783725e-06
2.14839990234375 1.5197035802748837e-06
2.14939990234375 3.3780373933546867e-06
2.15039990234375 4.991559981095417e-07
2.15139990234375 9.92842964707499e-07
2.15239990234375 5.0652744381322975e-06
2.15339990234375 3.6035096902977e-06
2.15439990234375 2.052391981942675e-05
2.15539990234375 4.594088384875135e-11
2.15639990234375 6.922969017175167e-07
2.15739990234375 3.7023616185004836e-06
2.15839990234375 2.2610592978055007e-06
2.15939990234375 3.855216054116536e-06
2.16039990234375 5.176164881621061e-06
2.16139990234375 2.200993612205702e-06
2.16239990234375 1.8200791616209908e-06
2.16339990234375 1.4103552136170022e-06
2.16439990234375 1.2994726420532693e-06
2.16539990234375 5.87731027459187e-06
2.16639990234375 4.552133223089223e-11
2.16739990234375 6.356616288105742e-06
2.16839990234375 4.041536248399834e-07
2.16939990234375 4.390955521563984e-06
2.17039990234375 9.740125556628189e-08
2.17139990234375 5.2926415578335e-08
2.17239990234375 1.218036498437846e-06
2.17339990234375 6.8929548738192265e-06
2.17439990234375 5.554593002188081e-07
2.17539990234375 1.698417323288328e-07
2.17639990234375 3.7987161926807418e-06
2.17739990234375 5.088113907792586e-06
2.17839990234375 2.5012879807971682e-06
2.17939990234375 1.4663448299928748e-06
2.18039990234375 2.0092720009642793e-06
2.18139990234375 5.893059568573696e-07
2.18239990234375 4.380953564184942e-06
2.18339990234375 6.5197502056367514e-06
2.18439990234375 1.3411448619883335e-06
2.18539990234375 4.342339228166445e-11
2.18639990234375 1.6250114421780073e-06
2.18739990234375 7.475214346222963e-06
2.18839990234375 5.718578691555816e-06
2.18939990234375 7.464849846690758e-07
2.19039990234375 2.581958161904277e-06
2.19139990234375 8.15863075302034e-07
2.19239990234375 4.169795364244153e-11
2.19339990234375 5.255451528482013e-06
2.19439990234375 3.5150551302854045e-06
2.19539990234375 4.70516393410588e-06
2.19639990234375 4.835667253858048e-06
2.19739990234375 7.702450870550486e-06
2.19839990234375 3.9869690467262323e-11
2.19939990234375 4.929511552399557e-07
2.20039990234375 3.712257048942873e-07
2.20139990234375 5.293789363748239e-06
2.20239990234375 4.0803246261263925e-06
2.20339990234375 7.290064746890303e-06
2.20439990234375 2.6357063005062767e-06
2.20539990234375 9.103716267861798e-07
2.20639990234375 3.725401353999357e-11
2.20739990234375 2.161152947976763e-06
2.20839990234375 4.665855895277006e-06
2.20939990234375 5.218686941777745e-06
2.21039990234375 7.438496914408465e-08
2.21139990234375 6.406606104774445e-07
2.21239990234375 4.600024295736151e-08
2.21339990234375 2.765545670728179e-06
2.21439990234375 1.2143723092813671e-07
2.21539990234375 3.593029540776764e-11
2.21639990234375 4.482118170300878e-06
2.21739990234375 1.9818576857552551e-07
2.21839990234375 1.3984243400244458e-06
2.21939990234375 6.553667460015594e-07
2.22039990234375 1.1859236472308985e-05
2.22139990234375 4.742504313663592e-06
2.22239990234375 1.8266156941946274e-06
2.22339990234375 3.6322445187102845e-11
2.22439990234375 3.640547036904997e-11
2.22539990234375 1.508473412691571e-06
2.22639990234375 7.324387910843844e-06
2.22739990234375 2.9791307497459582e-06
2.22839990234375 1.4386805509438484e-06
2.22939990234375 3.6710270702598924e-11
2.23039990234375 6.035780118362238e-06
2.23139990234375 1.3444754300518207e-05
2.23239990234375 1.1688424509900803e-07
2.23339990234375 5.768244621309663e-07
2.23439990234375 6.498471228422486e-06
2.23539990234375 2.148380833931421e-06
2.23639990234375 3.755734747183112e-11
2.23739990234375 1.8672975052386285e-06
2.23839990234375 1.1940701870604402e-05
2.23939990234375 1.2429310975960117e-05
2.24039990234375 5.886041531354821e-07
2.24139990234375 1.1276169720503329e-05
2.24239990234375 9.73798418515895e-06
2.24339990234375 4.2837943604294206e-06
2.24439990234375 3.794020016338275e-11
2.24539990234375 3.3467554331271294e-06
2.24639990234375 1.3262839956321202e-05
2.24739990234375 3.4574578991711076e-06
2.24839990234375 1.4839393818081388e-06
2.24939990234375 6.935181217942755e-06
2.25039990234375 4.308266529919781e-06
2.25139990234375 3.4187388672900178e-06
2.25239990234375 1.1184648750380346e-05
2.25339990234375 1.2000784905756884e-05
2.25439990234375 3.8175594347658616e-11
2.25539990234375 1.3180221359402522e-05
2.25639990234375 1.4310168841757522e-05
2.25739990234375 3.6169556801541943e-06
2.25839990234375 4.239210215223082e-07
2.25939990234375 1.0923945777331098e-05
2.26039990234375 1.9268306646150537e-06
2.26139990234375 1.4616787653842611e-05
2.26239990234375 3.216171215833499e-06
2.26339990234375 1.2966808623908963e-05
2.26439990234375 1.0395489722984432e-05
2.26539990234375 1.1779043921461598e-05
2.26639990234375 3.4291181736313645e-06
2.26739990234375 2.0842269503126234e-06
2.26839990234375 1.5201122926870401e-05
2.26939990234375 3.9202971519154877e-11
2.27039990234375 5.288052326233972e-06
2.27139990234375 3.62029807038757e-06
2.27239990234375 2.3329274878618285e-06
2.27339990234375 9.527276883640614e-06
2.27439990234375 3.5778956455384214e-06
2.27539990234375 5.476578481293496e-07
2.27639990234375 1.8240260071230015e-05
2.27739990234375 1.2534146513085463e-05
2.27839990234375 5.751074819056687e-06
2.27939990234375 1.9245647975679333e-06
2.28039990234375 9.039625290038464e-06
2.28139990234375 7.570423420033382e-06
2.28239990234375 1.4633739063454457e-06
2.28339990234375 1.0184267202613095e-06
2.28439990234375 3.1867913724375913e-07
2.28539990234375 1.484972834106714e-06
2.28639990234375 2.2603694418479905e-06
2.28739990234375 3.0397143666652746e-06
2.28839990234375 4.6678112971679424e-07
2.28939990234375 7.966687347519724e-07
2.29039990234375 2.5065624533024805e-06
2.29139990234375 6.950127307517853e-06
2.29239990234375 2.0340426065597457e-06
2.29339990234375 6.099446981627538e-07
2.29439990234375 6.292326910584114e-07
2.29539990234375 4.224273284165272e-06
2.29639990234375 6.031527163963007e-07
2.29739990234375 1.7823741156787113e-06
2.29839990234375 3.7053773006301527e-06
2.29939990234375 5.2256155340963595e-06
2.30039990234375 1.909895339002065e-06
2.30139990234375 4.488323655353356e-06
2.30239990234375 5.379512337993787e-06
2.30339990234375 1.1032543346470815e-06
2.30439990234375 8.543079431485063e-07
2.30539990234375 5.210531630730792e-07
2.30639990234375 1.125608371493485e-06
2.30739990234375 3.6089605579376448e-06
2.30839990234375 4.5460288329978825e-06
2.30939990234375 1.7235020242759668e-07
2.31039990234375 5.613784601596338e-06
2.31139990234375 3.9469202339419755e-06
2.31239990234375 2.3246713555546494e-06
2.31339990234375 4.065691781956299e-11
2.31439990234375 1.4111384207253215e-06
2.31539990234375 4.61092542717454e-06
2.31639990234375 3.6750320401130524e-06
2.31739990234375 2.3334571824163625e-06
2.31839990234375 3.81973186410235e-11
2.31939990234375 2.9570288252382243e-06
2.32039990234375 4.952869603869946e-06
2.32139990234375 3.577651912197027e-11
2.32239990234375 2.198375127138679e-06
2.32339990234375 3.6545217078846154e-07
2.32439990234375 4.1277350128086925e-07
2.32539990234375 1.346494546036079e-06
2.32639990234375 2.5996151779773837e-06
2.32739990234375 2.0836627928250594e-06
2.32839990234375 6.872320893807074e-07
2.32939990234375 2.2277830066436418e-06
2.33039990234375 1.509716068807845e-06
2.33139990234375 1.0964298225040957e-06
2.33239990234375 2.2178136642275562e-07
2.33339990234375 1.4447160005207278e-06
2.33439990234375 1.5493552028139485e-06
2.33539990234375 1.7487780974292993e-07
2.33639990234375 6.522018412378899e-07
2.33739990234375 1.4719327343172577e-06
2.33839990234375 2.8354476549191187e-06
2.33939990234375 3.6716477012064455e-07
2.34039990234375 1.894886735371241e-06
2.34139990234375 8.356209614379753e-07
2.34239990234375 1.6137045415004046e-06
2.34339990234375 1.597256699185854e-11
2.34439990234375 1.3050906320832624e-06
2.34539990234375 7.206112696851364e-07
2.34639990234375 4.938265462852784e-07
2.34739990234375 4.1085158599605334e-07
2.34839990234375 8.52494862676234e-07
2.34939990234375 1.7337491546097382e-06
2.35039990234375 1.881930854374206e-06
2.35139990234375 6.020941285979828e-07
2.35239990234375 1.1011410203385142e-06
2.35339990234375 1.1999083617147182e-06
2.35439990234375 1.7812726952767449e-06
2.35539990234375 2.0660115918803605e-07
2.35639990234375 1.324025984927339e-06
2.35739990234375 2.754174944086725e-07
2.35839990234375 1.2780105280246221e-06
2.35939990234375 6.242353394785819e-07
2.36039990234375 9.574891062378814e-07
2.36139990234375 5.65671027048568e-07
2.36239990234375 1.120525237546391e-06
2.36339990234375 6.38754143475632e-07
2.36439990234375 5.213453742042781e-07
2.36539990234375 1.0227557857658448e-06
2.36639990234375 4.649254327884811e-07
2.36739990234375 4.110042948252248e-07
2.36839990234375 1.2222283098780706e-07
2.36939990234375 1.912658011984499e-07
2.37039990234375 5.347288820583924e-07
2.37139990234375 1.8958993084391028e-07
2.37239990234375 5.986877493667877e-07
2.37339990234375 2.4512098704964458e-12
2.37439990234375 3.083603306571639e-07
2.37539990234375 1.1065705812297155e-07
2.37639990234375 1.8318129889741455e-07
2.37739990234375 2.8011816202213255e-07
2.37839990234375 1.3811900269032034e-07
2.37939990234375 2.941870421126989e-07
2.38039990234375 1.1875252416677941e-07
2.38139990234375 1.5425211480512333e-07
2.38239990234375 1.0637939062177563e-07
2.38339990234375 3.891101017139322e-08
2.38439990234375 4.8813619715089425e-08
2.38539990234375 2.231198377513457e-07
2.38639990234375 1.4004798036618287e-07
2.38739990234375 1.0597189410991973e-07
2.38839990234375 2.4801046517175514e-08
2.38939990234375 1.9997342331718917e-08
2.39039990234375 2.6876440243501356e-08
2.39139990234375 1.7691561339926931e-09
2.39239990234375 8.942604504548976e-09
2.39339990234375 2.255279605474021e-08
2.39439990234375 5.225838290666567e-09
2.39539990234375 8.884969576384514e-08
2.39639990234375 7.80868637570108e-09
2.39739990234375 7.282181921047307e-08
2.39839990234375 5.4525171596729303e-08
2.39939990234375 6.821940177683314e-09
2.40039990234375 1.2735674261396903e-08
2.40139990234375 2.0593726981666064e-09
2.40239990234375 1.6478587934605992e-08
2.40339990234375 5.6525973497412866e-08
2.40439990234375 1.5398742413890078e-08
2.40539990234375 1.4518535088228884e-08
2.40639990234375 6.7492346777923414e-09
2.40739990234375 6.431830493049377e-09
2.40839990234375 1.3899040326756072e-08
2.40939990234375 1.2117761302827923e-08
2.41039990234375 7.0735650847694655e-09
2.41139990234375 4.271011496935489e-09
2.41239990234375 7.358802045923292e-09
2.41339990234375 7.483003956568231e-10
2.41439990234375 1.6827054403230093e-09
2.41539990234375 2.8949787303045226e-09
2.41639990234375 1.396004605945461e-09
2.41739990234375 2.5114395143687973e-09
2.41839990234375 3.956407567937698e-09
2.41939990234375 2.9471913966695674e-09
2.42039990234375 1.868129767976084e-09
2.42139990234375 1.426034476798777e-09
2.42239990234375 2.7788519073475433e-10
2.42339990234375 5.514895286841714e-10
2.42439990234375 1.5739911683934212e-09
2.42539990234375 4.74475723758932e-10
2.42639990234375 7.582003241672322e-10
2.42739990234375 1.1987755294955441e-09
2.42839990234375 1.0996879852912151e-09
2.42939990234375 1.1957336694035465e-09
2.43039990234375 8.339815846032641e-10
2.43139990234375 2.642519054339082e-10
2.43239990234375 1.4441428569379216e-09
2.43339990234375 3.3004622809457002e-15
2.43439990234375 1.618663885642706e-10
2.43539990234375 5.775318493220686e-10
2.43639990234375 3.385029218701648e-10
2.43739990234375 8.101298861325638e-11
2.43839990234375 1.8870081208457977e-10
2.43939990234375 4.895966662333407e-10
2.44039990234375 1.0929020163404395e-10
2.44139990234375 1.8625853610771419e-10
2.44239990234375 8.893891608127956e-11
2.44339990234375 1.7488478057745417e-11
2.44439990234375 2.0750667512587542e-10
2.44539990234375 1.1707391560417885e-10
2.44639990234375 7.743523555171356e-11
2.44739990234375 2.2195352554868178e-10
2.44839990234375 1.9757244796345448e-10
2.44939990234375 6.275823351161889e-11
2.45039990234375 7.447171435479695e-11
2.45139990234375 2.7939527601544037e-11
2.45239990234375 1.9983526597785307e-11
2.45339990234375 1.274187347044527e-13
2.45439990234375 3.217025156911743e-11
2.45539990234375 8.665106740561668e-11
2.45639990234375 5.890092531201339e-11
2.45739990234375 2.7099358652209017e-11
2.45839990234375 6.182546089174672e-11
2.45939990234375 1.8976104316495635e-11
2.46039990234375 1.6640213265280572e-16
2.46139990234375 1.3776496275348212e-11
2.46239990234375 2.6879466999092587e-11
2.46339990234375 2.8240855235888646e-11
2.46439990234375 9.183303935980832e-12
2.46539990234375 2.314463178278231e-11
2.46639990234375 1.995281315311357e-11
2.46739990234375 7.600123293557982e-17
2.46839990234375 5.930130911209916e-12
2.46939990234375 1.3497639003523033e-11
2.47039990234375 8.020996794289814e-12
2.47139990234375 3.786505513720816e-12
2.47239990234375 5.433135505606476e-13
2.47339990234375 1.111416113741309e-11
2.47439990234375 9.158440983578845e-13
2.47539990234375 5.534760068293528e-12
2.47639990234375 1.936616316648326e-12
2.47739990234375 8.442260915537159e-13
2.47839990234375 6.845893403399113e-12
2.47939990234375 4.740999576727749e-13
2.48039990234375 4.679680738652738e-12
2.48139990234375 5.30679690694405e-14
2.48239990234375 1.6440294632647304e-12
2.48339990234375 1.1706355979811992e-17
2.48439990234375 2.5605383480029398e-12
2.48539990234375 5.723128156567582e-13
2.48639990234375 3.7645365372089413e-13
2.48739990234375 3.3719189638582785e-12
2.48839990234375 1.141400474811272e-12
2.48939990234375 1.3442583813733376e-12
2.49039990234375 1.9618753201704832e-13
2.49139990234375 2.1383163278431535e-12
2.49239990234375 4.539108497740532e-18
2.49339990234375 6.230800344604976e-13
2.49439990234375 9.625491976241352e-13
2.49539990234375 4.069446403901834e-14
2.49639990234375 5.862609943519794e-13
2.49739990234375 3.717784018789831e-13
2.49839990234375 5.41616726703844e-13
2.49939990234375 1.7645979884789318e-13
2.50039990234375 7.288724613224685e-13
2.50139990234375 7.840944844718134e-14
2.50239990234375 1.6664357142371447e-18
2.50339990234375 5.201189482240068e-13
2.50439990234375 5.027278387762591e-13
2.50539990234375 1.2521620861341205e-18
2.50639990234375 5.611342913647403e-13
2.50739990234375 1.281164932393649e-13
2.50839990234375 3.610190426358176e-14
2.50939990234375 3.69762720687495e-13
2.51039990234375 1.742424246467873e-13
2.51139990234375 1.689034840156834e-13
2.51239990234375 9.028156345410947e-14
2.51339990234375 2.737159289626321e-13
2.51439990234375 2.9885497153668157e-14
2.51539990234375 7.423787297791214e-14
2.51639990234375 4.747603201382678e-19
2.51739990234375 2.8366793534426486e-14
2.51839990234375 4.005959834712924e-19
2.51939990234375 3.1263479729791546e-14
2.52039990234375 3.3739754370669435e-19
2.52139990234375 5.248011313297212e-15
2.52239990234375 4.344691057850688e-14
2.52339990234375 4.473317024605543e-14
2.52439990234375 2.2208172871100015e-15
2.52539990234375 1.121980614955925e-14
2.52639990234375 5.928265274790304e-15
2.52739990234375 1.8617498945983155e-19
2.52839990234375 6.022883064347948e-14
2.52939990234375 5.088597325913143e-14
2.53039990234375 8.068658074036998e-14
2.53139990234375 3.6164795730974105e-14
2.53239990234375 1.6148611206838102e-14
2.53339990234375 1.0336144214514221e-13
2.53439990234375 4.26089478464623e-14
2.53539990234375 1.8581146179704676e-14
2.53639990234375 3.5153904339662205e-14
2.53739990234375 6.3701384476973175e-15
2.53839990234375 5.219991801746569e-15
2.53939990234375 4.378912850546895e-15
2.54039990234375 5.617968973441738e-15
2.54139990234375 5.524732469405866e-20
2.54239990234375 5.0450518560173126e-20
2.54339990234375 6.884591662091841e-15
2.54439990234375 6.662124461374448e-15
2.54539990234375 1.529932597520671e-14
2.54639990234375 1.0119338677694074e-15
2.54739990234375 6.522303062729712e-15
2.54839990234375 4.356261583381942e-15
2.54939990234375 8.413203387129674e-15
2.55039990234375 1.4654875243688816e-15
2.55139990234375 1.110178816777713e-14
2.55239990234375 5.0837859229474355e-17
2.55339990234375 3.092323960276528e-15
2.55439990234375 4.755092163895921e-15
2.55539990234375 1.5066769427991527e-14
2.55639990234375 6.375113190797394e-15
2.55739990234375 5.922318341433135e-15
2.55839990234375 1.1728244874299188e-14
2.55939990234375 8.708977741962562e-15
2.56039990234375 6.902834105820822e-15
2.56139990234375 1.978241054747574e-15
2.56239990234375 1.734219089155119e-15
2.56339990234375 5.048775006372673e-15
2.56439990234375 5.125681354934552e-15
2.56539990234375 7.795580279250733e-16
2.56639990234375 5.464576313368496e-16
2.56739990234375 6.957431919086244e-16
2.56839990234375 6.172696743090605e-15
2.56939990234375 1.4064693210177283e-15
2.57039990234375 4.0402615007347493e-16
2.57139990234375 2.0297631577453352e-15
2.57239990234375 1.3019216371377732e-15
2.57339990234375 4.891437749645924e-16
2.57439990234375 1.5162622959832633e-15
2.57539990234375 1.7227505824220063e-16
2.57639990234375 5.484644977673151e-16
2.57739990234375 4.822443873035379e-16
2.57839990234375 1.0333087270553693e-15
2.57939990234375 3.933039979459179e-16
2.58039990234375 6.777948198467042e-16
2.58139990234375 2.757752352894132e-16
2.58239990234375 1.6934750215739102e-16
2.58339990234375 5.965054115756863e-16
2.58439990234375 1.2209098563909302e-16
2.58539990234375 1.8767457606809653e-16
2.58639990234375 8.541647993812695e-17
2.58739990234375 2.6160111751267576e-16
2.58839990234375 2.4145582713361453e-16
2.58939990234375 8.583183714810861e-17
2.59039990234375 2.0265094141455248e-17
2.59139990234375 1.0383983934446735e-16
2.59239990234375 4.314595495494569e-17
2.59339990234375 1.8312091455255182e-16
2.59439990234375 1.7109287530365066e-17
2.59539990234375 6.285611985146417e-17
2.59639990234375 1.0153326008987267e-16
2.59739990234375 1.5201037270997353e-17
2.59839990234375 2.6274653652461152e-17
2.59939990234375 2.8679701367111865e-17
2.60039990234375 1.943905271299571e-17
