microns throughput
0.5504000244140625 5.495141400510755e-13
0.5514000244140626 2.2255526884465733e-13
0.5524000244140626 5.65745364699386e-13
0.5534000244140626 5.388004340650023e-15
0.5544000244140626 5.212976199618314e-13
0.5554000244140626 5.933718482062707e-13
0.5564000244140626 1.205923432279583e-12
0.5574000244140624 1.5858356177817275e-12
0.5584000244140624 3.9816548904904825e-13
0.5594000244140624 1.5299824140616115e-12
0.5604000244140624 1.8260437480460446e-12
0.5614000244140624 1.027975494280855e-12
0.5624000244140624 7.093250120295854e-16
0.5634000244140625 1.6411208049753705e-12
0.5644000244140625 1.0951917055318738e-12
0.5654000244140625 1.4457540633025925e-12
0.5664000244140625 4.748416773834733e-13
0.5674000244140625 3.221038032138149e-13
0.5684000244140625 4.574461271565499e-13
0.5694000244140625 2.109657621018427e-13
0.5704000244140625 1.28037041552958e-12
0.5714000244140625 2.9098018728287725e-13
0.5724000244140625 9.71818464929212e-14
0.5734000244140625 5.46588459425331e-13
0.5744000244140625 2.435191166026058e-14
0.5754000244140625 1.9958112039406803e-13
0.5764000244140625 3.1840723959551504e-13
0.5774000244140625 6.260729048635911e-14
0.5784000244140625 3.4143055863798275e-12
0.5794000244140625 2.853651495565397e-14
0.5804000244140625 1.8550288861972368e-12
0.5814000244140625 9.283233248407427e-14
0.5824000244140625 3.429637331702394e-12
0.5834000244140625 8.391531129894203e-15
0.5844000244140625 7.434080270063924e-12
0.5854000244140625 2.4426468862127694e-12
0.5864000244140625 3.4679384759610125e-11
0.5874000244140625 6.777239551250418e-13
0.5884000244140625 3.934734351484166e-14
0.5894000244140625 2.3687159859546296e-14
0.5904000244140625 1.2424307517208172e-14
0.5914000244140625 7.255233139431344e-15
0.5924000244140625 5.885485205504185e-14
0.5934000244140625 4.834485881475044e-12
0.5944000244140625 3.3807877025225767e-15
0.5954000244140625 1.0834621655533629e-12
0.5964000244140625 8.699960247283875e-13
0.5974000244140625 1.6689375776626286e-13
0.5984000244140625 8.808403921883411e-13
0.5994000244140625 2.341344268888552e-13
0.6004000244140625 6.90764175844848e-13
0.6014000244140625 4.367299975622718e-15
0.6024000244140625 1.6917892616592297e-12
0.6034000244140625 1.7212849464458874e-12
0.6044000244140625 7.596993289592521e-15
0.6054000244140625 8.806202152480327e-15
0.6064000244140625 1.0023455248016194e-14
0.6074000244140625 1.0853143291837291e-14
0.6084000244140625 1.0921144208774056e-14
0.6094000244140625 1.0385886287111347e-14
0.6104000244140625 2.9435861035330165e-13
0.6114000244140625 5.38589927962851e-13
0.6124000244140625 4.791829547813848e-13
0.6134000244140625 8.255254682310496e-13
0.6144000244140625 5.209833498262335e-15
0.6154000244140625 4.696155878104339e-15
0.6164000244140625 4.32751917852809e-15
0.6174000244140625 3.773437577946171e-13
0.6184000244140625 4.04940347030863e-15
0.6194000244140625 4.7355548249556e-13
0.6204000244140625 1.414377361731333e-12
0.6214000244140625 3.630189901606629e-15
0.6224000244140625 4.004461375666475e-15
0.6234000244140625 4.3796785455618785e-15
0.6244000244140625 5.020523170750153e-15
0.6254000244140625 6.074541715921454e-15
0.6264000244140625 7.703038792247627e-15
0.6274000244140625 1.0413331508102478e-14
0.6284000244140625 1.496431042422489e-14
0.6294000244140625 2.2192956821330533e-14
0.6304000244140625 3.2281029511652924e-14
0.6314000244140625 4.258033409768275e-14
0.6324000244140625 1.1677758756727972e-13
0.6334000244140625 4.538159494457423e-14
0.6344000244140625 3.7436332696293146e-14
0.6354000244140625 2.9102935696417393e-14
0.6364000244140625 2.3177284844262328e-14
0.6374000244140625 1.988312943515407e-14
0.6384000244140625 6.091665759992687e-13
0.6394000244140625 1.846595829262992e-14
0.6404000244140625 1.989459498368273e-14
0.6414000244140625 2.2632364887927942e-13
0.6424000244140625 2.5248878393224562e-14
0.6434000244140625 3.497305377258188e-12
0.6444000244140625 2.970485347754825e-14
0.6454000244140625 2.888976460297528e-14
0.6464000244140625 6.743440258075488e-13
0.6474000244140625 2.083975607383796e-14
0.6484000244140625 1.6414086684335124e-14
0.6494000244140625 1.3154141415044147e-14
0.6504000244140625 1.0750162146923363e-14
0.6514000244140625 9.012582785976596e-15
0.6524000244140625 8.115983741377914e-15
0.6534000244140625 2.0811616506754307e-12
0.6544000244140625 7.954430050349895e-15
0.6554000244140625 1.1739470896100234e-12
0.6564000244140625 9.385418305459097e-15
0.6574000244140625 1.1056117812700123e-14
0.6584000244140625 1.3173830902878453e-14
0.6594000244140625 6.2821197796640455e-12
0.6604000244140625 4.9414177449882626e-12
0.6614000244140625 1.0163545184497606e-11
0.6624000244140625 7.936006068953621e-12
0.6634000244140625 2.0073413339557566e-14
0.6644000244140625 3.283172180429674e-12
0.6654000244140625 6.607495163431696e-12
0.6664000244140625 1.340564235516774e-14
0.6674000244140625 1.1861276238707903e-14
0.6684000244140625 1.1118770042717941e-14
0.6694000244140625 6.225571431405444e-12
0.6704000244140625 1.0751453432642577e-14
0.6714000244140625 1.3308599751884861e-12
0.6724000244140625 9.444535899356175e-13
0.6734000244140625 2.4143943909204713e-12
0.6744000244140625 4.587381955479419e-12
0.6754000244140625 6.768563069096084e-12
0.6764000244140626 2.4366540832115177e-12
0.6774000244140626 2.2993936364222905e-14
0.6784000244140626 2.2907501373647422e-14
0.6794000244140626 2.2493256871982067e-12
0.6804000244140626 1.8585196451778526e-14
0.6814000244140626 1.5533106610898846e-14
0.6824000244140624 2.6088668642897e-12
0.6834000244140624 2.707289041569253e-12
0.6844000244140624 6.523555738868568e-12
0.6854000244140624 5.167789203128809e-12
0.6864000244140624 3.6213262333804525e-12
0.6874000244140624 4.00606317486614e-12
0.6884000244140625 1.979907836108069e-12
0.6894000244140625 4.205519109110211e-12
0.6904000244140625 1.4765385740581684e-11
0.6914000244140625 6.351970378254928e-13
0.6924000244140625 6.962084252746802e-13
0.6934000244140625 1.347107267092623e-11
0.6944000244140625 2.237010747259831e-11
0.6954000244140625 9.706165027068063e-14
0.6964000244140625 6.980952017638694e-12
0.6974000244140625 5.846320032742712e-13
0.6984000244140625 3.512966178553065e-12
0.6994000244140625 3.3827099392613476e-12
0.7004000244140625 1.4616479433262306e-12
0.7014000244140625 9.500817632212762e-13
0.7024000244140625 3.5251632397281464e-12
0.7034000244140625 5.045300130535795e-12
0.7044000244140625 1.747928283919185e-12
0.7054000244140625 3.0821775203760057e-12
0.7064000244140625 1.1174910862301625e-14
0.7074000244140625 5.284258726016147e-12
0.7084000244140625 7.295027016393631e-13
0.7094000244140625 3.6353934542573256e-11
0.7104000244140625 1.2721154331363383e-11
0.7114000244140625 1.0723805792636649e-11
0.7124000244140625 1.708800622885444e-11
0.7134000244140625 2.71801472811241e-11
0.7144000244140625 1.988322454838807e-10
0.7154000244140625 6.723062176561516e-11
0.7164000244140625 7.1846468534428706e-12
0.7174000244140625 5.699817864740588e-11
0.7184000244140625 8.064886062727439e-11
0.7194000244140625 7.241508825836315e-11
0.7204000244140625 1.1857819842458814e-11
0.7214000244140625 5.542626510874048e-11
0.7224000244140625 1.864274062775042e-11
0.7234000244140625 5.279040399126626e-12
0.7244000244140625 5.1882442695604515e-11
0.7254000244140625 1.24480139682374e-11
0.7264000244140625 1.2222724271100865e-11
0.7274000244140625 3.222522157466976e-12
0.7284000244140625 3.7896719453908594e-12
0.7294000244140625 6.300698479550427e-12
0.7304000244140625 1.2281028808104227e-11
0.7314000244140625 4.440885443477158e-12
0.7324000244140625 1.8434612846074946e-12
0.7334000244140625 7.533959346912812e-12
0.7344000244140625 4.4931405258928535e-15
0.7354000244140625 3.237041549182274e-12
0.7364000244140625 9.724675927917337e-12
0.7374000244140625 1.1660822319638909e-11
0.7384000244140625 3.3351606558048503e-12
0.7394000244140625 1.4631128268178902e-11
0.7404000244140625 1.5106476102638512e-12
0.7414000244140625 2.1055340709978094e-11
0.7424000244140625 1.432650463065563e-14
0.7434000244140625 1.783895621389205e-11
0.7444000244140625 4.680919932291805e-11
0.7454000244140625 2.2915316284703228e-11
0.7464000244140625 3.153024831632897e-11
0.7474000244140625 2.3074083437599934e-10
0.7484000244140625 1.333659071364999e-10
0.7494000244140625 1.984903849792012e-10
0.7504000244140625 9.380495603226558e-12
0.7514000244140625 2.7524786317997094e-11
0.7524000244140625 1.5793032641552432e-10
0.7534000244140625 4.588231452732818e-10
0.7544000244140625 1.0642020045460835e-10
0.7554000244140625 5.195779483694078e-10
0.7564000244140625 6.240336476830904e-10
0.7574000244140625 5.5924619922665034e-11
0.7584000244140625 7.09961649564213e-11
0.7594000244140625 2.2222285954668292e-12
0.7604000244140625 3.922136886148999e-11
0.7614000244140625 5.203977574584298e-12
0.7624000244140625 4.073136129372693e-12
0.7634000244140625 2.3069849489981307e-13
0.7644000244140625 1.8186276076644596e-12
0.7654000244140625 3.218295769637741e-13
0.7664000244140625 1.511081922192685e-12
0.7674000244140625 8.961110183708436e-12
0.7684000244140625 2.3134143213137076e-13
0.7694000244140625 8.837964729971e-16
0.7704000244140625 6.272189860599686e-13
0.7714000244140625 1.006159778543622e-12
0.7724000244140625 1.7909240910812398e-12
0.7734000244140625 1.4732679155087651e-12
0.7744000244140625 2.148603698450014e-12
0.7754000244140625 2.8569894933238006e-13
0.7764000244140625 2.7568252148660566e-12
0.7774000244140625 4.933168296589539e-13
0.7784000244140625 9.22428995729003e-14
0.7794000244140625 2.0427542305121014e-12
0.7804000244140625 7.218472487577335e-13
0.7814000244140625 1.3074894844066567e-12
0.7824000244140625 2.0498180833976954e-12
0.7834000244140625 1.4677161816380657e-15
0.7844000244140625 3.599764633114963e-12
0.7854000244140625 3.624374430075449e-13
0.7864000244140625 1.1955823092033834e-15
0.7874000244140625 3.852722636540239e-12
0.7884000244140625 8.450200808014156e-14
0.7894000244140625 2.0640895317272994e-11
0.7904000244140625 6.4023218574459264e-12
0.7914000244140625 2.7687582844062086e-11
0.7924000244140625 1.0975754475164229e-11
0.7934000244140625 1.9825889732070073e-11
0.7944000244140625 2.7581500051295496e-11
0.7954000244140625 4.33288941205689e-12
0.7964000244140625 0.0
0.7974000244140625 2.334529019124198e-11
0.7984000244140625 1.4476803746031946e-11
0.7994000244140625 7.435886619752137e-10
0.8004000244140625 1.0577239989514085e-10
0.8014000244140626 1.5905154557975926e-13
0.8024000244140626 3.9992477834893e-10
0.8034000244140626 4.0199672136974805e-10
0.8044000244140626 2.7931385676263136e-10
0.8054000244140626 1.066642525317565e-11
0.8064000244140626 1.2178432231717632e-10
0.8074000244140624 1.3381568314933968e-10
0.8084000244140624 4.3143221025510266e-10
0.8094000244140624 4.042638442219406e-12
0.8104000244140624 9.041526200144652e-14
0.8114000244140624 2.0054553661073475e-10
0.8124000244140624 1.1405141331278796e-13
0.8134000244140625 1.9799608820105788e-10
0.8144000244140625 1.0407954669461331e-10
0.8154000244140625 1.3143989472779865e-13
0.8164000244140625 7.087379369937161e-11
0.8174000244140625 1.1402305853280296e-13
0.8184000244140625 1.4866934758842153e-11
0.8194000244140625 6.578688766274564e-11
0.8204000244140625 3.1584200997447323e-10
0.8214000244140625 1.8476839852701137e-13
0.8224000244140625 1.2277757013932792e-10
0.8234000244140625 2.2841265717160837e-11
0.8244000244140625 0.0
0.8254000244140625 6.494030491039696e-14
0.8264000244140625 1.4339443246145941e-13
0.8274000244140625 1.2608799959653738e-13
0.8284000244140625 4.354533343420917e-14
0.8294000244140625 8.5581304601423e-12
0.8304000244140625 1.2368261533725707e-10
0.8314000244140625 1.7088713935762383e-10
0.8324000244140625 1.4303816771261645e-10
0.8334000244140625 4.527541160596358e-11
0.8344000244140625 9.594151156030352e-14
0.8354000244140625 1.255153985765654e-10
0.8364000244140625 3.6883584979798607e-10
0.8374000244140625 1.5674041761200973e-10
0.8384000244140625 1.218067973079579e-10
0.8394000244140625 1.0672027092866739e-13
0.8404000244140625 8.634237770151556e-14
0.8414000244140625 8.213016014732724e-14
0.8424000244140625 3.3235159509824664e-10
0.8434000244140625 4.082531361597946e-10
0.8444000244140625 1.4421323270709375e-10
0.8454000244140625 1.5265742371145647e-11
0.8464000244140625 8.968470923741388e-14
0.8474000244140625 3.345370814264901e-10
0.8484000244140625 1.0627800096718466e-13
0.8494000244140625 8.326601370121259e-14
0.8504000244140625 5.502838156464167e-11
0.8514000244140625 1.0444732601932463e-13
0.8524000244140625 1.0666911939926004e-10
0.8534000244140625 1.2344922769811074e-13
0.8544000244140625 3.229747014790979e-10
0.8554000244140625 7.440563443946021e-14
0.8564000244140625 7.827850236437245e-11
0.8574000244140625 5.1519824052172576e-14
0.8584000244140625 2.625634277580994e-10
0.8594000244140625 1.6457594042505345e-10
0.8604000244140625 2.912694901691101e-10
0.8614000244140625 4.967219621359062e-10
0.8624000244140625 6.342839699863555e-14
0.8634000244140625 3.5800417839177536e-10
0.8644000244140625 9.47979983146084e-14
0.8654000244140625 1.025587669272912e-13
0.8664000244140625 4.199522024912058e-10
0.8674000244140625 6.76279416994389e-14
0.8684000244140625 1.2801488430081072e-09
0.8694000244140625 1.1000755221352365e-13
0.8704000244140625 1.1189203165324285e-13
0.8714000244140625 5.997917502506649e-10
0.8724000244140625 1.8747892699187814e-10
0.8734000244140625 1.3617827077181748e-09
0.8744000244140625 9.43891543398721e-14
0.8754000244140625 9.794643779899885e-14
0.8764000244140625 1.0054799425607445e-09
0.8774000244140625 1.0434339352398843e-13
0.8784000244140625 8.54002985231221e-10
0.8794000244140625 9.266279071288713e-14
0.8804000244140625 1.4720790756443322e-09
0.8814000244140625 7.460871839362316e-14
0.8824000244140625 2.7866378322222785e-09
0.8834000244140625 7.404731860678108e-14
0.8844000244140625 6.417623498446746e-14
0.8854000244140625 2.6171204345909908e-09
0.8864000244140625 6.954644795572923e-14
0.8874000244140625 2.2487856040672228e-10
0.8884000244140625 6.364295997936127e-14
0.8894000244140625 6.267990975076895e-14
0.8904000244140625 7.674065885865342e-14
0.8914000244140625 9.576627564827958e-10
0.8924000244140625 3.3832382419006323e-09
0.8934000244140625 4.2350076127164007e-10
0.8944000244140625 3.5581114061307247e-09
0.8954000244140625 3.601010887182401e-09
0.8964000244140625 9.483160389972833e-14
0.8974000244140625 4.96638283568981e-09
0.8984000244140625 7.214867968153364e-09
0.8994000244140625 9.21435571197046e-14
0.9004000244140625 9.517513630928158e-11
0.9014000244140625 6.928889359351367e-11
0.9024000244140625 3.0240793152659235e-10
0.9034000244140625 6.9751600009183506e-12
0.9044000244140625 1.5254729764623275e-10
0.9054000244140625 9.021823477843765e-11
0.9064000244140625 1.108774609420124e-10
0.9074000244140625 1.6351819627568414e-10
0.9084000244140625 5.421257880300894e-12
0.9094000244140625 6.073162961340515e-11
0.9104000244140625 7.249608525729304e-14
0.9114000244140625 4.692445361924516e-11
0.9124000244140625 2.9391554669737304e-11
0.9134000244140625 6.23008056968138e-11
0.9144000244140625 9.260440196186327e-11
0.9154000244140625 1.0110924468400637e-10
0.9164000244140625 5.876934330457564e-11
0.9174000244140625 1.1765488534927205e-10
0.9184000244140625 1.1201927747023325e-10
0.9194000244140625 1.5420153946925926e-10
0.9204000244140625 2.0717186414506278e-10
0.9214000244140625 1.7159727757374334e-10
0.9224000244140625 2.587560281238317e-10
0.9234000244140625 2.0242840126367912e-10
0.9244000244140625 3.324896071165652e-10
0.9254000244140625 2.942464245230794e-10
0.9264000244140626 2.0440344038133844e-10
0.9274000244140626 1.629988037708561e-10
0.9284000244140626 2.2670840303560333e-10
0.9294000244140626 1.5335207318737985e-10
0.9304000244140626 2.37793099991403e-10
0.9314000244140626 1.780909028077141e-10
0.9324000244140624 2.1273144102743838e-10
0.9334000244140624 5.968508741537648e-10
0.9344000244140624 3.851445479063417e-10
0.9354000244140624 4.3203592032407707e-10
0.9364000244140624 6.384714986748877e-10
0.9374000244140624 8.862503186904319e-10
0.9384000244140625 6.431190123675688e-10
0.9394000244140625 1.0785374675328163e-09
0.9404000244140625 1.327108536927233e-09
0.9414000244140625 1.4236972466697633e-09
0.9424000244140625 1.6061433987082547e-09
0.9434000244140625 1.8597078698658764e-09
0.9444000244140625 1.87405036444295e-09
0.9454000244140625 2.029985374435127e-09
0.9464000244140625 1.7095615806323656e-09
0.9474000244140625 1.5103464120010316e-09
0.9484000244140625 1.2865190352669438e-09
0.9494000244140625 6.368826735320699e-10
0.9504000244140625 6.870369861840964e-10
0.9514000244140625 6.456770017586977e-10
0.9524000244140625 1.1812657107574969e-10
0.9534000244140625 2.68931844884975e-10
0.9544000244140625 2.1946866604499455e-10
0.9554000244140625 1.1234866318251836e-10
0.9564000244140625 3.545078956799174e-10
0.9574000244140625 7.497018157710835e-11
0.9584000244140625 6.412633943676121e-11
0.9594000244140625 1.3556128687358167e-10
0.9604000244140625 4.421812208345165e-10
0.9614000244140625 6.615573266986345e-10
0.9624000244140625 5.521676513403821e-10
0.9634000244140625 8.25118442272852e-10
0.9644000244140625 1.2330308979755814e-09
0.9654000244140625 1.2641567141711721e-09
0.9664000244140625 1.3142533642787865e-09
0.9674000244140625 1.914873045788308e-09
0.9684000244140625 1.5800400083278818e-09
0.9694000244140625 1.6532035026487332e-09
0.9704000244140625 7.409531950811446e-10
0.9714000244140625 1.501886853365232e-09
0.9724000244140625 1.6049358473710006e-09
0.9734000244140625 1.3797871949006906e-09
0.9744000244140625 1.1760107200095894e-09
0.9754000244140625 1.867206834911554e-09
0.9764000244140625 2.2659506176631377e-09
0.9774000244140625 1.2208493627962783e-09
0.9784000244140625 2.0938839080545387e-09
0.9794000244140625 2.6711512594883673e-09
0.9804000244140625 5.1835658073218074e-09
0.9814000244140625 4.719640578988284e-09
0.9824000244140625 6.929719615704161e-09
0.9834000244140625 3.945755265986778e-09
0.9844000244140625 6.032744166820692e-09
0.9854000244140625 6.965044012794933e-09
0.9864000244140625 4.733402064782414e-09
0.9874000244140625 7.354983511250711e-09
0.9884000244140625 1.3305789055175838e-08
0.9894000244140625 1.615837948409759e-08
0.9904000244140625 1.6894381768084525e-08
0.9914000244140625 4.961047480635919e-09
0.9924000244140625 2.339808192237527e-08
0.9934000244140625 2.301433595320882e-08
0.9944000244140625 4.041586038568268e-08
0.9954000244140625 5.083979078484179e-08
0.9964000244140625 6.286363672715849e-08
0.9974000244140625 7.887199824770575e-08
0.9984000244140625 6.32974909427729e-08
0.9994000244140625 1.1150213263973494e-07
1.0004000244140625 8.867578228702831e-08
1.0014000244140624 1.8229318979043262e-07
1.0024000244140625 1.2889802781978658e-07
1.0034000244140624 1.540750589803639e-07
1.0044000244140625 6.919227738283143e-08
1.0054000244140624 2.153708028982199e-11
1.0064000244140625 2.353818198672059e-07
1.0074000244140624 4.282723183326538e-07
1.0084000244140625 5.9306485102272924e-09
1.0094000244140624 5.239352036095517e-07
1.0104000244140625 2.4869549522856912e-11
1.0114000244140624 2.5172963157500464e-07
1.0124000244140625 4.693107209778902e-08
1.0134000244140624 8.287810501556634e-07
1.0144000244140625 2.9259802870450515e-07
1.0154000244140624 2.4974624167228014e-07
1.0164000244140625 3.275163532814089e-07
1.0174000244140624 8.205224674309498e-08
1.0184000244140625 1.1813400276744827e-07
1.0194000244140624 2.871416718833064e-11
1.0204000244140625 8.075509165937756e-08
1.0214000244140624 7.450854808696636e-07
1.0224000244140625 2.9569895480067664e-11
1.0234000244140624 7.60647454636791e-07
1.0244000244140625 2.98460760684283e-11
1.0254000244140624 4.3973682058594494e-07
1.0264000244140625 5.378328384350199e-07
1.0274000244140624 1.6378899226392208e-07
1.0284000244140625 1.004532441868339e-06
1.0294000244140624 3.044562262140882e-11
1.0304000244140625 2.7603675045423353e-07
1.0314000244140624 7.049769219515442e-07
1.0324000244140625 2.2517574444920466e-07
1.0334000244140624 1.8891128154570058e-07
1.0344000244140625 1.302334134771037e-07
1.0354000244140624 3.020626724082896e-08
1.0364000244140625 2.0645311797218935e-07
1.0374000244140624 4.545143117291172e-08
1.0384000244140625 2.552493256514758e-07
1.0394000244140624 1.364023364605492e-07
1.0404000244140625 2.3427150606493342e-07
1.0414000244140624 9.929454156650945e-07
1.0424000244140625 3.1043256289345306e-11
1.0434000244140624 1.745820890909307e-07
1.0444000244140625 5.776111167849209e-07
1.0454000244140624 2.7671237794810206e-08
1.0464000244140625 2.906016305513395e-07
1.0474000244140624 1.2077016241901878e-07
1.0484000244140625 3.1350234466031935e-11
1.0494000244140624 4.905888329647398e-07
1.0504000244140625 4.250904471859586e-07
1.0514000244140624 1.9894672380414594e-07
1.0524000244140626 3.5136847016670795e-07
1.0534000244140624 1.6122561190321755e-07
1.0544000244140626 2.0267826231457282e-07
1.0554000244140624 1.2604658889967724e-07
1.0564000244140626 7.246058205638716e-08
1.0574000244140624 3.8295018296867034e-09
1.0584000244140626 7.017829561559814e-07
1.0594000244140624 9.593695759763923e-08
1.0604000244140626 2.1152423829987388e-08
1.0614000244140624 3.935413164961605e-08
1.0624000244140626 3.033194228669452e-07
1.0634000244140625 5.205045305256859e-07
1.0644000244140626 8.369055611918221e-07
1.0654000244140625 6.382084059214008e-08
1.0664000244140626 1.1675723890669154e-07
1.0674000244140625 7.929560665855439e-07
1.0684000244140626 1.6389273734854902e-07
1.0694000244140625 3.2151792222174115e-11
1.0704000244140626 5.718618007394889e-07
1.0714000244140625 2.495514145001357e-07
1.0724000244140626 3.220920356029201e-11
1.0734000244140625 3.3342151121022474e-07
1.0744000244140626 6.9461157106546375e-09
1.0754000244140625 3.335511469924336e-07
1.0764000244140626 1.593433330635277e-08
1.0774000244140625 1.5698356785007744e-07
1.0784000244140626 1.0582045217376337e-07
1.0794000244140625 1.02142005784649e-07
1.0804000244140626 1.4898879627598293e-07
1.0814000244140625 4.07739888508492e-07
1.0824000244140626 2.480585919885666e-07
1.0834000244140625 4.0949740302782864e-07
1.0844000244140626 6.360873035238671e-08
1.0854000244140625 6.405032757743789e-08
1.0864000244140626 1.384468838435659e-07
1.0874000244140625 3.021878115469223e-07
1.0884000244140626 1.5315336200543066e-07
1.0894000244140625 8.765393330593468e-08
1.0904000244140626 2.809807842703142e-07
1.0914000244140625 3.909184185371809e-09
1.0924000244140626 4.355759626014095e-08
1.0934000244140625 4.6012386474879026e-07
1.0944000244140626 1.389215143566126e-07
1.0954000244140625 4.6696823866369396e-07
1.0964000244140626 6.285560446575942e-07
1.0974000244140625 1.207561437769718e-08
1.0984000244140626 6.418557994248012e-07
1.0994000244140625 5.523216266930001e-07
1.1004000244140626 3.837037526486733e-07
1.1014000244140625 9.056741025764878e-07
1.1024000244140626 4.047554793866626e-08
1.1034000244140625 1.8718028103303526e-07
1.1044000244140626 1.3895677222130558e-07
1.1054000244140625 6.110137840819963e-07
1.1064000244140626 4.52577917384687e-07
1.1074000244140625 6.97933369290897e-07
1.1084000244140626 3.06449556038589e-07
1.1094000244140625 1.0660717729904668e-07
1.1104000244140626 1.0664857234272176e-07
1.1114000244140625 2.880104119346131e-07
1.1124000244140626 3.494514097476112e-08
1.1134000244140625 1.4180330959173092e-07
1.1144000244140626 3.7524299340515536e-07
1.1154000244140625 2.949299014467453e-07
1.1164000244140626 9.47500834995017e-08
1.1174000244140625 1.199179837771973e-07
1.1184000244140626 1.976519666666916e-07
1.1194000244140625 6.991669685583581e-07
1.1204000244140624 3.436374782478263e-11
1.1214000244140625 9.295394610606683e-07
1.1224000244140624 2.7537567510696226e-07
1.1234000244140625 1.315199914715952e-07
1.1244000244140624 7.085041229929781e-08
1.1254000244140625 2.404210707057182e-07
1.1264000244140624 3.5541086020485177e-07
1.1274000244140625 5.134523932970625e-07
1.1284000244140624 2.5283348267755923e-07
1.1294000244140625 4.96472985418919e-07
1.1304000244140624 4.137766910876948e-07
1.1314000244140625 5.03036948423194e-07
1.1324000244140624 4.46523196718519e-07
1.1334000244140625 3.930438522860033e-08
1.1344000244140624 2.0022727406357994e-08
1.1354000244140625 1.215319078083816e-06
1.1364000244140624 3.5034141403416476e-11
1.1374000244140625 1.0884445584101601e-06
1.1384000244140624 5.64259291616366e-07
1.1394000244140625 7.338066479426676e-07
1.1404000244140624 1.2295861023497477e-07
1.1414000244140625 3.5212527866276086e-07
1.1424000244140624 6.340044075995982e-08
1.1434000244140625 3.092650413266669e-07
1.1444000244140624 7.596983426835538e-07
1.1454000244140625 2.0487082385443178e-07
1.1464000244140624 8.579143209460016e-08
1.1474000244140625 3.4437859838876225e-07
1.1484000244140624 5.388309773450274e-08
1.1494000244140625 3.0773532401995065e-07
1.1504000244140624 3.117770051634228e-07
1.1514000244140625 5.493210473635969e-07
1.1524000244140624 7.216317159927495e-07
1.1534000244140625 5.5220957604986465e-08
1.1544000244140624 1.459851997655043e-07
1.1554000244140625 8.876461164891498e-08
1.1564000244140624 3.7899367300941193e-07
1.1574000244140625 3.6246462829518326e-11
1.1584000244140624 7.01703420952383e-07
1.1594000244140625 6.40784243729786e-07
1.1604000244140624 9.149126891340841e-07
1.1614000244140625 3.1252710980989283e-07
1.1624000244140624 5.128035282967179e-07
1.1634000244140625 4.7165914821074117e-07
1.1644000244140624 2.020425245500041e-07
1.1654000244140625 1.1966058765256973e-07
1.1664000244140624 6.38929745947347e-07
1.1674000244140625 3.361538208286465e-07
1.1684000244140624 1.9270887635126979e-07
1.1694000244140625 1.4020802192665335e-06
1.1704000244140624 3.635356758923542e-11
1.1714000244140625 4.2411930734556624e-07
1.1724000244140624 4.7644838950335233e-07
1.1734000244140625 2.506668906950854e-07
1.1744000244140624 1.6852499886189965e-07
1.1754000244140625 2.487341936564259e-07
1.1764000244140624 1.5357832178035658e-07
1.1774000244140626 1.6727796245885172e-07
1.1784000244140624 1.700045807432352e-07
1.1794000244140626 5.297312162609281e-07
1.1804000244140624 7.252898079785679e-07
1.1814000244140626 8.556065708780917e-07
1.1824000244140624 7.234819229956306e-07
1.1834000244140626 1.5602988701045695e-07
1.1844000244140624 5.302787358372897e-07
1.1854000244140626 1.3651256676457698e-07
1.1864000244140624 4.825498092741787e-07
1.1874000244140626 1.9847908962838605e-07
1.1884000244140625 1.2911895085799494e-07
1.1894000244140626 4.686091935425906e-07
1.1904000244140625 2.6330220760772205e-07
1.1914000244140626 9.904106286725176e-07
1.1924000244140625 2.4654899661037093e-11
1.1934000244140626 2.367653205800021e-11
1.1944000244140625 5.913465875531623e-07
1.1954000244140626 1.6493379168764164e-07
1.1964000244140625 3.487102601236691e-07
1.1974000244140626 3.721911868431072e-07
1.1984000244140625 8.879458846759743e-08
1.1994000244140626 4.111067513786813e-07
1.2004000244140625 3.2068679674796595e-07
1.2014000244140626 4.712976643454133e-08
1.2024000244140625 5.080001698027646e-07
1.2034000244140626 2.5010194146346466e-07
1.2044000244140625 2.410097568132485e-07
1.2054000244140626 1.3729127606088193e-07
1.2064000244140625 2.6013819006152107e-11
1.2074000244140626 6.828550986816244e-07
1.2084000244140625 2.929805253907812e-07
1.2094000244140626 2.1528685877285788e-07
1.2104000244140625 1.9399679511333093e-07
1.2114000244140626 4.3360058347261724e-07
1.2124000244140625 4.114582403238723e-07
1.2134000244140626 4.6814958002028875e-07
1.2144000244140625 8.059794268639825e-08
1.2154000244140626 2.9921137122923434e-08
1.2164000244140625 5.964534274812346e-07
1.2174000244140626 4.131120190989613e-07
1.2184000244140625 1.0146287760950777e-07
1.2194000244140626 8.304380995494417e-07
1.2204000244140625 4.492321717138503e-08
1.2214000244140626 5.222056226498927e-07
1.2224000244140625 1.5190802001646246e-07
1.2234000244140626 8.015312275648194e-07
1.2244000244140625 1.213117169335384e-07
1.2254000244140626 3.775146129251465e-11
1.2264000244140625 2.6265141077654214e-07
1.2274000244140626 9.585335545611955e-07
1.2284000244140625 7.040279268996587e-08
1.2294000244140626 2.1919964495343467e-07
1.2304000244140625 5.51317951567859e-07
1.2314000244140626 6.459859752311528e-07
1.2324000244140625 5.359256967146225e-08
1.2334000244140626 3.2369008738738936e-07
1.2344000244140625 2.70064186196443e-07
1.2354000244140626 3.788874208577269e-11
1.2364000244140625 1.0915192199805164e-07
1.2374000244140626 1.1101415198170684e-06
1.2384000244140625 6.279869907690606e-07
1.2394000244140626 6.852479456314117e-08
1.2404000244140625 1.15560502026409e-06
1.2414000244140626 5.668993286348125e-07
1.2424000244140625 3.292669441860021e-07
1.2434000244140626 4.50924177222805e-07
1.2444000244140625 7.513878364766799e-07
1.2454000244140624 7.384075404297204e-07
1.2464000244140625 5.204895050706956e-07
1.2474000244140624 5.722645853190459e-07
1.2484000244140625 1.2435460899013404e-07
1.2494000244140624 5.175248574947352e-07
1.2504000244140625 3.5135550723099086e-07
1.2514000244140624 1.4197500330183623e-07
1.2524000244140625 4.55558764073976e-07
1.2534000244140624 1.1676435306396717e-07
1.2544000244140625 1.1953893807269623e-06
1.2554000244140624 1.864453449088678e-07
1.2564000244140625 8.626255823095296e-07
1.2574000244140624 4.95121971532269e-07
1.2584000244140625 1.5091353349437898e-07
1.2594000244140624 4.304685288386617e-08
1.2604000244140625 7.692100358556211e-07
1.2614000244140624 4.370586174240935e-07
1.2624000244140625 3.1830639403712275e-07
1.2634000244140624 6.432004606378414e-07
1.2644000244140625 7.64178241687625e-07
1.2654000244140624 3.8301683400263685e-11
1.2664000244140625 6.34748162793342e-07
1.2674000244140624 6.927475996635181e-07
1.2684000244140625 6.27549453579062e-08
1.2694000244140624 1.4872361645427754e-06
1.2704000244140625 7.283834285907607e-07
1.2714000244140624 1.1236502183110491e-07
1.2724000244140625 7.115352870995601e-07
1.2734000244140624 1.0756800756295923e-07
1.2744000244140625 8.036602661161012e-07
1.2754000244140624 7.592211006553948e-08
1.2764000244140625 5.837529537882248e-07
1.2774000244140624 4.4767561452847355e-08
1.2784000244140625 1.3431843208367585e-07
1.2794000244140624 1.3797535018920389e-06
1.2804000244140625 4.123736823286763e-07
1.2814000244140624 5.944593521540604e-08
1.2824000244140625 4.988717124133024e-07
1.2834000244140624 9.431690212376238e-07
1.2844000244140625 5.437325516536873e-07
1.2854000244140624 2.054316240267143e-07
1.2864000244140625 1.0963911201998953e-06
1.2874000244140624 2.319698932751727e-07
1.2884000244140625 5.692544621328637e-07
1.2894000244140624 8.995696189373345e-07
1.2904000244140625 8.572791247646592e-08
1.2914000244140624 5.221791505694469e-07
1.2924000244140625 3.522599084960327e-07
1.2934000244140624 7.585970840971817e-08
1.2944000244140625 5.267363775069258e-07
1.2954000244140624 2.9811749730101915e-07
1.2964000244140625 5.984719162089597e-07
1.2974000244140624 4.6280660062672196e-07
1.2984000244140625 3.8282795023569006e-08
1.2994000244140624 5.891560208596807e-07
1.3004000244140625 7.971034419537009e-07
1.3014000244140624 7.299129660782578e-08
1.3024000244140626 3.879461318111944e-11
1.3034000244140624 5.953298064256962e-07
1.3044000244140626 2.0394744089744835e-07
1.3054000244140624 3.3770561085573963e-07
1.3064000244140626 1.2484287751153961e-07
1.3074000244140624 1.694072552603068e-07
1.3084000244140626 3.949506467818016e-07
1.3094000244140624 8.05583116521012e-07
1.3104000244140626 1.8367654924302703e-07
1.3114000244140624 5.140555645793543e-07
1.3124000244140626 8.82290857333543e-08
1.3134000244140625 3.155235811605193e-07
1.3144000244140626 8.901599773325565e-07
1.3154000244140625 7.978100689182196e-08
1.3164000244140626 2.416775062277693e-07
1.3174000244140625 1.7313341044254e-07
1.3184000244140626 1.9508640867084782e-07
1.3194000244140625 5.642394686594719e-07
1.3204000244140626 1.390901677168813e-07
1.3214000244140625 1.5851201769897267e-07
1.3224000244140626 1.9171589316276792e-07
1.3234000244140625 5.192837570685033e-07
1.3244000244140626 4.865652195178827e-07
1.3254000244140625 5.311949548565616e-08
1.3264000244140626 9.213992254338507e-07
1.3274000244140625 1.3316288230749703e-07
1.3284000244140626 7.576216123687959e-07
1.3294000244140625 3.129812900337913e-07
1.3304000244140626 1.66760964852643e-07
1.3314000244140625 4.4926766682238863e-07
1.3324000244140626 7.240409844720351e-07
1.3334000244140625 1.8679641201190358e-07
1.3344000244140626 7.895334467188218e-07
1.3354000244140625 8.862841070529057e-07
1.3364000244140626 2.1819420809341396e-07
1.3374000244140625 5.073224493747499e-09
1.3384000244140626 6.053552074778286e-07
1.3394000244140625 3.8066531969688926e-07
1.3404000244140626 9.158929614352792e-08
1.3414000244140625 3.0397631447112095e-08
1.3424000244140626 9.880625126604503e-08
1.3434000244140625 7.036335260686408e-07
1.3444000244140626 4.035358573010246e-07
1.3454000244140625 1.3163624435250802e-06
1.3464000244140626 1.6313386692348985e-07
1.3474000244140625 3.126768816589796e-07
1.3484000244140626 7.329324188168514e-07
1.3494000244140625 3.1691684274479156e-07
1.3504000244140626 5.49920798738073e-07
1.3514000244140625 2.955178906939188e-07
1.3524000244140626 1.7313072203093985e-06
1.3534000244140625 3.993889004512023e-11
1.3544000244140626 4.281878209951026e-07
1.3554000244140625 8.772197224933164e-07
1.3564000244140626 6.227456243798523e-07
1.3574000244140625 4.689561412507371e-07
1.3584000244140626 6.933247711213907e-07
1.3594000244140625 1.2350016444284827e-06
1.3604000244140626 8.018966844830378e-07
1.3614000244140625 9.030341544326075e-07
1.3624000244140626 4.4892897824996475e-07
1.3634000244140625 5.334450086020582e-07
1.3644000244140626 7.13264916345528e-07
1.3654000244140625 9.319234881878958e-07
1.3664000244140626 5.618455032880592e-07
1.3674000244140625 1.204718265767227e-06
1.3684000244140626 4.421107307157847e-07
1.3694000244140625 8.181068138349318e-07
1.3704000244140624 1.1903791803071917e-06
1.3714000244140625 3.134368524454271e-08
1.3724000244140624 2.717163735775734e-07
1.3734000244140625 1.3742947968908888e-06
1.3744000244140624 5.770410462438834e-07
1.3754000244140625 1.0224562732873882e-06
1.3764000244140624 4.2231520402003096e-07
1.3774000244140625 7.356782346523245e-07
1.3784000244140624 7.202440362276577e-07
1.3794000244140625 9.219474029504756e-07
1.3804000244140624 1.5686251332270996e-06
1.3814000244140625 5.545449159096292e-07
1.3824000244140624 9.661179588112205e-07
1.3834000244140625 1.2234505743320853e-06
1.3844000244140624 7.881535521003078e-07
1.3854000244140625 6.774019903703659e-07
1.3864000244140624 1.1574123605375691e-06
1.3874000244140625 4.766358103881659e-07
1.3884000244140624 9.654863835459097e-07
1.3894000244140625 2.5896062338651624e-07
1.3904000244140624 2.927293890024176e-07
1.3914000244140625 8.885386146351766e-07
1.3924000244140624 8.758538152203262e-07
1.3934000244140625 3.3492515113870253e-07
1.3944000244140624 2.761827833098831e-07
1.3954000244140625 3.7652462588533576e-07
1.3964000244140624 8.976969927984866e-07
1.3974000244140625 6.143004785559319e-07
1.3984000244140624 7.00537361106017e-07
1.3994000244140625 6.702639175017467e-08
1.4004000244140624 9.115842224660919e-07
1.4014000244140625 1.1209561372488828e-06
1.4024000244140624 1.5768773258233657e-06
1.4034000244140625 7.344754056503279e-08
1.4044000244140624 4.1243505729153145e-07
1.4054000244140625 1.7754007418545281e-06
1.4064000244140624 1.3442078173362162e-06
1.4074000244140625 3.964991528216092e-11
1.4084000244140624 7.128826689711185e-07
1.4094000244140625 1.1950459330352282e-06
1.4104000244140624 1.0806192956043733e-06
1.4114000244140625 2.617843580281198e-07
1.4124000244140624 1.0089830227670667e-06
1.4134000244140625 5.596955560710185e-07
1.4144000244140624 7.413467592224267e-07
1.4154000244140625 8.124337100599305e-07
1.4164000244140624 1.7452842593095336e-06
1.4174000244140625 4.038939121538653e-11
1.4184000244140624 1.14168501093348e-06
1.4194000244140625 9.370729343888341e-07
1.4204000244140624 8.253109091820613e-07
1.4214000244140625 6.43311125903752e-07
1.4224000244140624 8.448784130415678e-07
1.4234000244140625 4.0040644207777916e-11
1.4244000244140624 2.9487344190099756e-07
1.4254000244140625 3.701624642339601e-07
1.4264000244140624 5.448817075523134e-07
1.4274000244140626 6.678671768785299e-07
1.4284000244140624 6.903535580733864e-07
1.4294000244140626 6.220463888859923e-07
1.4304000244140624 6.666705203905435e-07
1.4314000244140626 1.3428743530469454e-06
1.4324000244140624 5.624311230818463e-07
1.4334000244140626 9.54785108739158e-07
1.4344000244140624 1.4889157403311756e-07
1.4354000244140626 1.1099640691320016e-06
1.4364000244140624 8.881911779218786e-07
1.4374000244140626 2.9211719601119e-07
1.4384000244140625 9.708077416888433e-07
1.4394000244140626 6.118110637391578e-07
1.4404000244140625 7.4654278142717e-08
1.4414000244140626 6.687688100878052e-07
1.4424000244140625 7.085942225098625e-07
1.4434000244140626 1.3699888444033008e-07
1.4444000244140625 4.854745939815944e-07
1.4454000244140626 1.6011179490391144e-07
1.4464000244140625 3.1306436289187745e-08
1.4474000244140626 1.0086705831003959e-07
1.4484000244140625 7.106772125712856e-07
1.4494000244140626 6.042050758981562e-07
1.4504000244140625 2.0710987655994053e-07
1.4514000244140626 4.128835968184241e-07
1.4524000244140625 2.984535950293843e-07
1.4534000244140626 3.1093872413910285e-07
1.4544000244140625 5.314432986461632e-07
1.4554000244140626 2.559728982634603e-07
1.4564000244140625 5.767812691355709e-07
1.4574000244140626 8.150844416326132e-07
1.4584000244140625 5.616554381448797e-08
1.4594000244140626 1.5261350108621873e-07
1.4604000244140625 4.473749203848433e-07
1.4614000244140626 2.5624272408155673e-07
1.4624000244140625 5.5550117483764e-07
1.4634000244140626 5.319995489970336e-08
1.4644000244140625 3.53083917816078e-07
1.4654000244140626 6.575757933763552e-07
1.4664000244140625 8.814196336734046e-08
1.4674000244140626 1.9362360782365089e-07
1.4684000244140625 9.04403267957042e-07
1.4694000244140626 1.4325785478029662e-07
1.4704000244140625 8.380182596364202e-07
1.4714000244140626 3.8973356462034067e-07
1.4724000244140625 1.551902479087882e-07
1.4734000244140626 1.2492969903704828e-06
1.4744000244140625 3.538983852710436e-07
1.4754000244140626 8.185256189997103e-07
1.4764000244140625 5.116776845809634e-07
1.4774000244140626 1.3929448520735721e-06
1.4784000244140625 1.3411799481798173e-06
1.4794000244140626 2.6405510845198825e-07
1.4804000244140625 2.00133795155317e-07
1.4814000244140626 1.837013439275287e-06
1.4824000244140625 9.701883485656835e-07
1.4834000244140626 5.097772488883929e-07
1.4844000244140625 6.939400547746471e-07
1.4854000244140626 5.905630862809254e-07
1.4864000244140625 1.162462412398331e-06
1.4874000244140626 1.26489704654742e-06
1.4884000244140625 4.71181445072e-07
1.4894000244140626 1.1493857156256439e-06
1.4904000244140625 7.998257078559542e-07
1.4914000244140626 9.384478521561676e-07
1.4924000244140625 8.136990456842876e-07
1.4934000244140626 3.5253384656822043e-07
1.4944000244140625 9.65884898676342e-07
1.4954000244140624 1.1476947451933947e-06
1.4964000244140625 2.642306380558362e-07
1.4974000244140624 2.78003944603804e-07
1.4984000244140625 1.3990390700233558e-06
1.4994000244140624 4.59731650665355e-07
1.5004000244140625 5.083925740291725e-07
1.5014000244140624 8.17856570896508e-07
1.5024000244140625 1.4727894821335153e-06
1.5034000244140624 7.360119073181054e-08
1.5044000244140625 9.199881233122967e-07
1.5054000244140624 8.568471100670207e-08
1.5064000244140625 4.5508753608624647e-07
1.5074000244140624 3.7467589876830305e-07
1.5084000244140625 7.26680849494544e-07
1.5094000244140624 9.82957178344308e-07
1.5104000244140625 1.3801039036198735e-06
1.5114000244140624 2.8550690498347377e-07
1.5124000244140625 3.316992631778567e-07
1.5134000244140624 4.871048153152732e-07
1.5144000244140625 5.940832194917038e-07
1.5154000244140624 4.990531812662376e-07
1.5164000244140625 1.4802563789940207e-06
1.5174000244140624 4.490854567778128e-07
1.5184000244140625 4.481990128024231e-07
1.5194000244140624 5.072702427574923e-07
1.5204000244140625 8.23656316784711e-07
1.5214000244140624 9.664284304664214e-07
1.5224000244140625 7.028402570930178e-07
1.5234000244140624 4.462085356700735e-07
1.5244000244140625 6.485417707359665e-07
1.5254000244140624 7.288619408743422e-07
1.5264000244140625 7.67169390648824e-07
1.5274000244140624 3.5061864337926504e-07
1.5284000244140625 1.3333587870817106e-06
1.5294000244140624 1.4607687269481855e-06
1.5304000244140625 2.4229209883387267e-07
1.5314000244140624 9.85787331022959e-08
1.5324000244140625 8.60891050002041e-07
1.5334000244140624 1.8332565734559472e-07
1.5344000244140625 1.2429680102125352e-06
1.5354000244140624 1.1061366962738407e-06
1.5364000244140625 5.357739429047579e-07
1.5374000244140624 6.942791899266339e-07
1.5384000244140625 9.65797513953112e-07
1.5394000244140624 3.970914057383224e-07
1.5404000244140625 6.34337291145586e-08
1.5414000244140624 8.098785949548805e-07
1.5424000244140625 2.0058159154977044e-06
1.5434000244140624 2.094083789523253e-06
1.5444000244140625 1.126785568652149e-06
1.5454000244140624 1.0500449947354775e-06
1.5464000244140625 1.0052061438512047e-06
1.5474000244140624 1.3310972070742539e-06
1.5484000244140625 1.0229221912162976e-06
1.5494000244140624 1.2370744772196128e-06
1.5504000244140625 3.0903624284941067e-07
1.5514000244140624 4.380214432674694e-07
1.5524000244140626 1.4186667844848496e-06
1.5534000244140624 6.752391164464797e-08
1.5544000244140626 2.984512463541763e-07
1.5554000244140624 9.743091361309842e-07
1.5564000244140626 7.021941692637826e-07
1.5574000244140624 8.262548790600975e-08
1.5584000244140626 1.164454971694524e-06
1.5594000244140624 7.03091530748956e-07
1.5604000244140626 5.256725846229717e-07
1.5614000244140624 1.7099179165155023e-06
1.5624000244140626 8.703759251548365e-07
1.5634000244140625 1.0011359631092115e-06
1.5644000244140626 4.368538336034052e-11
1.5654000244140625 5.02493975428134e-07
1.5664000244140626 3.3726081908456815e-06
1.5674000244140625 2.877820198076906e-07
1.5684000244140626 3.940635156986449e-07
1.5694000244140625 1.2391706925724275e-06
1.5704000244140626 1.24028366979735e-06
1.5714000244140625 1.0166134301336783e-06
1.5724000244140626 1.2927390123747185e-06
1.5734000244140625 4.603339967109794e-07
1.5744000244140626 4.064080872584476e-07
1.5754000244140625 1.2815815262480935e-06
1.5764000244140626 1.5805332297963369e-06
1.5774000244140625 1.078299941269221e-06
1.5784000244140626 5.864193176260968e-07
1.5794000244140625 1.518467333252524e-06
1.5804000244140626 5.791291548236538e-07
1.5814000244140625 1.7378577386981865e-06
1.5824000244140626 1.0631514193595696e-06
1.5834000244140625 4.3626515685901156e-11
1.5844000244140626 1.5628894689354816e-06
1.5854000244140625 3.170403664016216e-07
1.5864000244140626 4.329029834696923e-07
1.5874000244140625 1.4333015135700064e-06
1.5884000244140626 1.8468757648766194e-06
1.5894000244140625 1.3562213888490098e-06
1.5904000244140626 1.5794319729866545e-06
1.5914000244140625 2.243696125293083e-06
1.5924000244140626 2.444157093099664e-06
1.5934000244140625 2.684455010958944e-06
1.5944000244140626 3.646285686182276e-06
1.5954000244140625 6.729775684022709e-06
1.5964000244140626 6.976271240379406e-06
1.5974000244140625 8.773918976794746e-06
1.5984000244140626 1.0302923817593167e-05
1.5994000244140625 1.428359290838566e-05
1.6004000244140626 1.637259728288984e-05
1.6014000244140625 1.8299381723753683e-05
1.6024000244140626 2.4047094480022894e-05
1.6034000244140625 3.038701070031278e-05
1.6044000244140626 3.632306777791869e-05
1.6054000244140625 4.51028783097519e-05
1.6064000244140626 5.697436672955766e-05
1.6074000244140625 7.431898713343027e-05
1.6084000244140626 9.623811855728168e-05
1.6094000244140625 0.00013189392447366562
1.6104000244140626 0.00018064315942039184
1.6114000244140625 0.000282777735144956
1.6124000244140626 0.00039138933668696695
1.6134000244140625 0.0006340290162595225
1.6144000244140626 0.0010366216511461094
1.6154000244140625 0.0018189847260319887
1.6164000244140626 0.0029759454810347856
1.6174000244140625 0.004874493566102291
1.6184000244140626 0.008175238280390398
1.6194000244140625 0.010744850856209385
1.6204000244140624 0.013052203278244235
1.6214000244140625 0.015216297280380046
1.6224000244140624 0.0186037204231934
1.6234000244140625 0.02082158427162294
1.6244000244140624 0.020244660753759823
1.6254000244140625 0.02482699130357035
1.6264000244140624 0.028557170157704197
1.6274000244140625 0.03542538869974153
1.6284000244140624 0.03718068659192483
1.6294000244140625 0.04749154530538441
1.6304000244140624 0.06004715432503108
1.6314000244140625 0.07128496175919528
1.6324000244140624 0.09168784113850661
1.6334000244140625 0.11954523344589862
1.6344000244140624 0.16076676271584434
1.6354000244140625 0.21365710587239384
1.6364000244140624 0.27292914746555264
1.6374000244140625 0.33697832202362377
1.6384000244140624 0.3707791755753401
1.6394000244140625 0.39756652753984434
1.6404000244140624 0.4209730828936018
1.6414000244140625 0.4204058480776869
1.6424000244140624 0.41974401840528974
1.6434000244140625 0.4172564800083661
1.6444000244140624 0.4215420350898966
1.6454000244140625 0.4307801575623212
1.6464000244140624 0.42410562876611835
1.6474000244140625 0.41687326035167493
1.6484000244140624 0.4174048552615831
1.6494000244140625 0.38275749676476284
1.6504000244140624 0.36244201005414056
1.6514000244140625 0.3179872301785278
1.6524000244140624 0.2708395960223775
1.6534000244140625 0.21022911164907698
1.6544000244140624 0.1666001325831013
1.6554000244140625 0.13270876187014136
1.6564000244140624 0.10094686599480764
1.6574000244140625 0.08250248476382979
1.6584000244140624 0.0666721599424587
1.6594000244140625 0.05673988601480172
1.6604000244140624 0.05061219157171423
1.6614000244140625 0.04358721861650862
1.6624000244140624 0.03492351910673648
1.6634000244140625 0.029652180478683968
1.6644000244140624 0.029712802632644014
1.6654000244140625 0.024971602716515467
1.6664000244140624 0.021816091429027795
1.6674000244140625 0.01811074478789179
1.6684000244140624 0.013256857538657643
1.6694000244140625 0.010607576599914506
1.6704000244140624 0.007099551502863895
1.6714000244140625 0.004990409362718119
1.6724000244140624 0.002973056508683781
1.6734000244140625 0.0018347666180723449
1.6744000244140624 0.0011176687011515102
1.6754000244140625 0.0006333189761257747
1.6764000244140624 0.0004339365644143204
1.6774000244140626 0.0002832293572002048
1.6784000244140624 0.00021478269006640338
1.6794000244140626 0.00014924584009452414
1.6804000244140624 0.00011477962159724287
1.6814000244140626 8.781568795844042e-05
1.6824000244140624 6.976041386811561e-05
1.6834000244140626 5.6782974501660844e-05
1.6844000244140624 4.286688943394519e-05
1.6854000244140626 3.639448271318052e-05
1.6864000244140624 2.8492737943740187e-05
1.6874000244140626 2.2832918816651853e-05
1.6884000244140625 1.9232460119588197e-05
1.6894000244140626 1.533077555751222e-05
1.6904000244140625 9.450951354082138e-06
1.6914000244140626 8.428071308138201e-06
1.6924000244140625 9.506068470455587e-06
1.6934000244140626 5.126467813401161e-06
1.6944000244140625 5.5099997378821475e-06
1.6954000244140626 3.583521127373006e-06
1.6964000244140625 4.521157694594582e-06
1.6974000244140626 3.5738221510973315e-07
1.6984000244140625 2.5935618324024775e-06
1.6994000244140626 1.5054313446944457e-06
1.7004000244140625 2.9028455387435143e-06
1.7014000244140626 1.1221883472905734e-06
1.7024000244140625 1.5276101052052197e-06
1.7034000244140626 2.0479894879974052e-06
1.7044000244140625 3.686391860435898e-06
1.7054000244140626 1.9692872486152537e-06
1.7064000244140625 4.958936096252992e-07
1.7074000244140626 1.9221621306621507e-06
1.7084000244140625 9.763561441166413e-07
1.7094000244140626 7.989044509877298e-07
1.7104000244140625 1.287617196005185e-06
1.7114000244140626 7.600434551374348e-07
1.7124000244140625 2.6116853859480155e-06
1.7134000244140626 1.8965698083922384e-06
1.7144000244140625 1.8225285206669966e-06
1.7154000244140626 1.285031109875883e-06
1.7164000244140625 2.866293192187413e-06
1.7174000244140626 7.398070448799723e-07
1.7184000244140625 2.6962417556873906e-06
1.7194000244140626 8.012004394875965e-07
1.7204000244140625 1.080342030142172e-06
1.7214000244140626 3.994400892395084e-07
1.7224000244140625 1.2793164691226257e-06
1.7234000244140626 6.390612940226823e-07
1.7244000244140625 2.7890419544205386e-06
1.7254000244140626 1.0767038314675472e-06
1.7264000244140625 7.367933899816112e-07
1.7274000244140626 1.1433961923391376e-07
1.7284000244140625 1.3685919125882392e-06
1.7294000244140626 1.496249504185275e-06
1.7304000244140625 1.0309481331778e-06
1.7314000244140626 4.666615374219037e-07
1.7324000244140625 1.8380093083578294e-06
1.7334000244140626 6.158428192345348e-07
1.7344000244140625 2.3628354786079954e-06
1.7354000244140626 2.1539162773093503e-06
1.7364000244140625 6.69289628871899e-07
1.7374000244140626 1.0497874050432608e-06
1.7384000244140625 1.140454950935711e-07
1.7394000244140626 8.867510655490253e-07
1.7404000244140625 6.238685786197245e-08
1.7414000244140626 2.3748364449028467e-06
1.7424000244140625 3.662235840749134e-08
1.7434000244140626 1.2761453816009543e-06
1.7444000244140625 1.6659164463614562e-06
1.7454000244140624 1.3145670775228431e-06
1.7464000244140625 2.8573382644829863e-06
1.7474000244140624 1.7295608059028313e-07
1.7484000244140625 1.1185193698936897e-06
1.7494000244140624 8.636854696200789e-07
1.7504000244140625 1.3701942894638547e-06
1.7514000244140624 1.7278862785932002e-06
1.7524000244140625 5.111907256598297e-07
1.7534000244140624 1.5145585324308406e-06
1.7544000244140625 7.634856112606587e-07
1.7554000244140624 1.262619654095223e-06
1.7564000244140625 6.973890484480591e-07
1.7574000244140624 1.997789124517221e-06
1.7584000244140625 5.873852642433212e-07
1.7594000244140624 1.7292960474653945e-06
1.7604000244140625 5.275246025308823e-07
1.7614000244140624 1.5659476423919577e-06
1.7624000244140625 2.598229927437637e-06
1.7634000244140624 5.842339906988398e-07
1.7644000244140625 7.929662475671736e-07
1.7654000244140624 9.137974883162557e-07
1.7664000244140625 7.919727124845578e-08
1.7674000244140624 2.4353981096807954e-06
1.7684000244140625 3.713311053603166e-06
1.7694000244140624 1.2211807791124941e-06
1.7704000244140625 8.907348115234896e-07
1.7714000244140624 1.9805989657750484e-06
1.7724000244140625 2.4933663310010995e-06
1.7734000244140624 1.8324798493797205e-06
1.7744000244140625 7.650624529360941e-08
1.7754000244140624 1.0963640740943287e-06
1.7764000244140625 4.109279743640534e-06
1.7774000244140624 1.1974688259065521e-06
1.7784000244140625 9.318294303322095e-07
1.7794000244140624 1.647298060144162e-06
1.7804000244140625 1.935497983267328e-06
1.7814000244140624 3.236056308361669e-07
1.7824000244140625 4.5373290701619875e-11
1.7834000244140624 3.49566934586528e-06
1.7844000244140625 4.446532364112505e-06
1.7854000244140624 1.5672595824669362e-06
1.7864000244140625 1.1695505335413619e-06
1.7874000244140624 2.8595885446121334e-06
1.7884000244140625 2.621868294434849e-07
1.7894000244140624 6.018830556957548e-07
1.7904000244140625 2.6528958543501605e-06
1.7914000244140624 1.8184527896778629e-06
1.7924000244140625 4.528284393026628e-11
1.7934000244140624 1.8238703545755532e-06
1.7944000244140625 2.6983557491890855e-06
1.7954000244140624 3.267607044592098e-06
1.7964000244140625 1.5745225016761086e-06
1.7974000244140624 4.385768699999107e-06
1.7984000244140625 1.7657575674535527e-06
1.7994000244140624 6.503192351384263e-07
1.8004000244140625 5.216727021201429e-06
1.8014000244140624 6.143871050762759e-07
1.8024000244140626 2.9921985449999653e-06
1.8034000244140624 2.342738897270192e-06
1.8044000244140626 1.7193830564003056e-06
1.8054000244140624 3.2492833735759702e-06
1.8064000244140626 8.533281391280543e-07
1.8074000244140624 2.678693635092606e-06
1.8084000244140626 1.7161353367001609e-06
1.8094000244140624 1.844420287493112e-06
1.8104000244140626 2.4515408649623833e-06
1.8114000244140624 2.3662234424702833e-06
1.8124000244140626 1.582349648944671e-06
1.8134000244140625 1.0823974950359764e-06
1.8144000244140626 1.6519627319317587e-06
1.8154000244140625 4.336584137785382e-06
1.8164000244140626 1.2529304069093151e-06
1.8174000244140625 1.9009171697242994e-06
1.8184000244140626 4.326691835455452e-06
1.8194000244140625 8.671180141753416e-07
1.8204000244140626 1.3854112264573768e-06
1.8214000244140625 1.1980582268121518e-07
1.8224000244140626 3.805592501482789e-07
1.8234000244140625 2.3632223041457516e-06
1.8244000244140626 1.9662786136282235e-06
1.8254000244140625 1.402575105538932e-06
1.8264000244140626 4.409344679911918e-06
1.8274000244140625 7.747743039504971e-06
1.8284000244140626 4.535558855681227e-11
1.8294000244140625 5.627066562763088e-06
1.8304000244140626 4.5422166909940504e-11
1.8314000244140625 2.9826072726062077e-06
1.8324000244140626 1.903279861692843e-06
1.8334000244140625 1.5372392591479378e-06
1.8344000244140626 6.989342740763598e-07
1.8354000244140625 6.41488257493848e-07
1.8364000244140626 2.826793625841978e-06
1.8374000244140625 1.7098706362621217e-06
1.8384000244140626 1.099955843528128e-06
1.8394000244140625 1.947142328321603e-06
1.8404000244140626 4.6878500944928227e-07
1.8414000244140625 4.859457765949447e-06
1.8424000244140626 2.4919601889895945e-06
1.8434000244140625 3.1766431368476453e-06
1.8444000244140626 9.371296337448601e-07
1.8454000244140625 4.5541422767640694e-11
1.8464000244140626 3.3611248079468793e-06
1.8474000244140625 3.731698936679781e-06
1.8484000244140626 1.1791356673996695e-06
1.8494000244140625 1.612847345679515e-06
1.8504000244140626 2.2715056948445857e-06
1.8514000244140625 2.729509901949176e-06
1.8524000244140626 3.1782365457791244e-06
1.8534000244140625 1.1091986317682363e-06
1.8544000244140626 7.970662990056552e-06
1.8554000244140625 4.586938693401271e-08
1.8564000244140626 2.4849346424077136e-06
1.8574000244140625 1.2238691776729359e-06
1.8584000244140626 4.566370585415441e-06
1.8594000244140625 2.692991323719415e-06
1.8604000244140626 2.5183702598294046e-06
1.8614000244140625 1.1623387770650337e-06
1.8624000244140626 3.895652219721474e-06
1.8634000244140625 8.71679516318174e-07
1.8644000244140626 2.5548952610712604e-06
1.8654000244140625 8.643322199590226e-07
1.8664000244140626 9.547056015519818e-07
1.8674000244140625 4.237665731671728e-06
1.8684000244140626 3.765100700639425e-06
1.8694000244140625 6.803377258104689e-07
1.8704000244140624 2.286730028921269e-06
1.8714000244140625 4.934018996409494e-06
1.8724000244140624 3.564911618957158e-06
1.8734000244140625 1.170860351286369e-07
1.8744000244140624 1.0063204920826063e-06
1.8754000244140625 7.606939713084429e-07
1.8764000244140624 4.9156796515643825e-06
1.8774000244140625 1.6196878357424593e-06
1.8784000244140624 4.989085347083472e-06
1.8794000244140625 2.2791349885122792e-07
1.8804000244140624 3.46803010642778e-06
1.8814000244140625 1.1998853518730219e-06
1.8824000244140624 2.439372615343763e-06
1.8834000244140625 3.2762912867142e-06
1.8844000244140624 3.1417260215160506e-07
1.8854000244140625 1.768247896841175e-06
1.8864000244140624 1.450079210809473e-06
1.8874000244140625 3.5308938874260642e-06
1.8884000244140624 6.425108422795166e-07
1.8894000244140625 4.349739780922131e-06
1.8904000244140624 4.5460171558861904e-11
1.8914000244140625 2.904350211786755e-06
1.8924000244140624 6.725822407513369e-07
1.8934000244140625 5.968506059533506e-07
1.8944000244140624 3.892089012679437e-07
1.8954000244140625 2.327698922930526e-06
1.8964000244140624 2.80191877756006e-06
1.8974000244140625 1.1709413628035844e-06
1.8984000244140624 2.636145199700008e-06
1.8994000244140625 2.7842402558018734e-06
1.9004000244140624 7.44289783086431e-07
1.9014000244140625 2.884562666106008e-06
1.9024000244140624 5.35536918603089e-10
1.9034000244140625 1.408897273948715e-06
1.9044000244140624 6.157985018584072e-07
1.9054000244140625 2.71153512460257e-06
1.9064000244140624 2.7785968579861495e-06
1.9074000244140625 7.072587493773113e-07
1.9084000244140624 3.266929147714446e-06
1.9094000244140625 7.309260954466246e-08
1.9104000244140624 6.612007107392241e-07
1.9114000244140625 8.750439679550448e-07
1.9124000244140624 2.0118988417907385e-07
1.9134000244140625 1.20240650262667e-06
1.9144000244140624 1.5976198673122326e-06
1.9154000244140625 1.9289448054246147e-06
1.9164000244140624 2.7849687062476794e-07
1.9174000244140625 1.373440379387387e-06
1.9184000244140624 1.4795916918662747e-07
1.9194000244140625 1.3087178461153358e-06
1.9204000244140624 4.076285817796405e-07
1.9214000244140625 1.7026858803349383e-06
1.9224000244140624 2.650338333564008e-06
1.9234000244140625 4.46057106914568e-06
1.9244000244140624 4.5626093747160506e-11
1.9254000244140625 1.0115713703298044e-07
1.9264000244140624 3.3012552446425803e-06
1.9274000244140626 1.548442609523223e-07
1.9284000244140624 1.8208963200805147e-06
1.9294000244140626 1.4088885168169868e-06
1.9304000244140624 1.7548813774431732e-06
1.9314000244140626 7.017552509546331e-07
1.9324000244140624 1.667684486324486e-06
1.9334000244140626 3.1707591962098653e-07
1.9344000244140624 2.0219971278317907e-06
1.9354000244140626 1.8114728860292204e-06
1.9364000244140624 2.0556952796731316e-06
1.9374000244140626 8.475689470179087e-08
1.9384000244140625 3.6557685402112076e-07
1.9394000244140626 2.916015147799144e-06
1.9404000244140625 1.4004152711357603e-06
1.9414000244140626 2.3103640394804238e-07
1.9424000244140625 3.088443926924415e-07
1.9434000244140626 1.1328702017031184e-06
1.9444000244140625 1.3951724898383473e-06
1.9454000244140626 1.1202576132681731e-06
1.9464000244140625 6.025862241361354e-07
1.9474000244140626 3.306939878623699e-07
1.9484000244140625 4.267128728526463e-07
1.9494000244140626 5.73861104104258e-07
1.9504000244140625 7.391056129757146e-07
1.9514000244140626 1.5804692655872087e-06
1.9524000244140625 1.048659850873991e-06
1.9534000244140626 2.364167027270002e-06
1.9544000244140625 4.596081605526625e-11
1.9554000244140626 7.751505147230094e-07
1.9564000244140625 7.939053652122868e-06
1.9574000244140626 2.777963042951496e-06
1.9584000244140625 3.023913332290816e-09
1.9594000244140626 4.008740999269588e-06
1.9604000244140625 1.4443719195397215e-06
1.9614000244140626 8.006940316332925e-07
1.9624000244140625 2.0608316234077387e-06
1.9634000244140626 2.5592698907021023e-06
1.9644000244140625 8.982509393518538e-07
1.9654000244140626 2.31965133219703e-06
1.9664000244140625 8.670931176240833e-07
1.9674000244140626 1.6188533453932744e-06
1.9684000244140625 1.0747168995646972e-06
1.9694000244140626 4.667211194043179e-07
1.9704000244140625 3.826412716403485e-06
1.9714000244140626 1.3744757608983452e-06
1.9724000244140625 8.350454760667478e-08
1.9734000244140626 2.3750932222655377e-06
1.9744000244140625 5.3992170355778204e-06
1.9754000244140626 7.627891406098859e-07
1.9764000244140625 5.45127950749859e-06
1.9774000244140626 1.4866647462555834e-06
1.9784000244140625 1.5111470137416116e-06
1.9794000244140626 5.649794675109823e-06
1.9804000244140625 4.621084541566788e-11
1.9814000244140626 4.619212756432616e-11
1.9824000244140625 3.845552962536009e-06
1.9834000244140626 2.180163756056937e-07
1.9844000244140625 1.522611639239162e-06
1.9854000244140626 2.1084809687909583e-06
1.9864000244140625 4.0596574262570487e-07
1.9874000244140626 3.0336455562873955e-06
1.9884000244140625 4.37707692483456e-06
1.9894000244140626 2.389939274701231e-06
1.9904000244140625 2.610385843326794e-07
1.9914000244140626 1.7814543769217924e-06
1.9924000244140625 4.270169890673167e-07
1.9934000244140626 1.5821957904737593e-06
1.9944000244140625 1.5912754548015215e-06
1.9954000244140624 1.1218410915456926e-06
1.9964000244140625 5.282976238883942e-07
1.9974000244140624 2.5866516738010328e-06
1.9984000244140625 3.202983718468566e-06
1.9994000244140624 1.940870495721615e-06
2.0004000244140623 3.676317560249603e-06
2.0014000244140626 2.4834146743970762e-06
2.0024000244140625 2.57368015862422e-06
2.0034000244140624 4.628836060391854e-06
2.0044000244140623 9.83885179607538e-07
2.0054000244140626 6.867164344269056e-06
2.0064000244140625 1.545190701941717e-06
2.0074000244140624 5.392560321095702e-07
2.0084000244140623 1.5540508168805487e-06
2.0094000244140626 5.875874382990292e-07
2.0104000244140625 2.814017716185862e-06
2.0114000244140624 2.2359685974262013e-06
2.0124000244140623 6.060692634287111e-07
2.0134000244140626 3.284278554673563e-06
2.0144000244140625 9.144988863533791e-08
2.0154000244140624 1.9000769541984538e-06
2.0164000244140623 7.1913988785829575e-06
2.0174000244140626 4.273382390878016e-06
2.0184000244140625 1.4243892159293572e-06
2.0194000244140624 1.2196127307997172e-06
2.0204000244140623 5.5042928938706714e-06
2.0214000244140626 3.0643284560239926e-06
2.0224000244140625 2.010595306605084e-06
2.0234000244140624 4.463187995925545e-06
2.0244000244140623 2.2802440147787794e-06
2.0254000244140626 2.5888064100978055e-06
2.0264000244140625 4.943535832012502e-06
2.0274000244140624 3.4321284324720196e-06
2.0284000244140623 1.4902827884924717e-06
2.0294000244140626 9.564554689608256e-07
2.0304000244140625 4.77201373137152e-06
2.0314000244140624 5.969209876695973e-06
2.0324000244140623 2.5875576140742706e-06
2.0334000244140626 1.8190545378338072e-06
2.0344000244140625 2.9521537793417096e-06
2.0354000244140624 7.349757836047518e-07
2.0364000244140623 8.350597270788366e-06
2.0374000244140626 2.0503175050786385e-06
2.0384000244140625 1.5778275806855e-06
2.0394000244140624 1.0604934327591261e-06
2.0404000244140623 3.4237177036473104e-07
2.0414000244140627 2.0989317771861104e-06
2.0424000244140625 4.0517374023706e-06
2.0434000244140624 2.1551185555692646e-06
2.0444000244140623 1.9510718392129156e-06
2.0454000244140627 3.4147316066032113e-06
2.0464000244140625 1.1484627430407844e-06
2.0474000244140624 2.9518420580424924e-07
2.04839990234375 4.7479551335172823e-07
2.04939990234375 1.2276567322985995e-06
2.05039990234375 2.843313649093645e-06
2.05139990234375 6.495141284207191e-07
2.05239990234375 3.369516780632494e-06
2.05339990234375 2.267331323274853e-06
2.05439990234375 7.93397790669232e-06
2.05539990234375 1.5546632892485318e-06
2.05639990234375 1.285020838099248e-06
2.05739990234375 5.894745056792051e-06
2.05839990234375 1.0169985059063976e-06
2.05939990234375 2.7294670238964406e-06
2.06039990234375 3.250501957928367e-06
2.06139990234375 3.543496701998561e-08
2.06239990234375 2.253456713121547e-07
2.06339990234375 5.630941275001995e-06
2.06439990234375 7.813493547052604e-06
2.06539990234375 2.8363694056677706e-06
2.06639990234375 4.5968586529945236e-11
2.06739990234375 2.842921531554112e-06
2.06839990234375 6.129311050983159e-06
2.06939990234375 1.7715652696547415e-06
2.07039990234375 5.107414111243287e-07
2.07139990234375 7.583192007445421e-07
2.07239990234375 1.920300664615167e-07
2.07339990234375 3.727015225399918e-06
2.07439990234375 2.600941981726419e-06
2.07539990234375 5.318909341612205e-06
2.07639990234375 1.5151783166214992e-06
2.07739990234375 3.348284396209601e-06
2.07839990234375 4.8006290642857735e-06
2.07939990234375 1.3618747647383505e-07
2.08039990234375 6.58174915824048e-06
2.08139990234375 2.537935983682492e-07
2.08239990234375 4.139804779255356e-06
2.08339990234375 7.522001002263053e-06
2.08439990234375 4.6549024527884335e-11
2.08539990234375 3.8006502320982674e-06
2.08639990234375 7.872251237063023e-06
2.08739990234375 4.683398463616012e-06
2.08839990234375 1.1552280735795184e-06
2.08939990234375 2.3915498420983156e-06
2.09039990234375 1.7452552138717639e-06
2.09139990234375 4.6222857713889437e-11
2.09239990234375 1.863134865693297e-06
2.09339990234375 8.285211240979981e-07
2.09439990234375 3.684659434405926e-06
2.09539990234375 4.33796779520251e-07
2.09639990234375 1.5398245891511172e-06
2.09739990234375 6.360723348116979e-07
2.09839990234375 2.0310187616408332e-06
2.09939990234375 1.6437061827506027e-06
2.10039990234375 2.8095639943654666e-06
2.10139990234375 4.289595065619518e-07
2.10239990234375 3.049206225684939e-06
2.10339990234375 2.8748633599518668e-06
2.10439990234375 2.646718166754225e-07
2.10539990234375 1.1721318887414293e-06
2.10639990234375 2.81744310788553e-07
2.10739990234375 2.844004386176e-07
2.10839990234375 4.184800615643792e-06
2.10939990234375 2.465113452415321e-06
2.11039990234375 8.582301628429673e-07
2.11139990234375 1.717925638946016e-06
2.11239990234375 2.3517860252645607e-06
2.11339990234375 5.54368464356518e-06
2.11439990234375 3.3079759143454344e-06
2.11539990234375 8.731905234648953e-07
2.11639990234375 2.825378713122727e-06
2.11739990234375 1.4848067301989422e-06
2.11839990234375 4.616628165273214e-11
2.11939990234375 1.5091595213451662e-06
2.12039990234375 2.551814648333474e-06
2.12139990234375 1.8020517047687589e-06
2.12239990234375 4.245822419910121e-06
2.12339990234375 8.516290103233808e-07
2.12439990234375 4.6438747749217945e-11
2.12539990234375 3.431024495704516e-06
2.12639990234375 1.5740281475253633e-06
2.12739990234375 3.710748354849085e-06
2.12839990234375 5.098887128583942e-06
2.12939990234375 5.421341631064983e-06
2.13039990234375 4.668364367999914e-11
2.13139990234375 4.529755235041807e-08
2.13239990234375 2.0324878643543796e-06
2.13339990234375 4.2768357315114754e-07
2.13439990234375 6.196452017178273e-06
2.13539990234375 8.12153388433846e-07
2.13639990234375 2.694315645014982e-06
2.13739990234375 1.3387456158909842e-06
2.13839990234375 9.956132896773778e-07
2.13939990234375 3.95216312514042e-06
2.14039990234375 6.70231864793784e-07
2.14139990234375 5.37875329994213e-06
2.14239990234375 1.4153578604888249e-06
2.14339990234375 1.4687613572712722e-06
2.14439990234375 3.5080314237180776e-06
2.14539990234375 4.009454048482075e-07
2.14639990234375 2.2145450190504214e-06
2.14739990234375 5.73249587183713e-07
2.14839990234375 3.208033586404165e-07
2.14939990234375 4.575402215205013e-06
2.15039990234375 2.6143203287110017e-06
2.15139990234375 3.6379047967006e-06
2.15239990234375 1.1270654672755334e-06
2.15339990234375 1.3207786229158365e-06
2.15439990234375 5.948071129240169e-07
2.15539990234375 9.44239248589024e-07
2.15639990234375 1.122490133143053e-06
2.15739990234375 2.776367522473859e-07
2.15839990234375 4.7187585849239555e-06
2.15939990234375 2.519136090390629e-06
2.16039990234375 5.828444149851228e-06
2.16139990234375 1.0124827160428203e-06
2.16239990234375 4.778313260054777e-06
2.16339990234375 2.586614038959148e-06
2.16439990234375 2.4046655980034135e-06
2.16539990234375 4.559499433109881e-11
2.16639990234375 1.1078431493198537e-05
2.16739990234375 3.5400005808753187e-06
2.16839990234375 2.7458545300172683e-06
2.16939990234375 4.5455055343953705e-11
2.17039990234375 4.538639476723634e-11
2.17139990234375 6.611099735130442e-07
2.17239990234375 3.083168555732892e-06
2.17339990234375 1.3919051240240273e-06
2.17439990234375 7.690013130753827e-07
2.17539990234375 4.043163141722246e-06
2.17639990234375 9.744569988879915e-07
2.17739990234375 1.2197051198265343e-06
2.17839990234375 1.6584718410130945e-07
2.17939990234375 2.710616395487481e-06
2.18039990234375 4.4342822930839726e-11
2.18139990234375 2.2173059690285195e-06
2.18239990234375 2.5358338439650708e-06
2.18339990234375 2.9197538040943765e-06
2.18439990234375 3.3913076978436002e-06
2.18539990234375 1.7474566085857978e-06
2.18639990234375 3.1909875377910026e-06
2.18739990234375 1.541002470666678e-07
2.18839990234375 1.781618639194822e-06
2.18939990234375 2.7390454717509775e-06
2.19039990234375 2.198548478061663e-06
2.19139990234375 4.725816776713428e-06
2.19239990234375 2.4699646888985425e-07
2.19339990234375 2.3363913171111146e-06
2.19439990234375 1.2089535379091714e-06
2.19539990234375 2.0378134495779494e-06
2.19639990234375 1.0242867372970834e-06
2.19739990234375 2.2461892907984756e-06
2.19839990234375 1.301073143507525e-06
2.19939990234375 3.6136140087545874e-06
2.20039990234375 4.048390219868922e-06
2.20139990234375 3.1191674584130777e-06
2.20239990234375 1.7657067986147975e-06
2.20339990234375 3.1360495274806e-07
2.20439990234375 7.861422113580024e-07
2.20539990234375 8.380013936155621e-07
2.20639990234375 2.971029139136565e-06
2.20739990234375 1.2986165556018544e-06
2.20839990234375 2.3255782989417283e-06
2.20939990234375 4.205948631755309e-06
2.21039990234375 5.143257177527707e-06
2.21139990234375 2.0581238525527504e-06
2.21239990234375 3.617731088067046e-11
2.21339990234375 7.21092722146664e-07
2.21439990234375 2.437456119807133e-06
2.21539990234375 5.272506124032146e-06
2.21639990234375 4.105293177493296e-06
2.21739990234375 1.2011570422135544e-08
2.21839990234375 2.8655412088220615e-06
2.21939990234375 5.250704934926886e-06
2.22039990234375 1.2185200114895833e-06
2.22139990234375 2.396159286022418e-07
2.22239990234375 1.8149831108154745e-06
2.22339990234375 5.23631402637545e-06
2.22439990234375 4.063763729281516e-06
2.22539990234375 1.1566135635370263e-05
2.22639990234375 3.642311270047627e-11
2.22739990234375 1.141447621534833e-06
2.22839990234375 4.559773333715976e-06
2.22939990234375 6.567241962827119e-06
2.23039990234375 9.428993420687619e-07
2.23139990234375 1.6871782359135327e-06
2.23239990234375 8.568929282702235e-06
2.23339990234375 2.571961803094005e-06
2.23439990234375 9.312155815698448e-07
2.23539990234375 1.4083139799313503e-06
2.23639990234375 4.890015533516365e-06
2.23739990234375 2.6111124254192906e-06
2.23839990234375 1.2898235623582908e-05
2.23939990234375 3.783382081743942e-11
2.24039990234375 1.6533529663240956e-05
2.24139990234375 9.062717091858907e-06
2.24239990234375 9.539636526761707e-06
2.24339990234375 8.55904727955751e-06
2.24439990234375 1.0525016615158368e-06
2.24539990234375 5.786802969844988e-06
2.24639990234375 1.5122635644264399e-05
2.24739990234375 8.132125163568467e-06
2.24839990234375 2.091866476511333e-06
2.24939990234375 2.6056721661421867e-06
2.25039990234375 4.608712920014836e-06
2.25139990234375 3.827426481072204e-06
2.25239990234375 1.0844170735753433e-06
2.25339990234375 3.4358103642685485e-06
2.25439990234375 1.6041820306349527e-05
2.25539990234375 1.3376705814942437e-05
2.25639990234375 2.47211330689821e-07
2.25739990234375 9.011031360837019e-06
2.25839990234375 3.121492516844841e-06
2.25939990234375 5.787945478183737e-06
2.26039990234375 7.6673202458036e-06
2.26139990234375 6.457202813704877e-06
2.26239990234375 1.1198910138363685e-05
2.26339990234375 5.4295863518726885e-06
2.26439990234375 7.29000914032628e-06
2.26539990234375 1.1465228839744635e-05
2.26639990234375 3.890031741304253e-11
2.26739990234375 1.0980465738338402e-05
2.26839990234375 5.4389922260469226e-06
2.26939990234375 1.0424427836780825e-06
2.27039990234375 8.392111173887921e-06
2.27139990234375 4.260873049446123e-06
2.27239990234375 5.285677788649658e-06
2.27339990234375 2.6362007486925752e-06
2.27439990234375 1.0557929341663655e-05
2.27539990234375 5.035522815311036e-06
2.27639990234375 3.829579839037514e-06
2.27739990234375 4.395157916244165e-07
2.27839990234375 2.5219347809680912e-06
2.27939990234375 1.1561907595982222e-05
2.28039990234375 4.032895366988159e-11
2.28139990234375 1.0526849598862021e-06
2.28239990234375 7.443648222415304e-06
2.28339990234375 3.090711052659115e-06
2.28439990234375 6.732049222885656e-06
2.28539990234375 1.5352222979716724e-06
2.28639990234375 2.142078631043399e-06
2.28739990234375 7.671005524653551e-07
2.28839990234375 1.3182011615748968e-05
2.28939990234375 2.888833816389582e-07
2.29039990234375 1.8390818801867142e-06
2.29139990234375 1.6053458037677538e-06
2.29239990234375 9.367500037967496e-07
2.29339990234375 2.62697582508881e-06
2.29439990234375 1.1594374588096479e-06
2.29539990234375 3.816689637668545e-06
2.29639990234375 2.3481208239023004e-07
2.29739990234375 7.565555456499406e-07
2.29839990234375 8.903246494912436e-07
2.29939990234375 3.7759372179385798e-06
2.30039990234375 3.350944458466765e-06
2.30139990234375 3.35520403281076e-06
2.30239990234375 1.7366550590343978e-06
2.30339990234375 8.668561835626705e-08
2.30439990234375 2.919124903334685e-06
2.30539990234375 1.2364164417037348e-06
2.30639990234375 2.353266147724487e-07
2.30739990234375 2.761276657329591e-06
2.30839990234375 7.022085224490041e-07
2.30939990234375 5.773866848837205e-07
2.31039990234375 1.640224290139028e-06
2.31139990234375 2.4402770384966765e-06
2.31239990234375 1.730378480877294e-06
2.31339990234375 1.7707859076063609e-06
2.31439990234375 2.5516275731861336e-06
2.31539990234375 1.546333039987348e-07
2.31639990234375 1.6822909862984131e-07
2.31739990234375 1.2024023624661244e-06
2.31839990234375 1.5278784532710265e-06
2.31939990234375 2.1604346380142566e-06
2.32039990234375 1.2594251879125606e-06
2.32139990234375 6.296357025515725e-07
2.32239990234375 2.9705056660702274e-07
2.32339990234375 3.397253729236824e-11
2.32439990234375 5.194536208780249e-07
2.32539990234375 1.8001082589640775e-07
2.32639990234375 8.346348496360395e-07
2.32739990234375 9.116375924763644e-08
2.32839990234375 2.8709033707514456e-11
2.32939990234375 7.259018935964557e-07
2.33039990234375 2.6575338428903362e-11
2.33139990234375 1.7789997292256256e-07
2.33239990234375 2.383424633131463e-07
2.33339990234375 9.746911442423841e-08
2.33439990234375 2.243865331181949e-11
2.33539990234375 2.709284914222775e-07
2.33639990234375 1.3539880125004968e-07
2.33739990234375 3.784545139505626e-07
2.33839990234375 9.973339975782067e-07
2.33939990234375 1.868152713696728e-07
2.34039990234375 1.722632507690556e-11
2.34139990234375 4.859406785071191e-07
2.34239990234375 2.693800021849217e-07
2.34339990234375 1.6490038791765657e-07
2.34439990234375 4.003230325548132e-07
2.34539990234375 6.025195775455323e-07
2.34639990234375 2.4168200145684784e-07
2.34739990234375 1.6635135592380194e-06
2.34839990234375 1.5366507295829563e-11
2.34939990234375 2.4884737108297477e-07
2.35039990234375 6.300691729835697e-07
2.35139990234375 4.3344244538874024e-07
2.35239990234375 4.891039022885726e-07
2.35339990234375 1.0772133096507084e-06
2.35439990234375 1.1442390797214182e-07
2.35539990234375 2.4575875707552113e-07
2.35639990234375 1.545147782615189e-07
2.35739990234375 7.10554809239968e-08
2.35839990234375 5.331859093368862e-07
2.35939990234375 1.5930989794189827e-07
2.36039990234375 3.4919275060938784e-07
2.36139990234375 4.998290781174673e-07
2.36239990234375 8.917923219183104e-07
2.36339990234375 2.310558054444598e-07
2.36439990234375 1.877508307273287e-07
2.36539990234375 3.611235173973298e-08
2.36639990234375 2.733060415755794e-07
2.36739990234375 2.2689914190406884e-07
2.36839990234375 1.9312414796193742e-07
2.36939990234375 1.2528234504532312e-07
2.37039990234375 6.209190415259166e-08
2.37139990234375 6.608983740592698e-08
2.37239990234375 1.192650861580195e-07
2.37339990234375 3.398626891925257e-08
2.37439990234375 1.0445875335861931e-07
2.37539990234375 1.1763041794745649e-07
2.37639990234375 4.798415294993298e-08
2.37739990234375 4.742357723235631e-08
2.37839990234375 5.102916122083567e-08
2.37939990234375 2.019203852671263e-08
2.38039990234375 7.140202064419184e-08
2.38139990234375 1.1452422057751424e-07
2.38239990234375 7.210506924567614e-08
2.38339990234375 5.8622781572475616e-08
2.38439990234375 5.314438000145552e-08
2.38539990234375 4.527337731929195e-09
2.38639990234375 3.471339961526461e-08
2.38739990234375 3.098292378449608e-08
2.38839990234375 1.0057169415048381e-09
2.38939990234375 3.8718119321384726e-08
2.39039990234375 1.6450277039522402e-08
2.39139990234375 2.6863518626242646e-08
2.39239990234375 2.622124819135228e-08
2.39339990234375 1.1067915434421111e-08
2.39439990234375 1.275166896455242e-08
2.39539990234375 4.2195183970981334e-08
2.39639990234375 1.173741029749115e-08
2.39739990234375 2.6866488624913695e-09
2.39839990234375 1.8634357723781777e-08
2.39939990234375 2.293368315683287e-08
2.40039990234375 8.134706878381789e-09
2.40139990234375 1.6311474173743122e-08
2.40239990234375 1.4780926755329525e-08
2.40339990234375 9.580865715148754e-09
2.40439990234375 1.5197764599571467e-08
2.40539990234375 2.017103618286002e-09
2.40639990234375 5.00550454716179e-09
2.40739990234375 1.0307413434679149e-08
2.40839990234375 2.075953104367732e-09
2.40939990234375 6.727640962248207e-09
2.41039990234375 6.598466376652264e-09
2.41139990234375 3.4624744150174323e-09
2.41239990234375 5.5512361754682016e-09
2.41339990234375 6.405519469078371e-09
2.41439990234375 3.739444309948246e-09
2.41539990234375 1.9461398602202177e-09
2.41639990234375 1.9841568415924536e-10
2.41739990234375 1.0461152520664664e-09
2.41839990234375 4.042709892472148e-11
2.41939990234375 8.025896706935597e-10
2.42039990234375 2.108970865986084e-09
2.42139990234375 3.1339990010231246e-10
2.42239990234375 7.45485096736869e-11
2.42339990234375 1.5006144808460322e-09
2.42439990234375 2.395586546372989e-10
2.42539990234375 6.898352547428052e-10
2.42639990234375 7.304882448216746e-10
2.42739990234375 3.223461196869921e-10
2.42839990234375 8.327948027521441e-10
2.42939990234375 1.06128634558335e-09
2.43039990234375 1.4454418968359933e-10
2.43139990234375 1.0522059167984542e-09
2.43239990234375 6.8690808207927e-11
2.43339990234375 2.4250193950965736e-10
2.43439990234375 2.2585981189222892e-10
2.43539990234375 3.1205879931172595e-10
2.43639990234375 1.6197407023585566e-10
2.43739990234375 1.927982836703869e-10
2.43839990234375 3.0697867604452284e-10
2.43939990234375 2.650001995916922e-10
2.44039990234375 9.624152920444337e-11
2.44139990234375 1.9284614100493315e-10
2.44239990234375 1.8212265723541526e-10
2.44339990234375 1.3637904710444197e-10
2.44439990234375 4.4019769371705553e-11
2.44539990234375 1.3313490262744375e-10
2.44639990234375 1.9600516566768484e-11
2.44739990234375 8.10146167555684e-11
2.44839990234375 8.393432323109089e-11
2.44939990234375 4.028249132375355e-11
2.45039990234375 4.2581716933659424e-12
2.45139990234375 4.451191204976062e-11
2.45239990234375 6.23557530085295e-12
2.45339990234375 2.6027200668915922e-11
2.45439990234375 1.3456398287124185e-11
2.45539990234375 3.8501227492009736e-11
2.45639990234375 1.7126978355840133e-11
2.45739990234375 3.106298235554954e-11
2.45839990234375 2.6477869666584347e-12
2.45939990234375 7.740935581959272e-11
2.46039990234375 1.6640213265280572e-16
2.46139990234375 7.061318630379166e-11
2.46239990234375 1.7986336074585605e-11
2.46339990234375 2.5337534310713722e-11
2.46439990234375 1.4581915221586968e-11
2.46539990234375 9.530531189536766e-17
2.46639990234375 1.9834964292550454e-11
2.46739990234375 7.600123293557982e-17
2.46839990234375 7.083024424157532e-12
2.46939990234375 8.757449299773265e-12
2.47039990234375 1.933352692473282e-12
2.47139990234375 6.0385094118875345e-12
2.47239990234375 8.90526250388654e-12
2.47339990234375 1.901059100379945e-12
2.47439990234375 1.2560075934198608e-11
2.47539990234375 2.940832698834929e-17
2.47639990234375 3.732229169593971e-12
2.47739990234375 2.7900843864064235e-12
2.47839990234375 5.904814628798336e-12
2.47939990234375 1.7019776431357583e-12
2.48039990234375 9.130808404155645e-12
2.48139990234375 1.2557411921057536e-13
2.48239990234375 2.146491703226663e-12
2.48339990234375 2.8177645354875286e-12
2.48439990234375 1.0054696286819059e-12
2.48539990234375 7.874252933759358e-13
2.48639990234375 1.967211708136882e-12
2.48739990234375 2.0876259263776803e-12
2.48839990234375 6.860509722516127e-18
2.48939990234375 3.0813013568706375e-12
2.49039990234375 1.314970842975775e-12
2.49139990234375 6.837271875462388e-13
2.49239990234375 1.9895857183687044e-12
2.49339990234375 1.0017425209965355e-12
2.49439990234375 1.209102003655814e-13
2.49539990234375 1.0221199585790957e-12
2.49639990234375 8.602898169579781e-13
2.49739990234375 3.4302504620972633e-13
2.49839990234375 1.533953742445338e-13
2.49939990234375 3.3200245984913075e-13
2.50039990234375 2.3186581181253895e-13
2.50139990234375 9.515585502567653e-13
2.50239990234375 1.4642844838619973e-13
2.50339990234375 3.447517260785342e-13
2.50439990234375 6.439282189831556e-14
2.50539990234375 2.629310490654576e-13
2.50639990234375 5.423745268116615e-13
2.50739990234375 1.6198468088010714e-13
2.50839990234375 2.4400286173819196e-13
2.50939990234375 9.017100173806846e-14
2.51039990234375 3.9025908439349446e-13
2.51139990234375 1.7545725737948758e-14
2.51239990234375 1.3040912178604208e-13
2.51339990234375 2.4855485677450204e-13
2.51439990234375 4.953043188725334e-14
2.51539990234375 2.0872505399728968e-13
2.51639990234375 3.4335701611254684e-14
2.51739990234375 1.9323297491697298e-13
2.51839990234375 3.301562351580442e-14
2.51939990234375 5.391466450878273e-14
2.52039990234375 2.1813180872972211e-13
2.52139990234375 1.0915447531188882e-13
2.52239990234375 4.4931133177919873e-14
2.52339990234375 1.586087835019821e-14
2.52439990234375 1.5402077998830759e-13
2.52539990234375 2.2059591255356017e-19
2.52639990234375 8.328703711935474e-14
2.52739990234375 3.4739627311753674e-14
2.52839990234375 4.1591901187291376e-14
2.52939990234375 3.880991133659875e-14
2.53039990234375 4.599378973037018e-14
2.53139990234375 4.029797249196707e-14
2.53239990234375 2.7300232120227505e-14
2.53339990234375 7.630247089027204e-14
2.53439990234375 1.0265756677424568e-19
2.53539990234375 1.5159677873192313e-14
2.53639990234375 4.1599278848924937e-14
2.53739990234375 2.7458475060603482e-14
2.53839990234375 1.856981541880919e-14
2.53939990234375 7.320935663882615e-15
2.54039990234375 2.6326460696669287e-14
2.54139990234375 8.539461661856133e-15
2.54239990234375 2.6711722735212005e-14
2.54339990234375 4.6016762887123484e-20
2.54439990234375 8.543501804842878e-15
2.54539990234375 1.145240138571264e-14
2.54639990234375 4.073174734165161e-15
2.54739990234375 1.2181647876277184e-14
2.54839990234375 7.899457617766988e-16
2.54939990234375 1.0943821925572827e-14
2.55039990234375 4.44372659359743e-15
2.55139990234375 2.531816374551593e-16
2.55239990234375 1.9851562815650102e-14
2.55339990234375 4.4840285062443365e-15
2.55439990234375 3.592034621747146e-15
2.55539990234375 1.2896879476761465e-14
2.55639990234375 2.079480200410664e-16
2.55739990234375 1.7782701388119388e-15
2.55839990234375 5.211942725315365e-15
2.55939990234375 1.1941154284478516e-16
2.56039990234375 4.475888223421769e-15
2.56139990234375 9.455389149372329e-15
2.56239990234375 2.6168451512100053e-15
2.56339990234375 1.4526726790899587e-15
2.56439990234375 2.8563091052251537e-15
2.56539990234375 1.5992368104074341e-15
2.56639990234375 3.9777576455195057e-16
2.56739990234375 4.82019939481694e-15
2.56839990234375 1.4491745572154029e-15
2.56939990234375 5.223334869220226e-16
2.57039990234375 3.167716610544781e-15
2.57139990234375 6.588351399791145e-16
2.57239990234375 9.428206410677985e-16
2.57339990234375 1.5195626269295669e-15
2.57439990234375 1.391545135417324e-15
2.57539990234375 2.415381311793468e-15
2.57639990234375 3.005793672931607e-15
2.57739990234375 1.4848814768652658e-21
2.57839990234375 8.219084217868631e-16
2.57939990234375 6.037762823527388e-16
2.58039990234375 1.0503502566036084e-15
2.58139990234375 2.9096269058197356e-16
2.58239990234375 4.0047217331269e-16
2.58339990234375 1.3755443683289803e-15
2.58439990234375 4.1545576988054213e-16
2.58539990234375 2.782306364169808e-16
2.58639990234375 9.527212463747602e-17
2.58739990234375 3.710273715029819e-16
2.58839990234375 8.805183023688054e-17
2.58939990234375 9.38386116987946e-17
2.59039990234375 2.6859314904652494e-16
2.59139990234375 6.584533342932368e-17
2.59239990234375 1.1841464763092447e-16
2.59339990234375 2.810042761844548e-17
2.59439990234375 1.0430674205822589e-17
2.59539990234375 6.846563203914082e-17
2.59639990234375 4.0897646463929643e-17
2.59739990234375 5.741327677156863e-17
2.59839990234375 8.525015904948823e-18
2.59939990234375 2.6319684214097727e-21
2.60039990234375 4.613540650358273e-18
