microns throughput
0.5505 5.843002319141665e-13
0.5515 6.381802364222842e-13
0.5525 8.230714656759171e-11
0.5535 2.4236323685731745e-10
0.5545 8.955468183633291e-13
0.5555 9.16965487104478e-13
0.5565 4.2510925284974693e-10
0.5575 9.396034267438138e-10
0.5585 8.419759322641907e-10
0.5595 8.906551120607299e-10
0.5605 3.5362464636714393e-10
0.5615 1.5191295500311049e-10
0.5625 3.1490305722494863e-10
0.5635 1.5459635380222143e-12
0.5645 1.736921916137252e-12
0.5655 1.9395116925834213e-12
0.5665 2.1206474456405982e-12
0.5675 4.2679326490187684e-10
0.5685 2.3938916151539538e-12
0.5695 2.4985401357047855e-12
0.5705 7.103705594210938e-10
0.5715 3.943141766396873e-09
0.5725 2.262290556899528e-09
0.5735 4.292727353178962e-09
0.5745 5.18028782594722e-09
0.5755 4.596204816235306e-09
0.5765 4.882593815820525e-09
0.5775 2.9739552393570876e-12
0.5785 3.0821000833281372e-12
0.5795 3.2559286051744245e-12
0.5805 3.5204502869774175e-12
0.5815 1.7032912086400295e-09
0.5825 2.6229546419747993e-09
0.5835 7.459405073548271e-10
0.5845 5.3528061833124994e-12
0.5855 1.4112456602994941e-09
0.5865 4.903164668295522e-09
0.5875 1.3488517111064298e-08
0.5885 1.1498681496727704e-09
0.5895 7.54737204553551e-09
0.5905 4.024717540361984e-09
0.5915 4.048416167773891e-09
0.5925 5.068154671843414e-09
0.5935 9.023971960017983e-12
0.5945 9.249297993206e-12
0.5955 3.444280913114662e-09
0.5965 9.588772368922876e-12
0.5975 7.988493099940824e-10
0.5985 1.2422309533433985e-08
0.5995 9.956654195286274e-12
0.6005 1.8600957251462938e-08
0.6015 1.979520778998094e-09
0.6025 7.740053914236315e-09
0.6035 5.752277410534573e-09
0.6045 2.7940064105131716e-09
0.6055 5.91307238409976e-09
0.6065 9.348589875638598e-09
0.6075 1.4984521423210504e-08
0.6085 3.4896434076519573e-09
0.6095 2.4306286851344782e-09
0.6105 1.2078728463849885e-11
0.6115 1.0882228846512526e-08
0.6125 2.5020161591594504e-09
0.6135 1.3652164080272283e-08
0.6145 1.0058906258624281e-08
0.6155 1.2113655483573605e-08
0.6165 1.1579353856929497e-08
0.6175 1.975895051046122e-08
0.6185 2.5712832437323497e-08
0.6195 1.174297286532592e-08
0.6205 2.07468156406321e-08
0.6215 1.3316296652867165e-08
0.6225 1.6433321765511567e-08
0.6235 3.266119788594226e-08
0.6245 4.0781418589495545e-08
0.6255 3.825067202187013e-09
0.6265 2.4065237809325287e-08
0.6275 3.519038561345483e-08
0.6285 3.6966277068538525e-08
0.6295 1.506024694908056e-11
0.6305 1.596689097512433e-08
0.6315 5.111667043859472e-08
0.6325 2.4215084544551052e-08
0.6335 4.6994056696922346e-08
0.6345 4.342869993929206e-08
0.6355 7.67591887180123e-08
0.6365 4.943731915699981e-08
0.6375 8.486857269392745e-08
0.6385 5.722404015299269e-08
0.6395 1.1430182234445146e-07
0.6405 8.175722419370799e-08
0.6415 7.985563977038765e-08
0.6425 7.101133259249857e-08
0.6435 1.2563928140527042e-07
0.6445 1.3786125212285983e-07
0.6455 1.7448646221655144e-07
0.6465 2.0850731969514996e-07
0.6475 2.2334836209902137e-07
0.6485 2.3107425312661347e-07
0.6495 3.2466998402356414e-07
0.6505 3.0107819483628797e-07
0.6515 3.9222694234149376e-07
0.6525 2.925073927734556e-07
0.6535 3.7575294794850295e-07
0.6545 4.10394738316803e-07
0.6555 4.481367563939995e-07
0.6565 5.09459989220644e-07
0.6575 5.040428293507146e-07
0.6585 5.805605320007903e-07
0.6595 5.529535635735068e-07
0.6605 5.644105370045196e-07
0.6615 5.722635948149046e-07
0.6625 5.490932482318071e-07
0.6635 5.630527579029273e-07
0.6645 6.007849511223163e-07
0.6655 6.901250379591901e-07
0.6665 8.27684798692538e-07
0.6675 8.718833038715319e-07
0.6685 9.666606550030645e-07
0.6695 1.0338099451202591e-06
0.6705 1.001287423016974e-06
0.6715 1.063221369722518e-06
0.6725 1.0705337055170022e-06
0.6735 1.098367911201406e-06
0.6745 9.865133719616176e-07
0.6755 8.824330988322099e-07
0.6765 7.008221409580296e-07
0.6775 6.534272612659765e-07
0.6785 5.10563741180963e-07
0.6795 4.1357722966011526e-07
0.6805 3.2470370797758083e-07
0.6815 1.965548316445991e-07
0.6825 1.642678110720419e-07
0.6835 1.6108909163971148e-07
0.6845 8.37475243619621e-08
0.6855 1.0849623782816139e-07
0.6865 1.2029121960614475e-07
0.6875 9.329871194655353e-08
0.6885 1.440431326252318e-07
0.6895 1.5168488853233415e-07
0.6905 2.7086910740883997e-07
0.6915 3.3369269798645696e-07
0.6925 2.9186123764055046e-07
0.6935 3.2736660566177553e-07
0.6945 2.1863439518963596e-07
0.6955 2.204123006549878e-07
0.6965 1.956099967473787e-07
0.6975 2.1299692038351874e-07
0.6985 2.439248172657972e-07
0.6995 2.9767147632132264e-07
0.7005 2.757224571145664e-07
0.7015 1.9599164254519267e-07
0.7025 2.3296981704792396e-07
0.7035 2.870228480371958e-07
0.7045 3.408223120753704e-07
0.7055 4.3721524911573246e-07
0.7065 4.641478780967339e-07
0.7075 5.412181600336732e-07
0.7085 4.385372126777355e-07
0.7095 4.36932213528793e-07
0.7105 2.9796099092794174e-07
0.7115 2.939001663406031e-07
0.7125 1.9507126057818101e-07
0.7135 1.8816137156852958e-07
0.7145 1.6990637652660528e-07
0.7155 1.2004701747099566e-07
0.7165 1.1904562349602782e-07
0.7175 1.539798442434905e-07
0.7185 1.4551612024577606e-07
0.7195 1.668082432484296e-07
0.7205 2.723881627144693e-07
0.7215 2.9023389847181e-07
0.7225 1.670322568442423e-07
0.7235 1.5240410487434645e-07
0.7245 7.258263698825201e-08
0.7255 8.708787782147126e-08
0.7265 1.676090438666844e-08
0.7275 2.0701888901593643e-09
0.7285 7.801518718773006e-09
0.7295 3.055307459708406e-08
0.7305 9.697991964017515e-08
0.7315 4.164888704389011e-08
0.7325 2.409268264086249e-11
0.7335 4.180090421635361e-08
0.7345 3.441204866129291e-08
0.7355 1.2398679247817277e-08
0.7365 3.3054797235828404e-08
0.7375 8.756187901094892e-09
0.7385 6.200436947421749e-08
0.7395 2.852752159492889e-09
0.7405 2.479449713046615e-11
0.7415 1.8066260651855372e-08
0.7425 4.371521964825639e-08
0.7435 1.4621990944288316e-08
0.7445 3.6886568485632456e-08
0.7455 3.041898574608544e-08
0.7465 2.5289136515797534e-11
0.7475 2.1194669097095237e-08
0.7485 1.7808661275240106e-08
0.7495 3.0448840877275516e-08
0.7505 1.1154405440504773e-07
0.7515 8.717991414579824e-09
0.7525 9.900079373859972e-08
0.7535 3.38738157532549e-08
0.7545 3.341244351458161e-08
0.7555 2.5925474706461414e-11
0.7565 2.5979467833207224e-11
0.7575 1.5773546530399704e-08
0.7585 9.256590928153482e-08
0.7595 1.2719016563296391e-08
0.7605 3.87070969381751e-08
0.7615 1.870310788268399e-08
0.7625 5.459019954389311e-08
0.7635 4.591377380787266e-08
0.7645 6.891517998035569e-08
0.7655 7.832075998768576e-08
0.7665 6.026034628897826e-08
0.7675 2.6588188032339876e-11
0.7685 3.410857879532899e-08
0.7695 6.92086015715524e-08
0.7705 4.773730706825389e-09
0.7715 8.58813424813581e-09
0.7725 5.6304644502229207e-08
0.7735 5.8910675607722644e-08
0.7745 4.377092874061202e-08
0.7755 5.788162642478539e-08
0.7765 2.8423591549309994e-08
0.7775 8.953480814697767e-08
0.7785 2.7163472342060254e-11
0.7795 2.0975222977339694e-08
0.7805 5.323052516461603e-08
0.7815 4.983623533327804e-08
0.7825 1.3790038460391363e-07
0.7835 1.9811953285149874e-07
0.7845 3.0980052410196337e-07
0.7855 1.2612388751780258e-07
0.7865 2.2826823374194397e-07
0.7875 1.4299905512566084e-07
0.7885 1.275800714052416e-07
0.7895 1.0641362103506771e-07
0.7905 9.637266782036792e-08
0.7915 1.3362129814630742e-07
0.7925 3.085266538702289e-08
0.7935 1.5740062086481941e-07
0.7945 6.210713853073793e-08
0.7955 1.9770491250559863e-07
0.7965 5.6474846582972654e-08
0.7975 7.193942538369502e-08
0.7985 2.4213371087075185e-07
0.7995 3.0224355533232026e-09
0.8005 4.7836659863814444e-08
0.8015 2.7082706325096325e-08
0.8025 5.464541751476594e-08
0.8035 6.951303681359277e-08
0.8045 7.16295222279738e-08
0.8055 3.9955388023365544e-08
0.8065 6.598925884949319e-08
0.8075 2.0816417705955487e-08
0.8085 5.378936216738988e-08
0.8095 3.980140955713297e-08
0.8105 3.008136214266497e-08
0.8115 5.179734434536668e-08
0.8125 2.7468497006854893e-08
0.8135 6.42487866581202e-08
0.8145 1.044352473336944e-08
0.8155 7.283760517951223e-08
0.8165 4.928623302910135e-08
0.8175 7.001829521388827e-08
0.8185 1.0465515061616112e-07
0.8195 4.854883035526152e-08
0.8205 4.579421206812282e-08
0.8215 5.73656048910447e-08
0.8225 8.472345696330385e-08
0.8235 5.1526495570532875e-08
0.8245 9.635485750985665e-08
0.8255 9.870708007064833e-08
0.8265 3.765005120224453e-08
0.8275 5.232454345750251e-08
0.8285 6.64653673532178e-08
0.8295 9.307347712771644e-09
0.8305 3.474997480882978e-08
0.8315 7.49331975282468e-08
0.8325 7.492444968952651e-08
0.8335 6.31506715626648e-08
0.8345 5.861996372661238e-08
0.8355 6.735441387888355e-08
0.8365 1.1018950562087011e-07
0.8375 1.2588880665941479e-07
0.8385 1.4965728290995682e-07
0.8395 8.821844746629316e-08
0.8405 6.428231040375398e-08
0.8415 1.245504634940208e-07
0.8425 1.3849498472310567e-07
0.8435 9.827316696954828e-08
0.8445 3.858901092596911e-08
0.8455 7.996364957068387e-08
0.8465 1.0946448005390502e-07
0.8475 1.0265950195803783e-07
0.8485 1.3455736129964062e-07
0.8495 7.392609364379466e-08
0.8505 1.1629508412030275e-07
0.8515 1.482686774298497e-07
0.8525 9.631647501839872e-08
0.8535 1.1298807052251379e-07
0.8545 1.3060674901395957e-07
0.8555 9.597957098838907e-08
0.8565 5.1912651670937075e-08
0.8575 1.7715513555300766e-07
0.8585 1.5079477271069118e-07
0.8595 1.4367641333468867e-07
0.8605 1.1158799122608166e-07
0.8615 6.1155009907379525e-09
0.8625 1.1489656553268331e-07
0.8635 2.103411654507398e-07
0.8645 1.820784439795265e-07
0.8655 1.5098949833271405e-07
0.8665 9.278408115596483e-08
0.8675 8.023776715661817e-08
0.8685 5.2847446225388836e-08
0.8695 7.788459134061737e-08
0.8705 3.0592564709385584e-11
0.8715 7.305638754295696e-08
0.8725 3.071621006092872e-11
0.8735 3.0751276632777e-11
0.8745 3.078725522067774e-11
0.8755 8.456393398793607e-08
0.8765 3.086400097882862e-11
0.8775 1.0427628567161579e-07
0.8785 2.893012335623918e-07
0.8795 3.4670565286916705e-07
0.8805 3.0999159814121417e-11
0.8815 3.100677194834628e-11
0.8825 3.57532441604305e-07
0.8835 8.42966483360272e-08
0.8845 7.69229135178309e-08
0.8855 2.915088064506085e-07
0.8865 3.0406743321946116e-07
0.8875 2.418307925861499e-07
0.8885 6.547807432156887e-07
0.8895 4.375256933664205e-07
0.8905 8.249679862428954e-09
0.8915 6.353453500737826e-07
0.8925 3.1391613577858387e-11
0.8935 8.866737541328126e-07
0.8945 3.146371276937268e-11
0.8955 3.146314937866207e-11
0.8965 7.965354533522309e-07
0.8975 3.144366982926194e-11
0.8985 1.4432233753777799e-06
0.8995 3.154474351167324e-11
0.9005 1.30616480229714e-07
0.9015 3.919557308461691e-08
0.9025 1.1394943232892459e-07
0.9035 2.0117865967098205e-08
0.9045 7.359667025401601e-08
0.9055 3.040449921829026e-08
0.9065 8.505120974466515e-08
0.9075 1.3586675272558942e-07
0.9085 1.369688376016761e-07
0.9095 9.567416558557409e-08
0.9105 5.9472070127258965e-08
0.9115 9.706408954941602e-08
0.9125 1.1880376984772249e-07
0.9135 1.8230637681641102e-08
0.9145 1.1241047465452486e-07
0.9155 1.880827352330806e-07
0.9165 8.158113407087387e-08
0.9175 1.3074845481354627e-07
0.9185 8.285876775175216e-08
0.9195 1.3142157203191316e-07
0.9205 1.1684483143141261e-07
0.9215 7.093442141190512e-08
0.9225 1.5780028117546506e-07
0.9235 1.146885200930862e-07
0.9245 1.2108135511676374e-07
0.9255 1.6986259169860569e-07
0.9265 1.1769086242009361e-07
0.9275 1.5906898211783729e-07
0.9285 1.4671892373250688e-07
0.9295 7.687768830674881e-08
0.9305 1.8031117969687359e-07
0.9315 2.420000916861677e-07
0.9325 2.4406148744228527e-07
0.9335 1.2577037427448603e-07
0.9345 2.1375992546295967e-07
0.9355 2.473014520123876e-07
0.9365 1.4772685486167562e-07
0.9375 2.150264580586989e-07
0.9385 2.267341689716627e-07
0.9395 2.426510297296257e-07
0.9405 1.997956231863228e-07
0.9415 2.4850916088961654e-07
0.9425 1.6101582647627789e-07
0.9435 1.81698159586111e-07
0.9445 1.5204614812611647e-07
0.9455 2.165399188038257e-07
0.9465 2.063128749241724e-07
0.9475 1.5693402072540128e-07
0.9485 1.148317121635064e-07
0.9495 2.2846625846254295e-07
0.9505 2.379713456512216e-07
0.9515 2.3253745907567192e-07
0.9525 1.4847042056605104e-07
0.9535 2.546934560187112e-07
0.9545 2.2483762629634455e-07
0.9555 2.5293792843925725e-07
0.9565 3.079850682709642e-07
0.9575 2.337760557930165e-07
0.9585 2.325535950729697e-07
0.9595 2.548542785806263e-07
0.9605 3.3724941883844767e-07
0.9615 2.703646314041616e-07
0.9625 2.0085386775745268e-07
0.9635 2.2454451600468123e-07
0.9645 2.409482764620834e-07
0.9655 1.3902380242175789e-07
0.9665 2.1555001863193068e-07
0.9675 2.0439605959896156e-07
0.9685 2.6372214372910666e-07
0.9695 2.2681644301230107e-07
0.9705 1.8368039443544332e-07
0.9715 3.1471558687491984e-07
0.9725 2.712223747442092e-07
0.9735 2.466428462867491e-07
0.9745 2.782138809675572e-07
0.9755 3.154030961556962e-07
0.9765 2.1945436944391625e-07
0.9775 2.2217769862369673e-07
0.9785 2.7478919877705033e-07
0.9795 2.2790439112477763e-07
0.9805 1.7755869516542849e-07
0.9815 1.1305867205952305e-07
0.9825 2.1585296593729585e-07
0.9835 1.925962738082661e-07
0.9845 2.245256888977251e-07
0.9855 1.390344060492829e-07
0.9865 1.59622225857046e-07
0.9875 1.9179719291632783e-07
0.9885 2.2419875891922827e-07
0.9895 2.914688715980051e-07
0.9905 1.4290906700594665e-07
0.9915 2.413990397135524e-07
0.9925 2.963232488179041e-07
0.9935 2.4802209166913293e-07
0.9945 1.9716994771996104e-07
0.9955 2.1467956426335125e-07
0.9965 2.2982632055201082e-07
0.9975 2.5813285538712887e-07
0.9985 2.5545805872635165e-07
0.9995 2.3471786104102784e-07
1.0005 2.4555692248482677e-07
1.0015 5.414231650424552e-07
1.0025 2.614774119239251e-07
1.0035 2.2124092938525893e-07
1.0045 3.8608564517930704e-07
1.0055 2.110924802438439e-08
1.0065 1.5388303590538502e-08
1.0075 1.0784253954810887e-07
1.0085 9.898982238236354e-07
1.0095 3.701276221312196e-07
1.0105 2.764282926525268e-07
1.0115 1.209075578785507e-07
1.0125 8.831534942447802e-07
1.0135 1.3086438642502783e-06
1.0145 8.038796229635346e-07
1.0155 3.262346182600445e-11
1.0165 3.262298883001905e-11
1.0175 2.582890631324978e-07
1.0185 1.0098174581798438e-06
1.0195 3.269207160624879e-11
1.0205 1.0628969196144377e-06
1.0215 2.5127881375354893e-07
1.0225 2.6711370027336844e-07
1.0235 3.1339162989534917e-06
1.0245 8.123004373066393e-07
1.0255 1.364373511019752e-07
1.0265 1.5945760402748582e-06
1.0275 3.6882802372276334e-07
1.0285 1.394580723431337e-06
1.0295 3.308288523164571e-11
1.0305 3.393958496155801e-07
1.0315 5.454124796182823e-07
1.0325 2.3472414473904537e-06
1.0335 3.331663801035056e-08
1.0345 3.5173060246910633e-07
1.0355 4.557460173756072e-07
1.0365 2.3849037720871326e-07
1.0375 5.754255505127563e-07
1.0385 8.58734265397118e-07
1.0395 3.35361086272357e-11
1.0405 3.973017261452419e-07
1.0415 3.3575223337241074e-11
1.0425 1.719794157387024e-07
1.0435 9.526674442177136e-07
1.0445 2.6844445660202777e-07
1.0455 5.452308813242456e-07
1.0465 7.055804406466955e-07
1.0475 1.2147980323379239e-06
1.0485 1.1010902240572425e-06
1.0495 3.961092454543125e-07
1.0505 6.086127954400869e-07
1.0515 7.417541463684345e-07
1.0525 4.423228629545336e-07
1.0535 1.0285536061123975e-07
1.0545 1.1330328408199015e-06
1.0555 1.2978837377214595e-06
1.0565 3.211658933694287e-07
1.0575 4.774581321345393e-07
1.0585 1.2877610242667902e-06
1.0595 1.2595198769730796e-06
1.0605 1.6928700281501217e-07
1.0615 4.051143779452247e-07
1.0625 7.056243248809728e-07
1.0635 2.4667326105771326e-06
1.0645 4.765391969943025e-07
1.0655 2.8130083530051874e-07
1.0665 6.213205110095832e-07
1.0675 1.1160207978978045e-06
1.0685 5.871959206180179e-07
1.0695 1.4483388841496637e-06
1.0705 2.325294867838326e-06
1.0715 6.971557536032289e-07
1.0725 1.7509470775514394e-07
1.0735 9.782041237624567e-07
1.0745 2.7459390256862343e-07
1.0755 1.251632771793252e-06
1.0765 1.4764229639579485e-06
1.0775 1.0870530763640884e-06
1.0785 3.4940368267339737e-11
1.0795 2.7957367167596166e-07
1.0805 1.2881941309483138e-06
1.0815 1.4138346075796841e-06
1.0825 5.5999577293731835e-08
1.0835 6.509180542157917e-07
1.0845 7.978389419578394e-07
1.0855 5.297628885967157e-07
1.0865 1.004376122156497e-06
1.0875 6.122803315713717e-07
1.0885 1.0408013944000052e-06
1.0895 5.260914628552221e-07
1.0905 2.0564751397220236e-07
1.0915 1.1931090407352731e-06
1.0925 6.327266393943157e-07
1.0935 7.113034461251904e-08
1.0945 3.164273569305992e-07
1.0955 9.839978494047627e-07
1.0965 7.792519240156867e-07
1.0975 1.6521702350703886e-06
1.0985 4.2557261232476044e-07
1.0995 6.642832465968214e-08
1.1005 1.1241259305652045e-06
1.1015 1.1450557833797575e-06
1.1025 4.787244728724905e-07
1.1035 6.79415687430095e-08
1.1045 9.002890261717086e-07
1.1055 1.6723138871412107e-06
1.1065 5.499071976208997e-07
1.1075 1.0595585951821407e-06
1.1085 1.7086366989222676e-06
1.1095 4.98291004878415e-07
1.1105 9.953890874705697e-07
1.1115 7.656325330291802e-07
1.1125 2.8613877981208507e-07
1.1135 1.1395797615183437e-06
1.1145 7.58330848211138e-07
1.1155 8.726795814365031e-07
1.1165 3.4514038952418874e-07
1.1175 2.087407145526036e-06
1.1185 1.9135240579100232e-07
1.1195 4.573444043513001e-07
1.1205 3.15109646685756e-07
1.1215 3.3319750995148567e-07
1.1225 6.767193813430622e-07
1.1235 1.3908455747491462e-06
1.1245 7.48620064186676e-07
1.1255 4.6816584966237587e-07
1.1265 1.4099952659701785e-06
1.1275 2.0128451247567731e-07
1.1285 2.788253550121972e-07
1.1295 4.870339569853429e-07
1.1305 2.661023112503351e-07
1.1315 5.321513293347206e-07
1.1325 6.091108916288409e-07
1.1335 7.692179193545028e-07
1.1345 4.833161307692677e-07
1.1355 3.700923275734645e-11
1.1365 1.037826267965024e-06
1.1375 3.142960864023504e-07
1.1385 7.043853744739181e-07
1.1395 2.2981734850692001e-07
1.1405 1.1208068351454782e-06
1.1415 3.140551895518575e-07
1.1425 1.651227319331935e-06
1.1435 9.497035249170913e-08
1.1445 8.37935305715524e-07
1.1455 1.1851962289625903e-08
1.1465 3.7732912889210314e-11
1.1475 1.8986563673139584e-07
1.1485 1.0159791175327859e-06
1.1495 1.319168455598592e-07
1.1505 3.7919542850891245e-11
1.1515 6.074659992552959e-07
1.1525 8.313533447272084e-07
1.1535 9.580730164814577e-07
1.1545 1.124821971525681e-06
1.1555 9.40104075679384e-08
1.1565 7.916425947999964e-07
1.1575 6.091550221662019e-07
1.1585 3.6793088240925393e-07
1.1595 2.6609827089118094e-07
1.1605 7.194553644433192e-07
1.1615 5.149720088511718e-07
1.1625 1.9577592453461805e-08
1.1635 2.560450434897195e-07
1.1645 3.8330751818430236e-11
1.1655 3.3993842299649e-07
1.1665 8.574490885038143e-07
1.1675 4.938200103087276e-07
1.1685 7.167115721044708e-07
1.1695 1.1170487783094857e-06
1.1705 2.516891286086548e-07
1.1715 7.962826582384685e-07
1.1725 1.0894210580590848e-06
1.1735 9.85714720327169e-07
1.1745 4.1865487230564495e-07
1.1755 5.804662211842082e-07
1.1765 3.62900973956533e-08
1.1775 7.716301481863843e-08
1.1785 7.809332111751177e-07
1.1795 6.395900304925711e-07
1.1805 1.0056352317742747e-06
1.1815 3.8333709778663194e-11
1.1825 1.9129051851350635e-07
1.1835 1.094606579440865e-06
1.1845 6.20425956992802e-07
1.1855 6.271376654300241e-07
1.1865 2.9742117193141864e-07
1.1875 5.626382369173491e-07
1.1885 2.179408809675793e-07
1.1895 3.391338169803837e-07
1.1905 6.631820032483725e-08
1.1915 5.891876197084078e-07
1.1925 5.298199884438408e-07
1.1935 3.7188540869876046e-07
1.1945 1.837989492856089e-07
1.1955 5.504881431115838e-07
1.1965 3.4738047081277527e-07
1.1975 3.843977805297218e-11
1.1985 3.0130120608179094e-07
1.1995 1.58780691950127e-06
1.2005 8.598273716724592e-07
1.2015 3.8661384221449695e-11
1.2025 2.659647713070983e-07
1.2035 1.148561138745528e-07
1.2045 2.5870046909331536e-07
1.2055 8.591801210603128e-07
1.2065 9.798993534164635e-07
1.2075 6.122225607181586e-07
1.2085 6.13063691987272e-07
1.2095 5.425865080039149e-07
1.2105 1.5194198829594225e-06
1.2115 1.5738829508775173e-07
1.2125 7.437494767809666e-07
1.2135 8.051957803042844e-07
1.2145 2.420278412934396e-07
1.2155 8.592074120653968e-07
1.2165 1.9999398456549598e-07
1.2175 9.470759563877554e-07
1.2185 2.891751050494927e-07
1.2195 7.120316268656492e-08
1.2205 2.4915309909734166e-07
1.2215 6.395508815181748e-07
1.2225 2.1650210565663484e-07
1.2235 3.159749998834512e-07
1.2245 2.1639482647014847e-07
1.2255 3.960376043577005e-11
1.2265 2.115001928530869e-06
1.2275 1.29763607564826e-07
1.2285 2.1841075580913833e-07
1.2295 3.969471940896388e-11
1.2305 9.205940686447058e-07
1.2315 3.4377619784719965e-07
1.2325 8.629436222706161e-07
1.2335 3.976078995224262e-11
1.2345 1.014967382607102e-06
1.2355 5.901489310327696e-07
1.2365 7.238634444371192e-07
1.2375 4.236763526790128e-07
1.2385 5.790232921267649e-08
1.2395 4.454028962612343e-07
1.2405 1.151233756659563e-06
1.2415 1.9294568537472778e-07
1.2425 6.506256751653521e-07
1.2435 1.8884902952064222e-07
1.2445 6.593411038032565e-07
1.2455 4.2055618805466236e-07
1.2465 2.9150482584834574e-08
1.2475 9.083326355537973e-07
1.2485 8.328577773829789e-07
1.2495 3.3191099596476314e-07
1.2505 2.1622477841783617e-07
1.2515 5.498159222451704e-07
1.2525 3.467876161751962e-07
1.2535 1.2218740129753933e-07
1.2545 3.735277197326146e-07
1.2555 4.3605315497460473e-07
1.2565 1.1917662137493e-06
1.2575 3.042623602570145e-07
1.2585 4.0126467748582865e-11
1.2595 1.7095568935640887e-06
1.2605 3.0863031662365925e-07
1.2615 4.014513780784214e-11
1.2625 1.4335085279781088e-06
1.2635 2.38518223353632e-07
1.2645 7.329291714801018e-07
1.2655 3.039689564611542e-07
1.2665 4.0846482078140204e-07
1.2675 1.0495427497604876e-06
1.2685 1.529348786719321e-07
1.2695 1.2101506774914271e-06
1.2705 2.757637819895407e-07
1.2715 4.001404115287368e-11
1.2725 1.653303086494243e-07
1.2735 3.99817016009116e-11
1.2745 4.4515869673419194e-07
1.2755 1.327833222879436e-06
1.2765 1.133730469769435e-07
1.2775 4.831150198042064e-07
1.2785 3.417121879446496e-07
1.2795 4.847185049723451e-07
1.2805 5.117708858865477e-07
1.2815 3.718879004440937e-07
1.2825 3.091734389434033e-07
1.2835 4.0396389336430497e-08
1.2845 1.4173780580684127e-06
1.2855 4.783312142567566e-07
1.2865 9.540823636695864e-08
1.2875 5.818305845562453e-07
1.2885 2.469919227314316e-07
1.2895 1.516083550795369e-06
1.2905 1.6765468369737312e-07
1.2915 7.180829436070711e-07
1.2925 2.9151987073870004e-07
1.2935 5.445945536236882e-07
1.2945 1.2476148606333103e-06
1.2955 1.2191585331967533e-07
1.2965 8.922213540815736e-07
1.2975 1.8429046697391155e-06
1.2985 1.6658810892776644e-07
1.2995 5.416167565900231e-07
1.3005 7.387059993859049e-07
1.3015 7.547232344963818e-07
1.3025 1.3705214895167036e-06
1.3035 6.311157972367305e-07
1.3045 9.611452758977245e-07
1.3055 4.40185874161743e-07
1.3065 6.691666958469854e-07
1.3075 2.281808195407321e-07
1.3085 1.2848712542688776e-06
1.3095 1.948477016623286e-06
1.3105 6.978623374168073e-08
1.3115 6.640867006643453e-07
1.3125 1.228775388173259e-07
1.3135 8.129933539026738e-07
1.3145 8.815919893679079e-07
1.3155 2.403712008193323e-07
1.3165 1.0881524584040526e-07
1.3175 9.423651681463831e-07
1.3185 1.2962835498851896e-06
1.3195 1.2359002870105055e-06
1.3205 9.55309703312241e-07
1.3215 7.905225349088671e-07
1.3225 1.3103526876714566e-06
1.3235 1.2566829060281916e-06
1.3245 1.0271967784145856e-06
1.3255 1.0647721257151003e-06
1.3265 4.129139454720448e-11
1.3275 2.0747269188526236e-06
1.3285 5.162399927489637e-07
1.3295 9.043045831233261e-07
1.3305 1.2374865084654283e-06
1.3315 6.412364102779246e-07
1.3325 6.92165232652053e-07
1.3335 9.655476028726925e-07
1.3345 3.6541366165867604e-07
1.3355 1.416075765960814e-07
1.3365 4.2736926692565775e-07
1.3375 7.787029489371909e-07
1.3385 9.677793284735997e-07
1.3395 1.572089813793043e-06
1.3405 1.3491409257326912e-06
1.3415 1.1864570330141288e-06
1.3425 1.2852429939108592e-06
1.3435 1.050933868469894e-06
1.3445 6.896993985822812e-07
1.3455 6.010282043997278e-07
1.3465 1.0469180832992071e-06
1.3475 1.8344199379797464e-07
1.3485 1.0870977389520472e-06
1.3495 3.492501264880942e-07
1.3505 2.1446504767549815e-07
1.3515 1.8311823233865552e-06
1.3525 4.918378757238322e-07
1.3535 6.335583703302779e-07
1.3545 5.255823322448482e-07
1.3555 7.420632018225158e-07
1.3565 6.826714208414168e-07
1.3575 1.0640509032814767e-06
1.3585 4.1142951275350887e-07
1.3595 9.036274480737024e-07
1.3605 1.2323966289046031e-06
1.3615 2.8197340034176506e-07
1.3625 9.376370093742104e-07
1.3635 5.3932169754182e-07
1.3645 8.403451512544297e-08
1.3655 1.1305767087832577e-06
1.3665 2.052230170100379e-07
1.3675 4.822023398736005e-07
1.3685 7.294636704425978e-07
1.3695 4.4038268432236997e-07
1.3705 8.468827289261272e-07
1.3715 5.6159022753642907e-08
1.3725 5.364854891905873e-07
1.3735 4.2604977797604953e-07
1.3745 7.400798867531504e-08
1.3755 2.490666225021176e-07
1.3765 6.344084302044698e-07
1.3775 2.2655534846527323e-06
1.3785 1.804719566338449e-07
1.3795 3.000533827386421e-07
1.3805 1.156919850101057e-06
1.3815 2.3501379693413143e-07
1.3825 1.033427077160487e-06
1.3835 4.1979713318387055e-11
1.3845 1.938117868727776e-06
1.3855 1.0000722942435508e-06
1.3865 4.969693110133071e-07
1.3875 6.02276049839381e-07
1.3885 6.592551771975337e-07
1.3895 7.166204122039147e-07
1.3905 8.152837788511088e-07
1.3915 4.34473411152847e-07
1.3925 7.225592088016433e-07
1.3935 1.5382954335670314e-06
1.3945 4.921471460205412e-07
1.3955 2.3427171453410135e-07
1.3965 8.20911536186876e-07
1.3975 1.8655236722506786e-06
1.3985 4.2308507683480946e-11
1.3995 9.666215022994672e-08
1.4005 2.0958141912978276e-06
1.4015 1.1838159361890998e-07
1.4025 1.1388356367355417e-06
1.4035 1.3293113513603485e-06
1.4045 7.212686488894892e-07
1.4055 1.1947171180454389e-06
1.4065 1.8294710234884544e-07
1.4075 3.467222359194665e-07
1.4085 1.7797638477063219e-06
1.4095 2.033346071583806e-06
1.4105 2.4426183586562006e-07
1.4115 7.517771035868814e-07
1.4125 1.0781111851825222e-06
1.4135 5.12525847695662e-07
1.4145 2.672198851123525e-07
1.4155 2.7033470281005745e-06
1.4165 6.668983217963586e-07
1.4175 3.90897809232117e-07
1.4185 1.1628063471973853e-06
1.4195 6.375948660676175e-07
1.4205 2.053097907920362e-08
1.4215 1.1646142238833222e-06
1.4225 1.8636864431336293e-06
1.4235 2.703711494525671e-07
1.4245 2.6574139851670236e-07
1.4255 6.08025994827965e-07
1.4265 6.989787918863871e-07
1.4275 7.577086895622618e-07
1.4285 3.209992055318068e-08
1.4295 1.3216207832215898e-07
1.4305 1.0449218654307416e-06
1.4315 9.060063639318651e-07
1.4325 1.0697220021003057e-06
1.4335 9.714728266263197e-07
1.4345 2.1819575972023467e-06
1.4355 4.341980382880318e-11
1.4365 5.253356218499241e-07
1.4375 1.341375835745997e-07
1.4385 9.10118103588259e-07
1.4395 3.44823123406825e-07
1.4405 5.234589499306171e-07
1.4415 8.825929752684686e-07
1.4425 3.36179724839764e-07
1.4435 2.5489597164718413e-07
1.4445 2.4370541428242296e-07
1.4455 3.9828741607195296e-07
1.4465 1.1457712722057908e-06
1.4475 7.968627099896552e-07
1.4485 5.394245555785429e-07
1.4495 1.3521262949243184e-06
1.4505 1.175677619457789e-06
1.4515 7.234171699272102e-08
1.4525 4.371986390296422e-11
1.4535 3.087126929051685e-07
1.4545 1.038268792197319e-06
1.4555 7.280503505518729e-07
1.4565 3.0491853407735516e-07
1.4575 6.559692872463388e-07
1.4585 4.377288755237992e-11
1.4595 2.0134175631597495e-06
1.4605 7.440219861822353e-07
1.4615 7.00077214891378e-07
1.4625 6.957664147735329e-07
1.4635 9.227231103988501e-07
1.4645 4.3845055087912327e-11
1.4655 1.1509957241193442e-06
1.4665 4.386983415951834e-11
1.4675 1.5114629354555027e-06
1.4685 1.0766224326813995e-06
1.4695 1.4719490868263126e-06
1.4705 7.842242181110407e-07
1.4715 1.1964598077834922e-06
1.4725 2.4489471451681013e-07
1.4735 6.631374178540501e-07
1.4745 6.661448397375122e-07
1.4755 7.383021550367903e-07
1.4765 9.338788095733537e-07
1.4775 1.0815055095117444e-06
1.4785 1.4921903480093068e-06
1.4795 4.40077866608599e-11
1.4805 6.737227743287437e-07
1.4815 6.123439169823147e-07
1.4825 1.391975452674565e-06
1.4835 1.0052587246753006e-07
1.4845 1.7809408528856159e-06
1.4855 4.380140317443476e-07
1.4865 7.103577630563262e-07
1.4875 1.3722455971642527e-06
1.4885 1.7089751340694492e-07
1.4895 1.663504730359016e-06
1.4905 1.1148771223835521e-06
1.4915 9.036193663685832e-07
1.4925 1.4434184611844228e-06
1.4935 6.116711930112819e-07
1.4945 1.071306904710176e-06
1.4955 1.7288721039461242e-06
1.4965 5.574495197709995e-07
1.4975 3.721531024471966e-07
1.4985 1.96962389439776e-06
1.4995 5.461148949261128e-07
1.5005 2.4808595502484833e-06
1.5015 9.059999170787479e-07
1.5025 1.4464966830581954e-06
1.5035 1.9630554466395178e-06
1.5045 2.1280219657190604e-06
1.5055 4.4554309403413235e-11
1.5065 9.365210609081969e-07
1.5075 1.8125403145402121e-06
1.5085 1.3909313388076125e-08
1.5095 1.084564401345788e-06
1.5105 1.031655662224563e-06
1.5115 6.703020292831061e-07
1.5125 1.9820812563946215e-06
1.5135 1.5612005424116758e-06
1.5145 7.556316492456833e-07
1.5155 1.764482774956007e-06
1.5165 4.483945234471286e-11
1.5175 1.4182779138261482e-07
1.5185 1.2554185676623958e-06
1.5195 4.335858304740499e-08
1.5205 3.614256064339052e-07
1.5215 1.6704759752721514e-06
1.5225 5.104293789380708e-07
1.5235 1.8257628434577895e-06
1.5245 6.960721713197017e-07
1.5255 1.0621146482198912e-06
1.5265 1.4906513244487792e-06
1.5275 8.509687033296293e-07
1.5285 5.581538651562092e-07
1.5295 5.407359724300897e-07
1.5305 1.4575805829678854e-06
1.5315 1.3994822883421833e-06
1.5325 1.0134509111323422e-06
1.5335 9.404752080011879e-08
1.5345 1.3567385600379905e-06
1.5355 1.1939693743789359e-06
1.5365 6.386702317113444e-07
1.5375 1.8677065135728035e-07
1.5385 1.8165638580045273e-08
1.5395 1.491600100164976e-06
1.5405 1.9083018636463756e-06
1.5415 3.7096503110015383e-07
1.5425 3.0760424243368167e-07
1.5435 1.1701665881277819e-06
1.5445 4.521050307397399e-11
1.5455 6.131538240759652e-07
1.5465 7.561358506715248e-07
1.5475 2.161347135768418e-06
1.5485 9.719559871488314e-08
1.5495 5.984427073250716e-07
1.5505 1.5143802952670365e-06
1.5515 8.716019043269505e-07
1.5525 5.604012135990608e-07
1.5535 2.463082544759279e-06
1.5545 6.639018890081205e-07
1.5555 1.210083182693318e-06
1.5565 4.0281924603518445e-07
1.5575 4.516299602867662e-11
1.5585 1.3856001659458599e-06
1.5595 2.4493215334705586e-06
1.5605 9.172054950672961e-08
1.5615 1.0210469145993023e-06
1.5625 1.1151289701146027e-06
1.5635 2.2576525176329996e-06
1.5645 2.1208875728315145e-07
1.5655 1.3978755732023015e-06
1.5665 1.4342956836131666e-06
1.5675 4.5184584679462475e-11
1.5685 3.859207364632643e-08
1.5695 7.650969917553612e-07
1.5705 1.737372000230471e-06
1.5715 4.5262199559250166e-11
1.5725 1.0055522070838771e-06
1.5735 5.188690092500837e-07
1.5745 3.672332729506447e-08
1.5755 1.4093409190617445e-07
1.5765 1.1646322541543819e-06
1.5775 3.8995943500657075e-07
1.5785 1.571731813017856e-06
1.5795 3.2543311931389327e-07
1.5805 1.6074305098701397e-06
1.5815 5.316148086380199e-07
1.5825 1.0741703065646634e-06
1.5835 1.6481107246116799e-06
1.5845 3.1874320793533676e-07
1.5855 2.012041757538876e-06
1.5865 1.0606976415905568e-06
1.5875 2.0817304315741794e-06
1.5885 1.1469993992575453e-06
1.5895 4.4016798604287935e-07
1.5905 1.7180004779775874e-06
1.5915 3.6891383812089435e-07
1.5925 1.0878701553870204e-06
1.5935 5.03803083721073e-07
1.5945 1.2062314784930384e-06
1.5955 4.3830560972036586e-07
1.5965 3.653878655264831e-07
1.5975 1.1505636817626355e-06
1.5985 8.409449846687004e-07
1.5995 6.139215178437001e-07
1.6005 5.161079884216009e-07
1.6015 7.518154885582842e-07
1.6025 4.463398079055043e-07
1.6035 9.742264508526652e-07
1.6045 1.9231864203907693e-06
1.6055 3.7195168728736574e-08
1.6065 9.046776450633533e-07
1.6075 1.3157366817578424e-06
1.6085 2.8919724487335855e-07
1.6095 1.2992662586801588e-06
1.6105 1.2753744187019066e-06
1.6115 1.025747810190381e-06
1.6125 2.767338442103993e-06
1.6135 1.1829381890518016e-06
1.6145 2.0997702477934136e-06
1.6155 1.209198505260329e-06
1.6165 2.4236410385390445e-06
1.6175 2.4291879566788193e-06
1.6185 2.45735436547591e-06
1.6195 1.0857601718223914e-06
1.6205 2.790334403136366e-06
1.6215 1.3536595802781285e-06
1.6225 3.0450276684435603e-06
1.6235 3.803206450007695e-06
1.6245 3.581544596782048e-06
1.6255 5.164257998097284e-06
1.6265 5.068500992836009e-06
1.6275 3.930925997792755e-06
1.6285 6.094428349463919e-06
1.6295 7.544905769987703e-06
1.6305 7.685790639758387e-06
1.6315 8.332687780595735e-06
1.6325 7.229941616763472e-06
1.6335 9.430575543595899e-06
1.6345 8.651584123871806e-06
1.6355 1.0985430260646448e-05
1.6365 1.134178320365196e-05
1.6375 1.2306692022811568e-05
1.6385 1.4061270024241475e-05
1.6395 1.5053293111907036e-05
1.6405 1.3335985011648503e-05
1.6415 1.6997171625079444e-05
1.6425 1.6845007010762033e-05
1.6435 1.9383819459067884e-05
1.6445 2.04078450497231e-05
1.6455 2.288866833548082e-05
1.6465 2.3973451039746018e-05
1.6475 2.48135806458904e-05
1.6485 2.4892349538574928e-05
1.6495 2.7238527607391864e-05
1.6505 2.8188575169279597e-05
1.6515 3.081275027710175e-05
1.6525 3.3212189146706835e-05
1.6535 3.795342449068691e-05
1.6545 4.120773568663775e-05
1.6555 4.0484150985011854e-05
1.6565 4.486695674665835e-05
1.6575 5.251666711349709e-05
1.6585 5.66788187507168e-05
1.6595 6.23998274520844e-05
1.6605 7.115702973285669e-05
1.6615 7.933222599769028e-05
1.6625 8.995975876058366e-05
1.6635 0.0001029565714009421
1.6645 0.00011711221749181197
1.6655 0.00013604522162979018
1.6665 0.00015475711831947466
1.6675 0.00018377775043053058
1.6685 0.00021098038551070852
1.6695 0.00024292752377476243
1.6705 0.0002812651938203564
1.6715 0.0003216841851303308
1.6725 0.00036769003784631413
1.6735 0.00041757011691051233
1.6745 0.00048081055366291947
1.6755 0.0005516576446912
1.6765 0.0006253045864811611
1.6775 0.0007026920530965899
1.6785 0.0007710425051537376
1.6795 0.0008776874258091279
1.6805 0.0009828656032589683
1.6815 0.0011000059137560854
1.6825 0.0012259594318879768
1.6835 0.0013525440526559985
1.6845 0.0015020936633285678
1.6855 0.0016435829754027644
1.6865 0.0018363213233580993
1.6875 0.0020136911662171288
1.6885 0.0022207409974960564
1.6895 0.002522198865168676
1.6905 0.002772850781260436
1.6915 0.0031327252678483505
1.6925 0.003495185153921729
1.6935 0.003980993134086898
1.6945 0.004581721796566716
1.6955 0.005143529514234704
1.6965 0.006005482098713097
1.6975 0.0071919981488605175
1.6985 0.00851189051222482
1.6995 0.010326383497271559
1.7005 0.012053319422191225
1.7015 0.014653358322607533
1.7025 0.017835462555209902
1.7035 0.02119058929819076
1.7045 0.02386968037982802
1.7055 0.026247307926730294
1.7065 0.029249408905358338
1.7075 0.03217963196978646
1.7085 0.03630722723001337
1.7095 0.041670121390525394
1.7105 0.04489789332858198
1.7115 0.05282677537261095
1.7125 0.05905369927586957
1.7135 0.06984282263810199
1.7145 0.07902110787464472
1.7155 0.09550150921350517
1.7165 0.1121624418208952
1.7175 0.13310178226803138
1.7185 0.15943779630431856
1.7195 0.1781162431310655
1.7205 0.2084450590911316
1.7215 0.23759938440236228
1.7225 0.26892898693598677
1.7235 0.2936854905419224
1.7245 0.3103419942261044
1.7255 0.3345733216345244
1.7265 0.3427558409159026
1.7275 0.3483263469116147
1.7285 0.3573735913099746
1.7295 0.36306551347073845
1.7305 0.36264233637667553
1.7315 0.3776334233857109
1.7325 0.3804269728694494
1.7335 0.38637283688108537
1.7345 0.39389336147325726
1.7355 0.40128121980421094
1.7365 0.4093470305193213
1.7375 0.42175597318137636
1.7385 0.42206166070815226
1.7395 0.4294717666442709
1.7405 0.4373576881308544
1.7415 0.43703475796749625
1.7425 0.4482550545676622
1.7435 0.45229217221991597
1.7445 0.4452522351522916
1.7455 0.4544528222196367
1.7465 0.45238167841561
1.7475 0.45016455282923856
1.7485 0.44969681327585986
1.7495 0.4429696486482521
1.7505 0.46235187661757216
1.7515 0.4512290426892211
1.7525 0.45334422663085594
1.7535 0.4513705173523319
1.7545 0.4529531078062527
1.7555 0.45298191028596574
1.7565 0.46152469688490955
1.7575 0.45877463205723984
1.7585 0.46073144047975234
1.7595 0.45720034852098473
1.7605 0.46077171669187345
1.7615 0.46515737832680915
1.7625 0.46431710091794764
1.7635 0.46355695277547637
1.7645 0.45633856858101896
1.7655 0.46183018363724443
1.7665 0.4688390490694244
1.7675 0.4664496272334538
1.7685 0.4656105175019514
1.7695 0.4582864955586414
1.7705 0.4623805785417672
1.7715 0.46809731380392117
1.7725 0.46164514869819007
1.7735 0.45539698927619604
1.7745 0.4600090488338219
1.7755 0.45899473035720384
1.7765 0.45359188134403805
1.7775 0.4652124631247959
1.7785 0.4505071383766934
1.7795 0.46020640927217893
1.7805 0.45861134614028465
1.7815 0.45418917297126926
1.7825 0.45090238101938385
1.7835 0.45508038907080606
1.7845 0.4569056724129438
1.7855 0.4526363548910086
1.7865 0.4457447622650136
1.7875 0.44730653650178775
1.7885 0.4532581954165009
1.7895 0.4441643419082194
1.7905 0.4442997476034709
1.7915 0.4427744857815288
1.7925 0.4445613815461855
1.7935 0.44454835617162614
1.7945 0.4356235920727547
1.7955 0.44547106397046204
1.7965 0.44270293845188546
1.7975 0.4385778296640769
1.7985 0.4373187792538723
1.7995 0.4434518115796927
1.8005 0.44340639944898136
1.8015 0.4429145119820366
1.8025 0.4489627818043562
1.8035 0.4457478133121504
1.8045 0.4381810994011818
1.8055 0.44357837840044023
1.8065 0.45132900877976306
1.8075 0.46081823197871064
1.8085 0.45346705792685327
1.8095 0.45637559753349477
1.8105 0.45953080756294695
1.8115 0.4606465523484322
1.8125 0.4555174046543432
1.8135 0.4648699855114664
1.8145 0.4566330704387711
1.8155 0.4646530151315862
1.8165 0.46657091736016754
1.8175 0.46802471536449125
1.8185 0.4638376295794558
1.8195 0.47640731940406167
1.8205 0.4682538783026329
1.8215 0.4679881761061923
1.8225 0.46941774310892354
1.8235 0.4719167425865176
1.8245 0.4693081439893849
1.8255 0.4688343128317857
1.8265 0.47497785681719534
1.8275 0.4686564357083631
1.8285 0.46864501012177656
1.8295 0.46686144782866423
1.8305 0.4656157028464563
1.8315 0.4809404022161954
1.8325 0.46698145844177624
1.8335 0.46415452335674945
1.8345 0.47309945266693143
1.8355 0.46403726200283824
1.8365 0.4684614093783509
1.8375 0.4675375134318668
1.8385 0.4615209197502927
1.8395 0.46389810328437475
1.8405 0.4656986740257591
1.8415 0.46004158893720126
1.8425 0.4609228988528962
1.8435 0.46613871425172837
1.8445 0.45661882070589166
1.8455 0.4611632239289888
1.8465 0.45029775083754287
1.8475 0.4606889379392787
1.8485 0.4534675683938737
1.8495 0.455082666124324
1.8505 0.45386975310542665
1.8515 0.45164642279035755
1.8525 0.4492886109211501
1.8535 0.45032606557695043
1.8545 0.44535268520374693
1.8555 0.446756148638359
1.8565 0.4507622533651818
1.8575 0.4487299131181128
1.8585 0.4505046795803387
1.8595 0.45192164067121754
1.8605 0.44898014032206635
1.8615 0.4490854418949306
1.8625 0.4493394926510952
1.8635 0.4485809945071294
1.8645 0.4535523375470565
1.8655 0.4531554349355332
1.8665 0.4572802001790221
1.8675 0.4581853734572643
1.8685 0.46010328600838835
1.8695 0.46289536437628964
1.8705 0.4648708980545567
1.8715 0.4601113271979654
1.8725 0.4661365006029793
1.8735 0.4685438681307998
1.8745 0.4743057791364905
1.8755 0.4760563568795665
1.8765 0.46594467231389225
1.8775 0.4784611291377636
1.8785 0.47139897669251707
1.8795 0.4753247371986248
1.8805 0.47240793468826636
1.8815 0.4751748336007672
1.8825 0.4745310508935269
1.8835 0.4741764368767688
1.8845 0.47719162049326996
1.8855 0.4732377198868648
1.8865 0.47306578184887066
1.8875 0.479012273945448
1.8885 0.4719502460604909
1.8895 0.4745158525433242
1.8905 0.4707396398624737
1.8915 0.46997528195100613
1.8925 0.4771659923311674
1.8935 0.4676010500390301
1.8945 0.46822107076750247
1.8955 0.46960548591313156
1.8965 0.46676120843228586
1.8975 0.47081959382755884
1.8985 0.4652693461850221
1.8995 0.4603656382095318
1.9005 0.463428152038881
1.9015 0.4640489456858452
1.9025 0.4603967935740906
1.9035 0.45327352104111673
1.9045 0.4624794638348244
1.9055 0.4545814994936116
1.9065 0.4578312359572233
1.9075 0.45197839296774645
1.9085 0.46100798641290475
1.9095 0.45929312101989406
1.9105 0.4535308453282172
1.9115 0.4595606846289749
1.9125 0.45292619307447757
1.9135 0.45416393657770626
1.9145 0.45261403203339595
1.9155 0.4570180630855478
1.9165 0.4600985924197708
1.9175 0.4568209680530704
1.9185 0.4549938172628212
1.9195 0.4599991093798202
1.9205 0.45385082875421695
1.9215 0.46525295474058365
1.9225 0.45999109863549903
1.9235 0.46124063964313544
1.9245 0.4616869685284642
1.9255 0.46701685628765177
1.9265 0.46453150005391874
1.9275 0.4688762984123668
1.9285 0.470277244532835
1.9295 0.47535020810838113
1.9305 0.4689261605136035
1.9315 0.47696413594590353
1.9325 0.46336270509420396
1.9335 0.47807260820369424
1.9345 0.4791448211297529
1.9355 0.4688483250339175
1.9365 0.47592178860748435
1.9375 0.46922598595889453
1.9385 0.4788050757656981
1.9395 0.47580024751878347
1.9405 0.4717295532189933
1.9415 0.4753267276585925
1.9425 0.4687522190610566
1.9435 0.4803537433848676
1.9445 0.4760152415284182
1.9455 0.48186533213476823
1.9465 0.47767344662317873
1.9475 0.474183208848212
1.9485 0.47910771574216304
1.9495 0.4763101137623971
1.9505 0.4718029417969257
1.9515 0.480954909703199
1.9525 0.4740939892080913
1.9535 0.46426222133748674
1.9545 0.46984707541693727
1.9555 0.4586144866515599
1.9565 0.45223305271150516
1.9575 0.43880675555068505
1.9585 0.4200356645979677
1.9595 0.4091666081426884
1.9605 0.38680514374181196
1.9615 0.3730474979448313
1.9625 0.3586101705482181
1.9635 0.33473277486123687
1.9645 0.31077578514768395
1.9655 0.2874859947851408
1.9665 0.2677371320127916
1.9675 0.24114434209404162
1.9685 0.22313565719679157
1.9695 0.20002666262483476
1.9705 0.18071764718152353
1.9715 0.16299788719303332
1.9725 0.1465017172280147
1.9735 0.13342190400333295
1.9745 0.11849683277953083
1.9755 0.10672750599400957
1.9765 0.09997124473258431
1.9775 0.08774430121640195
1.9785 0.0814095136707215
1.9795 0.07342070903798709
1.9805 0.06646040967566025
1.9815 0.05976898447972971
1.9825 0.05385415783589395
1.9835 0.047032127681417214
1.9845 0.04279200463225953
1.9855 0.03754683710784
1.9865 0.032593263805210396
1.9875 0.02783435268311875
1.9885 0.025371510073575937
1.9895 0.02141592836988462
1.9905 0.019425176129380068
1.9915 0.01666310551780209
1.9925 0.014609374891684141
1.9935 0.012712376448921031
1.9945 0.011054577397601711
1.9955 0.009692938049160191
1.9965 0.008213565294632276
1.9975 0.007564302253954764
1.9985 0.0063515554566936465
1.9995 0.005688673232228492
2.0005 0.004992910465506919
2.0015 0.004485837142477146
2.0025 0.0038666445692538396
2.0035 0.0034418672587691324
2.0045 0.0030778155945559785
2.0055 0.00272609778618965
2.0065 0.002399020112795464
2.0075 0.0021484472219275097
2.0085 0.0018919363439086367
2.0095 0.0017394210452844228
2.0105 0.0015282284804303777
2.0115 0.0013941900814047811
2.0125 0.0012534747003573573
2.0135 0.0011189467343845118
2.0145 0.0010150263925802951
2.0155 0.0008972081784467991
2.0165 0.0008507108284389968
2.0175 0.0007739508679836555
2.0185 0.0006901837030512978
2.0195 0.0006217396382236065
2.0205 0.0005821800490097965
2.0215 0.0005244766666393109
2.0225 0.00048547310507593915
2.0235 0.0004474897783144717
2.0245 0.0004133853256076052
2.0255 0.00037013179280839564
2.0265 0.00034942493307803875
2.0275 0.00032018185075991966
2.0285 0.00030103602437700743
2.0295 0.0002805766768256375
2.0305 0.0002634082108245648
2.0315 0.00023846653010953938
2.0325 0.00023230019339403463
2.0335 0.00021135797131526798
2.0345 0.00019830387509789767
2.0355 0.00018141675848975738
2.0365 0.00017554680406737874
2.0375 0.0001591601012973734
2.0385 0.00014787994601384618
2.0395 0.00014011715102802997
2.0405 0.00013827949116147536
2.0415 0.00013105690864527838
2.0425 0.0001211779529939537
2.0435 0.00011352070500271103
2.0445 0.00010960346333604542
2.0455 9.610269448268618e-05
2.0465 8.933008007445302e-05
2.0475 8.409015511994035e-05
2.0485 8.352846035110522e-05
2.0495 7.083547818675584e-05
2.0505 7.171769513597305e-05
2.0515 6.893592781445523e-05
2.0525 5.955055023651942e-05
2.0535 5.471097513908864e-05
2.0545 5.879580036760281e-05
2.0555 4.7578931586275106e-05
2.0565 5.170523536609274e-05
2.0575 5.022122010086955e-05
2.0585 3.2959556653412994e-05
2.0595 3.730915696737871e-05
2.0605 3.998033949933165e-05
2.0615 3.591372464401341e-05
2.0625 3.802155399202834e-05
2.0635 3.589606410497104e-05
2.0645 1.6295339968624933e-05
2.0655 3.10043299782618e-05
2.0665 2.895191377770096e-05
2.0675 2.4010928552431365e-05
2.0685 1.7558789684428966e-05
2.0695 2.1520987128411534e-05
2.0705 2.2065576409130194e-05
2.0715 2.0906400355956377e-05
2.0725 1.1184649621296755e-05
2.0735 1.4286530943542526e-05
2.0745 1.0206278898071877e-05
2.0755 1.213588478051916e-05
2.0765 3.5676569580656816e-06
2.0775 1.627300455578477e-05
2.0785 1.7865437304417578e-05
2.0795 1.2228459973570684e-05
2.0805 3.315800904342027e-06
2.0815 1.0291024319372959e-05
2.0825 9.75702952559664e-06
2.0835 1.1042371315644651e-05
2.0845 8.036570382728075e-06
2.0855 8.712821510145291e-06
2.0865 8.684627696692421e-06
2.0875 1.7138778357591952e-06
2.0885 3.936925409313611e-06
2.0895 1.435700952898498e-05
2.0905 5.490765618505404e-06
2.0915 6.249060893713e-06
2.0925 1.823798934131298e-06
2.0935 9.384034425041909e-06
2.0945 3.4127406028366857e-06
2.0955 2.734488302220424e-06
2.0965 6.076422392813293e-06
2.0975 5.701283919619628e-06
2.0985 4.949760994438492e-11
2.0995 9.307813020037755e-06
2.1005 2.2722734411084663e-06
2.1015 2.5414851504252316e-06
2.1025 3.5023676789945136e-06
2.1035 1.02576234990969e-05
2.1045 7.79676647502284e-06
2.1055 3.41616708388748e-06
2.1065 5.73115314024313e-06
2.1075 1.8454878071237565e-06
2.1085 3.5133103514321218e-06
2.1095 3.937839404802151e-06
2.1105 5.904535391017501e-06
2.1115 1.1653826041951529e-05
2.1125 7.63312014041961e-07
2.1135 8.210432536807246e-07
2.1145 8.09455281813397e-06
2.1155 5.3484715513933176e-06
2.1165 5.153391730058972e-06
2.1175 5.701627213861963e-06
2.1185 7.294934125505964e-07
2.1195 6.650252347959327e-06
2.1205 5.811257271374877e-06
2.1215 4.131709777474203e-06
2.1225 8.585766362503952e-06
2.1235 9.144789365988507e-07
2.1245 6.158368310010169e-06
2.1255 1.0165154937774086e-05
2.1265 4.923796873464447e-06
2.1275 4.4892698747069194e-06
2.1285 4.966686643804892e-11
2.1295 4.494310600607569e-06
2.1305 8.547575652899133e-06
2.1315 1.0926467244137526e-05
2.1325 1.4173482698279813e-05
2.1335 4.973589342986505e-11
2.1345 3.150215199302276e-06
2.1355 2.9345254059056258e-06
2.1365 6.073195733806412e-06
2.1375 3.6609930419757856e-06
2.1385 3.034409834279922e-06
2.1395 8.100150713907299e-06
2.1405 1.9323182478305102e-06
2.1415 2.310166996633196e-07
2.1425 3.1871345078481937e-06
2.1435 2.452917337490152e-06
2.1445 4.982162116107667e-06
2.1455 4.988340096972368e-11
2.1465 1.902334745104113e-06
2.1475 5.058189285270041e-07
2.1485 5.194336515890209e-06
2.1495 3.9935790886367887e-07
2.1505 4.681747070593738e-06
2.1515 4.9956546316077336e-11
2.1525 3.6976723554753684e-06
2.1535 1.6715157574924543e-06
2.1545 1.2922883362872745e-06
2.1555 7.3793445422000936e-06
2.1565 1.7605654880728968e-06
2.1575 6.518449076550919e-07
2.1585 4.669270120114614e-06
2.1595 1.335828310541667e-06
2.1605 4.940266433768753e-06
2.1615 7.895722372843307e-06
2.1625 1.7115244072502607e-06
2.1635 6.5621872763231766e-06
2.1645 1.056430299833766e-06
2.1655 9.830168609626025e-07
2.1665 4.9818628229806076e-11
2.1675 1.2004659941632174e-05
2.1685 1.413090858333681e-05
2.1695 3.072126179419523e-07
2.1705 5.741197003233072e-06
2.1715 2.5467439382073355e-06
2.1725 1.5549397219897425e-06
2.1735 8.091080523763673e-06
2.1745 5.360015137659531e-06
2.1755 1.5904172254206749e-06
2.1765 2.0809274019960265e-06
2.1775 2.6652056359945113e-06
2.1785 4.185946057380965e-06
2.1795 4.964649014880008e-11
2.1805 3.3396740675975144e-06
2.1815 5.559147602999403e-06
2.1825 4.618435066741641e-06
2.1835 2.0400021128403456e-06
2.1845 3.3304893744383805e-06
2.1855 1.5981096675489132e-06
2.1865 4.678423568981505e-06
2.1875 4.729485239288715e-06
2.1885 6.6646703579437385e-06
2.1895 9.295631887899544e-07
2.1905 2.3781547918677594e-06
2.1915 1.966580654444159e-06
2.1925 2.7685827662129098e-06
2.1935 4.967758908487754e-11
2.1945 4.288489581797068e-06
2.1955 5.775322408993872e-06
2.1965 6.5295819062797635e-06
2.1975 1.1620570517833446e-05
2.1985 4.976619296785813e-11
2.1995 1.209496853485842e-05
2.2005 2.3184112602204203e-06
2.2015 8.717061570261887e-06
2.2025 1.146321476255386e-05
2.2035 4.9764908068931514e-11
2.2045 3.90616739955111e-06
2.2055 5.402722368164378e-06
2.2065 8.304423798469317e-06
2.2075 4.307356945822233e-07
2.2085 4.830604998126379e-06
2.2095 1.6452572514191104e-06
2.2105 8.36588501272211e-06
2.2115 5.2695587383511895e-06
2.2125 2.0801290516642985e-06
2.2135 5.734217019411796e-06
2.2145 4.255306643709662e-06
2.2155 2.5469863596252394e-05
2.2165 4.952584803742531e-11
2.2175 1.1281754600633752e-05
2.2185 1.0067238478609394e-05
2.2195 1.6829257472306575e-05
2.2205 4.156146920542907e-06
2.2215 6.62686334870662e-06
2.2225 7.412105172918525e-06
2.2235 1.7327248196595247e-06
2.2245 2.369356877048591e-06
2.2255 1.0817735337182195e-05
2.2265 6.195699259016105e-06
2.2275 1.3253231998459763e-05
2.2285 4.896065936786541e-11
2.2295 4.025312555169398e-06
2.2305 3.4073979587432297e-06
2.2315 4.9128030449052886e-11
2.2325 4.948820413276786e-06
2.2335 7.089000804759799e-06
2.2345 5.583098077580356e-06
2.2355 9.967422749278341e-06
2.2365 5.612596924655692e-06
2.2375 5.995401093529746e-06
2.2385 9.389796640313227e-06
2.2395 4.954717526497688e-11
2.2405 2.3745584603974927e-05
2.2415 6.559403441623499e-06
2.2425 1.1072230603954716e-05
2.2435 6.549999288720867e-08
2.2445 1.002510700400199e-05
2.2455 4.953923588453359e-11
2.2465 1.366121070841268e-05
2.2475 2.7221012498330327e-06
2.2485 5.858114772852201e-06
2.2495 1.0794671339683184e-05
2.2505 6.486382076016987e-06
2.2515 1.3079595036808575e-05
2.2525 1.0123925921216979e-05
2.2535 9.061544124362687e-06
2.2545 5.010698629471776e-06
2.2555 1.011139045903675e-06
2.2565 9.044187542182181e-07
2.2575 5.170958758410929e-06
2.2585 8.239985173432579e-06
2.2595 8.727055605129665e-07
2.2605 1.3819308485180025e-05
2.2615 1.945088760867405e-06
2.2625 7.681258554642828e-06
2.2635 4.847579990189005e-11
2.2645 1.351314654732665e-05
2.2655 2.8944358778475984e-07
2.2665 1.3362039132131004e-05
2.2675 4.460062834023514e-07
2.2685 2.0644330811479548e-06
2.2695 8.760578969598818e-06
2.2705 4.527572164684668e-06
2.2715 3.1437688456883877e-06
2.2725 3.857144422671436e-06
2.2735 5.599903087450428e-06
2.2745 3.5796821875217203e-06
2.2755 1.1863168855864388e-05
2.2765 4.885233240580138e-11
2.2775 2.1217040023558532e-06
2.2785 3.690537338117064e-06
2.2795 4.886838529285867e-11
2.2805 7.280074204235759e-06
2.2815 3.166141367520581e-06
2.2825 3.9248580363278984e-06
2.2835 3.5248892903336016e-06
2.2845 5.443200273734514e-06
2.2855 2.5266854472141686e-07
2.2865 4.625886814081944e-07
2.2875 3.752375655215909e-07
2.2885 3.940059678460015e-06
2.2895 2.979992516484274e-06
2.2905 4.648483076115549e-06
2.2915 4.8780951492433154e-11
2.2925 5.4129895391327385e-06
2.2935 7.766801844804621e-07
2.2945 4.870123394012334e-11
2.2955 1.792040639579751e-06
2.2965 3.211107865902662e-07
2.2975 1.8124531845153059e-06
2.2985 3.8119028003797984e-07
2.2995 4.839909314113421e-11
2.3005 1.2632273447348861e-06
2.3015 5.581582935955876e-06
2.3025 1.974299067619735e-06
2.3035 4.792883389296234e-11
2.3045 7.582589315970881e-07
2.3055 1.4419545894443368e-06
2.3065 2.507625753482574e-07
2.3075 3.019228663221697e-06
2.3085 4.6975291955517935e-11
2.3095 4.3115736295010385e-07
2.3105 5.838107537410059e-06
2.3115 1.489963088630668e-06
2.3125 1.6869350150515593e-06
2.3135 2.1184194650479926e-06
2.3145 1.267545826690659e-06
2.3155 4.6622842438939726e-07
2.3165 4.3749134036329903e-11
2.3175 1.8979224699013673e-06
2.3185 4.234967499356028e-11
2.3195 1.0309546428937178e-06
2.3205 2.5350097133520123e-06
2.3215 7.959003718404406e-07
2.3225 3.3960880717098426e-07
2.3235 4.4365597912168313e-07
2.3245 1.0399010238386122e-06
2.3255 1.1311599150239304e-06
2.3265 1.3563815760904942e-06
2.3275 2.3076906780731314e-06
2.3285 3.1767878008216114e-11
2.3295 3.060555186577373e-11
2.3305 1.384959809075342e-06
2.3315 7.415662962791154e-07
2.3325 2.6793736521145884e-07
2.3335 2.5875944786725745e-11
2.3345 1.427136891242948e-06
2.3355 9.855573011333858e-07
2.3365 2.178101421067287e-06
2.3375 2.1482170614883922e-11
2.3385 2.057609004104993e-11
2.3395 1.570811282182936e-06
2.3405 8.620745584039545e-07
2.3415 8.158083892966287e-07
2.3425 1.3103384621993106e-06
2.3435 7.638510560310981e-07
2.3445 4.051118059472598e-07
2.3455 1.7047662286829426e-06
2.3465 7.146856742375389e-08
2.3475 2.6869608353508815e-06
2.3485 2.464719973441016e-06
2.3495 1.700436179303213e-11
2.3505 6.19436346514441e-07
2.3515 7.80340317165065e-07
2.3525 8.968608790200845e-07
2.3535 5.446142099859149e-07
2.3545 1.361903540600492e-06
2.3555 1.5135287617006642e-07
2.3565 1.91433036712386e-07
2.3575 4.993461026593908e-07
2.3585 5.86204077545297e-07
2.3595 7.632037565196329e-08
2.3605 3.124289332555579e-07
2.3615 5.047263880691526e-07
2.3625 2.1783089127799554e-07
2.3635 8.559354242353647e-07
2.3645 9.366258181012231e-12
2.3655 3.737862661931032e-07
2.3665 7.56303044405877e-12
2.3675 9.443703911261786e-08
2.3685 9.16607161505033e-08
2.3695 1.54479223572388e-07
2.3705 3.46110524591863e-07
2.3715 2.9071795338944953e-07
2.3725 3.129938376891369e-12
2.3735 1.640203349210639e-07
2.3745 5.700317184773185e-08
2.3755 5.3380718725724935e-08
2.3765 6.720687271414168e-08
2.3775 3.83884645694884e-08
2.3785 1.2360730682772757e-08
2.3795 1.0993675636659951e-07
2.3805 1.4407015414721729e-07
2.3815 1.0350229175970585e-07
2.3825 1.3142159001902363e-12
2.3835 2.3256896793873295e-07
2.3845 9.301898321879745e-09
2.3855 1.742739516361206e-07
2.3865 3.991910520456952e-08
2.3875 1.0770688367729014e-07
2.3885 2.254233823744576e-08
2.3895 7.52215476300579e-09
2.3905 2.4189616266454738e-08
2.3915 3.174605518677884e-08
2.3925 5.523724958291873e-08
2.3935 1.921112880887932e-08
2.3945 9.024039853509789e-09
2.3955 2.056154807435126e-08
2.3965 5.120788856676025e-08
2.3975 3.5626617601773403e-13
2.3985 3.2053015207744945e-13
2.3995 2.7322508798333828e-08
2.4005 1.2007765410178589e-08
2.4015 1.5219788961323886e-09
2.4025 1.7666508386853328e-08
2.4035 2.76195565085511e-09
2.4045 1.5981653357933479e-13
2.4055 2.0727509693752606e-08
2.4065 1.3671990367530943e-08
2.4075 9.51780474863449e-10
2.4085 6.2882914726921525e-09
2.4095 3.692184734194746e-09
2.4105 7.353760704865073e-09
2.4115 7.197196552095987e-09
2.4125 4.338048544628373e-10
2.4135 2.028574002129192e-09
2.4145 5.879190453701391e-10
2.4155 3.61088661040313e-14
2.4165 1.7854408168312955e-10
2.4175 6.558047928263101e-10
2.4185 2.0369006784313798e-09
2.4195 3.863725071037301e-09
2.4205 1.8104021063248004e-14
2.4215 1.586516126598636e-14
2.4225 1.228653455750765e-10
2.4235 9.298763742655972e-10
2.4245 1.0214934470741423e-10
2.4255 8.507849747577262e-10
2.4265 2.8750074056851007e-09
2.4275 7.600853347345846e-15
2.4285 1.9193805265360186e-11
2.4295 8.805045545261716e-11
2.4305 8.059742652179777e-10
2.4315 4.891636338834856e-15
2.4325 4.3395075018525544e-10
2.4335 4.7539411470400244e-11
2.4345 3.5667194051957115e-15
2.4355 3.2129985977745983e-15
2.4365 3.58679844260049e-10
2.4375 1.89862227246232e-10
2.4385 1.8864482394482082e-10
2.4395 2.106469935782923e-15
2.4405 2.258046573025449e-10
2.4415 3.233729170628079e-10
2.4425 1.5164045795619727e-15
2.4435 5.743418231842376e-11
2.4445 4.859463275289022e-11
2.4455 1.0737054742792052e-15
2.4465 1.356559990313132e-10
2.4475 2.8140709641542767e-10
2.4485 4.0917681874511524e-11
2.4495 6.671450478753484e-16
2.4505 1.1015937398570623e-10
2.4515 5.513259192929952e-16
2.4525 5.8204755149534934e-11
2.4535 1.7776059422671827e-11
2.4545 6.18074156515289e-11
2.4555 3.6851025455931025e-16
2.4565 1.5366987658370068e-11
2.4575 7.749006724478913e-12
2.4585 2.6842975961033713e-16
2.4595 2.039752001442647e-11
2.4605 6.731190912621002e-11
2.4615 1.4674925445070053e-11
2.4625 1.991319959555353e-11
2.4635 1.5558417980808843e-16
2.4645 4.752048616850189e-11
2.4655 8.551002085780383e-12
2.4665 5.050549575074584e-12
2.4675 5.59836717375268e-12
2.4685 1.7873726887121255e-11
2.4695 6.311634347060362e-12
2.4705 1.610926699570515e-11
2.4715 4.35770601254096e-12
2.4725 1.2896504078964532e-12
2.4735 4.069765898338256e-12
2.4745 5.330606203009696e-12
2.4755 3.9287882746068056e-17
2.4765 5.598768132794422e-12
2.4775 1.314434929199462e-12
2.4785 1.1372298986722167e-12
2.4795 9.966519127212576e-13
2.4805 3.520824770236901e-12
2.4815 1.2132436130204649e-12
2.4825 1.7938528740164625e-17
2.4835 9.791360567268641e-13
2.4845 1.0031925704753464e-12
2.4855 5.1344409890346295e-12
2.4865 1.1699503104424244e-17
2.4875 5.997529535078556e-13
2.4885 1.449254596656296e-12
2.4895 8.672299153404824e-18
2.4905 2.0449656423849073e-13
2.4915 9.736659665781708e-13
2.4925 3.7897885328490376e-13
2.4935 1.8638867356942552e-12
2.4945 3.948835720209516e-13
2.4955 5.8233904085796e-13
2.4965 2.5334025113910864e-13
2.4975 3.8599110744764595e-18
2.4985 7.681908877764155e-13
2.4995 2.536421191699035e-14
2.5005 3.667565026739775e-13
2.5015 2.6414215895225952e-18
2.5025 5.189825573496052e-13
2.5035 5.22243785468984e-13
2.5045 4.32983205112805e-14
2.5055 1.0034745435456724e-13
2.5065 2.4901048653643995e-13
2.5075 6.060849966570332e-13
2.5085 1.4042155454338833e-18
2.5095 7.848501020941714e-13
2.5105 1.1797149071153527e-18
2.5115 2.777619517477098e-13
2.5125 3.1419731378832096e-14
2.5135 8.30028977694059e-14
2.5145 3.201069954406369e-14
2.5155 7.702589355812892e-19
2.5165 3.3805234889701514e-13
2.5175 6.512522248144176e-19
2.5185 5.990629355032409e-19
2.5195 1.069906136131944e-13
2.5205 5.071618063940571e-19
2.5215 4.700325435149482e-14
2.5225 4.292935653513025e-19
2.5235 3.948642002281353e-19
2.5245 1.5889126581365983e-13
2.5255 9.572167885430338e-14
2.5265 3.0759153563325212e-19
2.5275 2.829246978528739e-19
2.5285 1.5289807611730523e-14
2.5295 4.5184927888005644e-14
2.5305 2.198282444314573e-19
2.5315 3.640769352274038e-14
2.5325 3.502169973292154e-15
2.5335 9.290452393128173e-14
2.5345 3.3325179137883204e-14
2.5355 1.4333178822295877e-19
2.5365 1.3139922030750694e-19
2.5375 1.8635601242704818e-14
2.5385 6.641956454198752e-15
2.5395 1.0091866432864805e-19
2.5405 6.682461555596936e-15
2.5415 5.305351507152081e-15
2.5425 1.0696438008581649e-14
2.5435 4.585488481141115e-15
2.5445 5.3191265287881976e-15
2.5455 3.2990104871660624e-15
2.5465 2.3887194969715743e-14
2.5475 4.866488548425357e-20
2.5485 4.4307187504226197e-20
2.5495 1.60633042324925e-14
2.5505 4.773219897485947e-15
2.5515 4.851918203378037e-15
2.5525 3.0119788218114473e-20
2.5535 2.7291663679704817e-20
2.5545 2.471623273512703e-20
2.5555 3.041430559532721e-15
2.5565 2.776295310881747e-15
2.5575 7.0990421462054314e-15
2.5585 4.900320607576658e-15
2.5595 1.4946354386933394e-20
2.5605 1.6595237733690664e-16
2.5615 1.9596765956612344e-15
2.5625 1.0993260167204907e-20
2.5635 6.859549140516375e-16
2.5645 2.3297740819839174e-15
2.5655 5.581587239443517e-15
2.5665 7.259268904614049e-21
2.5675 7.297432223196832e-16
2.5685 2.2940238107334567e-15
2.5695 3.6055891521986745e-16
2.5705 4.768420109845009e-21
2.5715 2.6220383061968272e-15
2.5725 2.51088028609755e-16
2.5735 7.050922205250596e-16
2.5745 3.1186337793822367e-21
2.5755 1.2079888945466278e-15
2.5765 3.698321162798604e-16
2.5775 2.2625603084986745e-21
2.5785 2.0321674047807833e-21
2.5795 1.841580211143942e-15
2.5805 1.6383486621041664e-21
2.5815 1.529970356129045e-16
2.5825 1.317881243167846e-21
2.5835 1.1790535362997626e-21
2.5845 9.44090227019561e-16
2.5855 9.424217488223564e-22
2.5865 2.8718060141013595e-17
2.5875 6.420113582699811e-17
2.5885 5.826279587706261e-16
2.5895 6.000848301649578e-22
2.5905 3.1679761897177964e-16
2.5915 4.778968845241741e-22
2.5925 4.261993692490617e-22
2.5935 3.7991463562920326e-22
2.5945 3.382900654319616e-22
2.5955 3.0106418902939357e-22
2.5965 1.4191131320393728e-16
2.5975 2.587039221995563e-17
2.5985 2.1182071640121763e-22
2.5995 1.8814745783794185e-22
2.6005 1.273743268279329e-16
