microns throughput
0.5502000122070313 9.540640432545248e-11
0.5512000122070313 3.474263191662959e-11
0.5522000122070313 7.262255758192282e-13
0.5532000122070313 8.304938145556793e-13
0.5542000122070313 8.851577854232657e-13
0.5552000122070313 9.109088282788829e-13
0.5562000122070313 9.370638178763826e-13
0.5572000122070313 9.706728479424484e-13
0.5582000122070313 9.723184257340791e-13
0.5592000122070313 9.753051793102102e-13
0.5602000122070312 1.1381767166850252e-12
0.5612000122070312 1.2981578460194734e-12
0.5622000122070312 1.3871885110492694e-12
0.5632000122070312 1.4931758879171365e-12
0.5642000122070312 1.6738230341459746e-12
0.5652000122070312 7.601029558338411e-11
0.5662000122070312 8.580827031355824e-10
0.5672000122070312 8.145241144113158e-10
0.5682000122070312 7.03945219760401e-11
0.5692000122070312 7.056534268687538e-11
0.5702000122070312 4.10024323400208e-10
0.5712000122070312 7.367483538332606e-11
0.5722000122070312 3.332446496622681e-10
0.5732000122070312 3.8728436020198604e-10
0.5742000122070312 8.140360644211828e-12
0.5752000122070312 1.5318528391020204e-11
0.5762000122070312 2.8801766465382257e-12
0.5772000122070312 6.191298911810097e-11
0.5782000122070312 3.121658832341316e-10
0.5792000122070312 3.1928295566272842e-12
0.5802000122070312 3.426779198793305e-12
0.5812000122070312 3.757067377101492e-12
0.5822000122070312 4.168308081497068e-12
0.5832000122070312 4.636723487725848e-12
0.5842000122070312 5.177108285116746e-12
0.5852000122070312 8.743930675046524e-12
0.5862000122070312 6.39364910690069e-12
0.5872000122070312 6.932694842342452e-12
0.5882000122070312 7.376406088828628e-12
0.5892000122070312 7.74051158970242e-12
0.5902000122070312 3.7213271920099746e-10
0.5912000122070312 8.368520561533933e-12
0.5922000122070312 9.037061116061567e-10
0.5932000122070312 6.534666088033051e-10
0.5942000122070312 9.186839221708732e-12
0.5952000122070312 5.55350100810235e-09
0.5962000122070312 6.026385124599301e-10
0.5972000122070312 2.0239048273625427e-09
0.5982000122070312 1.5285578600062513e-09
0.5992000122070312 9.92519025802641e-12
0.6002000122070312 6.9284147494887055e-09
0.6012000122070312 1.0261945448243642e-11
0.6022000122070312 1.232768415725248e-09
0.6032000122070312 1.0695853676676137e-11
0.6042000122070312 6.736531358862955e-09
0.6052000122070312 1.1053123201004094e-09
0.6062000122070312 1.1283389807010495e-11
0.6072000122070312 2.5468085190835015e-09
0.6082000122070312 3.116654982599806e-09
0.6092000122070312 2.4014110624340625e-09
0.6102000122070312 1.234307233928771e-09
0.6112000122070312 3.259352297642286e-09
0.6122000122070312 4.616132633675445e-09
0.6132000122070312 5.478144169134227e-09
0.6142000122070312 7.605446705296809e-09
0.6152000122070312 7.4665883525251e-09
0.6162000122070312 9.297539787134672e-09
0.6172000122070312 4.025212544496098e-09
0.6182000122070312 3.1983621266697633e-09
0.6192000122070312 1.7174564797937045e-09
0.6202000122070312 2.585606645033252e-09
0.6212000122070312 1.5957463753220992e-09
0.6222000122070312 1.3923352105287902e-11
0.6232000122070313 5.14757879128378e-09
0.6242000122070313 2.766552033711768e-09
0.6252000122070313 3.742210775719653e-09
0.6262000122070313 1.6463241529155559e-09
0.6272000122070313 2.2201501380677824e-10
0.6282000122070313 5.389961189987106e-10
0.6292000122070313 6.113388604889658e-09
0.6302000122070313 9.893247331511243e-09
0.6312000122070313 7.4110078858081575e-09
0.6322000122070313 1.9717751092734223e-09
0.6332000122070313 1.0898701826630552e-08
0.6342000122070313 9.471875757399833e-09
0.6352000122070313 7.694750362962586e-09
0.6362000122070313 2.5685576031403376e-08
0.6372000122070313 8.636069327161272e-09
0.6382000122070313 2.5627224125453488e-08
0.6392000122070313 2.188035936089229e-08
0.6402000122070313 1.4402755775647986e-08
0.6412000122070313 1.9281404192121865e-08
0.6422000122070313 6.4037706059404806e-09
0.6432000122070313 1.584153656775372e-09
0.6442000122070313 1.3967362559946525e-08
0.6452000122070313 2.015172286889362e-08
0.6462000122070313 1.7595334373947275e-08
0.6472000122070313 1.2185568191954795e-08
0.6482000122070313 1.4292495730822186e-08
0.6492000122070313 1.8690641539220383e-08
0.6502000122070313 1.9927765737853272e-08
0.6512000122070313 8.200164116363555e-09
0.6522000122070313 1.0997657448775339e-08
0.6532000122070313 6.482672953130976e-09
0.6542000122070313 6.869829747324526e-09
0.6552000122070313 1.8851797193218678e-08
0.6562000122070313 1.8846385539513595e-08
0.6572000122070313 1.0857794658102425e-08
0.6582000122070313 8.610515348716582e-09
0.6592000122070313 1.0388316758101527e-08
0.6602000122070313 2.232127613464835e-08
0.6612000122070313 3.061814452331086e-08
0.6622000122070313 1.7351695263963466e-08
0.6632000122070313 1.626825741700725e-08
0.6642000122070313 3.87399782574808e-08
0.6652000122070313 2.816911047157527e-08
0.6662000122070313 3.189661298609543e-08
0.6672000122070313 3.333074497803549e-08
0.6682000122070313 3.469764396422038e-08
0.6692000122070313 3.31624578133784e-08
0.6702000122070313 1.9335362391470428e-08
0.6712000122070313 1.2734619019228874e-08
0.6722000122070313 8.554039425740889e-09
0.6732000122070313 2.130515597500868e-08
0.6742000122070313 2.3127889096726873e-08
0.6752000122070313 2.1119056206236012e-08
0.6762000122070313 2.987300217641715e-08
0.6772000122070313 2.1812349972326586e-08
0.6782000122070313 2.078584015782012e-08
0.6792000122070313 1.150474135430962e-08
0.6802000122070313 9.844050587962636e-09
0.6812000122070313 8.852935897480902e-09
0.6822000122070313 6.976673383599528e-09
0.6832000122070313 1.1840442870882846e-08
0.6842000122070313 3.167279088868346e-08
0.6852000122070312 4.591683904860517e-08
0.6862000122070312 1.2093649286729849e-08
0.6872000122070312 5.530307642231292e-09
0.6882000122070312 2.1638051774272684e-09
0.6892000122070312 2.7358483492609237e-08
0.6902000122070312 1.9182227058696894e-08
0.6912000122070312 1.6310576926219612e-08
0.6922000122070312 1.6785259123709176e-08
0.6932000122070312 3.884746832410176e-08
0.6942000122070312 3.6094272190581996e-08
0.6952000122070312 1.1605543634232004e-08
0.6962000122070312 9.75417775601179e-09
0.6972000122070312 1.5999135355508744e-08
0.6982000122070312 2.387762969662426e-08
0.6992000122070312 1.0840830423745273e-08
0.7002000122070312 2.5450653007023365e-08
0.7012000122070312 9.969421283631446e-09
0.7022000122070312 2.0345878565201352e-08
0.7032000122070312 7.303923603487991e-09
0.7042000122070312 2.2747662152617196e-08
0.7052000122070312 4.360120094492467e-08
0.7062000122070312 2.4897807266236958e-08
0.7072000122070312 4.276194814439781e-08
0.7082000122070312 1.3093959014801666e-08
0.7092000122070312 2.2555397263065262e-08
0.7102000122070312 2.827220671389251e-08
0.7112000122070312 2.3341677282325256e-09
0.7122000122070312 1.418315670897269e-08
0.7132000122070312 1.6241734574342325e-08
0.7142000122070312 1.3958125090322834e-08
0.7152000122070312 1.0414255045872519e-08
0.7162000122070312 1.5985962492691192e-08
0.7172000122070312 2.7915658382632384e-08
0.7182000122070312 2.3819513900574867e-08
0.7192000122070312 4.233352485337675e-08
0.7202000122070312 2.3823634331695235e-08
0.7212000122070312 1.7304903199524997e-08
0.7222000122070312 1.9413009237207874e-08
0.7232000122070312 1.8206497858415436e-08
0.7242000122070312 1.6310832540857753e-08
0.7252000122070312 2.4345851109849765e-08
0.7262000122070312 2.3533060441459376e-11
0.7272000122070312 1.606860415854825e-08
0.7282000122070312 1.6753326100476123e-08
0.7292000122070312 2.5650389615051008e-08
0.7302000122070312 3.22013710584069e-08
0.7312000122070312 3.15780806700044e-08
0.7322000122070312 1.143994844862939e-08
0.7332000122070312 2.0475234267149624e-08
0.7342000122070312 9.716073685948108e-09
0.7352000122070312 1.3822317992736214e-08
0.7362000122070312 9.298240758013893e-09
0.7372000122070312 1.5686901156806241e-09
0.7382000122070312 2.327847176446954e-09
0.7392000122070312 1.6884953757895882e-08
0.7402000122070312 3.4753738174564256e-08
0.7412000122070312 1.0717465368503451e-08
0.7422000122070312 3.486143437305393e-08
0.7432000122070312 8.601230826711207e-09
0.7442000122070312 1.3382966216388073e-08
0.7452000122070312 1.387485484889571e-08
0.7462000122070312 1.4204611305502755e-08
0.7472000122070312 1.8317808875249915e-08
0.7482000122070313 4.093720373222779e-09
0.7492000122070313 1.3128004141875353e-08
0.7502000122070313 1.877972914813291e-08
0.7512000122070313 3.6257228320731406e-08
0.7522000122070313 1.4563349325666827e-08
0.7532000122070313 2.2684501143336266e-08
0.7542000122070313 8.561199106962944e-09
0.7552000122070313 2.6042898876530407e-08
0.7562000122070313 2.093565923522264e-08
0.7572000122070313 2.0603221560329957e-08
0.7582000122070313 1.8127662989968473e-08
0.7592000122070313 1.5884833455726575e-08
0.7602000122070313 1.1383729811299394e-08
0.7612000122070313 4.4722134834650596e-09
0.7622000122070313 1.1068333148547825e-08
0.7632000122070313 3.538707625642835e-08
0.7642000122070313 1.2190421577168027e-08
0.7652000122070313 1.9330456351573732e-08
0.7662000122070313 2.5876675575180042e-08
0.7672000122070313 3.374081529310652e-08
0.7682000122070313 1.1043394265930293e-08
0.7692000122070313 9.616886063517554e-09
0.7702000122070313 2.6720501750455527e-11
0.7712000122070313 2.6774155587883384e-11
0.7722000122070313 8.972885750593182e-09
0.7732000122070313 1.4747050370695129e-08
0.7742000122070313 9.508130157571678e-09
0.7752000122070313 1.3275278846850026e-09
0.7762000122070313 4.18194302765237e-09
0.7772000122070313 1.268899501414242e-08
0.7782000122070313 8.151941949885407e-09
0.7792000122070313 9.309020744457806e-09
0.7802000122070313 2.2833394609514413e-08
0.7812000122070313 3.91364806503266e-09
0.7822000122070313 2.8487787556406684e-09
0.7832000122070313 1.2014652020143258e-08
0.7842000122070313 2.616848866449127e-08
0.7852000122070313 1.0719357750237858e-08
0.7862000122070313 5.077518549829785e-09
0.7872000122070313 2.8622907379717066e-08
0.7882000122070313 2.7387439550750997e-08
0.7892000122070313 1.0180828035478215e-08
0.7902000122070313 4.8254040335281986e-09
0.7912000122070313 2.8443866675859447e-08
0.7922000122070313 4.5479572045391745e-08
0.7932000122070313 8.808330433730911e-10
0.7942000122070313 3.0817427771640875e-09
0.7952000122070313 1.6925310552660006e-09
0.7962000122070313 3.527324146829494e-08
0.7972000122070313 6.885881592300524e-08
0.7982000122070313 2.8073907051602922e-08
0.7992000122070313 3.2903479261309615e-08
0.8002000122070313 2.94303904201735e-08
0.8012000122070313 2.5702250766612828e-08
0.8022000122070313 3.384613756567415e-08
0.8032000122070313 3.4811813693453404e-08
0.8042000122070313 3.403833038574805e-08
0.8052000122070313 1.3556848108048864e-08
0.8062000122070313 1.2007461243042296e-08
0.8072000122070313 6.504589171174621e-09
0.8082000122070313 3.966991148627353e-09
0.8092000122070313 4.147884485690653e-08
0.8102000122070312 2.8710322439484514e-08
0.8112000122070312 3.797112436123937e-08
0.8122000122070312 2.3808794369090106e-08
0.8132000122070312 4.0585702087447484e-08
0.8142000122070312 2.0335159295829566e-08
0.8152000122070312 2.3329633203769978e-08
0.8162000122070312 3.435056834019835e-08
0.8172000122070312 5.51813068417131e-08
0.8182000122070312 2.4521361854957474e-08
0.8192000122070312 2.2744626892751156e-08
0.8202000122070312 2.513936465584312e-08
0.8212000122070312 1.5815695915674866e-08
0.8222000122070312 9.6612083946865e-09
0.8232000122070312 2.699965698694636e-09
0.8242000122070312 3.222606759270691e-09
0.8252000122070312 3.58275144923817e-08
0.8262000122070312 1.8369355929008777e-08
0.8272000122070312 6.805474818244384e-10
0.8282000122070312 1.7506564751211673e-08
0.8292000122070312 3.651993287561707e-08
0.8302000122070312 1.9756873573167266e-08
0.8312000122070312 2.746344010036384e-09
0.8322000122070312 7.3018062952541605e-09
0.8332000122070312 2.872586504831956e-08
0.8342000122070312 3.1640259098357926e-08
0.8352000122070312 4.392663840942406e-08
0.8362000122070312 6.387191306067184e-08
0.8372000122070312 5.629750960374371e-08
0.8382000122070312 4.8867006704364824e-08
0.8392000122070312 6.093458595883142e-08
0.8402000122070312 5.34696877914597e-08
0.8412000122070312 3.459324847412688e-08
0.8422000122070312 7.140071223638457e-08
0.8432000122070312 8.820627011328515e-08
0.8442000122070312 1.3216391793568644e-07
0.8452000122070312 1.7874565434040567e-07
0.8462000122070312 1.9791758307707167e-07
0.8472000122070312 2.3817560610657715e-07
0.8482000122070312 2.3374324972515195e-07
0.8492000122070312 2.2782762217893592e-07
0.8502000122070312 1.5727523097973728e-07
0.8512000122070312 8.174050206703346e-08
0.8522000122070312 6.284763158941753e-08
0.8532000122070312 2.456003261407815e-08
0.8542000122070312 1.7081701941613898e-08
0.8552000122070312 2.664079365054171e-08
0.8562000122070312 1.89877503972169e-08
0.8572000122070312 4.980048472612512e-09
0.8582000122070312 5.358252652540888e-08
0.8592000122070312 3.7322312135238784e-08
0.8602000122070312 4.596064773175067e-09
0.8612000122070312 1.3250832382123115e-08
0.8622000122070312 1.9793836538817288e-08
0.8632000122070312 7.302431505270293e-09
0.8642000122070312 2.198513579549702e-09
0.8652000122070312 1.060158502685096e-09
0.8662000122070312 3.051863505039907e-11
0.8672000122070312 3.049965318675831e-11
0.8682000122070312 3.0511086489252e-11
0.8692000122070312 3.0786309198844986e-08
0.8702000122070312 1.649621819996344e-08
0.8712000122070312 3.6626972657176978e-09
0.8722000122070312 3.1064465343716493e-09
0.8732000122070313 2.035428891059801e-08
0.8742000122070313 1.0619519382709602e-08
0.8752000122070313 1.7056592522698007e-08
0.8762000122070313 1.2848125862353958e-07
0.8772000122070313 6.42828291976221e-08
0.8782000122070313 2.817170626605677e-08
0.8792000122070313 1.5196843981931596e-08
0.8802000122070313 3.098667255860576e-11
0.8812000122070313 1.4857075333516222e-07
0.8822000122070313 1.7900949547543968e-07
0.8832000122070313 5.342591313659721e-08
0.8842000122070313 8.777238581814092e-09
0.8852000122070313 2.1324490836855506e-08
0.8862000122070313 1.649480870497247e-07
0.8872000122070313 4.2004995788302174e-07
0.8882000122070313 1.8048617666797918e-07
0.8892000122070313 3.9094032784601783e-07
0.8902000122070313 2.0999310924172655e-07
0.8912000122070313 6.117653723119635e-08
0.8922000122070313 3.296373500428561e-08
0.8932000122070313 4.2407562496957895e-07
0.8942000122070313 5.044218068991368e-07
0.8952000122070313 3.520660389928997e-07
0.8962000122070313 1.8280725321436016e-07
0.8972000122070313 5.663031350604603e-08
0.8982000122070313 5.66026714197173e-08
0.8992000122070313 2.567489426249654e-08
0.9002000122070313 3.157750480323366e-11
0.9012000122070313 9.915025132785835e-08
0.9022000122070313 5.354920076340574e-08
0.9032000122070313 3.911555521575766e-08
0.9042000122070313 2.1226889368409437e-07
0.9052000122070313 4.044409088069216e-07
0.9062000122070313 2.155052629455833e-07
0.9072000122070313 2.683788511186942e-07
0.9082000122070313 1.2924543472119903e-07
0.9092000122070313 9.396302637370104e-08
0.9102000122070313 5.062944640574072e-08
0.9112000122070313 3.1959637161757394e-11
0.9122000122070313 2.3460652058607396e-07
0.9132000122070313 2.538846379381933e-07
0.9142000122070313 1.5992232912589268e-07
0.9152000122070313 4.914036632557306e-08
0.9162000122070313 3.20568940243799e-11
0.9172000122070313 1.763033549472567e-07
0.9182000122070313 1.2065521526580686e-07
0.9192000122070313 1.3914539529752766e-08
0.9202000122070313 3.213988705244597e-11
0.9212000122070313 1.3642551507670518e-07
0.9222000122070313 2.7311941693715577e-07
0.9232000122070313 1.0706325701108958e-07
0.9242000122070313 1.919692250161458e-07
0.9252000122070313 1.0223486243272763e-07
0.9262000122070313 2.014177806868668e-08
0.9272000122070313 1.6701947208473952e-07
0.9282000122070313 8.32061185667316e-08
0.9292000122070313 3.212647735887687e-11
0.9302000122070313 6.461127911703707e-08
0.9312000122070313 8.086574845783706e-08
0.9322000122070313 2.4113378504588045e-07
0.9332000122070313 1.7355562425744585e-07
0.9342000122070313 3.893162283316215e-08
0.9352000122070312 2.1770103027994884e-07
0.9362000122070312 2.1321174585363495e-07
0.9372000122070312 3.7312584805093244e-07
0.9382000122070312 6.300575989349548e-07
0.9392000122070312 9.962611262522722e-07
0.9402000122070312 1.093886594944911e-06
0.9412000122070312 1.2196101875034115e-06
0.9422000122070312 1.6043348016386755e-06
0.9432000122070312 1.3620635029925147e-06
0.9442000122070312 1.207390545724036e-06
0.9452000122070312 9.395086244020092e-07
0.9462000122070312 6.998228628496459e-07
0.9472000122070312 6.011920566277631e-07
0.9482000122070312 3.6646435794968094e-07
0.9492000122070312 4.880150982035662e-07
0.9502000122070312 5.159571123334592e-07
0.9512000122070312 2.387778498458105e-07
0.9522000122070312 1.0108909637358522e-07
0.9532000122070312 1.9185103194889262e-07
0.9542000122070312 1.989400839761172e-07
0.9552000122070312 9.869509532471392e-08
0.9562000122070312 2.248234926921451e-07
0.9572000122070312 3.7870508554007085e-07
0.9582000122070312 2.193288842496461e-07
0.9592000122070312 7.476482615877151e-08
0.9602000122070312 9.744775990541578e-08
0.9612000122070312 1.272421713196954e-07
0.9622000122070312 4.563792644140547e-08
0.9632000122070312 1.5254715200956133e-07
0.9642000122070312 1.113623892454334e-07
0.9652000122070312 2.1430198555507314e-07
0.9662000122070312 1.0615409500027109e-07
0.9672000122070312 1.298799652235656e-07
0.9682000122070312 2.441374510798713e-07
0.9692000122070312 1.5757591502171487e-07
0.9702000122070312 3.433783846739409e-08
0.9712000122070312 3.233653255359029e-11
0.9722000122070312 1.2676217672548548e-07
0.9732000122070312 6.790392516106583e-08
0.9742000122070312 8.996119928070728e-08
0.9752000122070312 1.35454803098707e-07
0.9762000122070312 1.2411443785345986e-07
0.9772000122070312 1.4683156302126646e-07
0.9782000122070312 1.286508857247847e-07
0.9792000122070312 2.065627756367519e-07
0.9802000122070312 1.9964696933974884e-07
0.9812000122070312 3.8836032144980776e-07
0.9822000122070312 2.1694897154302236e-07
0.9832000122070312 2.8396725070141787e-07
0.9842000122070312 5.846875470622132e-07
0.9852000122070312 9.357547350254447e-07
0.9862000122070312 1.1059836907049472e-06
0.9872000122070312 1.0717551612966474e-06
0.9882000122070312 7.591159628826945e-07
0.9892000122070312 6.662508656841254e-07
0.9902000122070312 7.363020089694067e-07
0.9912000122070312 5.444803966622856e-07
0.9922000122070312 2.72626379525349e-07
0.9932000122070312 1.357868615962907e-07
0.9942000122070312 1.399085871538134e-07
0.9952000122070312 5.507421208190511e-08
0.9962000122070312 1.9637396337851783e-07
0.9972000122070312 6.459556416534377e-07
0.9982000122070313 8.670168397982601e-07
0.9992000122070313 6.762684518268737e-07
1.0002000122070311 5.439877737972719e-07
1.0012000122070313 7.055502308313067e-07
1.0022000122070311 8.041567206661754e-07
1.0032000122070313 4.442070324725829e-07
1.0042000122070311 6.744719163632607e-07
1.0052000122070313 6.090242148657066e-07
1.0062000122070311 3.5701059544445474e-07
1.0072000122070313 4.6410382099075095e-07
1.0082000122070311 4.6095664465847375e-07
1.0092000122070313 5.36735592281781e-07
1.0102000122070312 6.885904980122419e-07
1.0112000122070313 4.6513239516707327e-07
1.0122000122070312 6.699499716402963e-07
1.0132000122070313 9.711471648163059e-07
1.0142000122070312 7.062888997941213e-07
1.0152000122070313 9.190522523867448e-07
1.0162000122070312 1.0169135197505262e-06
1.0172000122070313 8.577927907977995e-07
1.0182000122070312 8.235717666381782e-07
1.0192000122070313 1.232018731231612e-06
1.0202000122070312 7.345085623529731e-07
1.0212000122070313 6.277576944705858e-07
1.0222000122070312 1.0362900007855425e-06
1.0232000122070313 5.739988421743523e-07
1.024199951171875 9.106079877155636e-07
1.025199951171875 9.519719021444785e-07
1.026199951171875 4.2207453523611123e-07
1.027199951171875 1.2537203424920434e-06
1.028199951171875 4.286992188387485e-07
1.029199951171875 5.501727778156909e-07
1.030199951171875 7.164198971397415e-07
1.031199951171875 6.321975239805167e-07
1.032199951171875 2.1463227483218126e-07
1.033199951171875 4.031131889992546e-07
1.034199951171875 4.834242108223047e-07
1.035199951171875 2.11781631213394e-07
1.036199951171875 3.1804947000788244e-07
1.037199951171875 6.689048598761604e-07
1.038199951171875 2.785581303481824e-07
1.039199951171875 3.4296528106570465e-07
1.040199951171875 5.068428075623792e-07
1.041199951171875 6.326318555178892e-07
1.042199951171875 5.509878523450042e-07
1.043199951171875 1.970125024178797e-07
1.044199951171875 4.020733277261146e-07
1.045199951171875 2.1779851054406816e-07
1.046199951171875 4.434980214920134e-07
1.047199951171875 4.1891290555167525e-07
1.048199951171875 6.236300533893839e-07
1.049199951171875 5.993510409233214e-07
1.050199951171875 9.57143929615749e-07
1.051199951171875 1.1054100821001743e-06
1.052199951171875 9.270663562268559e-07
1.053199951171875 7.094691172832394e-07
1.054199951171875 6.572159811105442e-07
1.055199951171875 4.2708915758383134e-07
1.056199951171875 5.529081488548616e-07
1.057199951171875 9.960864092872888e-07
1.058199951171875 7.746738575259959e-07
1.059199951171875 7.181173054824233e-07
1.060199951171875 1.0856792963322202e-06
1.061199951171875 1.17620483775726e-06
1.062199951171875 7.872294027810925e-07
1.063199951171875 1.1338011154378343e-06
1.064199951171875 1.162726068864023e-06
1.065199951171875 1.6435723408609542e-06
1.066199951171875 1.1092065099122423e-06
1.067199951171875 1.497032615166524e-06
1.068199951171875 1.4360457907368231e-06
1.069199951171875 1.445657456569516e-06
1.070199951171875 1.0598164733743339e-06
1.071199951171875 1.096085943709857e-06
1.072199951171875 1.111728582250106e-06
1.073199951171875 1.3506335691322108e-06
1.074199951171875 1.295445113054636e-06
1.075199951171875 4.616725830883177e-07
1.076199951171875 1.1468732852761378e-06
1.077199951171875 1.076120641121053e-06
1.078199951171875 1.0840019279943521e-06
1.079199951171875 5.050352467088436e-07
1.080199951171875 8.110703176661321e-07
1.081199951171875 7.417933077244448e-07
1.082199951171875 3.778925393233087e-07
1.083199951171875 6.387953895519051e-07
1.084199951171875 9.393316193910036e-07
1.085199951171875 8.472096189102696e-07
1.086199951171875 6.851578912918321e-07
1.087199951171875 7.893436885015807e-07
1.088199951171875 5.541553513388005e-07
1.089199951171875 6.984275553481348e-07
1.090199951171875 5.09404922691794e-07
1.091199951171875 7.093225224003835e-07
1.092199951171875 5.317003198835129e-07
1.093199951171875 3.7845639745264474e-07
1.094199951171875 5.258926107926947e-07
1.095199951171875 3.430392557544728e-07
1.096199951171875 5.8408565399295e-07
1.097199951171875 7.533816801250349e-07
1.098199951171875 5.854305210555116e-07
1.099199951171875 1.3596571858897716e-07
1.100199951171875 5.765382650205962e-07
1.101199951171875 2.0814055524752493e-07
1.102199951171875 4.364598306380474e-07
1.103199951171875 3.6550940192147745e-07
1.104199951171875 5.828695450759322e-07
1.105199951171875 2.173122221687881e-07
1.106199951171875 6.824121776664524e-07
1.107199951171875 9.607948984271101e-07
1.108199951171875 7.632544996406039e-07
1.109199951171875 2.2636212022089972e-07
1.110199951171875 3.4558758666974836e-07
1.111199951171875 5.219292092225494e-07
1.112199951171875 8.779173988712632e-07
1.113199951171875 6.185482206983711e-07
1.114199951171875 7.110157974592089e-07
1.115199951171875 6.769056761428272e-07
1.116199951171875 1.1619752003782463e-06
1.117199951171875 1.5975138184164e-06
1.118199951171875 6.845450508782218e-07
1.119199951171875 1.2272565440456347e-06
1.120199951171875 1.095353113775871e-06
1.121199951171875 1.22568818997246e-06
1.122199951171875 1.45210233178844e-06
1.123199951171875 1.3401036189447908e-06
1.124199951171875 1.5537021818670498e-06
1.125199951171875 1.0754838583863112e-06
1.126199951171875 1.258019682085749e-06
1.127199951171875 7.250144396858676e-07
1.128199951171875 1.2718953137899703e-06
1.129199951171875 8.152820627369104e-07
1.130199951171875 6.400386345055407e-07
1.131199951171875 8.074807974020275e-07
1.132199951171875 6.752444867862449e-07
1.133199951171875 6.473975998028081e-07
1.134199951171875 7.097453582814722e-07
1.135199951171875 7.423980000111185e-07
1.136199951171875 3.6036660967453953e-07
1.137199951171875 2.029288723172164e-07
1.138199951171875 4.835448380593951e-07
1.139199951171875 4.5504412908692154e-07
1.140199951171875 4.938349664028449e-07
1.141199951171875 4.925075987869549e-07
1.142199951171875 4.679560473920249e-07
1.143199951171875 5.561050814418578e-07
1.144199951171875 2.086562067908354e-07
1.145199951171875 4.193244229730647e-07
1.146199951171875 2.872301807652727e-07
1.147199951171875 4.795600594457937e-07
1.148199951171875 3.5229973988119093e-07
1.149199951171875 2.1201434322566324e-07
1.150199951171875 5.240719096944523e-07
1.151199951171875 2.8214037760106596e-07
1.152199951171875 8.39935893330153e-08
1.153199951171875 5.225715473480288e-07
1.154199951171875 1.6762556587667622e-07
1.155199951171875 2.0652624619432124e-07
1.156199951171875 6.084382139420918e-07
1.157199951171875 2.294473897093471e-07
1.158199951171875 1.205175979517352e-07
1.159199951171875 2.2278662035171187e-07
1.160199951171875 1.7886766574635542e-07
1.161199951171875 7.350157609515877e-08
1.162199951171875 3.951126526977311e-07
1.163199951171875 2.700897196320594e-07
1.164199951171875 3.2652244369088185e-07
1.165199951171875 3.6597049663301465e-07
1.166199951171875 7.792245796571906e-08
1.167199951171875 6.465375894952243e-08
1.168199951171875 5.327138600198616e-07
1.169199951171875 5.502738650015571e-07
1.170199951171875 2.4352709182586643e-07
1.171199951171875 2.606682170443837e-07
1.172199951171875 4.336446959566437e-07
1.173199951171875 1.567575357447732e-07
1.174199951171875 7.1203689177683e-07
1.175199951171875 4.4386642403557577e-07
1.176199951171875 6.073693477261131e-07
1.177199951171875 3.9327742370556564e-07
1.178199951171875 3.259027766396698e-07
1.179199951171875 4.516671538523984e-07
1.180199951171875 4.647561084507106e-07
1.181199951171875 4.6866602002501e-07
1.182199951171875 3.017922783379286e-07
1.183199951171875 4.261953716111211e-07
1.184199951171875 3.032654775316859e-07
1.185199951171875 2.911219413145021e-07
1.186199951171875 6.073951641457982e-08
1.187199951171875 4.187460380109127e-07
1.188199951171875 2.898084651241013e-07
1.189199951171875 3.4322960810054746e-07
1.190199951171875 2.319747093425738e-07
1.191199951171875 5.562644594819757e-08
1.192199951171875 5.307351702895836e-07
1.193199951171875 5.308242552101384e-08
1.194199951171875 1.7001359415822068e-07
1.195199951171875 5.123058128653344e-07
1.196199951171875 1.433847623869145e-07
1.197199951171875 1.6464874358580124e-07
1.198199951171875 4.0472145757432855e-07
1.199199951171875 2.0009087144377353e-07
1.200199951171875 2.5520713127623956e-07
1.201199951171875 2.1574768822111397e-07
1.202199951171875 3.172624482256332e-07
1.203199951171875 1.1252343721698475e-07
1.204199951171875 2.1252167839063645e-07
1.205199951171875 1.5362512970671492e-07
1.206199951171875 5.672857505735901e-07
1.207199951171875 1.7918596793464518e-07
1.208199951171875 2.2855394401801878e-07
1.209199951171875 2.426367453559709e-07
1.210199951171875 2.9472200917428345e-07
1.211199951171875 3.165618781237986e-07
1.212199951171875 2.3706938598766465e-07
1.213199951171875 5.592934497854461e-08
1.214199951171875 2.6574780720455564e-07
1.215199951171875 1.176225785536622e-07
1.216199951171875 3.4444624578045444e-07
1.217199951171875 1.069098689137474e-07
1.218199951171875 3.043873932788997e-07
1.219199951171875 1.4361681606270733e-07
1.220199951171875 1.5121267392240924e-07
1.221199951171875 2.1352412984482435e-07
1.222199951171875 9.772939377927474e-08
1.223199951171875 3.70021159238561e-07
1.224199951171875 1.9945501940881592e-07
1.225199951171875 6.908382999837169e-08
1.226199951171875 6.966961545540831e-07
1.227199951171875 3.211741984752833e-07
1.228199951171875 2.1859033621480398e-07
1.229199951171875 5.815136035538885e-07
1.230199951171875 1.5491051184948617e-07
1.231199951171875 2.3905707126868254e-07
1.232199951171875 4.861495466723627e-07
1.233199951171875 1.1030561543831512e-07
1.234199951171875 3.0700012330148275e-07
1.235199951171875 3.9443102556309043e-07
1.236199951171875 1.669652005461262e-07
1.237199951171875 1.634780910220548e-07
1.238199951171875 2.9191424814674547e-07
1.239199951171875 2.2530980534016349e-07
1.240199951171875 2.1197415835971732e-07
1.241199951171875 3.6618368959046153e-07
1.242199951171875 2.1125615087167262e-07
1.243199951171875 2.18329140378719e-07
1.244199951171875 3.8607480916718587e-07
1.245199951171875 1.70057527096476e-07
1.246199951171875 4.829360450958158e-07
1.247199951171875 1.839039489901829e-07
1.248199951171875 1.8858138926139603e-07
1.249199951171875 2.758314822665831e-07
1.250199951171875 3.800965423419298e-07
1.251199951171875 6.608411188829451e-07
1.252199951171875 1.1054809620809828e-07
1.253199951171875 5.232583918988764e-07
1.254199951171875 5.508211883011932e-07
1.255199951171875 1.255125138083308e-07
1.256199951171875 1.6444345317871383e-07
1.257199951171875 4.567167203117012e-07
1.258199951171875 3.542188366817811e-07
1.259199951171875 2.7824190952779266e-07
1.260199951171875 2.800855365174309e-07
1.261199951171875 2.0402179240538275e-07
1.262199951171875 2.1960053170065245e-07
1.263199951171875 1.4850168309466777e-07
1.264199951171875 4.331359123605264e-07
1.265199951171875 2.664622674411591e-07
1.266199951171875 1.1062744697633158e-07
1.267199951171875 1.5000865476251697e-07
1.268199951171875 5.985960616664996e-07
1.269199951171875 3.002179859312076e-07
1.270199951171875 8.025387175118833e-07
1.271199951171875 3.5712208504036584e-07
1.272199951171875 1.9065171901308453e-07
1.273199951171875 2.5142344277847633e-07
1.274199951171875 3.0292323988264e-07
1.275199951171875 2.4749633975165187e-07
1.276199951171875 6.416107845028636e-07
1.277199951171875 2.398154288381524e-07
1.278199951171875 4.475821871575745e-07
1.279199951171875 2.460368651073715e-07
1.280199951171875 5.617819429064846e-07
1.281199951171875 4.964996697532905e-07
1.282199951171875 1.062147360254307e-07
1.283199951171875 6.317015348929664e-07
1.284199951171875 5.297367198035936e-07
1.285199951171875 4.803972535956642e-07
1.286199951171875 4.1090740524791185e-07
1.287199951171875 1.7956162804148712e-07
1.288199951171875 5.595870336161815e-07
1.289199951171875 1.0067496917024455e-06
1.290199951171875 1.6590358113960428e-07
1.291199951171875 2.907009874625466e-07
1.292199951171875 4.3706472052980915e-07
1.293199951171875 5.377642144429762e-07
1.294199951171875 6.490025562413812e-07
1.295199951171875 4.768981370725985e-07
1.296199951171875 1.0737453054358185e-07
1.297199951171875 6.58631115951023e-07
1.298199951171875 2.553220698098866e-07
1.299199951171875 2.3255513121275036e-07
1.300199951171875 2.5724877390073457e-07
1.301199951171875 8.580767531967006e-07
1.302199951171875 3.669388401101722e-07
1.303199951171875 2.781623125012866e-07
1.304199951171875 2.998164264912867e-07
1.305199951171875 3.9263768214588783e-07
1.306199951171875 9.043948020200678e-08
1.307199951171875 5.097385655883692e-07
1.308199951171875 7.923147052099307e-07
1.309199951171875 3.038893729357307e-07
1.310199951171875 3.772671486957391e-07
1.311199951171875 3.978553302656583e-07
1.312199951171875 3.644962191490008e-07
1.313199951171875 6.93941921362041e-07
1.314199951171875 6.554407677782673e-07
1.315199951171875 1.5976557036542556e-07
1.316199951171875 1.0051574287191346e-06
1.317199951171875 8.485607126049258e-07
1.318199951171875 3.277048193939132e-07
1.319199951171875 4.6333623738971316e-07
1.320199951171875 3.407672630359693e-07
1.321199951171875 4.478879948958327e-07
1.322199951171875 1.5781680617084993e-07
1.323199951171875 9.168448629756203e-08
1.324199951171875 2.890926551957352e-07
1.325199951171875 5.743677499217792e-07
1.326199951171875 5.228175393355885e-07
1.327199951171875 3.20890132693654e-07
1.328199951171875 3.743991534255491e-07
1.329199951171875 1.1755335737776468e-07
1.330199951171875 2.9082727002626666e-07
1.331199951171875 3.6734012837288026e-07
1.332199951171875 1.06706982129343e-06
1.333199951171875 1.727570276738098e-07
1.334199951171875 5.244772490321958e-07
1.335199951171875 2.9360841886078413e-07
1.336199951171875 3.212469575643827e-07
1.337199951171875 5.198757843527614e-07
1.338199951171875 5.875316135922842e-07
1.339199951171875 9.806770880434448e-07
1.340199951171875 2.7296860771669095e-07
1.341199951171875 3.3482725029334023e-07
1.342199951171875 4.6070958634335056e-07
1.343199951171875 7.026730225095853e-07
1.344199951171875 6.692586347268628e-07
1.345199951171875 4.2359366163720503e-07
1.346199951171875 8.191059369262135e-07
1.347199951171875 6.127410697746075e-07
1.348199951171875 1.8747948962795776e-07
1.349199951171875 3.0059546612393256e-07
1.350199951171875 3.7509281766125047e-07
1.351199951171875 4.161753824193149e-07
1.352199951171875 7.649939801352378e-07
1.353199951171875 2.2637188558255378e-07
1.354199951171875 2.542592378411074e-07
1.355199951171875 3.432132087694174e-07
1.356199951171875 6.675498580092482e-07
1.357199951171875 1.288498015067826e-07
1.358199951171875 9.055619102662095e-08
1.359199951171875 4.76871655272854e-07
1.360199951171875 3.917270623716691e-07
1.361199951171875 6.002473751824935e-08
1.362199951171875 4.617871142972346e-07
1.363199951171875 2.922203037637155e-07
1.364199951171875 4.900267472051409e-07
1.365199951171875 4.664277771692392e-07
1.366199951171875 4.9074270759071375e-08
1.367199951171875 1.7317945605992113e-07
1.368199951171875 5.363450395667265e-07
1.369199951171875 3.953221164080416e-07
1.370199951171875 2.6183889263194927e-08
1.371199951171875 8.540495941416557e-07
1.372199951171875 6.125651395344324e-07
1.373199951171875 4.1927363140022117e-07
1.374199951171875 5.90053444640268e-07
1.375199951171875 2.490217932840754e-07
1.376199951171875 5.863352177054642e-07
1.377199951171875 4.41403636765681e-07
1.378199951171875 3.4139519184525995e-07
1.379199951171875 6.999660361710739e-07
1.380199951171875 5.238113430973839e-07
1.381199951171875 1.6996284339701944e-07
1.382199951171875 1.0212780029737483e-06
1.383199951171875 7.307862493872724e-07
1.384199951171875 1.7500608551241347e-07
1.385199951171875 8.38969703561715e-07
1.386199951171875 4.5080817089522846e-07
1.387199951171875 2.6357785879780926e-07
1.388199951171875 4.642456707977921e-07
1.389199951171875 8.764562215437192e-07
1.390199951171875 4.840740276668544e-07
1.391199951171875 5.622611899535201e-07
1.392199951171875 1.4613228133525904e-07
1.393199951171875 7.407146393390573e-07
1.394199951171875 4.693656608296233e-07
1.395199951171875 7.865225359840337e-07
1.396199951171875 3.716566524539625e-07
1.397199951171875 4.306204998615337e-07
1.398199951171875 3.51860486881871e-07
1.399199951171875 9.8958235781253e-08
1.400199951171875 4.430036422053999e-07
1.401199951171875 3.243652842324451e-07
1.402199951171875 6.197928658462725e-07
1.403199951171875 4.680555629336218e-07
1.404199951171875 1.6388956373211784e-07
1.405199951171875 8.590470235702748e-07
1.406199951171875 9.063842042224647e-07
1.407199951171875 6.252580821554595e-07
1.408199951171875 6.928297329383261e-07
1.409199951171875 2.5816375540323294e-07
1.410199951171875 7.709169788703772e-07
1.411199951171875 3.4029252987799e-07
1.412199951171875 3.542115171811312e-07
1.413199951171875 6.351508960520498e-07
1.414199951171875 6.881798651605422e-07
1.415199951171875 5.107073803153307e-07
1.416199951171875 1.5623150948444063e-07
1.417199951171875 7.581518291894945e-07
1.418199951171875 9.019648964256201e-07
1.419199951171875 7.185500402157188e-07
1.420199951171875 1.0652078713495775e-06
1.421199951171875 1.251527971686286e-07
1.422199951171875 4.49039079487085e-07
1.423199951171875 6.263907546101181e-07
1.424199951171875 4.926577822450569e-07
1.425199951171875 9.013806788857999e-07
1.426199951171875 8.80101595225729e-07
1.427199951171875 4.564005072078995e-07
1.428199951171875 6.343231511429879e-07
1.429199951171875 5.273293484567428e-07
1.430199951171875 4.3909337462177995e-07
1.431199951171875 6.044307907754581e-07
1.432199951171875 2.7607589928564097e-07
1.433199951171875 7.385490566765539e-07
1.434199951171875 5.904624902011274e-07
1.435199951171875 5.307604925633461e-07
1.436199951171875 6.133500455569595e-07
1.437199951171875 1.0968092631884734e-06
1.438199951171875 7.192773257855538e-07
1.439199951171875 3.3504411165765157e-07
1.440199951171875 7.156394526982789e-07
1.441199951171875 4.911200594304352e-07
1.442199951171875 3.564846014124033e-07
1.443199951171875 4.3545165120331925e-07
1.444199951171875 5.678386211995116e-07
1.445199951171875 5.616213083712578e-07
1.446199951171875 2.452147073514242e-07
1.447199951171875 2.138314778302776e-07
1.448199951171875 5.212270487820935e-07
1.449199951171875 4.799860097939372e-07
1.450199951171875 2.2716744753654388e-07
1.451199951171875 2.0518500205029502e-07
1.452199951171875 4.690215132088379e-07
1.453199951171875 6.014245858862989e-07
1.454199951171875 2.1196574826700677e-07
1.455199951171875 7.148052007355408e-07
1.456199951171875 3.5483070556335417e-07
1.457199951171875 7.213707947955914e-07
1.458199951171875 9.672581855946054e-07
1.459199951171875 1.3864039898649337e-07
1.460199951171875 1.0817032412884875e-06
1.461199951171875 4.035268149755499e-07
1.462199951171875 8.088292575219758e-07
1.463199951171875 4.97438388910682e-07
1.464199951171875 3.9050506931595576e-07
1.465199951171875 9.091116569748227e-07
1.466199951171875 5.971790663230263e-07
1.467199951171875 5.697806041413488e-07
1.468199951171875 7.960129536653784e-07
1.469199951171875 2.01257694984062e-07
1.470199951171875 7.069606463314873e-07
1.471199951171875 3.2632574444346956e-07
1.472199951171875 6.390337744955105e-07
1.473199951171875 2.923432862502351e-07
1.474199951171875 5.902052675004483e-07
1.475199951171875 3.730020175749041e-07
1.476199951171875 1.0541278296428585e-06
1.477199951171875 8.965578503004706e-07
1.478199951171875 2.2086612802212956e-07
1.479199951171875 6.508736479717522e-07
1.480199951171875 6.284128935921019e-07
1.481199951171875 1.0818737747283796e-06
1.482199951171875 1.1238784145970218e-06
1.483199951171875 3.493458361093345e-07
1.484199951171875 2.448396730812847e-07
1.485199951171875 5.867423909332495e-07
1.486199951171875 5.079308416977095e-07
1.487199951171875 2.2624674224098145e-07
1.488199951171875 2.1230341435428314e-07
1.489199951171875 3.9501783725624376e-07
1.490199951171875 1.0274523193081805e-06
1.491199951171875 3.5713127872533056e-07
1.492199951171875 4.99314014144307e-07
1.493199951171875 4.620769492952811e-07
1.494199951171875 3.057314549410184e-07
1.495199951171875 3.5227005028746545e-07
1.496199951171875 5.302930335231108e-07
1.497199951171875 4.782290480198776e-07
1.498199951171875 2.3379871707789754e-07
1.499199951171875 2.3035701099577052e-07
1.500199951171875 6.775945827745138e-07
1.501199951171875 6.995672126994002e-07
1.502199951171875 8.708241089360549e-07
1.503199951171875 4.984262682713558e-07
1.504199951171875 4.594083836616232e-07
1.505199951171875 3.376302742105046e-07
1.506199951171875 6.313709709502112e-07
1.507199951171875 7.772319427576266e-07
1.508199951171875 5.368924373920199e-07
1.509199951171875 1.1197464615755533e-06
1.510199951171875 4.5292170477141895e-07
1.511199951171875 7.599710768873763e-07
1.512199951171875 2.443705532651064e-07
1.513199951171875 8.561912069845575e-07
1.514199951171875 6.533886771443579e-07
1.515199951171875 5.653503652632251e-07
1.516199951171875 1.1530760904008969e-07
1.517199951171875 3.4619432152262596e-07
1.518199951171875 6.543220828388282e-07
1.519199951171875 7.665651631580503e-07
1.520199951171875 2.8837107412799675e-07
1.521199951171875 4.36119785376637e-07
1.522199951171875 4.033549926165915e-07
1.523199951171875 7.146410338526062e-07
1.524199951171875 5.737093966540327e-07
1.525199951171875 5.183048975478595e-07
1.526199951171875 3.4245754002608166e-07
1.527199951171875 5.365910479142604e-07
1.528199951171875 1.0134802127516159e-06
1.529199951171875 6.150592974861349e-08
1.530199951171875 7.109315321604031e-07
1.531199951171875 5.824776483703403e-07
1.532199951171875 6.035053443734576e-07
1.533199951171875 2.4177799666533704e-07
1.534199951171875 2.749489534177722e-07
1.535199951171875 4.709018675061272e-07
1.536199951171875 8.278469156358039e-07
1.537199951171875 1.9659619085778113e-07
1.538199951171875 2.478866335365927e-07
1.539199951171875 2.833318864813876e-07
1.540199951171875 2.385131291497144e-07
1.541199951171875 7.333695715566824e-07
1.542199951171875 4.7191571772598673e-07
1.543199951171875 6.49126049141272e-07
1.544199951171875 3.5541545871195415e-07
1.545199951171875 2.603213992962562e-07
1.546199951171875 3.84474500302517e-08
1.547199951171875 4.0242804399448474e-07
1.548199951171875 9.387841067554137e-07
1.549199951171875 3.453878177243109e-07
1.550199951171875 3.522062117599793e-07
1.551199951171875 6.958863269233927e-07
1.552199951171875 4.3246755932428947e-07
1.553199951171875 4.280171868020081e-07
1.554199951171875 3.512289949941589e-07
1.555199951171875 2.9846920108768984e-07
1.556199951171875 6.788912457973189e-07
1.557199951171875 7.182135811589946e-08
1.558199951171875 1.5660515963521842e-07
1.559199951171875 1.4144661800071193e-07
1.560199951171875 2.9527442078258625e-07
1.561199951171875 4.700694101707433e-07
1.562199951171875 3.4455367128057434e-07
1.563199951171875 1.9930199389918394e-07
1.564199951171875 3.8842293366823216e-07
1.565199951171875 3.237519264434589e-07
1.566199951171875 3.1615359839531833e-07
1.567199951171875 5.33133926229342e-07
1.568199951171875 4.801715240442848e-07
1.569199951171875 1.9308635219163077e-07
1.570199951171875 1.394991462360538e-07
1.571199951171875 7.63685130644748e-07
1.572199951171875 3.8192739148070305e-07
1.573199951171875 6.776818466041834e-07
1.574199951171875 4.203282969206534e-07
1.575199951171875 9.352295475985373e-07
1.576199951171875 4.687078235363586e-07
1.577199951171875 8.653676847854562e-08
1.578199951171875 5.430076181807067e-07
1.579199951171875 1.3501516713939041e-06
1.580199951171875 4.40741364904749e-07
1.581199951171875 1.755343301228017e-07
1.582199951171875 3.340031113461182e-07
1.583199951171875 1.209878447721146e-07
1.584199951171875 7.491449460632325e-07
1.585199951171875 2.4413141082255336e-07
1.586199951171875 8.900158308082309e-07
1.587199951171875 2.884189914715186e-07
1.588199951171875 9.85234428068065e-07
1.589199951171875 3.6942544991188677e-07
1.590199951171875 4.4223732203161216e-07
1.591199951171875 6.766804898693314e-07
1.592199951171875 6.362229905340782e-07
1.593199951171875 1.0164408019831564e-06
1.594199951171875 1.0931101294180538e-07
1.595199951171875 1.0860474237484695e-06
1.596199951171875 6.548380715855959e-07
1.597199951171875 8.745766098570852e-07
1.598199951171875 7.612261946535452e-07
1.599199951171875 6.092924671887014e-07
1.600199951171875 8.979143704026387e-07
1.601199951171875 2.503357497424195e-07
1.602199951171875 1.091008717564072e-06
1.603199951171875 4.0073579933152794e-07
1.604199951171875 1.108464195047241e-06
1.605199951171875 9.72394768463691e-07
1.606199951171875 1.9183363391175785e-07
1.607199951171875 7.484492091891091e-07
1.608199951171875 8.262088519892247e-07
1.609199951171875 2.9368230432165474e-07
1.610199951171875 1.050057946997112e-06
1.611199951171875 7.551164533278631e-07
1.612199951171875 1.3851824066691647e-06
1.613199951171875 3.5222069424157003e-07
1.614199951171875 1.053459178640794e-06
1.615199951171875 9.72366488876711e-07
1.616199951171875 9.7401549734926e-08
1.617199951171875 1.2541052947630474e-06
1.618199951171875 3.091552628493268e-07
1.619199951171875 8.008709820884345e-07
1.620199951171875 8.035135859234453e-08
1.621199951171875 5.08269100472364e-07
1.622199951171875 1.154401666830614e-06
1.623199951171875 4.2462860943162114e-07
1.624199951171875 7.170974715361402e-07
1.625199951171875 5.356530616441408e-07
1.626199951171875 1.037360754443516e-06
1.627199951171875 2.058466228191066e-06
1.628199951171875 9.035499470183871e-07
1.629199951171875 9.75541254167938e-07
1.630199951171875 7.859566963027664e-07
1.631199951171875 1.1861772815436794e-06
1.632199951171875 6.522097488888016e-07
1.633199951171875 9.917626156252374e-07
1.634199951171875 1.2250097482411612e-06
1.635199951171875 1.090103897366042e-06
1.636199951171875 1.1402410749572864e-06
1.637199951171875 8.500564232547641e-07
1.638199951171875 9.157355301919577e-07
1.639199951171875 8.740623510514839e-07
1.640199951171875 1.5655665110838053e-06
1.641199951171875 6.360782105658879e-07
1.642199951171875 9.155624421502652e-07
1.643199951171875 8.746043125505765e-07
1.644199951171875 9.094703753581575e-07
1.645199951171875 5.18152852998164e-07
1.646199951171875 1.069365694608092e-06
1.647199951171875 1.1490405593879396e-06
1.648199951171875 4.3186025543344563e-07
1.649199951171875 9.134749820048087e-07
1.650199951171875 1.222336903669968e-06
1.651199951171875 1.0611787247293212e-06
1.652199951171875 1.0568420733965197e-06
1.653199951171875 8.04264733248113e-07
1.654199951171875 1.1532189938146685e-06
1.655199951171875 4.360221032226956e-07
1.656199951171875 7.927606658010738e-07
1.657199951171875 1.1507195126272737e-06
1.658199951171875 7.519505762795338e-07
1.659199951171875 8.708564074545687e-07
1.660199951171875 5.688171179053141e-07
1.661199951171875 6.06507107452819e-07
1.662199951171875 6.439104579802828e-07
1.663199951171875 3.44385638215656e-07
1.664199951171875 1.405349592409971e-06
1.665199951171875 6.650094280853365e-07
1.666199951171875 7.58296990282433e-07
1.667199951171875 7.428843222048332e-07
1.668199951171875 7.238420672940254e-07
1.669199951171875 1.0834552754897624e-06
1.670199951171875 2.31687890610686e-07
1.671199951171875 6.781445061990838e-07
1.672199951171875 5.930525810384513e-07
1.673199951171875 5.886565330114014e-07
1.674199951171875 5.628051724683165e-07
1.675199951171875 1.0850404498545422e-06
1.676199951171875 3.983865419690443e-07
1.677199951171875 1.121948432875146e-06
1.678199951171875 1.014109655781555e-06
1.679199951171875 8.966548871071916e-07
1.680199951171875 9.116579452089761e-07
1.681199951171875 9.717276146224455e-07
1.682199951171875 5.765499220200886e-07
1.683199951171875 8.5766253494616e-07
1.684199951171875 5.9239902841553e-07
1.685199951171875 5.852511968040817e-07
1.686199951171875 4.1839840964697344e-07
1.687199951171875 8.207402196192558e-07
1.688199951171875 5.340062992611978e-07
1.689199951171875 4.4738346412897087e-07
1.690199951171875 7.052568940113166e-07
1.691199951171875 9.403200078657299e-07
1.692199951171875 1.0168246843264451e-06
1.693199951171875 1.1490239145396598e-06
1.694199951171875 5.379235921636598e-07
1.695199951171875 2.7981371135373137e-07
1.696199951171875 2.829953317371757e-07
1.697199951171875 1.3437988072663194e-06
1.698199951171875 4.696641882454616e-07
1.699199951171875 9.405657277140181e-07
1.700199951171875 1.2195390392829028e-06
1.701199951171875 5.829247521036419e-07
1.702199951171875 5.674134595601189e-07
1.703199951171875 8.688293179548829e-07
1.704199951171875 1.3149500001874352e-07
1.705199951171875 2.735434819625444e-07
1.706199951171875 4.544304998405937e-07
1.707199951171875 1.3804162950243826e-06
1.708199951171875 2.3173398578143692e-07
1.709199951171875 7.65890854246545e-07
1.710199951171875 5.745343361728678e-07
1.711199951171875 6.085358747045645e-07
1.712199951171875 7.444465440155101e-07
1.713199951171875 5.277103006849268e-07
1.714199951171875 1.0174092077591624e-06
1.715199951171875 1.1249326839773181e-06
1.716199951171875 5.179930324832541e-07
1.717199951171875 5.798048981512296e-07
1.718199951171875 3.934835569936304e-07
1.719199951171875 8.530767204210224e-07
1.720199951171875 3.7837511208512494e-07
1.721199951171875 8.879497637998075e-07
1.722199951171875 6.288627751526201e-07
1.723199951171875 5.471246342803855e-07
1.724199951171875 8.827667104039688e-07
1.725199951171875 1.4015602333511552e-06
1.726199951171875 6.202108491456185e-07
1.727199951171875 5.473446007007757e-07
1.728199951171875 6.287829860462575e-07
1.729199951171875 1.430290087106725e-07
1.730199951171875 7.390499743326823e-07
1.731199951171875 7.0275711578622e-07
1.732199951171875 4.856551196743554e-07
1.733199951171875 1.06454753535923e-07
1.734199951171875 6.504898879098735e-07
1.735199951171875 8.976972714132236e-07
1.736199951171875 8.372325134765413e-07
1.737199951171875 7.343614877057833e-07
1.738199951171875 8.433490485321584e-07
1.739199951171875 4.759272590635194e-07
1.740199951171875 6.454885781696314e-07
1.741199951171875 1.2540471616145902e-06
1.742199951171875 7.785762490199232e-07
1.743199951171875 5.16160055205948e-07
1.744199951171875 3.169466156356784e-07
1.745199951171875 9.772665875808272e-07
1.746199951171875 4.878155749022144e-07
1.747199951171875 4.007326672744464e-07
1.748199951171875 3.8463498978514196e-07
1.749199951171875 5.368754892257783e-07
1.750199951171875 2.772317684291221e-07
1.751199951171875 5.580134594029852e-07
1.752199951171875 3.569262663365084e-07
1.753199951171875 6.973815751154335e-07
1.754199951171875 1.0129681973031586e-06
1.755199951171875 1.2069536925448465e-06
1.756199951171875 6.558238935108889e-07
1.757199951171875 5.341702800292029e-07
1.758199951171875 1.4534317145945832e-06
1.759199951171875 8.613378912930291e-07
1.760199951171875 6.68934773309032e-07
1.761199951171875 1.145562175173132e-06
1.762199951171875 5.793185022732322e-07
1.763199951171875 6.966605147854461e-07
1.764199951171875 6.859215649291365e-07
1.765199951171875 5.79325641001882e-07
1.766199951171875 1.2709150561257085e-06
1.767199951171875 1.212915754114012e-06
1.768199951171875 4.2854701046533906e-07
1.769199951171875 4.4495575398803893e-07
1.770199951171875 8.725711683531609e-07
1.771199951171875 1.0094705853162742e-06
1.772199951171875 4.267831089172096e-07
1.773199951171875 6.582822306979951e-07
1.774199951171875 1.0703286805445765e-06
1.775199951171875 1.368073231153078e-06
1.776199951171875 5.549553139309224e-07
1.777199951171875 8.304788986967014e-07
1.778199951171875 3.392815354018878e-07
1.779199951171875 1.1755538715388123e-06
1.780199951171875 5.792100279854396e-07
1.781199951171875 1.0774952261300715e-06
1.782199951171875 1.0377745547921989e-06
1.783199951171875 1.900016591728632e-06
1.784199951171875 8.254359263469521e-07
1.785199951171875 2.1198956348031483e-07
1.786199951171875 1.2836930253201936e-06
1.787199951171875 1.2822410510103356e-06
1.788199951171875 9.504654377532915e-07
1.789199951171875 6.681729714699763e-07
1.790199951171875 7.612813466757435e-07
1.791199951171875 1.3585251242085296e-06
1.792199951171875 1.2610444518804112e-06
1.793199951171875 2.187883441161696e-06
1.794199951171875 2.2383403372302815e-06
1.795199951171875 2.479559904550307e-07
1.796199951171875 1.0419555602659966e-06
1.797199951171875 1.1740436064747625e-06
1.798199951171875 1.1044253167651095e-06
1.799199951171875 1.3193733272137368e-06
1.800199951171875 1.8595747507207262e-06
1.801199951171875 6.118920189946604e-07
1.802199951171875 7.62420831863007e-07
1.803199951171875 1.4290223921758768e-06
1.804199951171875 1.7523586001258307e-06
1.805199951171875 9.612364623441441e-07
1.806199951171875 2.130567860199318e-06
1.807199951171875 1.1385702177879628e-06
1.808199951171875 1.8894338955683073e-06
1.809199951171875 2.1189653296578095e-06
1.810199951171875 2.0144012784828875e-06
1.811199951171875 7.98734738533587e-07
1.812199951171875 2.302888742738505e-06
1.813199951171875 2.3577531307615526e-06
1.814199951171875 1.7552214741241754e-06
1.815199951171875 1.6523782903088592e-06
1.816199951171875 2.3795220691878805e-06
1.817199951171875 2.021126535135085e-06
1.818199951171875 3.681985332194954e-06
1.819199951171875 4.446805890711789e-06
1.820199951171875 5.565455264045643e-06
1.821199951171875 6.580200732472651e-06
1.822199951171875 8.126316946068274e-06
1.823199951171875 1.1256875686233418e-05
1.824199951171875 1.271053403724403e-05
1.825199951171875 1.7500325782904707e-05
1.826199951171875 1.9195817642171873e-05
1.827199951171875 2.4633824751618182e-05
1.828199951171875 3.094215221481037e-05
1.829199951171875 3.67928716781059e-05
1.830199951171875 4.581244560014679e-05
1.831199951171875 5.4628121370673134e-05
1.832199951171875 6.939758244752536e-05
1.833199951171875 8.231840088958125e-05
1.834199951171875 0.00010314779645407711
1.835199951171875 0.00013186127704437503
1.836199951171875 0.0001712932963310961
1.837199951171875 0.00021932833200555214
1.838199951171875 0.000298494325410269
1.839199951171875 0.0004218471928583838
1.840199951171875 0.0006222172198648077
1.841199951171875 0.0009495072558152704
1.842199951171875 0.0015112221155176241
1.843199951171875 0.002449178712224301
1.844199951171875 0.003901984845516739
1.845199951171875 0.006067366575911396
1.846199951171875 0.009056147246403188
1.847199951171875 0.01263452085632143
1.848199951171875 0.01632084083558238
1.849199951171875 0.020058302627728123
1.850199951171875 0.023646011847065995
1.851199951171875 0.027637689253946655
1.852199951171875 0.031686622121593386
1.853199951171875 0.03598960028327063
1.854199951171875 0.0396152262660719
1.855199951171875 0.04648731536174769
1.856199951171875 0.05383297726051447
1.857199951171875 0.06386791485434744
1.858199951171875 0.07541845215501809
1.859199951171875 0.09176784359407364
1.860199951171875 0.11215548696998826
1.861199951171875 0.1409731298259737
1.862199951171875 0.17698140264552736
1.863199951171875 0.22194780679936899
1.864199951171875 0.27833247075965384
1.865199951171875 0.33040027133214145
1.866199951171875 0.37847205610738915
1.867199951171875 0.41330153856529867
1.868199951171875 0.43498924822410795
1.869199951171875 0.44548964604557995
1.870199951171875 0.4520865444488743
1.871199951171875 0.45396459031843717
1.872199951171875 0.45391471984472787
1.873199951171875 0.4542719832399671
1.874199951171875 0.4533253066763998
1.875199951171875 0.45220634161452383
1.876199951171875 0.44951673235802564
1.877199951171875 0.44544858855807035
1.878199951171875 0.4374187928758236
1.879199951171875 0.425540914806606
1.880199951171875 0.40425534199509505
1.881199951171875 0.37364101769945135
1.882199951171875 0.3323609933252937
1.883199951171875 0.2848068000413423
1.884199951171875 0.2367902509357166
1.885199951171875 0.19328537022855968
1.886199951171875 0.15764054310904627
1.887199951171875 0.12875549554771223
1.888199951171875 0.1070330932080599
1.889199951171875 0.08911573628921027
1.890199951171875 0.07602665498542058
1.891199951171875 0.0650723484560791
1.892199951171875 0.056936920123329994
1.893199951171875 0.04941300931534982
1.894199951171875 0.04339473055232892
1.895199951171875 0.0373836421698575
1.896199951171875 0.03178356129336388
1.897199951171875 0.026647410016800675
1.898199951171875 0.021691164692738792
1.899199951171875 0.017019291308821627
1.900199951171875 0.012522622418840848
1.901199951171875 0.008893343798151678
1.902199951171875 0.006089210529838235
1.903199951171875 0.004061142613417196
1.904199951171875 0.002615019993766416
1.905199951171875 0.0016934959564517205
1.906199951171875 0.0011109910269030089
1.907199951171875 0.0007410776887159967
1.908199951171875 0.0005085545384287079
1.909199951171875 0.0003625917503769701
1.910199951171875 0.00026095226790968386
1.911199951171875 0.00019614027024249052
1.912199951171875 0.0001491727522169897
1.913199951171875 0.00011532050073988436
1.914199951171875 9.027983640718781e-05
1.915199951171875 7.312235816952153e-05
1.916199951171875 5.9196802290039505e-05
1.917199951171875 4.74821713434621e-05
1.918199951171875 3.809218363134201e-05
1.919199951171875 2.8627038947175538e-05
1.920199951171875 2.6147529413604487e-05
1.921199951171875 2.0798259886468756e-05
1.922199951171875 1.5619699492873055e-05
1.923199951171875 1.3458299727455907e-05
1.924199951171875 1.035450479118871e-05
1.925199951171875 7.724751400939451e-06
1.926199951171875 6.035367679328962e-06
1.927199951171875 6.342487851882999e-06
1.928199951171875 5.200915122362316e-06
1.929199951171875 4.63858033090731e-06
1.930199951171875 2.9689848545123797e-06
1.931199951171875 4.34570029855e-06
1.932199951171875 3.830561524483652e-06
1.933199951171875 2.1228036239676093e-06
1.934199951171875 1.7259286001288384e-06
1.935199951171875 3.7349098497399532e-06
1.936199951171875 3.032510601958168e-06
1.937199951171875 1.2001821543070334e-06
1.938199951171875 3.005352849991805e-06
1.939199951171875 1.3489320058422822e-06
1.940199951171875 1.9791891237707005e-06
1.941199951171875 1.4743534491609708e-06
1.942199951171875 2.6720114353097363e-06
1.943199951171875 7.06149171675087e-07
1.944199951171875 1.6782332826652871e-06
1.945199951171875 5.435622424415402e-07
1.946199951171875 1.3770630476769178e-06
1.947199951171875 1.5725711150850912e-06
1.948199951171875 3.5355805670034244e-07
1.949199951171875 1.7108731005802254e-06
1.950199951171875 2.6991324165566954e-06
1.951199951171875 8.211174697237286e-07
1.952199951171875 7.24592920406506e-07
1.953199951171875 2.149650885336498e-06
1.954199951171875 1.2275439122119422e-06
1.955199951171875 1.2547315352870355e-06
1.956199951171875 8.081696039189299e-07
1.957199951171875 5.34593086003703e-08
1.958199951171875 7.617766873660358e-07
1.959199951171875 1.5605251079386883e-06
1.960199951171875 2.1823274012711243e-06
1.961199951171875 5.690413326607999e-07
1.962199951171875 1.076692514541047e-06
1.963199951171875 4.392149658578619e-07
1.964199951171875 9.28693691258418e-07
1.965199951171875 1.9243101476260294e-06
1.966199951171875 9.730963772446135e-07
1.967199951171875 1.0794671707428086e-06
1.968199951171875 1.147453518541804e-06
1.969199951171875 2.0738871059690572e-06
1.970199951171875 1.263669694797126e-06
1.971199951171875 4.5380421887282325e-07
1.972199951171875 1.0309420398144328e-06
1.973199951171875 6.229020264118282e-08
1.974199951171875 2.235196147929728e-06
1.975199951171875 3.025665300151553e-08
1.976199951171875 2.4991513678877126e-06
1.977199951171875 1.7193753186026828e-06
1.978199951171875 5.180626703713475e-07
1.979199951171875 1.01489040695423e-06
1.980199951171875 2.2664192214862873e-06
1.981199951171875 2.346444391366776e-06
1.982199951171875 2.408056015710482e-07
1.983199951171875 2.1735303999534307e-06
1.984199951171875 1.606973898984968e-06
1.985199951171875 1.6777729140337954e-06
1.986199951171875 1.2182968383589662e-06
1.987199951171875 1.0537692829469887e-06
1.988199951171875 7.742039589891501e-07
1.989199951171875 1.0432542506577807e-06
1.990199951171875 9.818109220277548e-07
1.991199951171875 2.6531262534633976e-06
1.992199951171875 2.0061839049236873e-06
1.993199951171875 1.1872067728623175e-06
1.994199951171875 2.123360194541286e-07
1.995199951171875 1.998843731377025e-06
1.996199951171875 1.0405373666993575e-06
1.997199951171875 4.6662559306063866e-07
1.998199951171875 2.2533101220072376e-06
1.999199951171875 2.925340508724762e-07
2.000199951171875 5.999491840229595e-07
2.001199951171875 2.761721518822011e-06
2.002199951171875 1.1065212638361588e-06
2.003199951171875 7.845244602024465e-08
2.004199951171875 2.9306897925608976e-06
2.005199951171875 2.2637605018047915e-07
2.006199951171875 1.9138339951761447e-06
2.007199951171875 2.3680268462634135e-06
2.008199951171875 2.125866839318888e-06
2.009199951171875 1.434320903056481e-06
2.010199951171875 2.0863902592147495e-06
2.011199951171875 1.1606276151385808e-06
2.012199951171875 8.424447809407349e-07
2.013199951171875 3.487573787464865e-06
2.014199951171875 6.692922538299966e-07
2.015199951171875 1.228201184658989e-06
2.016199951171875 1.6785615781996813e-07
2.017199951171875 1.4612224336595778e-06
2.018199951171875 1.2976322704637023e-06
2.019199951171875 1.6740688217851454e-06
2.020199951171875 1.884228152394695e-06
2.021199951171875 1.376658681498613e-06
2.022199951171875 1.7327190482462196e-06
2.023199951171875 1.5308747779576238e-06
2.024199951171875 1.3112645745028435e-06
2.025199951171875 1.5751751734398829e-06
2.026199951171875 3.674022677213302e-06
2.027199951171875 5.130021631802729e-07
2.028199951171875 1.5061647649119857e-06
2.029199951171875 1.3726922716413626e-06
2.030199951171875 6.973221546090114e-07
2.031199951171875 1.2757896847690873e-06
2.032199951171875 7.514894494775515e-08
2.033199951171875 9.989844530300177e-07
2.034199951171875 2.40899413474299e-06
2.035199951171875 1.202627915166596e-06
2.036199951171875 5.640093889364248e-07
2.037199951171875 3.659606255429129e-06
2.038199951171875 4.49515112490457e-07
2.039199951171875 1.9103314716577766e-06
2.040199951171875 2.201911586942912e-06
2.041199951171875 8.94194853114001e-07
2.042199951171875 2.3375128457997943e-06
2.043199951171875 1.0969943481986488e-06
2.044199951171875 1.0585084474844028e-06
2.045199951171875 3.087512744073881e-06
2.046199951171875 2.9297129613792814e-06
2.047199951171875 2.527044273056126e-07
2.048199951171875 9.426812307469466e-07
2.049199951171875 1.9835142142695956e-06
2.050199951171875 7.864160901181962e-07
2.051199951171875 1.5271691862268712e-06
2.052199951171875 8.079926975088762e-07
2.053199951171875 1.1470185783790545e-06
2.054199951171875 2.623902636742252e-06
2.055199951171875 8.235228477279878e-07
2.056199951171875 1.509226819201345e-06
2.057199951171875 1.5455480867920872e-06
2.058199951171875 2.4859898652036716e-06
2.059199951171875 3.010826161616429e-06
2.060199951171875 2.802788919347184e-06
2.061199951171875 2.7572744905718357e-07
2.062199951171875 2.567249359194762e-06
2.063199951171875 8.697169457474862e-07
2.064199951171875 2.2662290032137273e-07
2.065199951171875 3.5793241220038877e-06
2.066199951171875 3.480099701484036e-07
2.067199951171875 1.529448508589163e-06
2.068199951171875 2.5088639612567724e-07
2.069199951171875 7.20618989966975e-07
2.070199951171875 8.853329499975863e-07
2.071199951171875 2.2805828983506033e-06
2.072199951171875 1.5811625808541404e-06
2.073199951171875 1.7386401930215853e-06
2.074199951171875 2.231474623779574e-06
2.075199951171875 1.6418640495303742e-06
2.076199951171875 6.427468896888156e-07
2.077199951171875 2.6413743448333952e-06
2.078199951171875 1.3687169056776805e-06
2.079199951171875 1.5387889332310113e-06
2.080199951171875 1.662160279087037e-06
2.081199951171875 3.2540372126179817e-06
2.082199951171875 2.113567614256916e-06
2.083199951171875 9.303823167693144e-08
2.084199951171875 2.947637610256688e-07
2.085199951171875 2.4954497993372985e-06
2.086199951171875 1.7275220694821124e-06
2.087199951171875 1.9386779674538025e-06
2.088199951171875 9.235167042176047e-07
2.089199951171875 1.9347783422688166e-06
2.090199951171875 4.42696188807875e-06
2.091199951171875 1.1259176751479571e-06
2.092199951171875 2.6058722349157114e-06
2.093199951171875 1.3184153988776436e-06
2.094199951171875 9.106322886493665e-07
2.095199951171875 1.4720787054575746e-06
2.096199951171875 1.522914215108335e-06
2.097199951171875 2.8752410701030857e-06
2.098199951171875 4.6486845317890056e-07
2.099199951171875 1.2860914541337948e-06
2.100199951171875 1.582533646139851e-06
2.101199951171875 1.6221280316011887e-06
2.102199951171875 2.203937954210094e-07
2.103199951171875 1.0547047517163582e-06
2.104199951171875 2.909972826738175e-07
2.105199951171875 3.1355334855651325e-06
2.106199951171875 3.713845722805609e-07
2.107199951171875 1.935042157751981e-06
2.108199951171875 3.48067711421643e-06
2.109199951171875 6.18050062836438e-07
2.110199951171875 7.623156040292258e-07
2.111199951171875 3.767228161878045e-07
2.112199951171875 2.5269926140659545e-07
2.113199951171875 1.67103535778996e-06
2.114199951171875 1.642762952530033e-06
2.115199951171875 1.957843604423962e-06
2.116199951171875 3.7630094638988497e-06
2.117199951171875 1.3349908723591397e-06
2.118199951171875 3.45764951674629e-07
2.119199951171875 3.124779260027045e-06
2.120199951171875 6.108633595744803e-07
2.121199951171875 3.3425106764533307e-06
2.122199951171875 2.737765466197402e-06
2.123199951171875 5.523042049559629e-07
2.124199951171875 4.227707254024644e-06
2.125199951171875 1.6969885364176744e-06
2.126199951171875 1.2165397744077998e-06
2.127199951171875 2.1918519387996576e-06
2.128199951171875 4.760518643476668e-06
2.129199951171875 2.6495029881849446e-06
2.130199951171875 1.2365022273515268e-06
2.131199951171875 3.522433060254322e-06
2.132199951171875 1.1372296258486274e-06
2.133199951171875 1.9664216951896904e-06
2.134199951171875 4.183874177068422e-06
2.135199951171875 3.1732327147277667e-06
2.136199951171875 2.4108250517287653e-06
2.137199951171875 2.964676359173936e-06
2.138199951171875 3.334500085689781e-06
2.139199951171875 2.638003404974089e-06
2.140199951171875 2.777800285177101e-06
2.141199951171875 3.0059864962247126e-06
2.142199951171875 1.5925077854213334e-06
2.143199951171875 2.311917363266675e-06
2.144199951171875 3.616144259561579e-06
2.145199951171875 1.6816255792655133e-06
2.146199951171875 1.4685094457770215e-06
2.147199951171875 3.1829144186333503e-06
2.148199951171875 2.1580798916191634e-06
2.149199951171875 1.7022244929004956e-06
2.150199951171875 2.7044255693034667e-06
2.151199951171875 1.8826816725880863e-06
2.152199951171875 2.7921391590430515e-06
2.153199951171875 2.6264186516741247e-06
2.154199951171875 2.170085395087406e-06
2.155199951171875 2.346959638987743e-06
2.156199951171875 3.336269060520788e-06
2.157199951171875 2.009043783507909e-06
2.158199951171875 2.3871158272937166e-06
2.159199951171875 4.262976152230876e-06
2.160199951171875 4.524698408495497e-06
2.161199951171875 6.278593869594069e-07
2.162199951171875 2.404458251179434e-06
2.163199951171875 7.377924286992593e-07
2.164199951171875 2.09475166725891e-06
2.165199951171875 3.217327373341508e-07
2.166199951171875 3.1990924145989143e-06
2.167199951171875 2.0838987331572593e-06
2.168199951171875 2.1145566585198073e-06
2.169199951171875 3.571528633695421e-06
2.170199951171875 1.4715549732503453e-06
2.171199951171875 3.1347462141014512e-06
2.172199951171875 4.114746937359282e-06
2.173199951171875 2.256155653257734e-06
2.174199951171875 1.8858972253220961e-06
2.175199951171875 3.405830388742042e-06
2.176199951171875 3.545412961762362e-06
2.177199951171875 2.437247072816557e-06
2.178199951171875 2.3233775772447056e-06
2.179199951171875 3.928781028383044e-06
2.180199951171875 2.6776073227328005e-06
2.181199951171875 3.2206260703398064e-06
2.182199951171875 2.599158090354461e-06
2.183199951171875 1.7069143678250046e-06
2.184199951171875 2.315241965459577e-06
2.185199951171875 3.2939521978137406e-06
2.186199951171875 1.969588733339709e-06
2.187199951171875 1.016100915897408e-06
2.188199951171875 1.4237435121272073e-06
2.189199951171875 2.096836978890373e-06
2.190199951171875 4.550935079992619e-06
2.191199951171875 2.092980121339194e-06
2.192199951171875 4.43122178053231e-06
2.193199951171875 2.6500853984798175e-06
2.194199951171875 7.618650226919881e-07
2.195199951171875 1.005799317317733e-06
2.196199951171875 2.849696982857774e-06
2.197199951171875 1.976076845476519e-06
2.198199951171875 2.039693395717325e-06
2.199199951171875 3.3576821817933714e-06
2.200199951171875 8.82703101275742e-07
2.201199951171875 3.925279370302506e-06
2.202199951171875 6.93278789326401e-07
2.203199951171875 2.8302819762139064e-06
2.204199951171875 1.5334159451452045e-06
2.205199951171875 1.7056347744657717e-06
2.206199951171875 6.639259600629159e-07
2.207199951171875 3.093206145013095e-06
2.208199951171875 2.3176576560042512e-06
2.209199951171875 3.701291027578869e-06
2.210199951171875 1.3900076221057971e-06
2.211199951171875 2.5607058624581116e-06
2.212199951171875 5.256020278567303e-06
2.213199951171875 2.133998728131582e-06
2.214199951171875 3.5715783905976847e-06
2.215199951171875 9.137822133982342e-07
2.216199951171875 5.054615671278419e-06
2.217199951171875 1.209737337899711e-06
2.218199951171875 5.846114488295064e-06
2.219199951171875 1.549078795460232e-06
2.220199951171875 1.7664451630025277e-06
2.221199951171875 6.19740943197202e-07
2.222199951171875 2.6653763832279013e-06
2.223199951171875 2.3852970722200713e-06
2.224199951171875 8.286175790635575e-07
2.225199951171875 3.403327607620652e-06
2.226199951171875 4.075311617750225e-06
2.227199951171875 1.3056887069087877e-06
2.228199951171875 4.2381511431334555e-07
2.229199951171875 2.023422368393024e-06
2.230199951171875 4.582020226768552e-06
2.231199951171875 2.6257243564508256e-06
2.232199951171875 1.8706242885759718e-06
2.233199951171875 8.583034351425185e-06
2.234199951171875 6.324409239618523e-08
2.235199951171875 1.6817210113686427e-06
2.236199951171875 8.320010839648803e-07
2.237199951171875 1.0393606881188924e-06
2.238199951171875 7.74753571808163e-07
2.239199951171875 5.103028357945214e-06
2.240199951171875 1.8852348106909902e-06
2.241199951171875 5.791947794786129e-06
2.242199951171875 3.4794258314643793e-06
2.243199951171875 6.515024510119076e-08
2.244199951171875 2.2860738069223876e-06
2.245199951171875 3.305638902490579e-06
2.246199951171875 2.9390209359215e-06
2.247199951171875 1.6741889471800496e-06
2.248199951171875 2.141748757985353e-06
2.249199951171875 2.380033403768153e-06
2.250199951171875 1.7865199171471647e-06
2.251199951171875 2.6366063916012137e-06
2.252199951171875 1.5561979274905966e-06
2.253199951171875 1.889196741406478e-06
2.254199951171875 1.327709073871741e-06
2.255199951171875 5.308195532969017e-06
2.256199951171875 5.098588488217181e-06
2.257199951171875 1.090449499287745e-06
2.258199951171875 2.1021460341576884e-06
2.259199951171875 8.431809106190116e-06
2.260199951171875 2.2440070133445975e-06
2.261199951171875 7.747767492377566e-06
2.262199951171875 1.8543958135362114e-06
2.263199951171875 7.361053006178179e-07
2.264199951171875 4.210350037049742e-06
2.265199951171875 3.958114151146422e-06
2.266199951171875 6.925595952450615e-06
2.267199951171875 7.931907294872898e-06
2.268199951171875 3.4770566970240667e-07
2.269199951171875 3.244030082958681e-06
2.270199951171875 7.925731909179818e-06
2.271199951171875 1.1094024689693438e-06
2.272199951171875 8.30445787077375e-07
2.273199951171875 2.433779168322153e-06
2.274199951171875 3.7711682254852866e-06
2.275199951171875 1.9019552668353506e-06
2.276199951171875 2.585256948339959e-06
2.277199951171875 2.865840842613679e-06
2.278199951171875 2.018982775901707e-06
2.279199951171875 2.5864223503717114e-06
2.280199951171875 3.3708644376309013e-06
2.281199951171875 2.5203943042648326e-06
2.282199951171875 2.7708930765177225e-06
2.283199951171875 3.421953498700029e-06
2.284199951171875 3.723196188583779e-06
2.285199951171875 1.9641171616011686e-07
2.286199951171875 2.8977557211600352e-06
2.287199951171875 1.2170965323458754e-06
2.288199951171875 1.3980066683671952e-06
2.289199951171875 3.0266947255115838e-06
2.290199951171875 2.0787053819614146e-06
2.291199951171875 1.668840788352005e-06
2.292199951171875 1.969996198498344e-06
2.293199951171875 3.2662803140015894e-06
2.294199951171875 2.048552700145994e-06
2.295199951171875 2.1281636102236202e-06
2.296199951171875 1.6498329821469724e-06
2.297199951171875 7.565805467583387e-07
2.298199951171875 1.9600907835665886e-06
2.299199951171875 1.6063620137587106e-06
2.300199951171875 3.1737799831811582e-06
2.301199951171875 5.496228276816569e-07
2.302199951171875 2.446964327855191e-06
2.303199951171875 5.651409732073359e-07
2.304199951171875 1.806253106577521e-06
2.305199951171875 9.232121702591557e-07
2.306199951171875 2.276897907655582e-06
2.307199951171875 6.722073347386566e-07
2.308199951171875 1.449681871193532e-06
2.309199951171875 7.983977848247533e-07
2.310199951171875 1.990376769401536e-06
2.311199951171875 2.783860625551074e-07
2.312199951171875 1.6460700006035739e-06
2.313199951171875 1.0299343730932716e-06
2.314199951171875 1.3489345654897746e-06
2.315199951171875 1.8448704965456013e-06
2.316199951171875 1.3143488556697283e-06
2.317199951171875 2.596868605358911e-06
2.318199951171875 1.4854597651208283e-06
2.319199951171875 6.424604681432508e-07
2.320199951171875 1.3207030566875743e-06
2.321199951171875 2.323263424464227e-06
2.322199951171875 8.068555435947089e-07
2.323199951171875 1.5172240799454112e-06
2.324199951171875 8.203731397090226e-07
2.325199951171875 7.097238085096043e-07
2.326199951171875 1.1531113946944197e-06
2.327199951171875 1.6824347043833327e-06
2.328199951171875 8.089031011122741e-07
2.329199951171875 1.9041693440421478e-06
2.330199951171875 1.0757822129368015e-06
2.331199951171875 6.733290397590789e-07
2.332199951171875 1.215995073852148e-06
2.333199951171875 1.041265357402671e-06
2.334199951171875 7.623270413246966e-07
2.335199951171875 5.917124337813613e-07
2.336199951171875 1.315467132522983e-06
2.337199951171875 6.515999718777307e-07
2.338199951171875 9.720537190390295e-07
2.339199951171875 9.100196966410155e-07
2.340199951171875 8.329569181960923e-07
2.341199951171875 7.588980548644812e-07
2.342199951171875 1.0730933970813378e-06
2.343199951171875 4.882095071923575e-07
2.344199951171875 1.1132250369347555e-06
2.345199951171875 9.805427623625012e-07
2.346199951171875 1.4800200326620215e-06
2.347199951171875 1.0016073912789405e-06
2.348199951171875 2.397217390088452e-07
2.349199951171875 1.191466106452952e-06
2.350199951171875 5.52825838299071e-07
2.351199951171875 1.4122535961548044e-06
2.352199951171875 1.1523312761394349e-06
2.353199951171875 6.33193727312324e-07
2.354199951171875 1.1168183939203442e-06
2.355199951171875 9.095927872359721e-07
2.356199951171875 7.084557747860689e-07
2.357199951171875 5.585554123934932e-07
2.358199951171875 9.782339498157396e-07
2.359199951171875 9.99379042715656e-07
2.360199951171875 7.839770964708177e-07
2.361199951171875 9.6944629205315e-07
2.362199951171875 5.634630006361631e-07
2.363199951171875 8.95865202096243e-07
2.364199951171875 2.2658981057860232e-07
2.365199951171875 4.921333635618908e-07
2.366199951171875 3.634277243859839e-07
2.367199951171875 8.52724742767895e-08
2.368199951171875 3.164793232572956e-07
2.369199951171875 2.826552007305784e-07
2.370199951171875 1.998637586096126e-07
2.371199951171875 1.0831206878938913e-07
2.372199951171875 1.7123801864540094e-07
2.373199951171875 2.519519076110362e-07
2.374199951171875 1.6829879862921353e-07
2.375199951171875 1.195110066225638e-07
2.376199951171875 1.9409403944145436e-07
2.377199951171875 1.024663240441818e-07
2.378199951171875 1.0634179601898963e-07
2.379199951171875 1.0511172408244878e-07
2.380199951171875 1.4821638182300563e-07
2.381199951171875 7.17073184914405e-08
2.382199951171875 1.2263336666616623e-07
2.383199951171875 5.712658101118979e-08
2.384199951171875 9.568007687306554e-08
2.385199951171875 8.04888135506303e-08
2.386199951171875 1.0405949750201305e-07
2.387199951171875 3.341464886578358e-08
2.388199951171875 8.449235328985832e-08
2.389199951171875 2.2426353573427794e-08
2.390199951171875 6.316382901013672e-08
2.391199951171875 1.5983732587012914e-08
2.392199951171875 3.6848482154325024e-08
2.393199951171875 5.224841934059596e-08
2.394199951171875 2.102561315200104e-08
2.395199951171875 3.594284082505319e-08
2.396199951171875 1.1261224362397517e-08
2.397199951171875 2.372763925648362e-08
2.398199951171875 1.562641551151206e-08
2.399199951171875 1.4100007562895958e-08
2.400199951171875 8.808316078745952e-09
2.401199951171875 1.1623899559927121e-08
2.402199951171875 2.5504436798426287e-08
2.403199951171875 1.5962406649580635e-08
2.404199951171875 7.507605203044776e-09
2.405199951171875 1.2750966168886986e-08
2.406199951171875 3.0307491722924255e-09
2.407199951171875 1.5336458027417434e-08
2.408199951171875 8.66233318708431e-09
2.409199951171875 5.19370974883672e-09
2.410199951171875 3.737028818183397e-09
2.411199951171875 4.130348668533141e-09
2.412199951171875 4.879017795815936e-09
2.413199951171875 2.920040815914116e-09
2.414199951171875 2.0499617014461817e-09
2.415199951171875 1.6464110285901639e-09
2.416199951171875 2.3525624864754083e-09
2.417199951171875 2.9763330820138e-09
2.418199951171875 1.6011020210717315e-09
2.419199951171875 7.507129097320869e-10
2.420199951171875 1.8655956915667552e-09
2.421199951171875 9.767268522808211e-10
2.422199951171875 3.943038367741011e-10
2.423199951171875 9.829008260730086e-10
2.424199951171875 5.307060191202358e-10
2.425199951171875 5.004666075906484e-10
2.426199951171875 7.649817388670182e-10
2.427199951171875 7.162224624056132e-10
2.428199951171875 4.1095658328458797e-10
2.429199951171875 6.702674146427128e-10
2.430199951171875 1.1771054915965173e-10
2.431199951171875 5.824366892172415e-10
2.432199951171875 1.7340022850179095e-12
2.433199951171875 2.1665000547393897e-10
2.434199951171875 5.58828965036955e-11
2.435199951171875 7.711376239155219e-11
2.436199951171875 2.537183819844801e-10
2.437199951171875 6.21703618697328e-11
2.438199951171875 2.1016242959811605e-10
2.439199951171875 8.796780629719366e-11
2.440199951171875 1.4130434222696634e-10
2.441199951171875 6.032672720089039e-11
2.442199951171875 1.0757038670973305e-10
2.443199951171875 5.2011316296837434e-11
2.444199951171875 1.3139615321515168e-11
2.445199951171875 3.551414212071251e-11
2.446199951171875 5.1184876125306665e-11
2.447199951171875 4.641789094378084e-11
2.448199951171875 4.233509193551817e-11
2.449199951171875 3.5255029052310097e-11
2.450199951171875 4.911380398365616e-11
2.451199951171875 2.2888132588637384e-11
2.452199951171875 1.626219124508976e-11
2.453199951171875 5.943277791878877e-11
2.454199951171875 1.16134082562913e-11
2.455199951171875 1.0737736595465516e-11
2.456199951171875 1.2566094326208163e-11
2.457199951171875 1.4653733155238584e-11
2.458199951171875 5.524144568555182e-12
2.459199951171875 2.0679696179800985e-11
2.460199951171875 1.2997525794509566e-11
2.461199951171875 1.0028712217267382e-11
2.462199951171875 1.4348160279518325e-11
2.463199951171875 3.0933323769166327e-12
2.464199951171875 1.0080574481546623e-11
2.465199951171875 4.819657797490346e-13
2.466199951171875 3.517033289594985e-12
2.467199951171875 4.6832493435309996e-12
2.468199951171875 1.1060551228482123e-12
2.469199951171875 3.773870208023768e-12
2.470199951171875 8.396876065031942e-12
2.471199951171875 5.548376945761921e-12
2.472199951171875 4.891018913692362e-12
2.473199951171875 6.625124738580287e-12
2.474199951171875 1.5529786941205642e-12
2.475199951171875 2.750128556503221e-12
2.476199951171875 2.207985586769096e-12
2.477199951171875 9.7899349402759e-13
2.478199951171875 4.0301639426563355e-12
2.479199951171875 2.9263601149380205e-12
2.480199951171875 2.08134651026792e-12
2.481199951171875 2.5335229608678865e-13
2.482199951171875 3.7306654394330085e-12
2.483199951171875 1.7598139640197744e-12
2.484199951171875 9.218117372001954e-13
2.485199951171875 2.5603032016610967e-12
2.486199951171875 1.6197895712797763e-12
2.487199951171875 1.5275773249267577e-12
2.488199951171875 2.541860207470742e-12
2.489199951171875 3.2734594454537485e-14
2.490199951171875 8.378271242497325e-13
2.491199951171875 7.971284936768115e-13
2.492199951171875 7.950245741724914e-13
2.493199951171875 1.3827086694000332e-12
2.494199951171875 2.838476571983631e-13
2.495199951171875 8.236052190113822e-13
2.496199951171875 3.8980086697892473e-13
2.497199951171875 5.006430979652691e-13
2.498199951171875 3.254264296443513e-13
2.499199951171875 6.138365226962035e-13
2.500199951171875 6.085755688418161e-13
2.501199951171875 4.111525314258954e-13
2.502199951171875 2.739633646564212e-13
2.503199951171875 4.810378610404624e-13
2.504199951171875 1.7253738363984807e-13
2.505199951171875 5.661874460231843e-13
2.506199951171875 2.012693014458267e-13
2.507199951171875 2.588302519716151e-13
2.508199951171875 3.408258558088349e-13
2.509199951171875 1.386351818094788e-13
2.510199951171875 2.0710217634473657e-13
2.511199951171875 2.231121293956601e-13
2.512199951171875 2.555406625938024e-13
2.513199951171875 2.3942675497668193e-13
2.514199951171875 7.931485460558885e-14
2.515199951171875 2.4811787881536436e-13
2.516199951171875 1.7555556827089196e-13
2.517199951171875 1.8819627599803258e-13
2.518199951171875 1.881474484153701e-13
2.519199951171875 1.5990121599318643e-13
2.520199951171875 1.258438061311106e-13
2.521199951171875 1.6247981248579412e-13
2.522199951171875 1.1768391666414966e-13
2.523199951171875 1.2310314291179639e-13
2.524199951171875 1.5929901221864949e-13
2.525199951171875 1.3997029316850778e-13
2.526199951171875 1.2162322436499947e-13
2.527199951171875 1.1034664651952816e-13
2.528199951171875 1.053850404433363e-13
2.529199951171875 6.764602077217271e-14
2.530199951171875 9.1667762010586e-14
2.531199951171875 1.0577589649247121e-13
2.532199951171875 6.640564206103407e-14
2.533199951171875 5.488547523806802e-14
2.534199951171875 8.006248867341243e-14
2.535199951171875 8.836598155025541e-14
2.536199951171875 5.986485785561729e-14
2.537199951171875 4.468653092312157e-14
2.538199951171875 5.716031364401211e-14
2.539199951171875 6.279347998496573e-14
2.540199951171875 5.2253035426182174e-14
2.541199951171875 5.165847130877001e-14
2.542199951171875 4.6772081975675004e-14
2.543199951171875 4.210610202941355e-14
2.544199951171875 4.911360417103191e-14
2.545199951171875 3.8524090402587917e-14
2.546199951171875 4.14370190500925e-14
2.547199951171875 3.134233804494041e-14
2.548199951171875 3.9762438879532043e-14
2.549199951171875 3.2322668939541335e-14
2.550199951171875 2.8421158099577568e-14
2.551199951171875 3.002467662312581e-14
2.552199951171875 2.233559828995577e-14
2.553199951171875 2.1886058559295287e-14
2.554199951171875 1.9814480267892223e-14
2.555199951171875 2.2889405553692303e-14
2.556199951171875 2.083531963206261e-14
2.557199951171875 2.1723809311843046e-14
2.558199951171875 1.5379377931210346e-14
2.559199951171875 1.819720836180984e-14
2.560199951171875 1.7295176634264095e-14
2.561199951171875 1.4904304782114566e-14
2.562199951171875 1.5815693520073653e-14
2.563199951171875 1.3356559604076073e-14
2.564199951171875 1.3122810708955167e-14
2.565199951171875 1.1731621447540617e-14
2.566199951171875 1.0407303851127296e-14
2.567199951171875 9.290595374810956e-15
2.568199951171875 1.0608931390816837e-14
2.569199951171875 8.940371128971282e-15
2.570199951171875 8.759307064047266e-15
2.571199951171875 7.199999789796455e-15
2.572199951171875 7.24218431724198e-15
2.573199951171875 7.196688728973274e-15
2.574199951171875 5.856573837209284e-15
2.575199951171875 5.497210735899496e-15
2.576199951171875 5.669428594642711e-15
2.577199951171875 4.9070400743679435e-15
2.578199951171875 4.065859589982515e-15
2.579199951171875 4.002726409594284e-15
2.580199951171875 3.850324395484649e-15
2.581199951171875 3.622958738649419e-15
2.582199951171875 3.6039308287034874e-15
2.583199951171875 3.356792728737822e-15
2.584199951171875 2.4893825946958205e-15
2.585199951171875 2.8492274380216304e-15
2.586199951171875 2.451237953449722e-15
2.587199951171875 2.3665674736450034e-15
2.588199951171875 2.062459729858755e-15
2.589199951171875 1.9764264792350687e-15
2.590199951171875 1.798106727228397e-15
2.591199951171875 1.5786095116133773e-15
2.592199951171875 1.4975224330736891e-15
2.593199951171875 1.4080964830694455e-15
2.594199951171875 1.2701435725592814e-15
2.595199951171875 1.193555757736286e-15
2.596199951171875 1.1283620305659113e-15
