microns throughput
0.5504000244140625 3.1061988369039536e-10
0.5514000244140626 2.2369050035235403e-10
0.5524000244140626 3.5299130949154684e-10
0.5534000244140626 7.856540588042522e-10
0.5544000244140626 7.506039154044229e-10
0.5554000244140626 1.0544157911722624e-09
0.5564000244140626 7.220681091837136e-10
0.5574000244140624 5.946043867423931e-10
0.5584000244140624 4.295539952132164e-10
0.5594000244140624 4.758918161548172e-10
0.5604000244140624 8.564699677613025e-10
0.5614000244140624 8.579387911108482e-10
0.5624000244140624 5.058732802384552e-10
0.5634000244140625 3.4222569031746716e-11
0.5644000244140625 2.275014471358387e-11
0.5654000244140625 1.202504749898222e-10
0.5664000244140625 6.027011474946995e-10
0.5674000244140625 6.065753990084729e-10
0.5684000244140625 9.761734151701066e-10
0.5694000244140625 8.266448108422155e-10
0.5704000244140625 7.75717790233312e-10
0.5714000244140625 4.694652629935433e-10
0.5724000244140625 1.241190027411011e-09
0.5734000244140625 1.965195691652813e-09
0.5744000244140625 1.8367609731140322e-09
0.5754000244140625 1.7458750868520869e-09
0.5764000244140625 1.7899927919423745e-09
0.5774000244140625 2.8644623491934267e-09
0.5784000244140625 1.6732964011617488e-09
0.5794000244140625 2.0038525594891458e-09
0.5804000244140625 2.000900296691869e-09
0.5814000244140625 2.5098904371635338e-09
0.5824000244140625 1.338640706153586e-09
0.5834000244140625 2.6883718143854915e-09
0.5844000244140625 6.5155401280194976e-09
0.5854000244140625 6.524555077666699e-09
0.5864000244140625 5.142389492251884e-09
0.5874000244140625 2.9394460303840543e-09
0.5884000244140625 3.2854355846287823e-09
0.5894000244140625 2.4174804968652568e-09
0.5904000244140625 6.1481505592017464e-09
0.5914000244140625 6.340704214423432e-09
0.5924000244140625 7.906064871140574e-09
0.5934000244140625 7.265367739129016e-09
0.5944000244140625 7.007729695637072e-09
0.5954000244140625 7.0072776666490905e-09
0.5964000244140625 3.719335193016372e-09
0.5974000244140625 6.33897717865221e-09
0.5984000244140625 9.179032469134309e-09
0.5994000244140625 9.738377733017002e-09
0.6004000244140625 1.6037601058753494e-08
0.6014000244140625 1.2285289201501406e-08
0.6024000244140625 8.712158768127447e-09
0.6034000244140625 8.646030862473259e-09
0.6044000244140625 8.785299009309833e-09
0.6054000244140625 8.213070089563642e-09
0.6064000244140625 8.175957556365173e-09
0.6074000244140625 9.600443899591486e-09
0.6084000244140625 1.0537872748697596e-08
0.6094000244140625 1.3116207178528889e-08
0.6104000244140625 1.5686299664580815e-08
0.6114000244140625 1.5516945697121203e-08
0.6124000244140625 1.0456890814518895e-08
0.6134000244140625 1.1164643868321864e-08
0.6144000244140625 8.742098440617293e-09
0.6154000244140625 1.140072195429322e-08
0.6164000244140625 1.0376035542016978e-08
0.6174000244140625 1.0941763838959362e-08
0.6184000244140625 1.1566072510399342e-08
0.6194000244140625 8.676490202846664e-09
0.6204000244140625 9.858411377132023e-09
0.6214000244140625 1.2965351529290421e-08
0.6224000244140625 1.652617901860336e-08
0.6234000244140625 1.579938704480204e-08
0.6244000244140625 9.416282570187708e-09
0.6254000244140625 8.357721271128584e-09
0.6264000244140625 1.1006701864953039e-08
0.6274000244140625 1.3233205288762956e-08
0.6284000244140625 9.789976015484322e-09
0.6294000244140625 6.093735514701341e-09
0.6304000244140625 1.5875924297282434e-08
0.6314000244140625 2.3920628843133472e-08
0.6324000244140625 2.5962073500415943e-08
0.6334000244140625 2.479040903155394e-08
0.6344000244140625 2.7630921692026996e-08
0.6354000244140625 2.9741973626967783e-08
0.6364000244140625 2.724478942531268e-08
0.6374000244140625 3.2605813227933434e-08
0.6384000244140625 2.9768732634919394e-08
0.6394000244140625 2.465928401031298e-08
0.6404000244140625 2.170187596212682e-08
0.6414000244140625 2.356154228474336e-08
0.6424000244140625 2.8739801521837802e-08
0.6434000244140625 2.6806377703202736e-08
0.6444000244140625 2.9929279157352274e-08
0.6454000244140625 3.832511892560386e-08
0.6464000244140625 3.7701758291644136e-08
0.6474000244140625 4.355689292127429e-08
0.6484000244140625 4.4721106397257666e-08
0.6494000244140625 4.275968808592276e-08
0.6504000244140625 4.155419253530402e-08
0.6514000244140625 3.8338213595116065e-08
0.6524000244140625 4.079475284796639e-08
0.6534000244140625 5.040079389488175e-08
0.6544000244140625 4.8903896355493394e-08
0.6554000244140625 4.414798032193707e-08
0.6564000244140625 3.1150685116148256e-08
0.6574000244140625 3.969870008722713e-08
0.6584000244140625 5.009088060346603e-08
0.6594000244140625 4.7296104016509045e-08
0.6604000244140625 3.5570085168326686e-08
0.6614000244140625 4.4399618171801216e-08
0.6624000244140625 4.321049219585322e-08
0.6634000244140625 3.753874539851517e-08
0.6644000244140625 3.373523381035547e-08
0.6654000244140625 2.499329671363512e-08
0.6664000244140625 2.880267149446928e-08
0.6674000244140625 2.7819635821580507e-08
0.6684000244140625 2.788286621529119e-08
0.6694000244140625 2.378828637467962e-08
0.6704000244140625 2.327611904027594e-08
0.6714000244140625 2.762664681265546e-08
0.6724000244140625 3.1598485464016946e-08
0.6734000244140625 3.1751336296527017e-08
0.6744000244140625 3.586562001045229e-08
0.6754000244140625 3.597158376240688e-08
0.6764000244140626 3.761455509241922e-08
0.6774000244140626 3.16076476548352e-08
0.6784000244140626 3.619312151663874e-08
0.6794000244140626 3.958389773700792e-08
0.6804000244140626 2.782477676279155e-08
0.6814000244140626 3.103164927778806e-08
0.6824000244140624 2.9911494169607946e-08
0.6834000244140624 3.6092217552941655e-08
0.6844000244140624 4.028262710820454e-08
0.6854000244140624 4.013058222108428e-08
0.6864000244140624 4.4563327003527775e-08
0.6874000244140624 4.3366792438557853e-08
0.6884000244140625 5.173141939152856e-08
0.6894000244140625 5.913557295038001e-08
0.6904000244140625 4.3007822805584555e-08
0.6914000244140625 3.6672717016575044e-08
0.6924000244140625 3.5692483103389885e-08
0.6934000244140625 3.762395259939998e-08
0.6944000244140625 2.1093333854503433e-08
0.6954000244140625 1.948796831552064e-08
0.6964000244140625 1.5717353550442638e-08
0.6974000244140625 2.4866462549358015e-08
0.6984000244140625 3.499289808087059e-08
0.6994000244140625 4.7131308932728295e-08
0.7004000244140625 4.609408364525388e-08
0.7014000244140625 4.9885769205879606e-08
0.7024000244140625 4.641768845781263e-08
0.7034000244140625 3.041918446150172e-08
0.7044000244140625 4.2500242719567096e-08
0.7054000244140625 4.6058898964216756e-08
0.7064000244140625 4.693234396304367e-08
0.7074000244140625 4.622186058924295e-08
0.7084000244140625 5.3911706175764246e-08
0.7094000244140625 6.684569978083254e-08
0.7104000244140625 5.712768254476799e-08
0.7114000244140625 3.6802682218845434e-08
0.7124000244140625 4.950279247823457e-08
0.7134000244140625 4.9548943021924476e-08
0.7144000244140625 3.768518037835179e-08
0.7154000244140625 4.4438103324110904e-08
0.7164000244140625 4.456658598940681e-08
0.7174000244140625 4.0600512437505975e-08
0.7184000244140625 3.566675295401815e-08
0.7194000244140625 3.9820934397798385e-08
0.7204000244140625 3.1273862893368483e-08
0.7214000244140625 3.5613727984388445e-08
0.7224000244140625 3.655642853549635e-08
0.7234000244140625 3.336685084225437e-08
0.7244000244140625 2.3922762274407595e-08
0.7254000244140625 1.8600718094223242e-08
0.7264000244140625 2.790200105534879e-08
0.7274000244140625 2.996627297494979e-08
0.7284000244140625 3.5407585268533094e-08
0.7294000244140625 3.8948511909247524e-08
0.7304000244140625 4.677882416913955e-08
0.7314000244140625 4.797574690720871e-08
0.7324000244140625 4.807646171075674e-08
0.7334000244140625 5.2511212844676946e-08
0.7344000244140625 6.425216196839885e-08
0.7354000244140625 6.699730925154225e-08
0.7364000244140625 7.253856972798756e-08
0.7374000244140625 6.18933268737156e-08
0.7384000244140625 6.236725943657815e-08
0.7394000244140625 5.3980948754248305e-08
0.7404000244140625 5.6760656662414993e-08
0.7414000244140625 4.179561603085656e-08
0.7424000244140625 2.5362466576747975e-08
0.7434000244140625 1.928491036179513e-08
0.7444000244140625 1.9505097206642118e-08
0.7454000244140625 3.5387832308720486e-08
0.7464000244140625 3.0162688524322205e-08
0.7474000244140625 4.836318202937533e-08
0.7484000244140625 4.109433164047716e-08
0.7494000244140625 4.0948240254416226e-08
0.7504000244140625 3.190241043912213e-08
0.7514000244140625 3.026685952119984e-08
0.7524000244140625 2.9378195363269173e-08
0.7534000244140625 2.999215991977471e-08
0.7544000244140625 2.8750409432904448e-08
0.7554000244140625 2.6651954828011953e-08
0.7564000244140625 4.231086490805534e-08
0.7574000244140625 5.0672963750146187e-08
0.7584000244140625 5.789629413678632e-08
0.7594000244140625 4.737573493199086e-08
0.7604000244140625 4.590445393848948e-08
0.7614000244140625 3.9157276039254094e-08
0.7624000244140625 3.924495801999083e-08
0.7634000244140625 3.571816785763955e-08
0.7644000244140625 3.915403707426152e-08
0.7654000244140625 3.843396649203395e-08
0.7664000244140625 4.536743807715645e-08
0.7674000244140625 5.9118347659063176e-08
0.7684000244140625 6.92117902784531e-08
0.7694000244140625 6.238480721608272e-08
0.7704000244140625 5.503613114599477e-08
0.7714000244140625 6.96380492337705e-08
0.7724000244140625 6.332909981955229e-08
0.7734000244140625 7.516609593214472e-08
0.7744000244140625 6.423217198252812e-08
0.7754000244140625 6.710064816319345e-08
0.7764000244140625 6.048893667435072e-08
0.7774000244140625 6.435229505849876e-08
0.7784000244140625 5.528944858697501e-08
0.7794000244140625 5.776996926916345e-08
0.7804000244140625 5.6270279206763846e-08
0.7814000244140625 5.563195161729414e-08
0.7824000244140625 4.364309066751113e-08
0.7834000244140625 4.4679520493738866e-08
0.7844000244140625 4.403937013962472e-08
0.7854000244140625 4.077794267110519e-08
0.7864000244140625 3.834204222336999e-08
0.7874000244140625 4.752887574802964e-08
0.7884000244140625 6.56120529996528e-08
0.7894000244140625 7.146738134880481e-08
0.7904000244140625 6.153975214593007e-08
0.7914000244140625 4.923504575434075e-08
0.7924000244140625 4.5669741562994886e-08
0.7934000244140625 4.2393092445344953e-08
0.7944000244140625 8.410526864511786e-08
0.7954000244140625 1.3893518615425805e-07
0.7964000244140625 1.7889261310369344e-07
0.7974000244140625 2.0573107386913442e-07
0.7984000244140625 2.2674800523444496e-07
0.7994000244140625 2.4657680781554877e-07
0.8004000244140625 2.42750414599945e-07
0.8014000244140626 2.559876194448319e-07
0.8024000244140626 2.7564963285814464e-07
0.8034000244140626 2.9538160771855006e-07
0.8044000244140626 3.0081281747280284e-07
0.8054000244140626 3.0742156053449735e-07
0.8064000244140626 3.062144351757981e-07
0.8074000244140624 3.1992856574843383e-07
0.8084000244140624 3.0686022561218513e-07
0.8094000244140624 2.846140001309225e-07
0.8104000244140624 2.919582092728245e-07
0.8114000244140624 2.569949480175059e-07
0.8124000244140624 2.0534506990870867e-07
0.8134000244140625 1.811639496074923e-07
0.8144000244140625 1.57552573630424e-07
0.8154000244140625 1.1886372433057491e-07
0.8164000244140625 1.0600508339657967e-07
0.8174000244140625 9.780164879027842e-08
0.8184000244140625 8.077570945141132e-08
0.8194000244140625 7.758199979534105e-08
0.8204000244140625 6.520273288937391e-08
0.8214000244140625 6.505101874925283e-08
0.8224000244140625 6.440860683731644e-08
0.8234000244140625 6.258886776315143e-08
0.8244000244140625 5.914759830414812e-08
0.8254000244140625 7.033688093217963e-08
0.8264000244140625 7.719824808314375e-08
0.8274000244140625 7.501924245527467e-08
0.8284000244140625 7.739788551288284e-08
0.8294000244140625 6.870901778757182e-08
0.8304000244140625 5.79574497496673e-08
0.8314000244140625 4.969848466975124e-08
0.8324000244140625 4.1350200444198775e-08
0.8334000244140625 3.5321682902329734e-08
0.8344000244140625 4.384115795733563e-08
0.8354000244140625 5.08439585117212e-08
0.8364000244140625 5.204145721626605e-08
0.8374000244140625 6.083354013024237e-08
0.8384000244140625 5.386416961048587e-08
0.8394000244140625 4.9843344874291376e-08
0.8404000244140625 5.366557036597418e-08
0.8414000244140625 6.583780962771153e-08
0.8424000244140625 7.110157377298651e-08
0.8434000244140625 7.341638347191432e-08
0.8444000244140625 6.348006015049745e-08
0.8454000244140625 8.754048250360536e-08
0.8464000244140625 9.387702930266558e-08
0.8474000244140625 8.805267679920546e-08
0.8484000244140625 9.029750267737307e-08
0.8494000244140625 1.139486380931885e-07
0.8504000244140625 9.58754649404251e-08
0.8514000244140625 7.22215190562628e-08
0.8524000244140625 7.542114077836796e-08
0.8534000244140625 6.84116368585428e-08
0.8544000244140625 8.469256026789101e-08
0.8554000244140625 9.096870544262133e-08
0.8564000244140625 1.0052328572942202e-07
0.8574000244140625 1.1441351233551513e-07
0.8584000244140625 1.3761350536703082e-07
0.8594000244140625 1.1739129871282839e-07
0.8604000244140625 9.727323882146287e-08
0.8614000244140625 1.1811999775780921e-07
0.8624000244140625 1.4213179251414604e-07
0.8634000244140625 1.1689277130310955e-07
0.8644000244140625 1.1000792129227215e-07
0.8654000244140625 1.0938426453354282e-07
0.8664000244140625 9.321666519869274e-08
0.8674000244140625 6.015887470232918e-08
0.8684000244140625 4.941543864153823e-08
0.8694000244140625 5.833803972998148e-08
0.8704000244140625 7.969015612910987e-08
0.8714000244140625 7.075908486891686e-08
0.8724000244140625 8.657828422392607e-08
0.8734000244140625 8.054698098044267e-08
0.8744000244140625 1.0043189821389785e-07
0.8754000244140625 7.916892781150543e-08
0.8764000244140625 1.1638795006178608e-07
0.8774000244140625 1.48388329054921e-07
0.8784000244140625 1.245119214969785e-07
0.8794000244140625 1.2488555276173775e-07
0.8804000244140625 2.1357718263414332e-07
0.8814000244140625 1.688112503477961e-07
0.8824000244140625 1.7111335609801735e-07
0.8834000244140625 4.4449919908202587e-07
0.8844000244140625 6.739478530129904e-07
0.8854000244140625 6.946372999175991e-07
0.8864000244140625 8.490293462000012e-07
0.8874000244140625 7.488262814522917e-07
0.8884000244140625 5.862995235580821e-07
0.8894000244140625 8.340183802463047e-07
0.8904000244140625 6.828637984701621e-07
0.8914000244140625 7.213921234274714e-07
0.8924000244140625 9.21926314919538e-07
0.8934000244140625 1.1342220039543297e-06
0.8944000244140625 8.06667002958501e-07
0.8954000244140625 7.341734253708735e-07
0.8964000244140625 5.627234199464751e-07
0.8974000244140625 4.6561364712272797e-07
0.8984000244140625 2.3851794556376904e-07
0.8994000244140625 2.685173999844011e-07
0.9004000244140625 2.654309666438256e-07
0.9014000244140625 2.717113500852368e-07
0.9024000244140625 2.8586054254015884e-07
0.9034000244140625 2.7696602875135556e-07
0.9044000244140625 2.655052478412242e-07
0.9054000244140625 2.5618534121509137e-07
0.9064000244140625 2.3466962029255498e-07
0.9074000244140625 2.2338523901148125e-07
0.9084000244140625 2.3015797070338133e-07
0.9094000244140625 1.9547974839899115e-07
0.9104000244140625 1.9636214287190727e-07
0.9114000244140625 2.1601284792256954e-07
0.9124000244140625 1.9711202510752647e-07
0.9134000244140625 1.9781043246949636e-07
0.9144000244140625 2.1732863411074466e-07
0.9154000244140625 2.0802653025772052e-07
0.9164000244140625 1.8923183995817125e-07
0.9174000244140625 1.834789943267475e-07
0.9184000244140625 1.8189642933570475e-07
0.9194000244140625 2.1181706874740393e-07
0.9204000244140625 2.0980511748273317e-07
0.9214000244140625 2.2121906577665808e-07
0.9224000244140625 2.656068910302422e-07
0.9234000244140625 2.868242214577662e-07
0.9244000244140625 2.85095866412235e-07
0.9254000244140625 3.068923990372666e-07
0.9264000244140626 3.0085551271815385e-07
0.9274000244140626 2.917197565590102e-07
0.9284000244140626 3.0591781512565643e-07
0.9294000244140626 3.2360233102829233e-07
0.9304000244140626 3.2031564163147515e-07
0.9314000244140626 3.484147142179768e-07
0.9324000244140624 3.655163102361638e-07
0.9334000244140624 3.8346018162798683e-07
0.9344000244140624 3.880646793908149e-07
0.9354000244140624 4.069446812846878e-07
0.9364000244140624 4.1716577626534133e-07
0.9374000244140624 4.16534145541816e-07
0.9384000244140625 4.06183630386651e-07
0.9394000244140625 4.1526685850218426e-07
0.9404000244140625 4.2088456400995394e-07
0.9414000244140625 4.09030415158686e-07
0.9424000244140625 3.9925176913079305e-07
0.9434000244140625 3.8419844738059905e-07
0.9444000244140625 3.897560158569163e-07
0.9454000244140625 4.12192491659604e-07
0.9464000244140625 3.9505548933744515e-07
0.9474000244140625 3.749727542679182e-07
0.9484000244140625 3.950365673616892e-07
0.9494000244140625 3.883070009504828e-07
0.9504000244140625 3.597921176073055e-07
0.9514000244140625 3.912029802350915e-07
0.9524000244140625 3.979360407704299e-07
0.9534000244140625 3.8972176181007024e-07
0.9544000244140625 3.987638127444467e-07
0.9554000244140625 3.897817530975959e-07
0.9564000244140625 3.587482891150765e-07
0.9574000244140625 3.606967230216313e-07
0.9584000244140625 3.64890673332751e-07
0.9594000244140625 3.2098982375789174e-07
0.9604000244140625 3.0178189692380546e-07
0.9614000244140625 3.13510568027483e-07
0.9624000244140625 3.0090769625319447e-07
0.9634000244140625 2.8648398365491714e-07
0.9644000244140625 3.0419767797442694e-07
0.9654000244140625 3.0727710285615756e-07
0.9664000244140625 3.031695248154857e-07
0.9674000244140625 2.9974691715419367e-07
0.9684000244140625 3.07674350788922e-07
0.9694000244140625 3.070003258641335e-07
0.9704000244140625 2.966775970385794e-07
0.9714000244140625 3.0107296829643183e-07
0.9724000244140625 3.2075278273654183e-07
0.9734000244140625 3.1670080945602665e-07
0.9744000244140625 3.1483988248444205e-07
0.9754000244140625 3.394778553144846e-07
0.9764000244140625 3.531260070227581e-07
0.9774000244140625 3.5294971441659485e-07
0.9784000244140625 3.3792170314392576e-07
0.9794000244140625 3.423833735730531e-07
0.9804000244140625 3.3239727698644785e-07
0.9814000244140625 3.408439504750303e-07
0.9824000244140625 3.3224090918128223e-07
0.9834000244140625 3.3655024618557256e-07
0.9844000244140625 3.225938760478758e-07
0.9854000244140625 3.1018545880567306e-07
0.9864000244140625 2.8350489207913953e-07
0.9874000244140625 2.9585219335184373e-07
0.9884000244140625 3.0346479100832777e-07
0.9894000244140625 3.09799582774048e-07
0.9904000244140625 3.0891729107715894e-07
0.9914000244140625 3.122352709799365e-07
0.9924000244140625 3.084330286076082e-07
0.9934000244140625 2.935997058996335e-07
0.9944000244140625 2.7828203540981624e-07
0.9954000244140625 9.038458120691604e-07
0.9964000244140625 1.5220308709167924e-06
0.9974000244140625 1.894490816682434e-06
0.9984000244140625 2.0990207005656345e-06
0.9994000244140625 2.5496731613333183e-06
1.0004000244140625 2.6456648023575436e-06
1.0014000244140624 2.739642078726643e-06
1.0024000244140625 2.6063408793731617e-06
1.0034000244140624 2.515302289512994e-06
1.0044000244140625 2.413601220809639e-06
1.0054000244140624 2.4206459140049336e-06
1.0064000244140625 2.332965487140698e-06
1.0074000244140624 2.4596303709771092e-06
1.0084000244140625 2.482852601483672e-06
1.0094000244140624 2.414579862403922e-06
1.0104000244140625 2.328506529877923e-06
1.0114000244140624 2.485834545309468e-06
1.0124000244140625 2.5839584628735134e-06
1.0134000244140624 2.5338451567713905e-06
1.0144000244140625 2.5656074047891804e-06
1.0154000244140624 2.4828852272930635e-06
1.0164000244140625 2.294206471125101e-06
1.0174000244140624 2.278106636783505e-06
1.0184000244140625 2.311784392349915e-06
1.0194000244140624 2.3869402646480957e-06
1.0204000244140625 2.291545863692596e-06
1.0214000244140624 2.2510088491600625e-06
1.0224000244140625 2.2286397014608664e-06
1.0234000244140624 2.243173915598684e-06
1.0244000244140625 2.318283947389015e-06
1.0254000244140624 2.1745074981693896e-06
1.0264000244140625 1.9528295638819836e-06
1.0274000244140624 1.9007158941235956e-06
1.0284000244140625 2.241830872382768e-06
1.0294000244140624 2.3844345145432345e-06
1.0304000244140625 2.3646843743719058e-06
1.0314000244140624 2.384933553280477e-06
1.0324000244140625 2.1974721301975917e-06
1.0334000244140624 2.1289216421229176e-06
1.0344000244140625 2.01584698573758e-06
1.0354000244140624 2.0473569313671975e-06
1.0364000244140625 2.121320359924907e-06
1.0374000244140624 2.1332195192692556e-06
1.0384000244140625 2.1492948752095653e-06
1.0394000244140624 2.1438254867650012e-06
1.0404000244140625 2.0558746364312973e-06
1.0414000244140624 2.0232729662809186e-06
1.0424000244140625 2.015798466331027e-06
1.0434000244140624 1.969456113760764e-06
1.0444000244140625 1.9436415791979195e-06
1.0454000244140624 1.8538311531615395e-06
1.0464000244140625 2.019608592412533e-06
1.0474000244140624 2.0930528038281555e-06
1.0484000244140625 2.136768060757977e-06
1.0494000244140624 2.0018196370205863e-06
1.0504000244140625 2.10068033161772e-06
1.0514000244140624 2.069792135979145e-06
1.0524000244140626 2.0318131951900317e-06
1.0534000244140624 1.9807601333035663e-06
1.0544000244140626 1.9998415133229966e-06
1.0554000244140624 1.8580885324510122e-06
1.0564000244140626 1.8446644368328319e-06
1.0574000244140624 1.7049503206235856e-06
1.0584000244140626 1.8759086909804848e-06
1.0594000244140624 1.96746948166699e-06
1.0604000244140626 1.8781959511085925e-06
1.0614000244140624 1.815582239592446e-06
1.0624000244140626 1.933369889487884e-06
1.0634000244140625 1.9096608296682927e-06
1.0644000244140626 1.7699958219488662e-06
1.0654000244140625 1.8503782003513325e-06
1.0664000244140626 1.6841178363811373e-06
1.0674000244140625 1.7750569624269356e-06
1.0684000244140626 1.9350312272533857e-06
1.0694000244140625 1.914715854212287e-06
1.0704000244140626 1.822901694698886e-06
1.0714000244140625 1.8665897031592226e-06
1.0724000244140626 1.8779450426664809e-06
1.0734000244140625 1.9383824824631124e-06
1.0744000244140626 1.7747621038101987e-06
1.0754000244140625 1.8210649815476756e-06
1.0764000244140626 1.8640049856735293e-06
1.0774000244140625 1.8845755866715795e-06
1.0784000244140626 1.930115389472369e-06
1.0794000244140625 1.7382889534500455e-06
1.0804000244140626 1.6922692892267255e-06
1.0814000244140625 1.8072160317349045e-06
1.0824000244140626 1.8043575626076303e-06
1.0834000244140625 1.8728494060834376e-06
1.0844000244140626 1.931083999395656e-06
1.0854000244140625 1.889829259461971e-06
1.0864000244140626 1.823189677751239e-06
1.0874000244140625 1.785506484895222e-06
1.0884000244140626 1.9288110152005777e-06
1.0894000244140625 1.813412204152107e-06
1.0904000244140626 1.805371807784735e-06
1.0914000244140625 1.750095995338924e-06
1.0924000244140626 1.8560052107605921e-06
1.0934000244140625 1.8651849811058395e-06
1.0944000244140626 1.9742047184213096e-06
1.0954000244140625 1.8439718634644148e-06
1.0964000244140626 1.720982447778423e-06
1.0974000244140625 1.6395936301864526e-06
1.0984000244140626 1.714895293937378e-06
1.0994000244140625 1.887453534228169e-06
1.1004000244140626 1.8215246596365595e-06
1.1014000244140625 1.745178290582484e-06
1.1024000244140626 1.8805416085527644e-06
1.1034000244140625 1.8605666679436514e-06
1.1044000244140626 1.7782462565666907e-06
1.1054000244140625 1.7573075565798989e-06
1.1064000244140626 1.7900829379303188e-06
1.1074000244140625 1.7829706848673157e-06
1.1084000244140626 1.7369747167727215e-06
1.1094000244140625 1.8743229360488333e-06
1.1104000244140626 1.9042240225119059e-06
1.1114000244140625 1.8240431643461156e-06
1.1124000244140626 1.6444302892535931e-06
1.1134000244140625 1.7024928686109415e-06
1.1144000244140626 1.7507404720294148e-06
1.1154000244140625 1.951870127275261e-06
1.1164000244140626 1.7996043944609108e-06
1.1174000244140625 1.6651520762005164e-06
1.1184000244140626 1.771000582183975e-06
1.1194000244140625 1.6785052353798156e-06
1.1204000244140624 1.5808941208868632e-06
1.1214000244140625 1.5948482200129918e-06
1.1224000244140624 1.6774337934149918e-06
1.1234000244140625 1.6927074408573324e-06
1.1244000244140624 1.6567749661534794e-06
1.1254000244140625 1.7105405464590547e-06
1.1264000244140624 1.749355488501235e-06
1.1274000244140625 1.7255494323812682e-06
1.1284000244140624 1.7214235978941177e-06
1.1294000244140625 1.7340907384620649e-06
1.1304000244140624 1.7110818145605517e-06
1.1314000244140625 1.7497530602303613e-06
1.1324000244140624 1.7826090561180179e-06
1.1334000244140625 1.7456663400000114e-06
1.1344000244140624 1.6679394121586323e-06
1.1354000244140625 1.703491723397211e-06
1.1364000244140624 1.6215985025334827e-06
1.1374000244140625 1.7738165705920108e-06
1.1384000244140624 1.7489956480406038e-06
1.1394000244140625 1.605146138784756e-06
1.1404000244140624 1.5867096597647212e-06
1.1414000244140625 1.604484475320005e-06
1.1424000244140624 1.6919733441889234e-06
1.1434000244140625 1.811894031484409e-06
1.1444000244140624 1.7312124280318614e-06
1.1454000244140625 1.696917334132468e-06
1.1464000244140624 1.753734552024216e-06
1.1474000244140625 1.8296869310955535e-06
1.1484000244140624 1.836253622031655e-06
1.1494000244140625 1.897310500350596e-06
1.1504000244140624 1.783700500204692e-06
1.1514000244140625 1.6183595880409091e-06
1.1524000244140624 1.5441490052365737e-06
1.1534000244140625 1.6503783086276357e-06
1.1544000244140624 1.6695108234715058e-06
1.1554000244140625 1.6663802203304331e-06
1.1564000244140624 1.770879985516423e-06
1.1574000244140625 1.8082166674146412e-06
1.1584000244140624 1.8870805806360196e-06
1.1594000244140625 1.7919328094485798e-06
1.1604000244140624 1.7733000446352658e-06
1.1614000244140625 1.9186153394161845e-06
1.1624000244140624 1.763121632653379e-06
1.1634000244140625 1.6683421746113705e-06
1.1644000244140624 1.8208297337927315e-06
1.1654000244140625 1.7822964217980485e-06
1.1664000244140624 1.825525292415457e-06
1.1674000244140625 1.8267198079385254e-06
1.1684000244140624 1.9475438134950526e-06
1.1694000244140625 1.8130324539315958e-06
1.1704000244140624 1.7229294923318966e-06
1.1714000244140625 1.7415316428016425e-06
1.1724000244140624 1.6493312658096985e-06
1.1734000244140625 1.7373538881313533e-06
1.1744000244140624 1.737648628528742e-06
1.1754000244140625 1.7157203297714436e-06
1.1764000244140624 1.6960042816645316e-06
1.1774000244140626 1.7408214841684553e-06
1.1784000244140624 1.726680177012239e-06
1.1794000244140626 1.7970489956583158e-06
1.1804000244140624 1.8068980642243314e-06
1.1814000244140626 1.7934401611329566e-06
1.1824000244140624 1.7584823609182283e-06
1.1834000244140626 1.7220749628667214e-06
1.1844000244140624 1.8003776027621859e-06
1.1854000244140626 1.7598644724691495e-06
1.1864000244140624 1.6593399772542022e-06
1.1874000244140626 1.8091501026936273e-06
1.1884000244140625 1.8393041830288287e-06
1.1894000244140626 1.784985073264838e-06
1.1904000244140625 1.6655948916993477e-06
1.1914000244140626 1.731679047305823e-06
1.1924000244140625 2.019086913315338e-06
1.1934000244140626 1.9813701715035222e-06
1.1944000244140625 1.8150365659598928e-06
1.1954000244140626 1.806901856384819e-06
1.1964000244140625 1.777521137020878e-06
1.1974000244140626 1.848508186084021e-06
1.1984000244140625 1.8859872262726242e-06
1.1994000244140626 1.8690826484426045e-06
1.2004000244140625 1.7977391973960535e-06
1.2014000244140626 1.7384600587763427e-06
1.2024000244140625 1.7913596434736515e-06
1.2034000244140626 1.900994174478432e-06
1.2044000244140625 1.805640526213149e-06
1.2054000244140626 1.5584030297799563e-06
1.2064000244140625 1.7282499460525842e-06
1.2074000244140626 1.8147230638974895e-06
1.2084000244140625 1.8557624156670099e-06
1.2094000244140626 1.7988603321634165e-06
1.2104000244140625 1.6888079865988101e-06
1.2114000244140626 1.6859971964967603e-06
1.2124000244140625 1.6123594927023777e-06
1.2134000244140626 1.6302601978308963e-06
1.2144000244140625 1.7364839356524069e-06
1.2154000244140626 1.611365997195503e-06
1.2164000244140625 1.5270091391003136e-06
1.2174000244140626 1.6949349918179205e-06
1.2184000244140625 1.8297092683444855e-06
1.2194000244140626 1.753223700354607e-06
1.2204000244140625 1.8027059857707705e-06
1.2214000244140626 1.8255868923030665e-06
1.2224000244140625 1.8499851773312576e-06
1.2234000244140626 1.7450573006234884e-06
1.2244000244140625 1.8076022738648079e-06
1.2254000244140626 1.943554657934573e-06
1.2264000244140625 1.9790992326440034e-06
1.2274000244140626 1.9062747680580842e-06
1.2284000244140625 1.928312383321153e-06
1.2294000244140626 1.9177814226466472e-06
1.2304000244140625 1.8255572450765694e-06
1.2314000244140626 1.8049388108060262e-06
1.2324000244140625 1.7339214883314616e-06
1.2334000244140626 1.7356295090401453e-06
1.2344000244140625 1.8773905184489577e-06
1.2354000244140626 1.9516859650259252e-06
1.2364000244140625 1.940303944320622e-06
1.2374000244140626 1.8389376223904476e-06
1.2384000244140625 1.8319044181169337e-06
1.2394000244140626 1.846924203125946e-06
1.2404000244140625 1.89916591205019e-06
1.2414000244140626 1.8533947943048674e-06
1.2424000244140625 1.8599635270501892e-06
1.2434000244140626 1.8546107098265957e-06
1.2444000244140625 1.8488111153130314e-06
1.2454000244140624 1.8803790919430514e-06
1.2464000244140625 1.8662010029140602e-06
1.2474000244140624 2.03768012299017e-06
1.2484000244140625 2.083796970189018e-06
1.2494000244140624 2.0409417168530612e-06
1.2504000244140625 1.8803696445269043e-06
1.2514000244140624 1.9010592916105082e-06
1.2524000244140625 2.0091202608674902e-06
1.2534000244140624 1.8983768482084008e-06
1.2544000244140625 1.9559062509536674e-06
1.2554000244140624 1.9167573502186837e-06
1.2564000244140625 1.8968633302451432e-06
1.2574000244140624 1.8697032901762442e-06
1.2584000244140625 1.8551036737112492e-06
1.2594000244140624 1.92905477203004e-06
1.2604000244140625 1.8540617518000167e-06
1.2614000244140624 1.8229110753324583e-06
1.2624000244140625 1.9531210276770967e-06
1.2634000244140624 2.1509187625729366e-06
1.2644000244140625 2.1621314067217032e-06
1.2654000244140624 1.9459238729504676e-06
1.2664000244140625 1.862836133055041e-06
1.2674000244140624 1.8869064293151268e-06
1.2684000244140625 1.9069948721928539e-06
1.2694000244140624 1.87072942716153e-06
1.2704000244140625 1.927734004737018e-06
1.2714000244140624 1.9394140017156487e-06
1.2724000244140625 1.9364526385075374e-06
1.2734000244140624 2.01617684894959e-06
1.2744000244140625 1.9919866712821545e-06
1.2754000244140624 1.7591251766102488e-06
1.2764000244140625 1.9222116949551443e-06
1.2774000244140624 2.041020804227437e-06
1.2784000244140625 1.928945711403391e-06
1.2794000244140624 1.815863229396845e-06
1.2804000244140625 1.8570051943112185e-06
1.2814000244140624 1.9362013901035442e-06
1.2824000244140625 1.952836153070475e-06
1.2834000244140624 1.962981201672228e-06
1.2844000244140625 1.8843625869923393e-06
1.2854000244140624 1.8317509980300871e-06
1.2864000244140625 1.8398178040117138e-06
1.2874000244140624 1.8934659194016237e-06
1.2884000244140625 2.0458924536354634e-06
1.2894000244140624 2.080714229806566e-06
1.2904000244140625 1.9807681990775858e-06
1.2914000244140624 2.0107784609842918e-06
1.2924000244140625 2.0447329787810432e-06
1.2934000244140624 2.0669295075004195e-06
1.2944000244140625 2.0959473774835173e-06
1.2954000244140624 1.9799251124817702e-06
1.2964000244140625 1.963349575018995e-06
1.2974000244140624 2.0511820382849218e-06
1.2984000244140625 2.094455173373523e-06
1.2994000244140624 1.9824545736159924e-06
1.3004000244140625 1.98535469805243e-06
1.3014000244140624 2.0668434349274385e-06
1.3024000244140626 2.010364570565409e-06
1.3034000244140624 2.12535579325403e-06
1.3044000244140626 2.027699016193745e-06
1.3054000244140624 2.043946309339276e-06
1.3064000244140626 2.050711601626209e-06
1.3074000244140624 2.0545725836098133e-06
1.3084000244140626 1.9864315984736886e-06
1.3094000244140624 2.056427654567961e-06
1.3104000244140626 2.1388039077781315e-06
1.3114000244140624 2.2284333412639688e-06
1.3124000244140626 2.1041287214365157e-06
1.3134000244140625 2.21201713689235e-06
1.3144000244140626 2.1377419010690003e-06
1.3154000244140625 2.0316411163087255e-06
1.3164000244140626 2.0533020545477037e-06
1.3174000244140625 2.1120031497358283e-06
1.3184000244140626 2.1604637680217626e-06
1.3194000244140625 2.0769709500999834e-06
1.3204000244140626 2.0204713025537353e-06
1.3214000244140625 2.1122900998405153e-06
1.3224000244140626 2.033352608659089e-06
1.3234000244140625 2.0567951698301424e-06
1.3244000244140626 1.8505762395312366e-06
1.3254000244140625 1.9490383007805213e-06
1.3264000244140626 2.0290538583271947e-06
1.3274000244140625 2.025350531272037e-06
1.3284000244140626 2.006219699104735e-06
1.3294000244140625 2.1256431486446165e-06
1.3304000244140626 2.1950580271008175e-06
1.3314000244140625 2.2146110789518034e-06
1.3324000244140626 1.971446325843051e-06
1.3334000244140625 1.9885422423617502e-06
1.3344000244140626 2.009488294879677e-06
1.3354000244140625 2.0182923256500053e-06
1.3364000244140626 2.1334916482449795e-06
1.3374000244140625 2.1124192416143116e-06
1.3384000244140626 2.0712002775099666e-06
1.3394000244140625 2.1235900498879676e-06
1.3404000244140626 2.146302270163559e-06
1.3414000244140625 2.136765276494083e-06
1.3424000244140626 2.252681851778917e-06
1.3434000244140625 2.444953986124802e-06
1.3444000244140626 2.3394543641761924e-06
1.3454000244140625 2.171113527078251e-06
1.3464000244140626 2.250262256511589e-06
1.3474000244140625 2.3358427447027665e-06
1.3484000244140626 2.4492768833009848e-06
1.3494000244140625 2.603103228960861e-06
1.3504000244140626 2.4362502824077872e-06
1.3514000244140625 2.268569693487331e-06
1.3524000244140626 2.377894806396054e-06
1.3534000244140625 2.636143988278375e-06
1.3544000244140626 2.3532651509418337e-06
1.3554000244140625 2.316649683432805e-06
1.3564000244140626 2.4865997048286865e-06
1.3574000244140625 2.3739079854890924e-06
1.3584000244140626 2.427726390602532e-06
1.3594000244140625 2.8166571818842313e-06
1.3604000244140626 2.9187879875689373e-06
1.3614000244140625 2.5610199482302694e-06
1.3624000244140626 2.5408200477289962e-06
1.3634000244140625 2.485453043204148e-06
1.3644000244140626 2.407167163741338e-06
1.3654000244140625 2.477982491565525e-06
1.3664000244140626 2.604142883190796e-06
1.3674000244140625 2.382028421394173e-06
1.3684000244140626 2.372237102326389e-06
1.3694000244140625 2.5052792393194425e-06
1.3704000244140624 2.6609983158846598e-06
1.3714000244140625 2.624830556942276e-06
1.3724000244140624 2.582455360242894e-06
1.3734000244140625 2.7276864314573954e-06
1.3744000244140624 2.6561884815928753e-06
1.3754000244140625 2.717361830767594e-06
1.3764000244140624 2.727406035678404e-06
1.3774000244140625 2.851386010558738e-06
1.3784000244140624 2.6860657955447626e-06
1.3794000244140625 2.7990360892390104e-06
1.3804000244140624 2.69830336144924e-06
1.3814000244140625 2.689494642904328e-06
1.3824000244140624 2.7851666367770093e-06
1.3834000244140625 2.7338725503285437e-06
1.3844000244140624 2.7339492171032765e-06
1.3854000244140625 2.7301440778359296e-06
1.3864000244140624 2.733092176283699e-06
1.3874000244140625 2.5086245094661077e-06
1.3884000244140624 2.5389055290442456e-06
1.3894000244140625 2.48547675228689e-06
1.3904000244140624 2.4415766658261875e-06
1.3914000244140625 2.3962233211857126e-06
1.3924000244140624 2.5282664196118435e-06
1.3934000244140625 2.5303139067207975e-06
1.3944000244140624 2.5061622945720285e-06
1.3954000244140625 2.3421669887520097e-06
1.3964000244140624 2.388415794917292e-06
1.3974000244140625 2.5075446160978926e-06
1.3984000244140624 2.4574117928222017e-06
1.3994000244140625 2.428549361243923e-06
1.4004000244140624 2.4521411281242342e-06
1.4014000244140625 2.655966991656192e-06
1.4024000244140624 2.6947687777592013e-06
1.4034000244140625 2.701446604110039e-06
1.4044000244140624 2.655224727695579e-06
1.4054000244140625 2.3710070615782456e-06
1.4064000244140624 2.227301234405472e-06
1.4074000244140625 2.3597707094521947e-06
1.4084000244140624 2.3754555279077014e-06
1.4094000244140625 2.4811958328433392e-06
1.4104000244140624 2.399051923336341e-06
1.4114000244140625 2.1446549008369777e-06
1.4124000244140624 2.216933214033569e-06
1.4134000244140625 2.421384265980576e-06
1.4144000244140624 2.421528896547737e-06
1.4154000244140625 2.529673975112662e-06
1.4164000244140624 2.4389325210289585e-06
1.4174000244140625 2.5673916629305485e-06
1.4184000244140624 2.5847558527589006e-06
1.4194000244140625 2.581721828273564e-06
1.4204000244140624 2.392131440748444e-06
1.4214000244140625 2.2450662011982028e-06
1.4224000244140624 2.2763915683147386e-06
1.4234000244140625 2.454603228595851e-06
1.4244000244140624 2.5600542586392864e-06
1.4254000244140625 2.4019222136980863e-06
1.4264000244140624 2.208026896821312e-06
1.4274000244140626 2.3308027711808985e-06
1.4284000244140624 2.369457310069113e-06
1.4294000244140626 2.4521316752396057e-06
1.4304000244140624 2.4091655139156705e-06
1.4314000244140626 2.4325684234505895e-06
1.4324000244140624 2.48972937701051e-06
1.4334000244140626 2.6164618150231904e-06
1.4344000244140624 2.54645536415114e-06
1.4354000244140626 2.351535940693841e-06
1.4364000244140624 2.3343774079453357e-06
1.4374000244140626 2.6605697681004103e-06
1.4384000244140625 2.5853435822930547e-06
1.4394000244140626 2.3404426717989316e-06
1.4404000244140625 2.3905214667520843e-06
1.4414000244140626 2.399375950193715e-06
1.4424000244140625 2.4064060135271536e-06
1.4434000244140626 2.4697708806160283e-06
1.4444000244140625 2.3949323965807333e-06
1.4454000244140626 2.4656363993391276e-06
1.4464000244140625 2.401449408913305e-06
1.4474000244140626 2.2296862696080825e-06
1.4484000244140625 2.347593298549207e-06
1.4494000244140626 2.3847473925321016e-06
1.4504000244140625 2.4201683007895727e-06
1.4514000244140626 2.4844620897889084e-06
1.4524000244140625 2.553039990113042e-06
1.4534000244140626 2.5229918670140002e-06
1.4544000244140625 2.5067647233458176e-06
1.4554000244140626 2.4528958135945555e-06
1.4564000244140625 2.3391149140914455e-06
1.4574000244140626 2.3174794528949134e-06
1.4584000244140625 2.5205650383989763e-06
1.4594000244140626 2.6043761021146132e-06
1.4604000244140625 2.596022811746465e-06
1.4614000244140626 2.5043140937595074e-06
1.4624000244140625 2.2506813912373186e-06
1.4634000244140626 2.26631986495815e-06
1.4644000244140625 2.302653966958407e-06
1.4654000244140626 2.473271154123567e-06
1.4664000244140625 2.5869599173113716e-06
1.4674000244140626 2.738668713017617e-06
1.4684000244140625 2.7388356228517465e-06
1.4694000244140626 2.9218268553895253e-06
1.4704000244140625 2.8535281955033677e-06
1.4714000244140626 2.869761877105634e-06
1.4724000244140625 2.9331813979497906e-06
1.4734000244140626 2.8720110301719513e-06
1.4744000244140625 2.7448496398042452e-06
1.4754000244140626 2.7430790663571905e-06
1.4764000244140625 2.763643651253749e-06
1.4774000244140626 2.616886808547095e-06
1.4784000244140625 2.665967447354643e-06
1.4794000244140626 2.5992195935986345e-06
1.4804000244140625 2.639880903537791e-06
1.4814000244140626 2.4257260788017877e-06
1.4824000244140625 2.404439141052668e-06
1.4834000244140626 2.4430091855155694e-06
1.4844000244140625 2.595688459220967e-06
1.4854000244140626 2.8056320698278253e-06
1.4864000244140625 2.864728332971749e-06
1.4874000244140626 2.6498566151667034e-06
1.4884000244140625 2.866821391697283e-06
1.4894000244140626 2.9503351963257347e-06
1.4904000244140625 2.7935389613009036e-06
1.4914000244140626 2.5465042002607897e-06
1.4924000244140625 2.681457459001066e-06
1.4934000244140626 2.8834889664711362e-06
1.4944000244140625 2.865985257949543e-06
1.4954000244140624 2.946071494294809e-06
1.4964000244140625 2.931289266865202e-06
1.4974000244140624 2.955128735164547e-06
1.4984000244140625 3.018452825476171e-06
1.4994000244140624 2.96294845118374e-06
1.5004000244140625 3.0814782070249387e-06
1.5014000244140624 2.9590665550234167e-06
1.5024000244140625 2.8882912853225226e-06
1.5034000244140624 2.7561562628453354e-06
1.5044000244140625 2.6813440445549863e-06
1.5054000244140624 2.850115951968699e-06
1.5064000244140625 2.977997228402168e-06
1.5074000244140624 2.87709984618349e-06
1.5084000244140625 2.962877814189677e-06
1.5094000244140624 2.9083285210941513e-06
1.5104000244140625 2.764905046173163e-06
1.5114000244140624 2.8408333893320613e-06
1.5124000244140625 2.9330369137199696e-06
1.5134000244140624 3.0683829267290165e-06
1.5144000244140625 3.2574010337642712e-06
1.5154000244140624 3.2011612150995327e-06
1.5164000244140625 3.3523156648518265e-06
1.5174000244140624 3.1563339297180738e-06
1.5184000244140625 3.042552153407416e-06
1.5194000244140624 3.009659652765659e-06
1.5204000244140625 2.8684841754382625e-06
1.5214000244140624 2.9779255722605235e-06
1.5224000244140625 3.017114576299853e-06
1.5234000244140624 3.3433718004520854e-06
1.5244000244140625 3.4958214421766327e-06
1.5254000244140624 3.3697222660989743e-06
1.5264000244140625 3.1091597841564216e-06
1.5274000244140624 3.229258818576189e-06
1.5284000244140625 3.300743580473619e-06
1.5294000244140624 3.2387230669160065e-06
1.5304000244140625 3.185428013238954e-06
1.5314000244140624 3.2867009515911553e-06
1.5324000244140625 3.084184012889825e-06
1.5334000244140624 3.1545056981778762e-06
1.5344000244140625 3.2052431561641902e-06
1.5354000244140624 3.0766833540469765e-06
1.5364000244140625 2.9576074811950143e-06
1.5374000244140624 3.1289072183955626e-06
1.5384000244140625 3.0937845865320486e-06
1.5394000244140624 3.2296615642409416e-06
1.5404000244140625 3.0599356195141395e-06
1.5414000244140624 3.0205575891508063e-06
1.5424000244140625 3.142788394146689e-06
1.5434000244140624 3.2566491632014253e-06
1.5444000244140625 3.210775669337139e-06
1.5454000244140624 2.881809466447159e-06
1.5464000244140625 2.9375823845520818e-06
1.5474000244140624 3.2929371808564486e-06
1.5484000244140625 3.3550141879486616e-06
1.5494000244140624 3.220188941693729e-06
1.5504000244140625 3.281488692936986e-06
1.5514000244140624 3.141507395481999e-06
1.5524000244140626 3.364025949658632e-06
1.5534000244140624 3.512089244697446e-06
1.5544000244140626 3.500777803145765e-06
1.5554000244140624 3.616557077700155e-06
1.5564000244140626 3.6965489893378393e-06
1.5574000244140624 3.629107908169586e-06
1.5584000244140626 3.4701513404004403e-06
1.5594000244140624 3.442525717158488e-06
1.5604000244140626 3.376961129279489e-06
1.5614000244140624 3.439914239191891e-06
1.5624000244140626 3.5151552758730956e-06
1.5634000244140625 3.39806549220991e-06
1.5644000244140626 3.398085338065305e-06
1.5654000244140625 3.6798238794137733e-06
1.5664000244140626 3.4663558009848775e-06
1.5674000244140625 3.4347021953954263e-06
1.5684000244140626 3.646124608349138e-06
1.5694000244140625 3.8079867066284972e-06
1.5704000244140626 3.749865508349038e-06
1.5714000244140625 3.5608513757543358e-06
1.5724000244140626 3.507664315723416e-06
1.5734000244140625 3.6003063880642296e-06
1.5744000244140626 3.481241305531362e-06
1.5754000244140625 3.5874341386164262e-06
1.5764000244140626 3.7880827042834182e-06
1.5774000244140625 3.72326814174139e-06
1.5784000244140626 3.5857392622039593e-06
1.5794000244140625 3.375812291759582e-06
1.5804000244140626 3.717657082716535e-06
1.5814000244140625 3.821134066507083e-06
1.5824000244140626 3.578334551956671e-06
1.5834000244140625 3.638659011346488e-06
1.5844000244140626 3.692232573958591e-06
1.5854000244140625 3.7705674891631285e-06
1.5864000244140626 3.815908986907993e-06
1.5874000244140625 3.6955296649514154e-06
1.5884000244140626 3.82611852158979e-06
1.5894000244140625 3.779156718246795e-06
1.5904000244140626 3.518910376853093e-06
1.5914000244140625 3.937002453070634e-06
1.5924000244140626 3.954348517433825e-06
1.5934000244140625 3.6391735947342174e-06
1.5944000244140626 3.8286215149122265e-06
1.5954000244140625 3.8821987634186474e-06
1.5964000244140626 3.5918978263380756e-06
1.5974000244140625 3.3254195523928316e-06
1.5984000244140626 3.362419880850742e-06
1.5994000244140625 3.5463418849009133e-06
1.6004000244140626 3.957729862702054e-06
1.6014000244140625 4.134332926202357e-06
1.6024000244140626 4.0211078535358575e-06
1.6034000244140625 4.13845444294021e-06
1.6044000244140626 4.089008470599859e-06
1.6054000244140625 4.0759724629640055e-06
1.6064000244140626 3.738792077630586e-06
1.6074000244140625 3.875875205133271e-06
1.6084000244140626 4.143458709241204e-06
1.6094000244140625 4.123508611610538e-06
1.6104000244140626 3.841497580832935e-06
1.6114000244140625 3.8756748736293334e-06
1.6124000244140626 3.9885715081069665e-06
1.6134000244140625 4.086298869399597e-06
1.6144000244140626 3.922754926271594e-06
1.6154000244140625 4.152333014669037e-06
1.6164000244140626 4.1298052336144255e-06
1.6174000244140625 4.339334843349923e-06
1.6184000244140626 4.552190762999052e-06
1.6194000244140625 4.533102566087593e-06
1.6204000244140624 4.481507862800376e-06
1.6214000244140625 4.14296351829971e-06
1.6224000244140624 4.1576964447024845e-06
1.6234000244140625 4.223194308773207e-06
1.6244000244140624 4.399975029361663e-06
1.6254000244140625 4.578603333230187e-06
1.6264000244140624 4.766124438807496e-06
1.6274000244140625 4.6616686341257955e-06
1.6284000244140624 4.347615554651554e-06
1.6294000244140625 4.290253168378041e-06
1.6304000244140624 4.378586549376579e-06
1.6314000244140625 4.65282110689929e-06
1.6324000244140624 4.685636570044308e-06
1.6334000244140625 4.596681856260603e-06
1.6344000244140624 4.778601535130006e-06
1.6354000244140625 4.771681595267086e-06
1.6364000244140624 4.829973102442802e-06
1.6374000244140625 4.993194728453315e-06
1.6384000244140624 5.207753588621567e-06
1.6394000244140625 5.356395056723582e-06
1.6404000244140624 5.661671221042837e-06
1.6414000244140625 5.928648176956051e-06
1.6424000244140624 6.0302335065959034e-06
1.6434000244140625 6.161717261682732e-06
1.6444000244140624 6.183940214369786e-06
1.6454000244140625 6.231387722781332e-06
1.6464000244140624 6.598532659492892e-06
1.6474000244140625 7.035428181214692e-06
1.6484000244140624 7.2117471048104976e-06
1.6494000244140625 7.281463621199198e-06
1.6504000244140624 7.738440990798604e-06
1.6514000244140625 7.77652967875714e-06
1.6524000244140624 7.710619190717024e-06
1.6534000244140625 7.771164103879083e-06
1.6544000244140624 8.30697890936521e-06
1.6554000244140625 8.949794604396582e-06
1.6564000244140624 9.096190633313543e-06
1.6574000244140625 9.578257747410526e-06
1.6584000244140624 1.0138851611211824e-05
1.6594000244140625 1.0895958254277943e-05
1.6604000244140624 1.1251128794684181e-05
1.6614000244140625 1.1806385526244824e-05
1.6624000244140624 1.2738452682933714e-05
1.6634000244140625 1.3674626283743802e-05
1.6644000244140624 1.4813799593415629e-05
1.6654000244140625 1.5786841088218686e-05
1.6664000244140624 1.67255670652527e-05
1.6674000244140625 1.751710480984612e-05
1.6684000244140624 1.8642973312740946e-05
1.6694000244140625 2.018425067837529e-05
1.6704000244140624 2.1880854086310154e-05
1.6714000244140625 2.3601299025784223e-05
1.6724000244140624 2.5840734122267892e-05
1.6734000244140625 2.7450048276513815e-05
1.6744000244140624 2.9535234222969725e-05
1.6754000244140625 3.218742985824054e-05
1.6764000244140624 3.4865839316415874e-05
1.6774000244140626 3.7361459390782613e-05
1.6784000244140624 4.011119963595888e-05
1.6794000244140626 4.3291536168119386e-05
1.6804000244140624 4.637362483339489e-05
1.6814000244140626 4.99740973487492e-05
1.6824000244140624 5.420040055313847e-05
1.6834000244140626 5.859525830040356e-05
1.6844000244140624 6.274486854745734e-05
1.6854000244140626 6.789719885079704e-05
1.6864000244140624 7.37699236245944e-05
1.6874000244140626 7.975505565454435e-05
1.6884000244140625 8.599719089194476e-05
1.6894000244140626 9.340275563972768e-05
1.6904000244140625 0.00010158149477133916
1.6914000244140626 0.00011071162387990652
1.6924000244140625 0.00012133847553651141
1.6934000244140626 0.00013310855760100958
1.6944000244140625 0.00014691502894190016
1.6954000244140626 0.00016177347926973526
1.6964000244140625 0.00017908719740551845
1.6974000244140626 0.0001996727104301704
1.6984000244140625 0.0002219622324478453
1.6994000244140626 0.0002482477131916333
1.7004000244140625 0.000278800501776159
1.7014000244140626 0.00031252565693954104
1.7024000244140625 0.0003520111521951307
1.7034000244140626 0.0003976729319754282
1.7044000244140625 0.00044970102350154364
1.7054000244140626 0.0005083715211572461
1.7064000244140625 0.0005752744051466132
1.7074000244140626 0.0006522127094779823
1.7084000244140625 0.0007382380615090498
1.7094000244140626 0.0008362838706760536
1.7104000244140625 0.0009494267818246772
1.7114000244140626 0.0010743173229981339
1.7124000244140625 0.0012143151661330371
1.7134000244140626 0.0013755843113932827
1.7144000244140625 0.001556174246695748
1.7154000244140626 0.0017613008844542012
1.7164000244140625 0.0020026850392855693
1.7174000244140626 0.0022740289752224705
1.7184000244140625 0.0025777745688416523
1.7194000244140626 0.0029305108502947807
1.7204000244140625 0.0033362659443795196
1.7214000244140626 0.0038072101780878696
1.7224000244140625 0.004363618109060493
1.7234000244140626 0.0050147425724078026
1.7244000244140625 0.005765848611063322
1.7254000244140626 0.006649219515805647
1.7264000244140625 0.007710385397783671
1.7274000244140626 0.008970689197598806
1.7284000244140625 0.010480133183352284
1.7294000244140626 0.012312712157903962
1.7304000244140625 0.014447309797639933
1.7314000244140626 0.01693786370241407
1.7324000244140625 0.01992793292919636
1.7334000244140626 0.023269361107407904
1.7344000244140625 0.0268251974277365
1.7354000244140626 0.03040091079240818
1.7364000244140625 0.03408243893843377
1.7374000244140626 0.03776262784187212
1.7384000244140625 0.041871157421210774
1.7394000244140626 0.04618648424879521
1.7404000244140625 0.05094886868617303
1.7414000244140626 0.05649298447006614
1.7424000244140625 0.06281980959505805
1.7434000244140626 0.07005354673598152
1.7444000244140625 0.07808930077322673
1.7454000244140624 0.0875973532144381
1.7464000244140625 0.0982998052406966
1.7474000244140624 0.11099334054194207
1.7484000244140625 0.12578785432984763
1.7494000244140624 0.142366534961976
1.7504000244140625 0.16064794554365322
1.7514000244140624 0.1806033413796316
1.7524000244140625 0.20113238520924354
1.7534000244140624 0.22230098694435846
1.7544000244140625 0.24361503413197527
1.7554000244140624 0.264362011757897
1.7564000244140625 0.2836021019947691
1.7574000244140624 0.3016311984054418
1.7584000244140625 0.31784254911417964
1.7594000244140624 0.3323984891940652
1.7604000244140625 0.34556305778567753
1.7614000244140624 0.357811767309922
1.7624000244140625 0.3691672057847597
1.7634000244140624 0.3797838549015462
1.7644000244140625 0.3898826837331044
1.7654000244140624 0.39974262446406533
1.7664000244140625 0.40939205917576804
1.7674000244140624 0.41804008229797307
1.7684000244140625 0.4258002707159243
1.7694000244140624 0.4327136728901656
1.7704000244140625 0.43909881975795234
1.7714000244140624 0.4445489097686586
1.7724000244140625 0.4494549210807235
1.7734000244140624 0.45271142115412677
1.7744000244140625 0.45514848492869475
1.7754000244140624 0.4568168495278966
1.7764000244140625 0.45789639688166595
1.7774000244140624 0.45891675420035394
1.7784000244140625 0.45902636205627423
1.7794000244140624 0.4595047008052279
1.7804000244140625 0.4597275166207026
1.7814000244140624 0.4596683605248374
1.7824000244140625 0.45962878305004273
1.7834000244140624 0.45999213915975184
1.7844000244140625 0.4602861846985852
1.7854000244140624 0.46083543518917514
1.7864000244140625 0.4610589150658282
1.7874000244140624 0.46132259556554045
1.7884000244140625 0.4621419873264545
1.7894000244140624 0.4625202340145579
1.7904000244140625 0.4629114888133746
1.7914000244140624 0.4629961315916319
1.7924000244140625 0.46283913946101674
1.7934000244140624 0.46200338714011774
1.7944000244140625 0.4612350527616632
1.7954000244140624 0.46019929606995547
1.7964000244140625 0.4592893640889699
1.7974000244140624 0.4583053824252693
1.7984000244140625 0.45697938729456705
1.7994000244140624 0.4555403032541283
1.8004000244140625 0.45383377401377756
1.8014000244140624 0.452595553268162
1.8024000244140626 0.45120689050861845
1.8034000244140624 0.4499529027128232
1.8044000244140626 0.4484869638108928
1.8054000244140624 0.4475474841207141
1.8064000244140626 0.44702944234058495
1.8074000244140624 0.44724519256257556
1.8084000244140626 0.4468657175388482
1.8094000244140624 0.44631796442379834
1.8104000244140626 0.44610016408859676
1.8114000244140624 0.4460604684174845
1.8124000244140626 0.44708081874371786
1.8134000244140625 0.4478008346510142
1.8144000244140626 0.44863147287746064
1.8154000244140625 0.4492330890265592
1.8164000244140626 0.45057120769352965
1.8174000244140625 0.4515201641671962
1.8184000244140626 0.4526616814976786
1.8194000244140625 0.4536455737854151
1.8204000244140626 0.45433341780874636
1.8214000244140625 0.4556841704754359
1.8224000244140626 0.4574558882596217
1.8234000244140625 0.4581079473586539
1.8244000244140626 0.45897362342473763
1.8254000244140625 0.45998555993604295
1.8264000244140626 0.46098724719486445
1.8274000244140625 0.4619625067437527
1.8284000244140626 0.46247931249513136
1.8294000244140625 0.4630586405319601
1.8304000244140626 0.46405821890452026
1.8314000244140625 0.46476003853308734
1.8324000244140626 0.46538937218482107
1.8334000244140625 0.46593683254770785
1.8344000244140626 0.4661540884464729
1.8354000244140625 0.4660515708100157
1.8364000244140626 0.46665514041662953
1.8374000244140625 0.46699912035436997
1.8384000244140626 0.4671084562843607
1.8394000244140625 0.46703916116337924
1.8404000244140626 0.46742750229240904
1.8414000244140625 0.46703158313006465
1.8424000244140626 0.4669075555842746
1.8434000244140625 0.46690176304050557
1.8444000244140626 0.4663805247384288
1.8454000244140625 0.4660928627322225
1.8464000244140626 0.46541461400039275
1.8474000244140625 0.4646108161829683
1.8484000244140626 0.46413986621917563
1.8494000244140625 0.46381725726071593
1.8504000244140626 0.46333721941653483
1.8514000244140625 0.4624426643526443
1.8524000244140626 0.4619019511685941
1.8534000244140625 0.4613235127248908
1.8544000244140626 0.460724489080379
1.8554000244140625 0.4603085544467612
1.8564000244140626 0.4597620552434908
1.8574000244140625 0.45980504334900396
1.8584000244140626 0.4594264515374835
1.8594000244140625 0.458629660954036
1.8604000244140626 0.45824959074076044
1.8614000244140625 0.4575897350580667
1.8624000244140626 0.4569381205369948
1.8634000244140625 0.4566825197002258
1.8644000244140626 0.45662294514679513
1.8654000244140625 0.4564512647143363
1.8664000244140626 0.4564404485214959
1.8674000244140625 0.4563806420377934
1.8684000244140626 0.4568074336224456
1.8694000244140625 0.45715190421772867
1.8704000244140624 0.4577342080758804
1.8714000244140625 0.4585493103974081
1.8724000244140624 0.45908372140949966
1.8734000244140625 0.46022829919906866
1.8744000244140624 0.4613043154883564
1.8754000244140625 0.4618528853857388
1.8764000244140624 0.46228449922330994
1.8774000244140625 0.4624014544653501
1.8784000244140624 0.46297625881714155
1.8794000244140625 0.4634527457586721
1.8804000244140624 0.46412429839756797
1.8814000244140625 0.46495105588200475
1.8824000244140624 0.4655765203243698
1.8834000244140625 0.4666410952850946
1.8844000244140624 0.46733344463160414
1.8854000244140625 0.46763535327932726
1.8864000244140624 0.4682732553744251
1.8874000244140625 0.4689323289282249
1.8884000244140624 0.4694125029285673
1.8894000244140625 0.46970549798154226
1.8904000244140624 0.46975894767322035
1.8914000244140625 0.46992003028946494
1.8924000244140624 0.4702578983057276
1.8934000244140625 0.4704988122878554
1.8944000244140624 0.47097867462278553
1.8954000244140625 0.47157689555192694
1.8964000244140624 0.4718492221487326
1.8974000244140625 0.4720365688763864
1.8984000244140624 0.4718939187324237
1.8994000244140625 0.4723299904040963
1.9004000244140624 0.4723595415587932
1.9014000244140625 0.47245680447866745
1.9024000244140624 0.47278034803678604
1.9034000244140625 0.47367906975774443
1.9044000244140624 0.4737223946884862
1.9054000244140625 0.47399934725133935
1.9064000244140624 0.474497679818815
1.9074000244140625 0.47551509586828916
1.9084000244140624 0.47612885848230285
1.9094000244140625 0.47590941435036327
1.9104000244140624 0.4758442732170791
1.9114000244140625 0.4763519216257238
1.9124000244140624 0.47729335361033887
1.9134000244140625 0.47740539811885196
1.9144000244140624 0.47745929346810345
1.9154000244140625 0.4772606917175335
1.9164000244140624 0.47687081148555754
1.9174000244140625 0.4771346816141996
1.9184000244140624 0.4769106560657147
1.9194000244140625 0.4770020448542036
1.9204000244140624 0.4764423262593755
1.9214000244140625 0.47611809535683347
1.9224000244140624 0.4760050588087365
1.9234000244140625 0.4756163054723508
1.9244000244140624 0.4754232063006991
1.9254000244140625 0.4745435759038904
1.9264000244140624 0.47424318373460583
1.9274000244140626 0.47444347305706946
1.9284000244140624 0.47448994093461105
1.9294000244140626 0.47398973252477083
1.9304000244140624 0.47364296869421607
1.9314000244140626 0.4729190600311994
1.9324000244140624 0.4726699223074301
1.9334000244140626 0.4722151155513018
1.9344000244140624 0.4716755471767924
1.9354000244140626 0.47115839780412105
1.9364000244140624 0.47086965380401224
1.9374000244140626 0.47023179479636834
1.9384000244140625 0.46995275388102387
1.9394000244140626 0.4697211660875834
1.9404000244140625 0.46998443029885617
1.9414000244140626 0.4702916692786492
1.9424000244140625 0.4705622115604079
1.9434000244140626 0.47095608883989815
1.9444000244140625 0.4712686549729682
1.9454000244140626 0.47201051918409126
1.9464000244140625 0.4725273075167555
1.9474000244140626 0.4730248538387266
1.9484000244140625 0.47341572361950657
1.9494000244140626 0.4733323942164831
1.9504000244140625 0.4736001300995376
1.9514000244140626 0.4738854258422218
1.9524000244140625 0.4742207865737429
1.9534000244140626 0.47442083671963503
1.9544000244140625 0.4744782853942333
1.9554000244140626 0.47467168715588653
1.9564000244140625 0.4746984293393767
1.9574000244140626 0.4745918287696642
1.9584000244140625 0.47364966654818397
1.9594000244140626 0.47171707449484773
1.9604000244140625 0.47104578318699797
1.9614000244140626 0.47206938214194216
1.9624000244140625 0.47433182762580883
1.9634000244140626 0.47539551492311116
1.9644000244140625 0.47616049686754436
1.9654000244140626 0.47624921189697467
1.9664000244140625 0.4761049214446067
1.9674000244140626 0.4758862694335241
1.9684000244140625 0.4764007831502123
1.9694000244140626 0.47689587650475984
1.9704000244140625 0.47627265215125425
1.9714000244140626 0.4759770379411582
1.9724000244140625 0.47611721356726405
1.9734000244140626 0.47565535966311356
1.9744000244140625 0.4751204822701296
1.9754000244140626 0.4750848078081326
1.9764000244140625 0.4752703977152739
1.9774000244140626 0.4754241794381539
1.9784000244140625 0.47538896139277365
1.9794000244140626 0.4754011148559938
1.9804000244140625 0.4759627673207059
1.9814000244140626 0.4766779830609137
1.9824000244140625 0.4765851842459318
1.9834000244140626 0.4763617324837131
1.9844000244140625 0.4767523898471026
1.9854000244140626 0.4768407863788537
1.9864000244140625 0.4768383527154344
1.9874000244140626 0.47721085114681483
1.9884000244140625 0.4776862042862303
1.9894000244140626 0.4780816337495743
1.9904000244140625 0.4781686519825538
1.9914000244140626 0.478498041569841
1.9924000244140625 0.4787120711546371
1.9934000244140626 0.4791928670228641
1.9944000244140625 0.4787495730590783
1.9954000244140624 0.4779870656965577
1.9964000244140625 0.4767174294227019
1.9974000244140624 0.4767758913578523
1.9984000244140625 0.4775134861751867
1.9994000244140624 0.47820374118712083
2.0004000244140623 0.4788400973339164
2.0014000244140626 0.4790125210666334
2.0024000244140625 0.4791736948003793
2.0034000244140624 0.47979530336390563
2.0044000244140623 0.47984388547752055
2.0054000244140626 0.4793774370904847
2.0064000244140625 0.478841436931586
2.0074000244140624 0.47855393909062793
2.0084000244140623 0.4781063680485528
2.0094000244140626 0.47843979164701744
2.0104000244140625 0.47857721815223875
2.0114000244140624 0.47818846392545167
2.0124000244140623 0.47818558520835114
2.0134000244140626 0.47827439096368196
2.0144000244140625 0.4785971579142506
2.0154000244140624 0.479064791496984
2.0164000244140623 0.47966356835403035
2.0174000244140626 0.48007813763732365
2.0184000244140625 0.4804897355007648
2.0194000244140624 0.48012668750708076
2.0204000244140623 0.48050091745631063
2.0214000244140626 0.48013225390468073
2.0224000244140625 0.4809317679867861
2.0234000244140624 0.48211799154494317
2.0244000244140623 0.4832407658367916
2.0254000244140626 0.48433649778714916
2.0264000244140625 0.48505697658695157
2.0274000244140624 0.4852688789479297
2.0284000244140623 0.48559251131633513
2.0294000244140626 0.4861024271678756
2.0304000244140625 0.48648109954480145
2.0314000244140624 0.4865834921498081
2.0324000244140623 0.4869150017229101
2.0334000244140626 0.48723105032473785
2.0344000244140625 0.4870808637299032
2.0354000244140624 0.48688418789959625
2.0364000244140623 0.4868020740301426
2.0374000244140626 0.4871600404623365
2.0384000244140625 0.48737281987105663
2.0394000244140624 0.4878133388038828
2.0404000244140623 0.48761917146275036
2.0414000244140627 0.4865808970727094
2.0424000244140625 0.48608722543484506
2.0434000244140624 0.48493783189613004
2.0444000244140623 0.4839094081790827
2.0454000244140627 0.4831252189891324
2.0464000244140625 0.48247648186597936
2.0474000244140624 0.48195591977790153
2.04839990234375 0.4811107714217352
2.04939990234375 0.4806288956522924
2.05039990234375 0.48029624931329723
2.05139990234375 0.48024554231715544
2.05239990234375 0.480247005136066
2.05339990234375 0.47986684940395335
2.05439990234375 0.47965321074286726
2.05539990234375 0.4796786331963393
2.05639990234375 0.47949270340808875
2.05739990234375 0.47915349811254476
2.05839990234375 0.47903117793481553
2.05939990234375 0.4791800202230994
2.06039990234375 0.4799819518213815
2.06139990234375 0.48087951256941486
2.06239990234375 0.4812482580549563
2.06339990234375 0.48182559739901587
2.06439990234375 0.4826666729052477
2.06539990234375 0.4831412651540264
2.06639990234375 0.4838288359513101
2.06739990234375 0.48475347803088215
2.06839990234375 0.48585835686236245
2.06939990234375 0.48641593256811905
2.07039990234375 0.4872720169567984
2.07139990234375 0.48863963367830004
2.07239990234375 0.48954906800533143
2.07339990234375 0.49037167976176
2.07439990234375 0.4911385505747164
2.07539990234375 0.4917425880653883
2.07639990234375 0.491905877497153
2.07739990234375 0.49195724404873337
2.07839990234375 0.4917842611676497
2.07939990234375 0.4922280588524577
2.08039990234375 0.4926789150889014
2.08139990234375 0.4927664315014679
2.08239990234375 0.4929246754897464
2.08339990234375 0.49306458044357704
2.08439990234375 0.49360733734607
2.08539990234375 0.4935395519452954
2.08639990234375 0.4931299635404682
2.08739990234375 0.4923363603484828
2.08839990234375 0.4919091141134574
2.08939990234375 0.4912408531795387
2.09039990234375 0.4910824006151523
2.09139990234375 0.4901606270656625
2.09239990234375 0.4891267622961404
2.09339990234375 0.48911968379367865
2.09439990234375 0.48958836212904977
2.09539990234375 0.48957539189579263
2.09639990234375 0.4892145604465229
2.09739990234375 0.4882366891074975
2.09839990234375 0.48754702834188407
2.09939990234375 0.4871455379192129
2.10039990234375 0.48671990313500446
2.10139990234375 0.48652500686550826
2.10239990234375 0.4856890739253892
2.10339990234375 0.4853437498660358
2.10439990234375 0.48564518133126033
2.10539990234375 0.48574447145933597
2.10639990234375 0.48494545944874595
2.10739990234375 0.48423968679510604
2.10839990234375 0.4843357082128381
2.10939990234375 0.48361472451317933
2.11039990234375 0.48334224382475943
2.11139990234375 0.4826680238265828
2.11239990234375 0.4829298772539452
2.11339990234375 0.4822707902594351
2.11439990234375 0.4819471073329259
2.11539990234375 0.4812548700932129
2.11639990234375 0.48132888364449433
2.11739990234375 0.4816984987686185
2.11839990234375 0.481786281065077
2.11939990234375 0.48141436266537424
2.12039990234375 0.4809170621973815
2.12139990234375 0.4811818746964148
2.12239990234375 0.48131711420181883
2.12339990234375 0.4811071722153465
2.12439990234375 0.4808669506369192
2.12539990234375 0.48058817325059283
2.12639990234375 0.480826785416349
2.12739990234375 0.48106619438917936
2.12839990234375 0.48037533560379464
2.12939990234375 0.4804517175086406
2.13039990234375 0.4805165342398347
2.13139990234375 0.48066644248758683
2.13239990234375 0.4810002346605975
2.13339990234375 0.48128805209497283
2.13439990234375 0.48172163419552194
2.13539990234375 0.48183496144058524
2.13639990234375 0.48156178543386396
2.13739990234375 0.4821125243450371
2.13839990234375 0.48233916519033515
2.13939990234375 0.4833188269165364
2.14039990234375 0.4841800897971515
2.14139990234375 0.4843759542505023
2.14239990234375 0.48470546845426155
2.14339990234375 0.48503453392583906
2.14439990234375 0.48590825050286346
2.14539990234375 0.48687428265893096
2.14639990234375 0.4869260589214184
2.14739990234375 0.48674382485332557
2.14839990234375 0.4876207166946136
2.14939990234375 0.4886166354564123
2.15039990234375 0.48883022860168623
2.15139990234375 0.48838304060887944
2.15239990234375 0.48836241853787427
2.15339990234375 0.4883266144460982
2.15439990234375 0.4880172434323932
2.15539990234375 0.4872809570735942
2.15639990234375 0.48714705567248856
2.15739990234375 0.48724315341331537
2.15839990234375 0.48673962238722923
2.15939990234375 0.4861360263339341
2.16039990234375 0.4852756677210117
2.16139990234375 0.4848001588697795
2.16239990234375 0.48350433042261143
2.16339990234375 0.4828564521355436
2.16439990234375 0.48245335215404583
2.16539990234375 0.4816890445042479
2.16639990234375 0.4809553105990436
2.16739990234375 0.4799148789692882
2.16839990234375 0.47920129881614015
2.16939990234375 0.47825364269157455
2.17039990234375 0.47747447058009557
2.17139990234375 0.476525911619691
2.17239990234375 0.47624857253299613
2.17339990234375 0.47567626110209693
2.17439990234375 0.4755053918040272
2.17539990234375 0.47482583557867664
2.17639990234375 0.47480488992509867
2.17739990234375 0.47500618730419936
2.17839990234375 0.4754185513946054
2.17939990234375 0.47486179351097874
2.18039990234375 0.47446111920839296
2.18139990234375 0.4740197630220911
2.18239990234375 0.47403316094631526
2.18339990234375 0.47478641941393684
2.18439990234375 0.47518713081624286
2.18539990234375 0.4761720030864315
2.18639990234375 0.4766179862837101
2.18739990234375 0.47643324192381264
2.18839990234375 0.4767219802235201
2.18939990234375 0.477235393609721
2.19039990234375 0.4776691132411693
2.19139990234375 0.47833303380943126
2.19239990234375 0.4788195702645826
2.19339990234375 0.4792964976520326
2.19439990234375 0.48006945891669106
2.19539990234375 0.4807678410701135
2.19639990234375 0.481505167044066
2.19739990234375 0.48271725091895046
2.19839990234375 0.4837945036640974
2.19939990234375 0.4844285028499905
2.20039990234375 0.4848877913606973
2.20139990234375 0.4851542823042707
2.20239990234375 0.48600881094048665
2.20339990234375 0.48622263923840137
2.20439990234375 0.4863104629941323
2.20539990234375 0.48583818592968064
2.20639990234375 0.4849271860495099
2.20739990234375 0.4839348254618584
2.20839990234375 0.48238080347099055
2.20939990234375 0.480183793826472
2.21039990234375 0.4771946807037813
2.21139990234375 0.47265683094795075
2.21239990234375 0.467476398581988
2.21339990234375 0.46053117556957424
2.21439990234375 0.4518434752277565
2.21539990234375 0.4419251278124083
2.21639990234375 0.43016590509693786
2.21739990234375 0.4163907488782293
2.21839990234375 0.40127475773641363
2.21939990234375 0.38463627639061876
2.22039990234375 0.3666080080774734
2.22139990234375 0.3472865704703012
2.22239990234375 0.32717266559394
2.22339990234375 0.30630872470165393
2.22439990234375 0.2849966678353572
2.22539990234375 0.26392554502305043
2.22639990234375 0.24354513475045825
2.22739990234375 0.2243147100020138
2.22839990234375 0.20606341083787266
2.22939990234375 0.1890466489632855
2.23039990234375 0.1734595812638437
2.23139990234375 0.15915442891164336
2.23239990234375 0.1457331934654504
2.23339990234375 0.13308403609727584
2.23439990234375 0.12109760600160771
2.23539990234375 0.10957511725029367
2.23639990234375 0.098933427226534
2.23739990234375 0.08894406068395755
2.23839990234375 0.0794733403674373
2.23939990234375 0.07082496362882895
2.24039990234375 0.06287948032384981
2.24139990234375 0.05550559051592803
2.24239990234375 0.04890843047473342
2.24339990234375 0.04308480917253443
2.24439990234375 0.03778429980502135
2.24539990234375 0.03304208334102206
2.24639990234375 0.02885323328314559
2.24739990234375 0.025142630642164723
2.24839990234375 0.021883809427119847
2.24939990234375 0.019097369292062648
2.25039990234375 0.016683093418288088
2.25139990234375 0.014547314888154585
2.25239990234375 0.01268771008115763
2.25339990234375 0.011064464299238512
2.25439990234375 0.009630967263505373
2.25539990234375 0.008404255093585248
2.25639990234375 0.00734538633140958
2.25739990234375 0.006422761912323238
2.25839990234375 0.005613793771089597
2.25939990234375 0.004909829313874478
2.26039990234375 0.004282983694044222
2.26139990234375 0.003749287504853798
2.26239990234375 0.003293532464627552
2.26339990234375 0.00289601770494214
2.26439990234375 0.002547444679587464
2.26539990234375 0.0022465128966202546
2.26639990234375 0.001979067251872599
2.26739990234375 0.0017494724292589849
2.26839990234375 0.0015511245631661618
2.26939990234375 0.0013788515945700082
2.27039990234375 0.0012296537747442673
2.27139990234375 0.001100743459659296
2.27239990234375 0.0009837906291249655
2.27339990234375 0.000883069919208579
2.27439990234375 0.000794371005746933
2.27539990234375 0.0007180392315209046
2.27639990234375 0.0006474223160735736
2.27739990234375 0.0005885502865954264
2.27839990234375 0.0005355062676764765
2.27939990234375 0.00048606885348017296
2.28039990234375 0.00044255979168733584
2.28139990234375 0.0004058259782991269
2.28239990234375 0.0003721587880542185
2.28339990234375 0.0003420397039594651
2.28439990234375 0.0003134939656650187
2.28539990234375 0.0002896340735342207
2.28639990234375 0.00026557170626243887
2.28739990234375 0.0002446689197435966
2.28839990234375 0.00022644833242935582
2.28939990234375 0.00020934607071616124
2.29039990234375 0.00019251113226402376
2.29139990234375 0.00017772591219304386
2.29239990234375 0.00016493394779719238
2.29339990234375 0.00015161403416909025
2.29439990234375 0.00014115485737878407
2.29539990234375 0.0001312508409999894
2.29639990234375 0.00012214732248106645
2.29739990234375 0.00011373504667022723
2.29839990234375 0.00010643869258037365
2.29939990234375 9.869223496171371e-05
2.30039990234375 9.183491983546173e-05
2.30139990234375 8.564423022601074e-05
2.30239990234375 8.013909854689624e-05
2.30339990234375 7.382281675668905e-05
2.30439990234375 6.857109442532833e-05
2.30539990234375 6.428826941393663e-05
2.30639990234375 6.027691539043071e-05
2.30739990234375 5.629721255117578e-05
2.30839990234375 5.2733195046246215e-05
2.30939990234375 4.9246481951153684e-05
2.31039990234375 4.668457640504941e-05
2.31139990234375 4.424793996273441e-05
2.31239990234375 4.017485982865977e-05
2.31339990234375 3.695733213249583e-05
2.31439990234375 3.4633744698955725e-05
2.31539990234375 3.281383053021727e-05
2.31639990234375 3.08249356647811e-05
2.31739990234375 2.8980337481883517e-05
2.31839990234375 2.652293204938391e-05
2.31939990234375 2.486082781534331e-05
2.32039990234375 2.3443670496576625e-05
2.32139990234375 2.240610688259745e-05
2.32239990234375 2.13554969562198e-05
2.32339990234375 1.974898960195026e-05
2.32439990234375 1.7799700691082186e-05
2.32539990234375 1.655013628378121e-05
2.32639990234375 1.524834581680329e-05
2.32739990234375 1.4195356233183286e-05
2.32839990234375 1.2905615952331977e-05
2.32939990234375 1.2422802514529452e-05
2.33039990234375 1.1464055544682857e-05
2.33139990234375 1.0554829299705502e-05
2.33239990234375 9.621943372931447e-06
2.33339990234375 8.80655606822248e-06
2.33439990234375 8.169944329864889e-06
2.33539990234375 7.642434985064653e-06
2.33639990234375 7.167405365955591e-06
2.33739990234375 6.768402738054491e-06
2.33839990234375 6.310564399922556e-06
2.33939990234375 5.700028790237745e-06
2.34039990234375 5.266312533240968e-06
2.34139990234375 5.027855627981618e-06
2.34239990234375 5.010370246695316e-06
2.34339990234375 4.83319984008342e-06
2.34439990234375 4.629759767454816e-06
2.34539990234375 4.4999400141250386e-06
2.34639990234375 4.481762768689201e-06
2.34739990234375 4.183443336354597e-06
2.34839990234375 3.970740041171927e-06
2.34939990234375 4.138741387062853e-06
2.35039990234375 4.1556285450939726e-06
2.35139990234375 3.966972292723774e-06
2.35239990234375 3.784550904932551e-06
2.35339990234375 3.5657124868633233e-06
2.35439990234375 3.4133820106833057e-06
2.35539990234375 3.2852090762585668e-06
2.35639990234375 3.278749354151564e-06
2.35739990234375 3.1547020982472238e-06
2.35839990234375 2.943744846897132e-06
2.35939990234375 2.879075801770411e-06
2.36039990234375 2.705084931627711e-06
2.36139990234375 2.538295812294284e-06
2.36239990234375 2.345701666848478e-06
2.36339990234375 2.2187246953555424e-06
2.36439990234375 2.1759212820850706e-06
2.36539990234375 1.9129613953244127e-06
2.36639990234375 1.6814014597525257e-06
2.36739990234375 1.578562568248711e-06
2.36839990234375 1.287196945321269e-06
2.36939990234375 1.0460125848385045e-06
2.37039990234375 8.763306249672684e-07
2.37139990234375 7.698570630064755e-07
2.37239990234375 6.883416236921422e-07
2.37339990234375 5.802741521229361e-07
2.37439990234375 5.082265353289207e-07
2.37539990234375 4.967651438278061e-07
2.37639990234375 4.459087596523237e-07
2.37739990234375 4.1020868415566275e-07
2.37839990234375 3.8826715629572676e-07
2.37939990234375 4.0149867482627116e-07
2.38039990234375 3.547673403436712e-07
2.38139990234375 3.142998675571135e-07
2.38239990234375 2.675523376593504e-07
2.38339990234375 2.4579861013489733e-07
2.38439990234375 2.2593967528069887e-07
2.38539990234375 2.2832971162130332e-07
2.38639990234375 2.1652518295637525e-07
2.38739990234375 2.0504279877931867e-07
2.38839990234375 1.8604301780671966e-07
2.38939990234375 1.7044982180127271e-07
2.39039990234375 1.5329333733392021e-07
2.39139990234375 1.400683736926539e-07
2.39239990234375 1.3211293080634093e-07
2.39339990234375 1.2373093781168152e-07
2.39439990234375 1.2332833019887413e-07
2.39539990234375 1.1054925127446703e-07
2.39639990234375 9.781322607284723e-08
2.39739990234375 8.387238660009724e-08
2.39839990234375 7.59089316473063e-08
2.39939990234375 6.955876305319525e-08
2.40039990234375 6.166960344135168e-08
2.40139990234375 5.784944471966536e-08
2.40239990234375 5.5008669225498193e-08
2.40339990234375 4.6959246369685944e-08
2.40439990234375 3.975346016722969e-08
2.40539990234375 3.330516981015499e-08
2.40639990234375 2.9998698907546065e-08
2.40739990234375 2.8006774792636063e-08
2.40839990234375 2.449626050692966e-08
2.40939990234375 2.172293792594086e-08
2.41039990234375 2.1676711190849222e-08
2.41139990234375 1.759188168331422e-08
2.41239990234375 1.3818105824561594e-08
2.41339990234375 1.2094734043557769e-08
2.41439990234375 1.0384537434836506e-08
2.41539990234375 9.616508427559039e-09
2.41639990234375 8.482425991966577e-09
2.41739990234375 6.7738453220811765e-09
2.41839990234375 6.1147210136039936e-09
2.41939990234375 5.661208703854783e-09
2.42039990234375 5.029487725232764e-09
2.42139990234375 4.325906433470884e-09
2.42239990234375 4.0510602179776055e-09
2.42339990234375 3.856116597654334e-09
2.42439990234375 3.3229691396788774e-09
2.42539990234375 2.774556696677021e-09
2.42639990234375 2.6605711399532128e-09
2.42739990234375 2.3023114818449842e-09
2.42839990234375 1.9516292657352843e-09
2.42939990234375 1.7588013947752905e-09
2.43039990234375 1.569620522074261e-09
2.43139990234375 1.5823079539526547e-09
2.43239990234375 1.4464891376108223e-09
2.43339990234375 1.3372489054379426e-09
2.43439990234375 1.2115478532265908e-09
2.43539990234375 1.1404395155850448e-09
2.43639990234375 9.739657186028806e-10
2.43739990234375 8.026569810229725e-10
2.43839990234375 7.434918604200155e-10
2.43939990234375 6.788671127744696e-10
2.44039990234375 6.357692099101011e-10
2.44139990234375 5.664515376530174e-10
2.44239990234375 4.898306478964724e-10
2.44339990234375 4.3787237746249827e-10
2.44439990234375 3.94709359997239e-10
2.44539990234375 3.58391055054219e-10
2.44639990234375 3.1497631592199506e-10
2.44739990234375 2.7813530241020365e-10
2.44839990234375 2.5724887259300923e-10
2.44939990234375 2.289794633904121e-10
2.45039990234375 2.1603666891744817e-10
2.45139990234375 1.9756099512768228e-10
2.45239990234375 1.5175527304159264e-10
2.45339990234375 1.6422909115295723e-10
2.45439990234375 1.6554381762846384e-10
2.45539990234375 1.345714481246612e-10
2.45639990234375 1.2219388957874083e-10
2.45739990234375 1.1821333378940253e-10
2.45839990234375 1.028544345888857e-10
2.45939990234375 8.425613100485535e-11
2.46039990234375 7.970804807816466e-11
2.46139990234375 7.711200130303947e-11
2.46239990234375 7.004215347387953e-11
2.46339990234375 6.932023026005622e-11
2.46439990234375 5.570542963351813e-11
2.46539990234375 4.866040566685953e-11
2.46639990234375 4.4546610145980626e-11
2.46739990234375 4.12577521954219e-11
2.46839990234375 3.669040719756136e-11
2.46939990234375 3.4032966362587504e-11
2.47039990234375 2.8546467709132676e-11
2.47139990234375 2.677765558229084e-11
2.47239990234375 2.560672624112716e-11
2.47339990234375 2.4299326413044136e-11
2.47439990234375 2.0287139012136592e-11
2.47539990234375 1.806044315725741e-11
2.47639990234375 1.5987286065247695e-11
2.47739990234375 1.4003615545822232e-11
2.47839990234375 1.2270030436780326e-11
2.47939990234375 1.1342827761890394e-11
2.48039990234375 1.0794581114041632e-11
2.48139990234375 9.90719642075731e-12
2.48239990234375 8.710396416160343e-12
2.48339990234375 7.0646013257210555e-12
2.48439990234375 6.257692331539825e-12
2.48539990234375 5.514449425289726e-12
2.48639990234375 4.994698617478094e-12
2.48739990234375 4.96689889190417e-12
2.48839990234375 4.5764375879884656e-12
2.48939990234375 4.413064217870653e-12
2.49039990234375 4.23911157601527e-12
2.49139990234375 3.722326339920675e-12
2.49239990234375 3.4719492101006204e-12
2.49339990234375 3.143881908212191e-12
2.49439990234375 2.7358588795096164e-12
2.49539990234375 2.4685827130504244e-12
2.49639990234375 2.1376106277217374e-12
2.49739990234375 2.108168502012615e-12
2.49839990234375 1.8788735174000035e-12
2.49939990234375 1.7628500594046214e-12
2.50039990234375 1.490583087979645e-12
2.50139990234375 1.2528032160056943e-12
2.50239990234375 1.3168127821914252e-12
2.50339990234375 1.256568105965718e-12
2.50439990234375 1.1026112579812666e-12
2.50539990234375 1.0460104155988804e-12
2.50639990234375 1.005373136064245e-12
2.50739990234375 8.643338390458004e-13
2.50839990234375 7.93261743608687e-13
2.50939990234375 7.737724440678747e-13
2.51039990234375 7.535137884972923e-13
2.51139990234375 7.278545457741982e-13
2.51239990234375 6.474509504026267e-13
2.51339990234375 5.298247378008226e-13
2.51439990234375 5.006754904507429e-13
2.51539990234375 4.877967814036378e-13
2.51639990234375 4.490621390723393e-13
2.51739990234375 4.255820684988528e-13
2.51839990234375 3.578999267749566e-13
2.51939990234375 3.2774340476436304e-13
2.52039990234375 3.24932632992799e-13
2.52139990234375 3.121328555091019e-13
2.52239990234375 2.6310628743506254e-13
2.52339990234375 2.3435230876335247e-13
2.52439990234375 2.545721645066069e-13
2.52539990234375 2.348001590546724e-13
2.52639990234375 2.085062215869563e-13
2.52739990234375 1.8611750762015904e-13
2.52839990234375 1.9204366915322905e-13
2.52939990234375 1.751873184260662e-13
2.53039990234375 1.5016825278454834e-13
2.53139990234375 1.4041547733301767e-13
2.53239990234375 1.3951871307506981e-13
2.53339990234375 1.3082921412987646e-13
2.53439990234375 1.1956336599640545e-13
2.53539990234375 1.0398859595321301e-13
2.53639990234375 1.0118049824550171e-13
2.53739990234375 9.396853274037523e-14
2.53839990234375 8.616774375405674e-14
2.53939990234375 8.531853674017347e-14
2.54039990234375 7.817864896511094e-14
2.54139990234375 6.683857326034099e-14
2.54239990234375 6.16665990975127e-14
2.54339990234375 5.773771881290815e-14
2.54439990234375 5.479164312269067e-14
2.54539990234375 5.226052261539942e-14
2.54639990234375 5.331648246095106e-14
2.54739990234375 4.485559471827834e-14
2.54839990234375 3.838806749668125e-14
2.54939990234375 3.550088037746358e-14
2.55039990234375 3.1777666251334e-14
2.55139990234375 3.025249311829622e-14
2.55239990234375 2.9336827644190664e-14
2.55339990234375 2.799653053468165e-14
2.55439990234375 2.5552769153439264e-14
2.55539990234375 2.1216073127953283e-14
2.55639990234375 1.9982950886004487e-14
2.55739990234375 2.0987179628058473e-14
2.55839990234375 1.8108115367723573e-14
2.55939990234375 1.5781749837591876e-14
2.56039990234375 1.5345567825288014e-14
2.56139990234375 1.432533456443659e-14
2.56239990234375 1.1785492348041762e-14
2.56339990234375 1.105078677553751e-14
2.56439990234375 1.0747934148295711e-14
2.56539990234375 1.004602979990842e-14
2.56639990234375 9.64134238926055e-15
2.56739990234375 7.672339712064333e-15
2.56839990234375 6.630509315489685e-15
2.56939990234375 6.3909216727223675e-15
2.57039990234375 6.217325035244866e-15
2.57139990234375 5.345912151246826e-15
2.57239990234375 4.449964283361123e-15
2.57339990234375 4.4681255591336385e-15
2.57439990234375 4.432962954187003e-15
2.57539990234375 3.85523514302202e-15
2.57639990234375 3.477343549735558e-15
2.57739990234375 3.4352515183428684e-15
2.57839990234375 2.723421642027703e-15
2.57939990234375 2.3174888566048384e-15
2.58039990234375 2.096415090508063e-15
2.58139990234375 2.00812693348456e-15
2.58239990234375 1.888588339927136e-15
2.58339990234375 1.7595824512266133e-15
2.58439990234375 1.5972622828860526e-15
2.58539990234375 1.3813567887546843e-15
2.58639990234375 1.3084788872203586e-15
2.58739990234375 1.0939642046250873e-15
2.58839990234375 9.133730545406715e-16
2.58939990234375 8.573623766712262e-16
2.59039990234375 8.870087582071563e-16
2.59139990234375 7.821230626395807e-16
2.59239990234375 5.898868826405287e-16
2.59339990234375 5.5496671070463e-16
2.59439990234375 5.413281721915458e-16
2.59539990234375 5.125802599238493e-16
2.59639990234375 5.011770815687159e-16
2.59739990234375 4.860883124914253e-16
