microns throughput
0.5505999755859375 9.183957102788081e-11
0.5515999755859375 7.323080204498886e-13
0.5525999755859375 9.830845834938466e-12
0.5535999755859375 8.588095900343458e-13
0.5545999755859375 2.0985706546921917e-11
0.5555999755859375 1.3093216154004074e-10
0.5565999755859375 3.8054531277671024e-11
0.5575999755859375 2.351031329898503e-11
0.5585999755859375 5.590561491280476e-11
0.5595999755859375 5.963225809838108e-11
0.5605999755859375 1.2084919598050312e-12
0.5615999755859375 2.1562040113673933e-10
0.5625999755859376 1.4241842849745143e-12
0.5635999755859376 7.301712470764331e-11
0.5645999755859376 1.8258585468009584e-10
0.5655999755859376 7.84032020709316e-11
0.5665999755859376 2.2896958406930838e-10
0.5675999755859376 2.0832701859984193e-10
0.5685999755859374 2.4046815252799747e-12
0.5695999755859374 1.4563784156927114e-10
0.5705999755859374 2.0864024113469335e-10
0.5715999755859374 3.6336723455200906e-11
0.5725999755859374 1.0985292469432756e-10
0.5735999755859374 3.2710727183606207e-11
0.5745999755859375 3.2210173822718455e-10
0.5755999755859375 8.602625446469922e-11
0.5765999755859375 1.811734616050252e-11
0.5775999755859375 1.2091895471617505e-10
0.5785999755859375 1.6384376231993714e-10
0.5795999755859375 1.0972335473518985e-10
0.5805999755859375 3.551858478284064e-12
0.5815999755859375 1.209641163800213e-10
0.5825999755859375 3.5737624116176293e-10
0.5835999755859375 8.1699101264951e-11
0.5845999755859375 1.6085364220388897e-10
0.5855999755859375 2.4525001267547056e-10
0.5865999755859375 6.619288024792227e-12
0.5875999755859375 1.1122274656986657e-10
0.5885999755859375 1.2255125005852062e-10
0.5895999755859375 6.829808851443468e-10
0.5905999755859375 2.5014315633095275e-10
0.5915999755859375 6.847802446579415e-10
0.5925999755859375 7.976772732905714e-11
0.5935999755859375 1.8649530606793786e-10
0.5945999755859375 9.69568317143915e-10
0.5955999755859375 2.0285173766392565e-10
0.5965999755859375 2.1725678980780097e-10
0.5975999755859375 3.3188207710068574e-10
0.5985999755859375 4.7226780798683843e-11
0.5995999755859375 1.2130591492220485e-10
0.6005999755859375 1.0131516227208999e-11
0.6015999755859375 1.4266765779525438e-11
0.6025999755859375 3.2590250956342845e-11
0.6035999755859375 9.696434627666473e-11
0.6045999755859375 3.7877347807519695e-10
0.6055999755859375 1.8917160011283837e-10
0.6065999755859375 3.161699215361134e-10
0.6075999755859375 1.8372560905139078e-10
0.6085999755859375 1.1746650807313883e-11
0.6095999755859375 2.1476379736322843e-10
0.6105999755859375 1.8702201606454838e-10
0.6115999755859375 7.564909811176653e-11
0.6125999755859375 5.093337516665673e-10
0.6135999755859375 4.52982866069472e-10
0.6145999755859375 1.2717289500401772e-11
0.6155999755859375 1.7290999287587428e-10
0.6165999755859375 2.958284398031215e-10
0.6175999755859375 1.3200925293269727e-11
0.6185999755859375 1.759357895316441e-10
0.6195999755859375 1.0242796518230013e-10
0.6205999755859375 1.3712073342573e-11
0.6215999755859375 3.5567746894118406e-10
0.6225999755859375 3.224294322858166e-10
0.6235999755859375 5.865623271741062e-11
0.6245999755859375 5.95161018724974e-10
0.6255999755859375 1.4465288922048338e-11
0.6265999755859375 6.410124893712689e-10
0.6275999755859375 1.504235094586623e-10
0.6285999755859375 1.0777640068263411e-09
0.6295999755859375 1.507581240964037e-11
0.6305999755859375 9.265324846032056e-11
0.6315999755859375 8.276508659845166e-10
0.6325999755859375 8.11248686640272e-10
0.6335999755859375 1.1283222300448904e-09
0.6345999755859375 3.703528778239761e-10
0.6355999755859375 1.5902173215964074e-11
0.6365999755859375 1.0087221070897492e-09
0.6375999755859375 4.218498544727113e-11
0.6385999755859375 6.301778157309106e-10
0.6395999755859375 4.195187484786343e-10
0.6405999755859375 9.734704389949599e-10
0.6415999755859375 1.1258080928117515e-10
0.6425999755859375 1.161548910561866e-09
0.6435999755859375 4.158441605160346e-11
0.6445999755859375 1.1914709031229355e-09
0.6455999755859375 1.3344551502061963e-09
0.6465999755859375 7.085971797186515e-10
0.6475999755859375 5.347645675926908e-10
0.6485999755859375 4.0127548987287315e-11
0.6495999755859375 1.1722338385763123e-09
0.6505999755859375 2.7849860936617216e-10
0.6515999755859375 4.077656803467785e-11
0.6525999755859375 4.365564493153536e-10
0.6535999755859375 4.809324611204047e-10
0.6545999755859375 7.941239424263485e-10
0.6555999755859375 1.603768759574382e-09
0.6565999755859375 5.257894902620662e-10
0.6575999755859375 7.826757114446956e-10
0.6585999755859375 1.170289290603105e-09
0.6595999755859375 2.4284305307393075e-10
0.6605999755859375 3.3707689458163253e-10
0.6615999755859375 1.878470800737104e-11
0.6625999755859375 1.864626873922811e-09
0.6635999755859375 5.931394741044928e-10
0.6645999755859375 6.34130505578094e-10
0.6655999755859375 1.105716766639256e-09
0.6665999755859375 4.674207645018379e-11
0.6675999755859375 1.5121481504771157e-09
0.6685999755859375 1.4221767489246267e-09
0.6695999755859375 1.4652644324246815e-10
0.6705999755859375 4.605909220566401e-11
0.6715999755859375 4.24516921259157e-10
0.6725999755859375 8.328985712855724e-10
0.6735999755859375 8.557784721651297e-10
0.6745999755859375 2.5454212061220472e-11
0.6755999755859375 4.4631555326420596e-10
0.6765999755859375 2.375257832702753e-09
0.6775999755859375 8.621099856813157e-10
0.6785999755859375 8.902572066498275e-10
0.6795999755859375 1.5278646617022678e-09
0.6805999755859375 6.801876605027881e-10
0.6815999755859375 2.0226355471082904e-11
0.6825999755859375 1.7778791932867078e-09
0.6835999755859375 1.9870580165789214e-09
0.6845999755859375 8.54215890671208e-10
0.6855999755859375 1.6205885148218263e-09
0.6865999755859375 1.9354876504213836e-09
0.6875999755859376 1.185580843804123e-09
0.6885999755859376 2.0639095638284795e-11
0.6895999755859376 1.3140591938715395e-09
0.6905999755859376 1.39376473694602e-09
0.6915999755859376 4.5018735324058506e-10
0.6925999755859376 1.4962136121296502e-09
0.6935999755859374 1.4713949416103667e-09
0.6945999755859374 7.200492333755839e-10
0.6955999755859374 1.1483145126114414e-09
0.6965999755859374 2.1470192054203483e-09
0.6975999755859374 5.854371354618867e-10
0.6985999755859374 4.600671333726151e-10
0.6995999755859375 6.486702198862259e-10
0.7005999755859375 6.886915231689313e-10
0.7015999755859375 1.4482995790975962e-09
0.7025999755859375 3.774611725863006e-10
0.7035999755859375 5.295278772946384e-11
0.7045999755859375 8.807040592318731e-10
0.7055999755859375 1.1761858121081277e-10
0.7065999755859375 4.3815321891507886e-10
0.7075999755859375 3.056013957581388e-10
0.7085999755859375 1.440443307156571e-09
0.7095999755859375 1.1617692192169779e-09
0.7105999755859375 1.231041242015398e-09
0.7115999755859375 9.838003952513112e-10
0.7125999755859375 8.232491891741643e-10
0.7135999755859375 1.5466049153985622e-09
0.7145999755859375 2.583451355661803e-09
0.7155999755859375 1.1808447877350954e-09
0.7165999755859375 5.204953061387041e-10
0.7175999755859375 2.2763855019671056e-11
0.7185999755859375 4.683124858530691e-10
0.7195999755859375 2.089978414836895e-09
0.7205999755859375 1.399481567128756e-09
0.7215999755859375 4.290035039916883e-10
0.7225999755859375 1.8181735641264032e-09
0.7235999755859375 9.943796664801267e-11
0.7245999755859375 1.087803432902929e-10
0.7255999755859375 1.6478865966983664e-09
0.7265999755859375 5.776637575171876e-10
0.7275999755859375 6.325570378565076e-10
0.7285999755859375 6.656891819219595e-10
0.7295999755859375 1.4509431074614846e-09
0.7305999755859375 1.2860105996633033e-09
0.7315999755859375 4.915036936488871e-10
0.7325999755859375 2.842224216543313e-09
0.7335999755859375 3.49934352428706e-09
0.7345999755859375 2.023190155145663e-09
0.7355999755859375 2.597209436084506e-09
0.7365999755859375 2.548669322595582e-09
0.7375999755859375 3.5334553959239642e-09
0.7385999755859375 1.9656986634111388e-09
0.7395999755859375 3.43219579539264e-09
0.7405999755859375 1.4098612016621443e-09
0.7415999755859375 2.2282723917824943e-09
0.7425999755859375 1.0124642624433873e-09
0.7435999755859375 3.4271229258143462e-09
0.7445999755859375 5.722845559796588e-10
0.7455999755859375 1.0953667100238012e-09
0.7465999755859375 5.908924641397129e-09
0.7475999755859375 1.885649619290079e-09
0.7485999755859375 1.2104189135014102e-09
0.7495999755859375 9.937529961189082e-10
0.7505999755859375 2.5726811698642757e-09
0.7515999755859375 6.28366382904858e-11
0.7525999755859375 3.422186823397662e-09
0.7535999755859375 4.437342657976857e-09
0.7545999755859375 4.574398727142129e-09
0.7555999755859375 1.4803723396417837e-09
0.7565999755859375 8.292313775448845e-10
0.7575999755859375 1.0417176773227826e-09
0.7585999755859375 1.2524452442547805e-09
0.7595999755859375 2.6146663033472798e-11
0.7605999755859375 3.182903480582484e-09
0.7615999755859375 1.8123060735429428e-09
0.7625999755859375 2.8452193003326296e-09
0.7635999755859375 1.4007923892579441e-09
0.7645999755859375 3.460119477980568e-09
0.7655999755859375 5.621250895203745e-09
0.7665999755859375 3.164130391625223e-09
0.7675999755859375 1.0154855977717713e-09
0.7685999755859375 2.3800687669585914e-09
0.7695999755859375 5.642364393410782e-10
0.7705999755859375 1.786069727574898e-09
0.7715999755859375 1.022249238308281e-09
0.7725999755859375 3.0777466954239742e-09
0.7735999755859375 1.1104014453244866e-09
0.7745999755859375 2.070762748815572e-09
0.7755999755859375 7.939502874569784e-09
0.7765999755859375 5.07504357082126e-09
0.7775999755859375 1.5822577613758632e-09
0.7785999755859375 8.943443224000496e-10
0.7795999755859375 3.1555111176816564e-09
0.7805999755859375 2.2223224087212458e-09
0.7815999755859375 2.489703609762816e-09
0.7825999755859375 3.983289284082868e-09
0.7835999755859375 5.254395938520887e-09
0.7845999755859375 7.969812067162864e-10
0.7855999755859375 2.016507263736309e-09
0.7865999755859375 6.367222302695726e-09
0.7875999755859375 2.917546017263529e-09
0.7885999755859375 4.1474904512887985e-09
0.7895999755859375 9.887823578114672e-10
0.7905999755859375 1.7574784360163632e-09
0.7915999755859375 3.788812649756657e-09
0.7925999755859375 1.2565003262457214e-09
0.7935999755859375 7.967458022063895e-09
0.7945999755859375 1.8827364116350445e-09
0.7955999755859375 4.18478962405988e-09
0.7965999755859375 6.972236196700061e-09
0.7975999755859375 3.956912318855153e-09
0.7985999755859375 2.4380356507031824e-09
0.7995999755859375 2.781365620679791e-11
0.8005999755859375 4.00406427949794e-10
0.8015999755859375 2.0559854320152508e-09
0.8025999755859375 2.8677542679751218e-09
0.8035999755859375 1.1387067254478479e-09
0.8045999755859375 6.3129161533216825e-09
0.8055999755859375 1.1182218343210336e-08
0.8065999755859375 6.468686424323364e-09
0.8075999755859375 4.704431575137196e-09
0.8085999755859375 2.685142089368905e-08
0.8095999755859375 1.8965646621313747e-08
0.8105999755859375 1.7601780154846484e-08
0.8115999755859375 8.901528760236539e-09
0.8125999755859376 9.68103396426398e-09
0.8135999755859376 8.372076868854966e-09
0.8145999755859376 1.008559020126032e-08
0.8155999755859376 8.550271020323752e-09
0.8165999755859376 4.304336796541233e-09
0.8175999755859376 7.916096312381093e-09
0.8185999755859374 9.722326935792624e-09
0.8195999755859374 9.961832340423706e-09
0.8205999755859374 9.304418439923478e-09
0.8215999755859374 4.565831033402434e-09
0.8225999755859374 8.897121121115463e-09
0.8235999755859374 2.410124357628761e-09
0.8245999755859375 2.8372917844608625e-09
0.8255999755859375 1.4744932743192038e-09
0.8265999755859375 7.823699363534826e-10
0.8275999755859375 9.7858014768317e-09
0.8285999755859375 2.90580363119712e-11
0.8295999755859375 5.067967136381549e-10
0.8305999755859375 1.7894816196221485e-08
0.8315999755859375 4.5477130664017615e-09
0.8325999755859375 9.351377002244179e-09
0.8335999755859375 2.1215962893555597e-08
0.8345999755859375 2.652876741185524e-08
0.8355999755859375 1.437469037323325e-09
0.8365999755859375 8.2328430746032e-09
0.8375999755859375 1.1294712902723033e-08
0.8385999755859375 1.4970773076284594e-08
0.8395999755859375 7.93991541444945e-09
0.8405999755859375 1.3940322633261414e-09
0.8415999755859375 8.203415467312915e-10
0.8425999755859375 1.505714922313903e-08
0.8435999755859375 6.85754101577692e-09
0.8445999755859375 1.648063428480035e-08
0.8455999755859375 2.971282206117892e-11
0.8465999755859375 2.472666914672848e-08
0.8475999755859375 8.268639833658382e-09
0.8485999755859375 1.3342126856734433e-08
0.8495999755859375 6.024940031776054e-08
0.8505999755859375 1.4174734236792492e-08
0.8515999755859375 3.6632074372761204e-08
0.8525999755859375 7.198762419604025e-08
0.8535999755859375 3.505495519357678e-08
0.8545999755859375 4.2579217763549724e-08
0.8555999755859375 7.095222853495646e-08
0.8565999755859375 6.631155024072901e-08
0.8575999755859375 4.307478145934404e-08
0.8585999755859375 1.054221398103538e-07
0.8595999755859375 9.738418177822349e-08
0.8605999755859375 4.36437288931501e-08
0.8615999755859375 7.870557196184482e-08
0.8625999755859375 1.3401943997577487e-07
0.8635999755859375 1.6938964254710642e-07
0.8645999755859375 3.044112743552857e-11
0.8655999755859375 4.2448363681287556e-07
0.8665999755859375 8.261196603257142e-08
0.8675999755859375 1.774573886545389e-08
0.8685999755859375 1.07586331643593e-07
0.8695999755859375 3.1669696460578195e-07
0.8705999755859375 2.0506450335415683e-08
0.8715999755859375 6.381925801175541e-08
0.8725999755859375 1.9627005132012773e-07
0.8735999755859375 3.902794016222147e-07
0.8745999755859375 1.0111420829652641e-07
0.8755999755859375 1.4400416694582276e-07
0.8765999755859375 4.951820474785733e-07
0.8775999755859375 3.093041357101047e-11
0.8785999755859375 8.01158291371026e-07
0.8795999755859375 4.138613818846238e-07
0.8805999755859375 7.098372891742963e-07
0.8815999755859375 6.661926915040194e-07
0.8825999755859375 5.883456989480776e-07
0.8835999755859375 2.280818627179131e-06
0.8845999755859375 3.108161397479686e-11
0.8855999755859375 4.596644009589545e-08
0.8865999755859375 7.202325546850246e-07
0.8875999755859375 1.0751553904739273e-06
0.8885999755859375 1.1934648998416875e-06
0.8895999755859375 4.103168113320568e-07
0.8905999755859375 7.348182131363317e-07
0.8915999755859375 2.984682498556167e-07
0.8925999755859375 3.1379860148576426e-06
0.8935999755859375 8.661898890462346e-07
0.8945999755859375 5.62084246824218e-07
0.8955999755859375 1.2544194858074639e-06
0.8965999755859375 2.4967906171717733e-06
0.8975999755859375 3.111475713547306e-07
0.8985999755859375 7.312836299072107e-07
0.8995999755859375 8.542682818693874e-07
0.9005999755859375 1.5097286982807404e-06
0.9015999755859375 1.7757847460699102e-06
0.9025999755859375 1.028352466422264e-06
0.9035999755859375 9.194940955663427e-07
0.9045999755859375 7.701302405147426e-07
0.9055999755859375 1.2959481923268368e-06
0.9065999755859375 6.514175790797616e-07
0.9075999755859375 1.537902140848874e-06
0.9085999755859375 1.343249877043712e-06
0.9095999755859375 1.5263756913473254e-06
0.9105999755859375 1.005473066752312e-06
0.9115999755859375 6.787029485287967e-07
0.9125999755859375 1.4811651206147276e-06
0.9135999755859375 1.1714801374437211e-06
0.9145999755859375 1.1314339386580084e-06
0.9155999755859375 8.198033266573423e-07
0.9165999755859375 1.0895448575701827e-06
0.9175999755859375 1.2505175260143426e-06
0.9185999755859375 6.340142334620273e-07
0.9195999755859375 9.658173488482738e-07
0.9205999755859375 8.716068429386569e-07
0.9215999755859375 8.385034328591252e-07
0.9225999755859375 3.375971030084429e-07
0.9235999755859375 1.054935992658582e-06
0.9245999755859375 9.613020877317408e-07
0.9255999755859375 7.601356979707295e-07
0.9265999755859375 7.477702684361343e-07
0.9275999755859375 8.466883234922863e-07
0.9285999755859375 6.350663453331651e-07
0.9295999755859375 1.1292738437554814e-06
0.9305999755859375 9.89077724593671e-07
0.9315999755859375 8.276468500101411e-07
0.9325999755859375 1.9780075326490438e-07
0.9335999755859375 5.956161937100527e-07
0.9345999755859375 4.431031016404814e-07
0.9355999755859375 7.779851113696455e-07
0.9365999755859375 6.285839684018382e-07
0.9375999755859376 9.367659234288331e-07
0.9385999755859376 9.75052001057474e-07
0.9395999755859376 7.760794964887791e-07
0.9405999755859376 5.364990735725877e-07
0.9415999755859376 4.2520695949385124e-07
0.9425999755859376 4.052002488191737e-07
0.9435999755859374 7.52784638627139e-07
0.9445999755859374 9.677745291758708e-07
0.9455999755859374 4.5675986331130753e-07
0.9465999755859374 6.341023333721527e-07
0.9475999755859374 1.7121475876955957e-07
0.9485999755859374 1.0126409244482681e-06
0.9495999755859375 4.729781187608572e-07
0.9505999755859375 1.013644750997014e-06
0.9515999755859375 1.213701440763681e-07
0.9525999755859375 7.136818297622082e-07
0.9535999755859375 2.0640539880611844e-07
0.9545999755859375 6.790443665030725e-07
0.9555999755859375 7.352344316007374e-07
0.9565999755859375 2.7593525600383554e-07
0.9575999755859375 4.5254197219208855e-07
0.9585999755859375 3.8737025431661263e-07
0.9595999755859375 4.306468118532378e-07
0.9605999755859375 3.1307728377183224e-07
0.9615999755859375 2.728046790770018e-07
0.9625999755859375 6.417617122746483e-07
0.9635999755859375 4.034956871077826e-07
0.9645999755859375 4.6456102718355336e-07
0.9655999755859375 5.207946377006037e-07
0.9665999755859375 2.102760778011434e-07
0.9675999755859375 5.232966392842229e-07
0.9685999755859375 3.544619355049621e-07
0.9695999755859375 2.4629695823209386e-07
0.9705999755859375 2.5268744700755535e-07
0.9715999755859375 3.286406084839635e-07
0.9725999755859375 2.058180387269168e-07
0.9735999755859375 4.938641149156224e-07
0.9745999755859375 2.0674235635607093e-07
0.9755999755859375 5.150711876570747e-07
0.9765999755859375 2.993953593627152e-07
0.9775999755859375 4.834816548410375e-07
0.9785999755859375 5.306037826344761e-07
0.9795999755859375 3.676022885033048e-07
0.9805999755859375 7.442441053391202e-07
0.9815999755859375 1.506187527577536e-07
0.9825999755859375 4.1592071390360996e-07
0.9835999755859375 4.890992016696266e-07
0.9845999755859375 2.0360105539987614e-07
0.9855999755859375 2.476385272056422e-07
0.9865999755859375 5.094016278816205e-07
0.9875999755859375 1.9232032126695537e-07
0.9885999755859375 3.681232131298686e-07
0.9895999755859375 1.5080660392727793e-07
0.9905999755859375 2.8401274983752927e-07
0.9915999755859375 2.3558438099173622e-07
0.9925999755859375 3.1044212282264193e-07
0.9935999755859375 2.0693393482450877e-07
0.9945999755859375 4.148464710287675e-07
0.9955999755859375 9.873618689348002e-08
0.9965999755859375 2.3522032546836255e-07
0.9975999755859375 2.9929271187108166e-07
0.9985999755859375 1.8781773817176878e-07
0.9995999755859375 2.721114902219824e-07
1.0005999755859376 4.911057029508709e-07
1.0015999755859375 3.0212496883888807e-07
1.0025999755859376 3.1549344669754855e-07
1.0035999755859375 3.156251295279189e-07
1.0045999755859376 3.6820526784947385e-07
1.0055999755859375 2.5786348408443197e-07
1.0065999755859374 3.009162757899044e-07
1.0075999755859375 2.6238346046588014e-07
1.0085999755859374 5.486581363712698e-07
1.0095999755859375 2.1847390970238268e-07
1.0105999755859374 1.9927264188640048e-07
1.0115999755859375 3.039858502900606e-07
1.0125999755859374 3.758196025575912e-07
1.0135999755859375 2.606782466996206e-07
1.0145999755859374 3.897198455168016e-07
1.0155999755859375 2.620279693360945e-07
1.0165999755859374 3.0463439858344335e-07
1.0175999755859375 1.7823846891379184e-07
1.0185999755859374 1.7251110697699135e-07
1.0195999755859375 1.9981084487841608e-07
1.0205999755859374 3.18991850670684e-07
1.0215999755859375 3.064548773773986e-07
1.0225999755859374 4.393032235841449e-07
1.0235999755859375 1.8804780977705827e-07
1.0245999755859374 1.8828998503100233e-07
1.0255999755859375 2.895487911152124e-07
1.0265999755859374 3.8225179979232053e-07
1.0275999755859375 1.5701247066227636e-07
1.0285999755859374 1.793522608747879e-07
1.0295999755859375 3.1998748134774145e-07
1.0305999755859374 3.7134852709373203e-07
1.0315999755859375 1.3693412325863455e-07
1.0325999755859374 2.8851402056881206e-07
1.0335999755859375 3.322656991628909e-07
1.0345999755859374 3.460943777872342e-07
1.0355999755859375 3.036874568125462e-07
1.0365999755859374 2.883511087580759e-07
1.0375999755859375 3.0236985798802755e-07
1.0385999755859374 1.8859931794293565e-07
1.0395999755859375 1.5810444625612416e-07
1.0405999755859374 1.689272545139132e-07
1.0415999755859375 2.0773570926520036e-07
1.0425999755859374 2.0309566667284895e-07
1.0435999755859375 2.6123607663158957e-07
1.0445999755859374 2.957712780838204e-07
1.0455999755859375 2.5747609102233976e-07
1.0465999755859374 1.2046622531382402e-07
1.0475999755859375 2.3141577271102577e-07
1.0485999755859374 2.5084741129386684e-07
1.0495999755859375 3.0613786741567057e-07
1.0505999755859374 2.588059847509615e-07
1.0515999755859375 2.1083291160966384e-07
1.0525999755859374 1.376214885547275e-07
1.0535999755859375 2.5775644493893985e-07
1.0545999755859374 3.3970917206095e-07
1.0555999755859375 2.850045143120912e-07
1.0565999755859374 2.4483113976062474e-07
1.0575999755859375 2.8598994313741907e-07
1.0585999755859374 1.8469981033865127e-07
1.0595999755859375 2.2891895720731056e-07
1.0605999755859374 1.962307137066059e-07
1.0615999755859375 2.559453089215311e-07
1.0625999755859374 1.1811808980986444e-07
1.0635999755859376 1.4825870224007956e-07
1.0645999755859374 1.7902884657194127e-07
1.0655999755859376 3.8034095535082273e-07
1.0665999755859374 2.04354864152058e-07
1.0675999755859376 2.5579415844931703e-07
1.0685999755859374 1.0174345321661585e-07
1.0695999755859376 2.1515252048768653e-07
1.0705999755859374 1.7538609679318173e-07
1.0715999755859376 1.6721952331403384e-07
1.0725999755859374 2.3577983643732044e-07
1.0735999755859376 1.437860456455911e-07
1.0745999755859375 2.8251084053149315e-07
1.0755999755859376 2.620884843510574e-07
1.0765999755859375 1.5856013430132257e-07
1.0775999755859376 1.4963110587395052e-07
1.0785999755859375 1.374652098637681e-07
1.0795999755859376 1.8607971612356727e-07
1.0805999755859375 2.3150765790305257e-07
1.0815999755859376 1.7113544195529632e-07
1.0825999755859375 2.5835707973379913e-07
1.0835999755859376 1.5823978401280209e-07
1.0845999755859375 1.549423084295159e-07
1.0855999755859376 3.0230440457996684e-07
1.0865999755859375 1.7671690048403509e-07
1.0875999755859376 1.8544044421508644e-07
1.0885999755859375 1.8368431191094138e-07
1.0895999755859376 1.2987212989217594e-07
1.0905999755859375 2.2335055456321168e-07
1.0915999755859376 3.0958781886828837e-07
1.0925999755859375 2.2436988487376038e-07
1.0935999755859376 1.0968459968415263e-07
1.0945999755859375 2.110080865696613e-07
1.0955999755859376 5.3218779572496414e-08
1.0965999755859375 7.734658823592537e-08
1.0975999755859376 2.2542712939694874e-07
1.0985999755859375 1.6766773502135593e-07
1.0995999755859376 1.8307792080539135e-07
1.1005999755859375 1.9646095693605211e-07
1.1015999755859376 1.551034564870547e-07
1.1025999755859375 2.0887508453520683e-07
1.1035999755859376 1.7905163117640742e-07
1.1045999755859375 2.396034252579963e-07
1.1055999755859376 2.1755950497639317e-07
1.1065999755859375 1.606514356801057e-07
1.1075999755859376 2.9996607768659767e-07
1.1085999755859375 2.551923763964835e-07
1.1095999755859376 1.7555434127540377e-07
1.1105999755859375 2.5263121270533075e-07
1.1115999755859376 1.4382628666543735e-07
1.1125999755859375 1.9342324740473311e-07
1.1135999755859376 1.2574139440071714e-07
1.1145999755859375 8.916068831839313e-08
1.1155999755859376 2.2363535290455658e-07
1.1165999755859375 1.430348675783361e-07
1.1175999755859376 1.5418579105130728e-07
1.1185999755859375 2.423675557272647e-07
1.1195999755859376 1.84327912443695e-07
1.1205999755859375 2.0964510125260602e-07
1.1215999755859376 1.549133280197775e-07
1.1225999755859375 1.8138339980648484e-07
1.1235999755859376 1.9464484867906802e-07
1.1245999755859375 1.1879442725791387e-07
1.1255999755859376 2.526121879017547e-07
1.1265999755859375 1.2749423817147328e-07
1.1275999755859376 2.2693316746484468e-07
1.1285999755859375 1.6600578364418589e-07
1.1295999755859376 1.1643476052181442e-07
1.1305999755859375 1.733572618544793e-07
1.1315999755859374 2.178616067441629e-07
1.1325999755859375 1.1909095039190464e-07
1.1335999755859374 2.4097616635214986e-07
1.1345999755859375 2.071113800957013e-07
1.1355999755859374 8.697042620633201e-08
1.1365999755859375 1.9344271737847078e-07
1.1375999755859374 2.627340178757242e-07
1.1385999755859375 5.519794848791507e-08
1.1395999755859374 2.0330503750991239e-07
1.1405999755859375 1.7743332718434147e-07
1.1415999755859374 2.1673352892488718e-07
1.1425999755859375 2.3195692111741e-07
1.1435999755859374 1.2874094409122143e-07
1.1445999755859375 1.0920647991839481e-07
1.1455999755859374 2.0999503600291935e-07
1.1465999755859375 1.4791916164681055e-07
1.1475999755859374 1.922993091615705e-07
1.1485999755859375 1.791657057812317e-07
1.1495999755859374 1.0276226849718412e-07
1.1505999755859375 7.742779269316789e-08
1.1515999755859374 1.2720199872135435e-07
1.1525999755859375 9.584526371861626e-08
1.1535999755859374 1.1579275093837504e-07
1.1545999755859375 2.3309007996409362e-07
1.1555999755859374 2.0017113593731873e-07
1.1565999755859375 2.0526406257645319e-07
1.1575999755859374 1.8255967183818403e-07
1.1585999755859375 1.203302209425756e-07
1.1595999755859374 1.3052067733986985e-07
1.1605999755859375 2.3578874724603793e-07
1.1615999755859374 2.468289192846132e-07
1.1625999755859375 9.836852209997816e-08
1.1635999755859374 1.2110137115011826e-07
1.1645999755859375 1.911133193852042e-07
1.1655999755859374 1.7767923135276884e-07
1.1665999755859375 1.5928155947988037e-07
1.1675999755859374 1.4204014119086098e-07
1.1685999755859375 1.2929030807016654e-07
1.1695999755859374 1.6562899242191556e-07
1.1705999755859375 1.895086206184281e-07
1.1715999755859374 1.2821869562457388e-07
1.1725999755859375 1.799552990771989e-07
1.1735999755859374 1.9226289187708666e-07
1.1745999755859375 2.756238276891441e-07
1.1755999755859374 2.843559880404192e-07
1.1765999755859375 6.866371197708727e-08
1.1775999755859374 1.9142124739633447e-07
1.1785999755859375 2.39274166311375e-07
1.1795999755859374 2.0563565498926496e-07
1.1805999755859375 1.6811281497126947e-07
1.1815999755859374 2.702279413454266e-07
1.1825999755859375 2.56658048662192e-07
1.1835999755859374 2.3942049783387155e-07
1.1845999755859375 1.6346966452490792e-07
1.1855999755859374 1.7904176855689124e-07
1.1865999755859375 2.3592236315588337e-07
1.1875999755859374 2.568924082706192e-07
1.1885999755859376 1.280498308236807e-07
1.1895999755859374 1.736550677501022e-07
1.1905999755859376 1.8239081111299754e-07
1.1915999755859374 1.5661639340812485e-07
1.1925999755859376 2.1795870811694817e-07
1.1935999755859374 1.4071935187252253e-07
1.1945999755859376 2.7592276756884756e-07
1.1955999755859374 9.924227798856773e-08
1.1965999755859376 1.7239129547833402e-07
1.1975999755859374 1.6466530262586238e-07
1.1985999755859376 2.3368159707504424e-07
1.1995999755859375 2.1349662016167913e-07
1.2005999755859376 2.8265565551190397e-07
1.2015999755859375 1.4627551121025193e-07
1.2025999755859376 2.063824849508631e-07
1.2035999755859375 3.350467444569706e-07
1.2045999755859376 1.2850340505136517e-07
1.2055999755859375 2.140566244738633e-07
1.2065999755859376 2.945703945058235e-07
1.2075999755859375 1.5036893402242442e-07
1.2085999755859376 1.7101868921971954e-07
1.2095999755859375 3.569909991555789e-07
1.2105999755859376 2.538101846975118e-07
1.2115999755859375 1.3028469153684183e-07
1.2125999755859376 1.6900495146727865e-07
1.2135999755859375 2.2646234666983378e-07
1.2145999755859376 1.2241701206324906e-07
1.2155999755859375 2.3645877334408396e-07
1.2165999755859376 2.35447511197997e-07
1.2175999755859375 2.2754630642717864e-07
1.2185999755859376 2.0944932680738445e-07
1.2195999755859375 2.6680872115656135e-07
1.2205999755859376 1.615649611253369e-07
1.2215999755859375 1.9292268658503746e-07
1.2225999755859376 2.1191353052643875e-07
1.2235999755859375 2.3370425625403832e-07
1.2245999755859376 1.2719563147620969e-07
1.2255999755859375 2.2566315768174388e-07
1.2265999755859376 3.010958030228698e-07
1.2275999755859375 1.4980226982555328e-07
1.2285999755859376 9.72223361333812e-08
1.2295999755859375 2.445795702367652e-07
1.2305999755859376 2.9079801839219086e-07
1.2315999755859375 1.463593834374255e-07
1.2325999755859376 1.413892629837171e-07
1.2335999755859375 2.597053214347591e-07
1.2345999755859376 1.9256539801684258e-07
1.2355999755859375 2.6145061389659216e-07
1.2365999755859376 1.8687879422031963e-07
1.2375999755859375 3.4001277738984183e-07
1.2385999755859376 1.7978820023157392e-07
1.2395999755859375 1.0642422982324311e-07
1.2405999755859376 2.7510791228034157e-07
1.2415999755859375 1.1528878786691113e-07
1.2425999755859376 2.1915419370789687e-07
1.2435999755859375 2.0099927562590317e-07
1.2445999755859376 1.9421625550746365e-07
1.2455999755859375 2.1327274313784847e-07
1.2465999755859376 2.192624677930011e-07
1.2475999755859375 1.3375055202951024e-07
1.2485999755859376 2.001490184755913e-07
1.2495999755859375 2.9548683512355454e-07
1.2505999755859376 2.219758612625746e-07
1.2515999755859375 2.089326745142403e-07
1.2525999755859376 3.0967971703023175e-07
1.2535999755859375 1.8843377421179816e-07
1.2545999755859376 9.512477184496627e-08
1.2555999755859375 2.2782943599622828e-07
1.2565999755859374 2.5932535806576107e-07
1.2575999755859375 2.868568525078018e-07
1.2585999755859374 2.1512371712643853e-07
1.2595999755859375 2.391297402308912e-07
1.2605999755859374 2.607579217385821e-07
1.2615999755859375 3.090011472622516e-07
1.2625999755859374 2.62231292874982e-07
1.2635999755859375 1.6296383462677284e-07
1.2645999755859374 2.058508155422311e-07
1.2655999755859375 3.46593173684781e-07
1.2665999755859374 2.367609207048084e-07
1.2675999755859375 3.6690478243483423e-07
1.2685999755859374 2.366222822472686e-07
1.2695999755859375 2.892747871102611e-07
1.2705999755859374 1.8148573200500567e-07
1.2715999755859375 2.4968082650110324e-07
1.2725999755859374 2.4514836006127905e-07
1.2735999755859375 1.553593115756172e-07
1.2745999755859374 2.3812096590460877e-07
1.2755999755859375 1.729882770077288e-07
1.2765999755859374 2.814603031288675e-07
1.2775999755859375 2.672402086956763e-07
1.2785999755859374 2.602432753245221e-07
1.2795999755859375 2.1486539087057617e-07
1.2805999755859374 1.2906021030072585e-07
1.2815999755859375 1.6774933441536502e-07
1.2825999755859374 2.426740983902504e-07
1.2835999755859375 2.979324025161341e-07
1.2845999755859374 2.5671082032676004e-07
1.2855999755859375 1.5521561455416692e-07
1.2865999755859374 2.734964399881128e-07
1.2875999755859375 1.9517064767674818e-07
1.2885999755859374 2.563190608321169e-07
1.2895999755859375 1.2300439387213072e-07
1.2905999755859374 2.6434847333446713e-07
1.2915999755859375 2.3710838117725301e-07
1.2925999755859374 1.8916696187854237e-07
1.2935999755859375 2.04934330872574e-07
1.2945999755859374 3.976948606836531e-07
1.2955999755859375 2.522883221978047e-07
1.2965999755859374 3.6542841948917507e-07
1.2975999755859375 2.0780649059583286e-07
1.2985999755859374 2.079191460890696e-07
1.2995999755859375 1.5781188844118995e-07
1.3005999755859374 1.569126290921653e-07
1.3015999755859375 1.587039089272533e-07
1.3025999755859374 1.729708003063625e-07
1.3035999755859375 2.88276489890941e-07
1.3045999755859374 2.2813211319765769e-07
1.3055999755859375 2.823594745958351e-07
1.3065999755859374 1.678687355185785e-07
1.3075999755859375 2.1902649285288185e-07
1.3085999755859374 1.2196448105413082e-07
1.3095999755859375 2.663960478691412e-07
1.3105999755859374 2.461051319299067e-07
1.3115999755859375 1.6589635269172564e-07
1.3125999755859374 2.096581683697987e-07
1.3135999755859376 2.3236718444394411e-07
1.3145999755859374 2.1744593649505228e-07
1.3155999755859376 1.2904234605422004e-07
1.3165999755859374 1.572573841652841e-07
1.3175999755859376 1.910250274314761e-07
1.3185999755859374 2.2646024621008526e-07
1.3195999755859376 1.285926352218377e-07
1.3205999755859374 1.3919692223329956e-07
1.3215999755859376 1.8435153305726523e-07
1.3225999755859374 1.5163296039726886e-07
1.3235999755859376 2.0105878595797586e-07
1.3245999755859375 1.686144762932231e-07
1.3255999755859376 2.3025244315135667e-07
1.3265999755859375 1.562346275466603e-07
1.3275999755859376 2.712629001987232e-07
1.3285999755859375 1.998533477662615e-07
1.3295999755859376 1.8026919199158986e-07
1.3305999755859375 3.6031447612628474e-07
1.3315999755859376 1.5255651111748258e-07
1.3325999755859375 3.0170999429524117e-07
1.3335999755859376 1.37263775365415e-07
1.3345999755859375 2.9700787828421054e-07
1.3355999755859376 2.8312413247441174e-07
1.3365999755859375 2.365569752132606e-07
1.3375999755859376 2.0403976989891126e-07
1.3385999755859375 2.9472627822022014e-07
1.3395999755859376 2.4722047522540276e-07
1.3405999755859375 2.6580439818294353e-07
1.3415999755859376 2.1404753543617754e-07
1.3425999755859375 3.5389713713769347e-07
1.3435999755859376 2.432170280270952e-07
1.3445999755859375 1.1084105410663543e-07
1.3455999755859376 2.3956618564892396e-07
1.3465999755859375 2.219828507822534e-07
1.3475999755859376 2.9481952989149013e-07
1.3485999755859375 2.764131000890864e-07
1.3495999755859376 2.570911307967938e-07
1.3505999755859375 2.110126743753636e-07
1.3515999755859376 2.8460078966264997e-07
1.3525999755859375 2.7123760702834436e-07
1.3535999755859376 2.150049138912055e-07
1.3545999755859375 3.365831926281288e-07
1.3555999755859376 1.8370168323749406e-07
1.3565999755859375 2.9954663037643246e-07
1.3575999755859376 1.1360598641871275e-07
1.3585999755859375 2.2511318918102816e-07
1.3595999755859376 2.2548350149634699e-07
1.3605999755859375 2.683074711461791e-07
1.3615999755859376 1.6064172938291997e-07
1.3625999755859375 3.029791637977873e-07
1.3635999755859376 2.732983627811242e-07
1.3645999755859375 1.6709677356131608e-07
1.3655999755859376 2.0415994705574407e-07
1.3665999755859375 3.0764174599518875e-07
1.3675999755859376 1.3986249031457016e-07
1.3685999755859375 3.7509347857179284e-07
1.3695999755859376 1.7940973992257547e-07
1.3705999755859375 3.276017002823264e-07
1.3715999755859376 3.1884090408338845e-07
1.3725999755859375 3.047332327228719e-07
1.3735999755859376 2.4151508397634805e-07
1.3745999755859375 2.7897351552802097e-07
1.3755999755859376 3.1337681812669126e-07
1.3765999755859375 2.826619140134917e-07
1.3775999755859376 2.540957728933956e-07
1.3785999755859375 3.091388552156036e-07
1.3795999755859376 9.927031030845122e-08
1.3805999755859375 2.708284992232147e-07
1.3815999755859374 1.7641805304517604e-07
1.3825999755859375 3.587013481081995e-07
1.3835999755859374 3.3430665650046044e-07
1.3845999755859375 2.1779621840393476e-07
1.3855999755859374 2.121343840633248e-07
1.3865999755859375 3.185125338079696e-07
1.3875999755859374 2.0794861230043782e-07
1.3885999755859375 1.8387086905481303e-07
1.3895999755859374 3.244089935016141e-07
1.3905999755859375 3.536282988569206e-07
1.3915999755859374 1.6402957155370687e-07
1.3925999755859375 2.428676762471027e-07
1.3935999755859374 1.8287425730574626e-07
1.3945999755859375 2.1139091797254841e-07
1.3955999755859374 3.693320481721092e-07
1.3965999755859375 1.8509106509937525e-07
1.3975999755859374 2.126306304597517e-07
1.3985999755859375 2.4123203493982844e-07
1.3995999755859374 2.434139652953352e-07
1.4005999755859375 3.308147976353209e-07
1.4015999755859374 2.852957111564762e-07
1.4025999755859375 3.3547465355434015e-07
1.4035999755859374 2.439748784258826e-07
1.4045999755859375 5.434514419337996e-07
1.4055999755859374 9.50210411834418e-08
1.4065999755859375 2.5784467523019333e-07
1.4075999755859374 2.7237921002568755e-07
1.4085999755859375 1.6900090320016748e-07
1.4095999755859374 2.746780765210903e-07
1.4105999755859375 2.0815070634602383e-07
1.4115999755859374 1.894803847462304e-07
1.4125999755859375 1.5322734285703037e-07
1.4135999755859374 4.145121223132675e-07
1.4145999755859375 2.3313459688546513e-07
1.4155999755859374 1.860234832492197e-07
1.4165999755859375 3.2975999210085243e-07
1.4175999755859374 1.3330071080715097e-07
1.4185999755859375 2.1953344244391859e-07
1.4195999755859374 2.248534470878928e-07
1.4205999755859375 2.713714606023049e-07
1.4215999755859374 3.8842839653716653e-07
1.4225999755859375 3.3890757955039207e-07
1.4235999755859374 3.6009084678673626e-07
1.4245999755859375 1.8854845065662793e-07
1.4255999755859374 2.7141618694123134e-07
1.4265999755859375 2.3604156048358787e-07
1.4275999755859374 7.403826146937059e-08
1.4285999755859375 2.5309270699028164e-07
1.4295999755859374 2.742681214611504e-07
1.4305999755859375 1.6602583501907054e-07
1.4315999755859374 1.816758515819902e-07
1.4325999755859375 2.0898285018715627e-07
1.4335999755859374 2.5450160051591595e-07
1.4345999755859375 2.5395473302301143e-07
1.4355999755859374 2.493643833769633e-07
1.4365999755859375 2.4442641056714057e-07
1.4375999755859374 2.7154662387226193e-07
1.4385999755859376 1.8413081300509732e-07
1.4395999755859374 1.965397722552393e-07
1.4405999755859376 1.670476351753442e-07
1.4415999755859374 1.605742992083828e-07
1.4425999755859376 2.0001065890961985e-07
1.4435999755859374 2.7144735198705494e-07
1.4445999755859376 2.8040156488886823e-07
1.4455999755859374 1.7671831159183804e-07
1.4465999755859376 6.722491541845981e-08
1.4475999755859374 3.9826017970840296e-07
1.4485999755859376 2.204934153524216e-07
1.4495999755859375 2.524996192522089e-07
1.4505999755859376 3.405746683439722e-07
1.4515999755859375 1.3953983914053604e-07
1.4525999755859376 2.76719540975917e-07
1.4535999755859375 3.1873586497220884e-07
1.4545999755859376 3.3771005627703485e-07
1.4555999755859375 2.771186965534916e-07
1.4565999755859376 3.3036155471521654e-07
1.4575999755859375 2.0923463346031108e-07
1.4585999755859376 3.1284200959234986e-07
1.4595999755859375 2.7797736168437945e-07
1.4605999755859376 2.194044363501087e-07
1.4615999755859375 3.8830837714505424e-07
1.4625999755859376 4.4770573060203735e-07
1.4635999755859375 3.6063746150047856e-07
1.4645999755859376 1.3837959277208313e-07
1.4655999755859375 2.620483954766827e-07
1.4665999755859376 1.9903953028581052e-07
1.4675999755859375 3.4251357858514436e-07
1.4685999755859376 3.6839467624160244e-07
1.4695999755859375 2.0200888958421158e-07
1.4705999755859376 3.4662801948092486e-07
1.4715999755859375 2.6245984056808423e-07
1.4725999755859376 2.481349680256115e-07
1.4735999755859375 1.7248211857275344e-07
1.4745999755859376 3.288181801093377e-07
1.4755999755859375 3.4579329400582035e-07
1.4765999755859376 4.861450307727478e-07
1.4775999755859375 2.707801418819525e-07
1.4785999755859376 3.5990876140444474e-07
1.4795999755859375 4.3816278308252916e-07
1.4805999755859376 3.927802265512411e-07
1.4815999755859375 4.1217802249414616e-07
1.4825999755859376 3.4407084849411523e-07
1.4835999755859375 4.448440968429385e-07
1.4845999755859376 2.803435492867167e-07
1.4855999755859375 2.6345113757799494e-07
1.4865999755859376 2.76450003234898e-07
1.4875999755859375 2.6767389962825606e-07
1.4885999755859376 2.820407776399534e-07
1.4895999755859375 2.2511607802310103e-07
1.4905999755859376 6.411652894792443e-07
1.4915999755859375 4.606928778504642e-07
1.4925999755859376 2.999180927009048e-07
1.4935999755859375 2.6751001264876173e-07
1.4945999755859376 2.5175068464096344e-07
1.4955999755859375 4.886104845050443e-07
1.4965999755859376 3.276716289215258e-07
1.4975999755859375 3.335926589651475e-07
1.4985999755859376 3.6523987956668774e-07
1.4995999755859375 3.1425146115779324e-07
1.5005999755859376 3.563658500001473e-07
1.5015999755859375 4.402378817052515e-07
1.5025999755859376 3.35307669010214e-07
1.5035999755859375 2.8675069485385297e-07
1.5045999755859376 4.817359247619409e-07
1.5055999755859375 1.8439799479744172e-07
1.5065999755859374 4.675533132395332e-07
1.5075999755859375 4.7245789987974794e-07
1.5085999755859374 2.5363617455194147e-07
1.5095999755859375 2.9610276731467453e-07
1.5105999755859374 3.7342045947200825e-07
1.5115999755859375 3.6331622268264837e-07
1.5125999755859374 4.3626685394435015e-07
1.5135999755859375 2.3066064403938302e-07
1.5145999755859374 4.872481505349315e-07
1.5155999755859375 3.1979046092111154e-07
1.5165999755859374 4.315699075744688e-07
1.5175999755859375 3.068625596800617e-07
1.5185999755859374 3.447876635421436e-07
1.5195999755859375 3.313097528781031e-07
1.5205999755859374 3.4441951201764855e-07
1.5215999755859375 4.796990999894641e-07
1.5225999755859374 3.029340750231454e-07
1.5235999755859375 3.9883237949136776e-07
1.5245999755859374 2.3320982084126102e-07
1.5255999755859375 4.6306996714172605e-07
1.5265999755859374 3.139193572836561e-07
1.5275999755859375 4.871515407771424e-07
1.5285999755859374 3.8858209133656475e-07
1.5295999755859375 2.5573102746601587e-07
1.5305999755859374 3.905321939496998e-07
1.5315999755859375 3.6383983103239115e-07
1.5325999755859374 3.316062839119569e-07
1.5335999755859375 4.7302049163144053e-07
1.5345999755859374 3.1609453139221976e-07
1.5355999755859375 2.1567594165022244e-07
1.5365999755859374 2.1036462320238473e-07
1.5375999755859375 3.419020835643843e-07
1.5385999755859374 2.846408488483393e-07
1.5395999755859375 3.131818979982348e-07
1.5405999755859374 3.901504449477555e-07
1.5415999755859375 5.358383305287046e-07
1.5425999755859374 2.618420704074145e-07
1.5435999755859375 2.194084914992293e-07
1.5445999755859374 4.663653390009584e-07
1.5455999755859375 3.031568105128196e-07
1.5465999755859374 3.217049176893683e-07
1.5475999755859375 2.9845605156163897e-07
1.5485999755859374 4.6382331278904875e-07
1.5495999755859375 4.094336301054177e-07
1.5505999755859374 4.441771340518271e-07
1.5515999755859375 2.7689620633574454e-07
1.5525999755859374 3.97482772600988e-07
1.5535999755859375 2.6621359587016104e-07
1.5545999755859374 4.7442433635621017e-07
1.5555999755859375 3.5134343272667044e-07
1.5565999755859374 2.3101899687333218e-07
1.5575999755859375 3.316629275459011e-07
1.5585999755859374 3.1411262067266536e-07
1.5595999755859375 5.115818735935351e-07
1.5605999755859374 4.0673007546562465e-07
1.5615999755859375 3.5810632217711053e-07
1.5625999755859374 3.1107065480078234e-07
1.5635999755859376 4.1084177929088846e-07
1.5645999755859374 5.67811727783336e-07
1.5655999755859376 1.7759007064145316e-07
1.5665999755859374 1.6755054637272196e-07
1.5675999755859376 3.3619586177167674e-07
1.5685999755859374 4.816981289047887e-07
1.5695999755859376 3.987145407299838e-07
1.5705999755859374 5.350386212493411e-07
1.5715999755859376 2.5558007247786916e-07
1.5725999755859374 4.956345301870848e-07
1.5735999755859376 3.365214428779238e-07
1.5745999755859375 2.8781620120341806e-07
1.5755999755859376 3.9797854138207954e-07
1.5765999755859375 2.665135295606276e-07
1.5775999755859376 2.671841317585183e-07
1.5785999755859375 2.491844812010135e-07
1.5795999755859376 2.5876641587046897e-07
1.5805999755859375 2.6411887553846685e-07
1.5815999755859376 5.823158736301014e-07
1.5825999755859375 3.049439334710233e-07
1.5835999755859376 4.495528736988825e-07
1.5845999755859375 5.618378174678584e-07
1.5855999755859376 4.557663621454954e-07
1.5865999755859375 3.9779139978973187e-07
1.5875999755859376 4.1830456997338817e-07
1.5885999755859375 3.5814449341184166e-07
1.5895999755859376 3.416880206096043e-07
1.5905999755859375 2.6060702306348353e-07
1.5915999755859376 2.863520960917057e-07
1.5925999755859375 4.177183268023148e-07
1.5935999755859376 5.205307323710206e-07
1.5945999755859375 1.5518313861141813e-07
1.5955999755859376 4.463005546909508e-07
1.5965999755859375 7.257884868486317e-07
1.5975999755859376 5.116331224993307e-07
1.5985999755859375 2.2887235737051967e-07
1.5995999755859376 4.772662715053842e-07
1.6005999755859375 4.2752537339706174e-07
1.6015999755859376 4.385644442661189e-07
1.6025999755859375 2.3685917728355486e-07
1.6035999755859376 2.2538908587898676e-07
1.6045999755859375 5.102814075289014e-07
1.6055999755859376 2.0131371670963428e-07
1.6065999755859375 3.239337692385068e-07
1.6075999755859376 6.845176829128558e-07
1.6085999755859375 2.341839509872524e-07
1.6095999755859376 6.263650933275688e-07
1.6105999755859375 2.6174018126978977e-07
1.6115999755859376 4.130660983535323e-07
1.6125999755859375 3.6648088120502433e-07
1.6135999755859376 4.589920833656541e-07
1.6145999755859375 5.036177971125739e-07
1.6155999755859376 4.984462925508034e-07
1.6165999755859375 5.661154705562841e-07
1.6175999755859376 3.8699294491606696e-07
1.6185999755859375 6.309772697810678e-07
1.6195999755859376 4.625438814057886e-07
1.6205999755859375 3.266792665299571e-07
1.6215999755859376 3.815345370622249e-07
1.6225999755859375 4.6221566532012627e-07
1.6235999755859376 3.5792720980163745e-07
1.6245999755859375 3.0919398074075023e-07
1.6255999755859376 6.678917867026465e-07
1.6265999755859375 2.0819941050230372e-07
1.6275999755859376 5.624020314007012e-07
1.6285999755859375 4.2162981536315327e-07
1.6295999755859376 4.7639264756950966e-07
1.6305999755859375 3.983063546191283e-07
1.6315999755859374 5.794667486710371e-07
1.6325999755859375 4.941084916229228e-07
1.6335999755859374 5.767369534506306e-07
1.6345999755859375 3.788164982970569e-07
1.6355999755859374 5.92708559578786e-07
1.6365999755859375 5.963336176216611e-07
1.6375999755859374 7.219799856442012e-07
1.6385999755859375 5.742241074613478e-07
1.6395999755859374 4.994090499452762e-07
1.6405999755859375 5.259535351396074e-07
1.6415999755859374 6.41246380862197e-07
1.6425999755859375 7.356253957295928e-07
1.6435999755859374 4.887351219461524e-07
1.6445999755859375 4.4884038850765116e-07
1.6455999755859374 4.508333680597107e-07
1.6465999755859375 3.4611087407548314e-07
1.6475999755859374 7.923663538364932e-07
1.6485999755859375 5.12104504390622e-07
1.6495999755859374 6.514387252309707e-07
1.6505999755859375 5.091570031381999e-07
1.6515999755859374 6.403035312204296e-07
1.6525999755859375 5.346002208600173e-07
1.6535999755859374 3.978431835643183e-07
1.6545999755859375 5.375329304768718e-07
1.6555999755859374 5.029959324172628e-07
1.6565999755859375 5.741923280007281e-07
1.6575999755859374 6.631113466090551e-07
1.6585999755859375 4.763092137688975e-07
1.6595999755859374 5.422694820256741e-07
1.6605999755859375 1.1842989616374253e-06
1.6615999755859374 2.392803406382556e-07
1.6625999755859375 7.945878121271236e-07
1.6635999755859374 3.077090731514788e-07
1.6645999755859375 6.074344088022751e-07
1.6655999755859374 5.828768427473746e-07
1.6665999755859375 3.9834886435829475e-07
1.6675999755859374 7.818347353452974e-07
1.6685999755859375 3.469666374118861e-07
1.6695999755859374 5.470438814393559e-07
1.6705999755859375 4.272570941658085e-07
1.6715999755859374 5.062576225558488e-07
1.6725999755859375 4.296514879870296e-07
1.6735999755859374 9.872561344559921e-07
1.6745999755859375 3.592731900967902e-07
1.6755999755859374 4.79904341016853e-07
1.6765999755859375 5.178465086516311e-07
1.6775999755859374 5.439409342209622e-07
1.6785999755859375 8.511193737349824e-07
1.6795999755859374 4.6451387177130194e-07
1.6805999755859375 4.5425800098493853e-07
1.6815999755859374 7.460881063734407e-07
1.6825999755859375 5.620933435337455e-07
1.6835999755859374 4.891183688152191e-07
1.6845999755859375 8.897874074638347e-07
1.6855999755859374 4.630998575532037e-07
1.6865999755859375 8.065394935873637e-07
1.6875999755859374 7.510819224631137e-07
1.6885999755859376 4.2383493498502526e-07
1.6895999755859374 6.622579227520897e-07
1.6905999755859376 6.903892513478073e-07
1.6915999755859374 3.732871127307894e-07
1.6925999755859376 7.580717862931527e-07
1.6935999755859374 4.5704423370339905e-07
1.6945999755859376 4.625467638166068e-07
1.6955999755859374 7.038718315669196e-07
1.6965999755859376 1.0935197896594654e-06
1.6975999755859374 4.02149877024779e-07
1.6985999755859376 9.23962903026243e-07
1.6995999755859375 5.247009947497119e-07
1.7005999755859376 5.042796770271417e-07
1.7015999755859375 7.541471359927639e-07
1.7025999755859376 8.191906564880427e-07
1.7035999755859375 7.245602247575237e-07
1.7045999755859376 9.237606317567497e-07
1.7055999755859375 5.22169406231366e-07
1.7065999755859376 8.442035619011734e-07
1.7075999755859375 6.055009352461435e-07
1.7085999755859376 7.730893753745424e-07
1.7095999755859375 5.384390710317671e-07
1.7105999755859376 4.98702011095704e-07
1.7115999755859375 3.82638823200121e-07
1.7125999755859376 7.948980587244552e-07
1.7135999755859375 6.409657759819278e-07
1.7145999755859376 9.645820667190907e-07
1.7155999755859375 5.653096741181479e-07
1.7165999755859376 8.132267855116551e-07
1.7175999755859375 8.407682534680907e-07
1.7185999755859376 7.358070347515309e-07
1.7195999755859375 6.284462414595922e-07
1.7205999755859376 9.661248861602625e-07
1.7215999755859375 3.401943406025691e-07
1.7225999755859376 6.874877324764277e-07
1.7235999755859375 4.0671075266007895e-07
1.7245999755859376 7.34303714969631e-07
1.7255999755859375 7.336725280284357e-07
1.7265999755859376 5.756872661245686e-07
1.7275999755859375 6.37573244061797e-07
1.7285999755859376 6.268253167679732e-07
1.7295999755859375 4.3576439723741507e-07
1.7305999755859376 7.745810095699689e-07
1.7315999755859375 9.039017423740084e-07
1.7325999755859376 5.459566066034014e-07
1.7335999755859375 6.136583227737398e-07
1.7345999755859376 4.475860943133857e-07
1.7355999755859375 8.328224796476683e-07
1.7365999755859376 2.453540357344607e-07
1.7375999755859375 8.894728337203458e-07
1.7385999755859376 7.7361923376953e-07
1.7395999755859375 6.04970755523346e-07
1.7405999755859376 7.907023534429407e-07
1.7415999755859375 3.7440456891529837e-07
1.7425999755859376 8.957093875467423e-07
1.7435999755859375 9.170836053952592e-07
1.7445999755859376 7.07403043330905e-07
1.7455999755859375 7.251738314441698e-07
1.7465999755859376 8.471702474521829e-07
1.7475999755859375 3.823145010212001e-07
1.7485999755859376 1.1043562970992775e-06
1.7495999755859375 1.4876235745893912e-07
1.7505999755859376 1.1464290123341237e-06
1.7515999755859375 9.201764690077749e-07
1.7525999755859376 6.075314762193012e-07
1.7535999755859375 4.941513804377341e-07
1.7545999755859376 8.636093164119632e-07
1.7555999755859375 7.056571743573593e-07
1.7565999755859374 9.853658797908703e-07
1.7575999755859375 1.011931756088491e-06
1.7585999755859374 1.013785810283697e-06
1.7595999755859375 5.258041072357133e-07
1.7605999755859374 8.191922782132209e-07
1.7615999755859375 9.47941091181432e-07
1.7625999755859374 5.105739061006895e-07
1.7635999755859375 8.078929017792992e-07
1.7645999755859374 1.007465712702141e-06
1.7655999755859375 9.852886956512736e-07
1.7665999755859374 9.933242186348756e-07
1.7675999755859375 7.359670349971108e-07
1.7685999755859374 4.689391922471501e-07
1.7695999755859375 9.61978153556823e-07
1.7705999755859374 6.453633740215948e-07
1.7715999755859375 6.128659096496671e-07
1.7725999755859374 7.84385335715906e-07
1.7735999755859375 4.605366325694449e-07
1.7745999755859374 1.018079874294126e-06
1.7755999755859375 1.01642003381429e-06
1.7765999755859374 7.412159641582196e-07
1.7775999755859375 6.704187166703964e-07
1.7785999755859374 9.966490179203303e-07
1.7795999755859375 8.740266071380663e-07
1.7805999755859374 9.65569290646821e-07
1.7815999755859375 8.868222288640798e-07
1.7825999755859374 3.319261799628824e-07
1.7835999755859375 9.706159480713989e-07
1.7845999755859374 9.859878437069407e-07
1.7855999755859375 3.5278300121875673e-07
1.7865999755859374 6.64814860056832e-07
1.7875999755859375 7.411994974106744e-07
1.7885999755859374 7.221377035924105e-07
1.7895999755859375 1.029447637190166e-06
1.7905999755859374 9.505974194969419e-07
1.7915999755859375 3.006455400677431e-07
1.7925999755859374 1.3844023011993448e-06
1.7935999755859375 4.4720077612898405e-07
1.7945999755859374 1.0061802589731383e-06
1.7955999755859375 1.3388862751025891e-06
1.7965999755859374 8.050594291339387e-07
1.7975999755859375 4.841707249409955e-07
1.7985999755859374 8.382260766236632e-07
1.7995999755859375 7.514113465294187e-07
1.8005999755859374 6.408095456411485e-07
1.8015999755859375 1.1546992032831507e-06
1.8025999755859374 2.2867139290154726e-07
1.8035999755859375 6.273680889908703e-07
1.8045999755859374 9.743529381364575e-07
1.8055999755859375 1.1339760563663801e-06
1.8065999755859374 9.013664373599181e-07
1.8075999755859375 1.06854222258299e-06
1.8085999755859374 9.935299154101006e-07
1.8095999755859375 1.3158633806735446e-06
1.8105999755859374 5.52343550698569e-07
1.8115999755859375 6.080672072844314e-07
1.8125999755859374 1.0981869234000842e-06
1.8135999755859376 8.212550693516192e-07
1.8145999755859374 9.453884297649713e-07
1.8155999755859376 1.4901449653405834e-06
1.8165999755859374 1.0881387429789002e-06
1.8175999755859376 7.379014058234067e-07
1.8185999755859374 8.695909605444413e-07
1.8195999755859376 1.135001883784326e-06
1.8205999755859374 1.5090018713748523e-06
1.8215999755859376 1.3895812618958675e-06
1.8225999755859374 7.899624170866527e-07
1.8235999755859376 1.2803365062098322e-06
1.8245999755859375 7.14253083351275e-07
1.8255999755859376 1.0842685898076292e-06
1.8265999755859375 1.2417994469154576e-06
1.8275999755859376 8.898224954419681e-07
1.8285999755859375 6.525483872688506e-07
1.8295999755859376 1.03523678338118e-06
1.8305999755859375 9.523607479526873e-07
1.8315999755859376 1.1677586693387242e-06
1.8325999755859375 9.294160578013607e-07
1.8335999755859376 6.502137012713714e-07
1.8345999755859375 1.3866141197350887e-06
1.8355999755859376 6.166256287151226e-07
1.8365999755859375 1.1057440001511304e-06
1.8375999755859376 1.0002026304003505e-06
1.8385999755859375 1.333758811241603e-06
1.8395999755859376 1.1828790256902592e-06
1.8405999755859375 1.6716614608816967e-06
1.8415999755859376 1.0302710165209865e-06
1.8425999755859375 1.0377834154431512e-06
1.8435999755859376 7.787567953896806e-07
1.8445999755859375 1.139450979468328e-06
1.8455999755859376 1.2740046417628362e-06
1.8465999755859375 6.987273848329604e-07
1.8475999755859376 1.6368827057648341e-06
1.8485999755859375 1.6589977795522812e-06
1.8495999755859376 1.1082151433325636e-06
1.8505999755859375 1.2507359419311912e-06
1.8515999755859376 9.747498161410166e-07
1.8525999755859375 1.2859198152651487e-06
1.8535999755859376 1.4523729638012598e-06
1.8545999755859375 2.124141606966838e-06
1.8555999755859376 1.0040013424422027e-06
1.8565999755859375 1.2163219020775117e-06
1.8575999755859376 1.039050785165885e-06
1.8585999755859375 1.5969194099854884e-06
1.8595999755859376 1.8295743284404337e-06
1.8605999755859375 1.5869048969318713e-06
1.8615999755859376 5.658243147922025e-07
1.8625999755859375 1.3209849377743398e-06
1.8635999755859376 1.5248020159584246e-06
1.8645999755859375 1.4751969435151804e-06
1.8655999755859376 1.781832764094201e-06
1.8665999755859375 1.2165987392002527e-06
1.8675999755859376 1.6403785790388813e-06
1.8685999755859375 2.602495816211145e-06
1.8695999755859376 2.24743479974646e-06
1.8705999755859375 1.92430391888618e-06
1.8715999755859376 9.002639491122922e-07
1.8725999755859375 1.7394209037824924e-06
1.8735999755859376 1.6993693708817882e-06
1.8745999755859375 1.6346502838595787e-06
1.8755999755859376 2.168924836222478e-06
1.8765999755859375 1.957779999597541e-06
1.8775999755859376 2.3718449998098175e-06
1.8785999755859375 1.749990204789882e-06
1.8795999755859376 1.4916407036911793e-06
1.8805999755859375 2.828130106842995e-06
1.8815999755859374 2.5478861848920964e-06
1.8825999755859375 2.9115094608108282e-06
1.8835999755859374 2.1841564598414306e-06
1.8845999755859375 2.2422053123950563e-06
1.8855999755859374 2.188818977801668e-06
1.8865999755859375 3.014210284251752e-06
1.8875999755859374 2.6939643340024593e-06
1.8885999755859375 2.8110311695140848e-06
1.8895999755859374 2.36656980516722e-06
1.8905999755859375 3.2914824489171724e-06
1.8915999755859374 3.979416880230967e-06
1.8925999755859375 3.1237828216440422e-06
1.8935999755859374 4.323688047717959e-06
1.8945999755859375 3.5278952674523664e-06
1.8955999755859374 4.696129027915476e-06
1.8965999755859375 3.7796640970304696e-06
1.8975999755859374 5.400436989502853e-06
1.8985999755859375 5.2060115373325236e-06
1.8995999755859374 4.951190530647575e-06
1.9005999755859375 6.247050969733787e-06
1.9015999755859374 6.341073719802849e-06
1.9025999755859375 6.926669010367209e-06
1.9035999755859374 7.839645394050002e-06
1.9045999755859375 8.048084867216002e-06
1.9055999755859374 8.838478989392785e-06
1.9065999755859375 8.779660711929834e-06
1.9075999755859374 9.80083152735652e-06
1.9085999755859375 1.1375108693609232e-05
1.9095999755859374 1.136728703801906e-05
1.9105999755859375 1.3386574333892164e-05
1.9115999755859374 1.3953476463877508e-05
1.9125999755859375 1.4200250696901362e-05
1.9135999755859374 1.7481390025565437e-05
1.9145999755859375 1.8317713710182176e-05
1.9155999755859374 2.024693688017535e-05
1.9165999755859375 2.1980117162747314e-05
1.9175999755859374 2.4427606511780613e-05
1.9185999755859375 2.738626123598177e-05
1.9195999755859374 3.0424411230252784e-05
1.9205999755859375 3.338761923061268e-05
1.9215999755859374 3.5768573762900446e-05
1.9225999755859375 4.154142872023256e-05
1.9235999755859374 4.525320377544221e-05
1.9245999755859375 5.015395363694638e-05
1.9255999755859374 5.705009380693687e-05
1.9265999755859375 6.357530747854229e-05
1.9275999755859374 6.983569801547939e-05
1.9285999755859375 7.70046647805392e-05
1.9295999755859374 9.126904674483947e-05
1.9305999755859375 9.784356218959396e-05
1.9315999755859374 0.00010980925349881262
1.9325999755859375 0.00012390102567128692
1.9335999755859374 0.00013858692047328318
1.9345999755859375 0.0001595324698252555
1.9355999755859374 0.0001755106935631205
1.9365999755859375 0.00019932899389798545
1.9375999755859374 0.00022505677712295546
1.9385999755859376 0.00025208024610184264
1.9395999755859374 0.00028205601530481133
1.9405999755859376 0.00031969349928922977
1.9415999755859374 0.00037224263666565347
1.9425999755859376 0.00040676430807752524
1.9435999755859374 0.00046947227587254217
1.9445999755859376 0.0005271060853147411
1.9455999755859374 0.0006027244669680539
1.9465999755859376 0.0006765851127250656
1.9475999755859374 0.0007807661465810572
1.9485999755859376 0.0008891039325682019
1.9495999755859375 0.0009771733371832089
1.9505999755859376 0.0011325897486844315
1.9515999755859375 0.0012829466859549722
1.9525999755859376 0.0014758122858922642
1.9535999755859375 0.0016633564984935198
1.9545999755859376 0.0019021532939390963
1.9555999755859375 0.0022370508301912746
1.9565999755859376 0.002510866020774928
1.9575999755859375 0.002850241199003228
1.9585999755859376 0.0033478362052380022
1.9595999755859375 0.003781902341015417
1.9605999755859376 0.004422136705605055
1.9615999755859375 0.005024564171054622
1.9625999755859376 0.00575124903949811
1.9635999755859375 0.006784927773818929
1.9645999755859376 0.007829470968475128
1.9655999755859375 0.009119835327251106
1.9665999755859376 0.010514053914828386
1.9675999755859375 0.012274527024112077
1.9685999755859376 0.013933568756373601
1.9695999755859375 0.016274822014772726
1.9705999755859376 0.019802104377771496
1.9715999755859375 0.022417967807895803
1.9725999755859376 0.02568240319495805
1.9735999755859375 0.02896501501297928
1.9745999755859376 0.03354824002196782
1.9755999755859375 0.03666360841825858
1.9765999755859376 0.04130564695402281
1.9775999755859375 0.046887368561077586
1.9785999755859376 0.0507038579212846
1.9795999755859375 0.05850269341716187
1.9805999755859376 0.06446753740042965
1.9815999755859375 0.07241782816098703
1.9825999755859376 0.08024127111664593
1.9835999755859375 0.08983905080437288
1.9845999755859376 0.10210300997200031
1.9855999755859375 0.11255126056187695
1.9865999755859376 0.12999207532728377
1.9875999755859375 0.1475309744362892
1.9885999755859376 0.16801581504284446
1.9895999755859375 0.1934677303327294
1.9905999755859376 0.21008007159858505
1.9915999755859375 0.23713541735774304
1.9925999755859376 0.2619852935113834
1.9935999755859375 0.28733220356764033
1.9945999755859376 0.31334571446113924
1.9955999755859375 0.33720111387506885
1.9965999755859376 0.3597633883432434
1.9975999755859375 0.3759248435893212
1.9985999755859376 0.3913644502155923
1.9995999755859375 0.41030248710212347
2.0005999755859376 0.42806344504646676
2.0015999755859375 0.4373165991496246
2.0025999755859374 0.448011890305952
2.0035999755859377 0.44889317461508643
2.0045999755859376 0.45633218029675515
2.0055999755859375 0.46599039428746825
2.0065999755859374 0.4688121290843343
2.0075999755859373 0.47080119045545155
2.0085999755859376 0.47224836582104024
2.0095999755859375 0.47357841817580026
2.0105999755859374 0.46927753627341556
2.0115999755859373 0.475577349504154
2.0125999755859376 0.4725350954969791
2.0135999755859375 0.4751338092127291
2.0145999755859374 0.47685743287088983
2.0155999755859373 0.472806133434847
2.0165999755859376 0.477407822476942
2.0175999755859375 0.47146279878693126
2.0185999755859374 0.4724601644628087
2.0195999755859373 0.47541762615161154
2.0205999755859376 0.4717907823145621
2.0215999755859375 0.47388327746008213
2.0225999755859374 0.46847939634606384
2.0235999755859373 0.4759315320776337
2.0245999755859376 0.46941271847149646
2.0255999755859375 0.47756489645296063
2.0265999755859374 0.47183362446398075
2.0275999755859373 0.4746630489039122
2.0285999755859376 0.4707298708714449
2.0295999755859375 0.47313657755379
2.0305999755859374 0.47506480680753715
2.0315999755859373 0.4700806812170433
2.0325999755859376 0.4758939373319775
2.0335999755859375 0.47620099414558603
2.0345999755859374 0.4707232292672104
2.0355999755859373 0.46714375710738343
2.0365999755859376 0.47998143874250054
2.0375999755859375 0.47161436026898673
2.0385999755859374 0.4757746934061545
2.0395999755859373 0.4722603911662754
2.0405999755859376 0.4662487339220128
2.0415999755859375 0.4759103421061672
2.0425999755859374 0.46992202046428827
2.0435999755859373 0.4704785619908404
2.0445999755859376 0.4689983020817752
2.0455999755859375 0.47019464285250817
2.0465999755859374 0.4695890602857765
2.0475999755859373 0.4708959010400291
2.04860009765625 0.46453822423658386
2.04960009765625 0.4600085756087341
2.05060009765625 0.47712584217282905
2.05160009765625 0.4662869335524207
2.05260009765625 0.4684431427513195
2.05360009765625 0.470020241510797
2.05460009765625 0.4661179198565826
2.05560009765625 0.46420706172310333
2.05660009765625 0.4690400977538581
2.05760009765625 0.4672148470482546
2.05860009765625 0.4693648344245307
2.05960009765625 0.4652485684372507
2.06060009765625 0.4745945060556137
2.06160009765625 0.4692103006117806
2.06260009765625 0.47733813945888937
2.06360009765625 0.4671793377431833
2.06460009765625 0.4693782840878804
2.06560009765625 0.4728390259113826
2.06660009765625 0.4716044782587717
2.06760009765625 0.4726899438672274
2.06860009765625 0.47901624355203387
2.06960009765625 0.47558416432379347
2.07060009765625 0.47831126606985835
2.07160009765625 0.4797453294271016
2.07260009765625 0.4770519261927082
2.07360009765625 0.4799135621696439
2.07460009765625 0.4759448697145941
2.07560009765625 0.4786437945711117
2.07660009765625 0.47701082328289846
2.07760009765625 0.4791762175357739
2.07860009765625 0.47834226301693133
2.07960009765625 0.4790046671288468
2.08060009765625 0.47477145064313253
2.08160009765625 0.48299236683426483
2.08260009765625 0.4725568458100138
2.08360009765625 0.4858952482795834
2.08460009765625 0.47836485642322
2.08560009765625 0.47906414680983234
2.08660009765625 0.4801310426330303
2.08760009765625 0.47720970894595105
2.08860009765625 0.4854059601664998
2.08960009765625 0.47857221175591025
2.09060009765625 0.4774150708827242
2.09160009765625 0.4713165073216836
2.09260009765625 0.47601468260708774
2.09360009765625 0.47887647421664287
2.09460009765625 0.48687700223735175
2.09560009765625 0.4723925101515244
2.09660009765625 0.48151597850755656
2.09760009765625 0.4724364172103395
2.09860009765625 0.4728708659491382
2.09960009765625 0.48350315738702854
2.10060009765625 0.4725181814725715
2.10160009765625 0.4696113201796947
2.10260009765625 0.4703551212713869
2.10360009765625 0.4749171613683363
2.10460009765625 0.4664245093155589
2.10560009765625 0.47194725550894234
2.10660009765625 0.472536796553509
2.10760009765625 0.45917961459816764
2.10860009765625 0.4772485232742214
2.10960009765625 0.46944153527460025
2.11060009765625 0.465149481204895
2.11160009765625 0.46665506776891835
2.11260009765625 0.4641127026741467
2.11360009765625 0.4736265363745086
2.11460009765625 0.46468189984461045
2.11560009765625 0.46744162557856694
2.11660009765625 0.4618607955962184
2.11760009765625 0.4723518152154066
2.11860009765625 0.46758463167096237
2.11960009765625 0.46969772892880907
2.12060009765625 0.4663507697876448
2.12160009765625 0.465794343729662
2.12260009765625 0.46628043395908203
2.12360009765625 0.46650587389634735
2.12460009765625 0.4652306058964731
2.12560009765625 0.47146012374371804
2.12660009765625 0.47107173572427075
2.12760009765625 0.4665711103592822
2.12860009765625 0.477417298314507
2.12960009765625 0.4708606324703091
2.13060009765625 0.47595579275291844
2.13160009765625 0.4688297120092601
2.13260009765625 0.4684987997843495
2.13360009765625 0.4737961651457678
2.13460009765625 0.47019203464821496
2.13560009765625 0.47636956193589447
2.13660009765625 0.4694288696539635
2.13760009765625 0.47304768435193334
2.13860009765625 0.47105792605587926
2.13960009765625 0.4776774484058258
2.14060009765625 0.471228579056656
2.14160009765625 0.4698424137188445
2.14260009765625 0.47321181265553874
2.14360009765625 0.47302680572631184
2.14460009765625 0.4676028544859443
2.14560009765625 0.47358508265568394
2.14660009765625 0.47390970728554216
2.14760009765625 0.47180830938908513
2.14860009765625 0.46853208386753803
2.14960009765625 0.4723722864825449
2.15060009765625 0.46943661139368825
2.15160009765625 0.4677914585229904
2.15260009765625 0.4673794836641567
2.15360009765625 0.4685057841422091
2.15460009765625 0.4694376888698254
2.15560009765625 0.46930267518180235
2.15660009765625 0.4728559849160202
2.15760009765625 0.463863889165451
2.15860009765625 0.469396747454159
2.15960009765625 0.46412444963264254
2.16060009765625 0.46484772388463946
2.16160009765625 0.4642872007186081
2.16260009765625 0.4671460949426709
2.16360009765625 0.4640406598729173
2.16460009765625 0.4570835424298049
2.16560009765625 0.4674139215510227
2.16660009765625 0.4605317211875867
2.16760009765625 0.46454605986269254
2.16860009765625 0.4579300016878366
2.16960009765625 0.4655488059470346
2.17060009765625 0.4589887400502343
2.17160009765625 0.4581738133860894
2.17260009765625 0.46548949528528316
2.17360009765625 0.4539614544444782
2.17460009765625 0.4587877962112594
2.17560009765625 0.4658008369702977
2.17660009765625 0.4597577596705218
2.17760009765625 0.460438277543837
2.17860009765625 0.455790102696357
2.17960009765625 0.45363875612421356
2.18060009765625 0.46416883550457205
2.18160009765625 0.4600834897790461
2.18260009765625 0.4575162168719489
2.18360009765625 0.4582153996263031
2.18460009765625 0.4495693816128989
2.18560009765625 0.4543083858902377
2.18660009765625 0.4462326953552479
2.18760009765625 0.4442441966509071
2.18860009765625 0.43820428099164255
2.18960009765625 0.43493729410949056
2.19060009765625 0.4241717045728163
2.19160009765625 0.4130535950807783
2.19260009765625 0.402358642975805
2.19360009765625 0.3836279307038426
2.19460009765625 0.371795008824097
2.19560009765625 0.35116182116544237
2.19660009765625 0.3314523455000789
2.19760009765625 0.31160640230118
2.19860009765625 0.287799522482704
2.19960009765625 0.26718648770391096
2.20060009765625 0.24553174685489235
2.20160009765625 0.23364993275078572
2.20260009765625 0.2128386065639304
2.20360009765625 0.19569599670052495
2.20460009765625 0.18319670310445935
2.20560009765625 0.1684104602714911
2.20660009765625 0.15729438760226983
2.20760009765625 0.1431420562609318
2.20860009765625 0.13164477148238532
2.20960009765625 0.11971154365569958
2.21060009765625 0.10880417572927055
2.21160009765625 0.09769409473002591
2.21260009765625 0.08611726920092856
2.21360009765625 0.07848520861837785
2.21460009765625 0.069339492933548
2.21560009765625 0.060714305864201665
2.21660009765625 0.05285927053871851
2.21760009765625 0.04536586332083105
2.21860009765625 0.039460260248679865
2.21960009765625 0.03458489128183893
2.22060009765625 0.030253956487699088
2.22160009765625 0.0255584781583268
2.22260009765625 0.02216216125799201
2.22360009765625 0.01900733749169333
2.22460009765625 0.016465187885436366
2.22560009765625 0.014265520647499613
2.22660009765625 0.01225291712837799
2.22760009765625 0.010536214476850249
2.22860009765625 0.009353416340234929
2.22960009765625 0.008096213808879784
2.23060009765625 0.007048542169954728
2.23160009765625 0.006138612002166102
2.23260009765625 0.005334799900395252
2.23360009765625 0.004649539866777837
2.23460009765625 0.004073597071271114
2.23560009765625 0.0035794553625349192
2.23660009765625 0.003122887356798291
2.23760009765625 0.002757242307605468
2.23860009765625 0.00241381399252505
2.23960009765625 0.0021111477819247427
2.24060009765625 0.0018698708681024732
2.24160009765625 0.0016083909049990045
2.24260009765625 0.00146802089602426
2.24360009765625 0.0012727533539491822
2.24460009765625 0.0011414963705195834
2.24560009765625 0.0009942753616340077
2.24660009765625 0.0008759629383622209
2.24760009765625 0.0007795065087258474
2.24860009765625 0.0006845443566757946
2.24960009765625 0.0006241946287603901
2.25060009765625 0.000545729977393772
2.25160009765625 0.0004785586041999191
2.25260009765625 0.0004327069265148548
2.25360009765625 0.0003842181439060927
2.25460009765625 0.0003382096403634038
2.25560009765625 0.00030043749205975934
2.25660009765625 0.00027223447409972215
2.25760009765625 0.00024715693034512446
2.25860009765625 0.00022061597020364888
2.25960009765625 0.0001981784540615064
2.26060009765625 0.0001743603329793975
2.26160009765625 0.00016022690444953742
2.26260009765625 0.0001418845304348498
2.26360009765625 0.0001298321584257343
2.26460009765625 0.0001162401527688423
2.26560009765625 0.00010888870881198203
2.26660009765625 8.92955260788727e-05
2.26760009765625 8.438879057526887e-05
2.26860009765625 8.028426189570538e-05
2.26960009765625 7.14262664525542e-05
2.27060009765625 6.50085488358269e-05
2.27160009765625 6.251959569874156e-05
2.27260009765625 5.685053781072022e-05
2.27360009765625 5.069405187338192e-05
2.27460009765625 4.6563120475404705e-05
2.27560009765625 4.45275464188211e-05
2.27660009765625 4.0382363059235494e-05
2.27760009765625 3.8152351643182444e-05
2.27860009765625 3.402210650280124e-05
2.27960009765625 3.224663177347162e-05
2.28060009765625 3.166649109921292e-05
2.28160009765625 2.832855687837086e-05
2.28260009765625 2.7162875235470852e-05
2.28360009765625 2.4556710486044736e-05
2.28460009765625 2.1182632073645883e-05
2.28560009765625 2.1998090581688545e-05
2.28660009765625 1.9581791097025203e-05
2.28760009765625 1.9549579982460802e-05
2.28860009765625 1.9226219641610836e-05
2.28960009765625 1.7536954974283086e-05
2.29060009765625 1.6450809802043446e-05
2.29160009765625 1.6855858689591763e-05
2.29260009765625 1.616063139208642e-05
2.29360009765625 1.4836136034202001e-05
2.29460009765625 1.4513900232409192e-05
2.29560009765625 1.3327888086911215e-05
2.29660009765625 1.2424705187947595e-05
2.29760009765625 1.2263894313493999e-05
2.29860009765625 1.1514059811772433e-05
2.29960009765625 1.1437650466834218e-05
2.30060009765625 1.0167074551594725e-05
2.30160009765625 1.1054974078254144e-05
2.30260009765625 1.0714483344552644e-05
2.30360009765625 9.968063900765056e-06
2.30460009765625 9.020655788869899e-06
2.30560009765625 8.82097786858916e-06
2.30660009765625 8.215792584019397e-06
2.30760009765625 6.796206400798028e-06
2.30860009765625 7.916264224805918e-06
2.30960009765625 6.71624487962575e-06
2.31060009765625 6.95913819203046e-06
2.31160009765625 6.324843039600749e-06
2.31260009765625 6.861938283032649e-06
2.31360009765625 6.382163431655795e-06
2.31460009765625 5.982781443195618e-06
2.31560009765625 5.300294443086737e-06
2.31660009765625 5.7308266985821915e-06
2.31760009765625 4.3345817498590275e-06
2.31860009765625 4.582679979732532e-06
2.31960009765625 4.657713432939972e-06
2.32060009765625 3.825340438529797e-06
2.32160009765625 3.630094439067329e-06
2.32260009765625 4.25566346767247e-06
2.32360009765625 3.3729369108029074e-06
2.32460009765625 2.9716012537218756e-06
2.32560009765625 3.019118172732224e-06
2.32660009765625 2.6529789907046e-06
2.32760009765625 2.2108895438685435e-06
2.32860009765625 2.1023763178995726e-06
2.32960009765625 2.416963088863482e-06
2.33060009765625 2.460094830470652e-06
2.33160009765625 1.6752184896510254e-06
2.33260009765625 1.937747281601505e-06
2.33360009765625 1.7764438615722688e-06
2.33460009765625 1.2293992694856576e-06
2.33560009765625 1.570374287194034e-06
2.33660009765625 1.016963805137742e-06
2.33760009765625 1.3164544557638313e-06
2.33860009765625 1.356015577473691e-06
2.33960009765625 1.2071318637809084e-06
2.34060009765625 1.1697832992057656e-06
2.34160009765625 8.291697371837679e-07
2.34260009765625 8.307787410705308e-07
2.34360009765625 1.0506492919258836e-06
2.34460009765625 1.1340130391728956e-06
2.34560009765625 8.8791163019133e-07
2.34660009765625 8.598955092439477e-07
2.34760009765625 8.237923178598099e-07
2.34860009765625 8.395890144321125e-07
2.34960009765625 5.889483952039004e-07
2.35060009765625 8.903681468578093e-07
2.35160009765625 7.933698442709984e-07
2.35260009765625 7.765833427433352e-07
2.35360009765625 6.159891528846378e-07
2.35460009765625 8.310722345391169e-07
2.35560009765625 8.283234160303106e-07
2.35660009765625 5.322655268370217e-07
2.35760009765625 6.054754344391458e-07
2.35860009765625 4.478345955023098e-07
2.35960009765625 4.84456347096639e-07
2.36060009765625 5.049982402584869e-07
2.36160009765625 5.222800807832126e-07
2.36260009765625 5.212812758676453e-07
2.36360009765625 3.7864628742515315e-07
2.36460009765625 4.3344422506545036e-07
2.36560009765625 3.1813773984421896e-07
2.36660009765625 3.3159799751988507e-07
2.36760009765625 4.2776499437037434e-07
2.36860009765625 1.6016696533098068e-07
2.36960009765625 2.1287946419284918e-07
2.37060009765625 2.1442486665777308e-07
2.37160009765625 1.752769475046056e-07
2.37260009765625 2.1100236651654788e-07
2.37360009765625 1.1891633407375534e-07
2.37460009765625 9.220011830001511e-08
2.37560009765625 1.0792344207172095e-07
2.37660009765625 5.434198687162922e-08
2.37760009765625 8.966096482001831e-08
2.37860009765625 9.761131976622001e-08
2.37960009765625 8.067994268407514e-08
2.38060009765625 9.598742238363784e-08
2.38160009765625 6.817621108157365e-08
2.38260009765625 5.726839762330581e-08
2.38360009765625 4.689816890320848e-08
2.38460009765625 4.164643217201988e-08
2.38560009765625 6.185834485443251e-08
2.38660009765625 3.303055044619574e-08
2.38760009765625 5.46345513076898e-08
2.38860009765625 4.0140954075732124e-08
2.38960009765625 4.717872426176186e-08
2.39060009765625 3.0312667295911646e-08
2.39160009765625 2.4658309170740664e-08
2.39260009765625 3.3807818912214246e-08
2.39360009765625 2.2726981489226245e-08
2.39460009765625 2.2925751951408863e-08
2.39560009765625 1.9845961493052934e-08
2.39660009765625 2.6373791989299057e-08
2.39760009765625 1.9038590231126966e-08
2.39860009765625 1.98423483373556e-08
2.39960009765625 9.225652676191798e-09
2.40060009765625 1.2488185346199387e-08
2.40160009765625 8.940990180933133e-09
2.40260009765625 1.1327009932509369e-08
2.40360009765625 5.556865815542674e-09
2.40460009765625 7.697372966436593e-09
2.40560009765625 6.1447751357256734e-09
2.40660009765625 7.030020507661609e-09
2.40760009765625 4.226532465614421e-09
2.40860009765625 4.46249579821508e-09
2.40960009765625 3.4167518184133245e-09
2.41060009765625 2.5014497147696537e-09
2.41160009765625 3.6412739343288646e-09
2.41260009765625 2.8575795431825087e-09
2.41360009765625 2.8529824353732954e-09
2.41460009765625 2.1056951930206135e-09
2.41560009765625 2.292551085756962e-09
2.41660009765625 1.570749968659415e-09
2.41760009765625 2.1368651501840845e-09
2.41860009765625 1.6117650774735835e-09
2.41960009765625 8.276892635256538e-10
2.42060009765625 1.0533843164388083e-09
2.42160009765625 6.955710495766483e-10
2.42260009765625 1.2791243814821911e-09
2.42360009765625 3.51398633934157e-10
2.42460009765625 9.06126872976616e-10
2.42560009765625 4.5853076216353757e-10
2.42660009765625 5.858899750847634e-10
2.42760009765625 1.8090752661212224e-10
2.42860009765625 2.787670111273657e-10
2.42960009765625 2.7427840118612216e-10
2.43060009765625 4.755414597156065e-10
2.43160009765625 2.408086792967839e-10
2.43260009765625 2.4256532043798284e-10
2.43360009765625 2.3568911121002964e-10
2.43460009765625 2.1507155029516507e-10
2.43560009765625 1.1491672883243274e-10
2.43660009765625 2.014518498200136e-10
2.43760009765625 1.3389811721775707e-10
2.43860009765625 8.224041668806398e-11
2.43960009765625 1.1506973875642267e-10
2.44060009765625 1.0145791892719954e-10
2.44160009765625 1.1383896824310005e-10
2.44260009765625 1.0883020365375065e-10
2.44360009765625 9.887411968561055e-11
2.44460009765625 8.365788785972501e-11
2.44560009765625 1.5061177503837606e-11
2.44660009765625 7.622223763350248e-11
2.44760009765625 5.607372658163248e-11
2.44860009765625 6.211014206218419e-11
2.44960009765625 1.2585140059555073e-11
2.45060009765625 4.4721828484970116e-11
2.45160009765625 3.481624466267499e-11
2.45260009765625 5.7308134753417204e-11
2.45360009765625 3.3524101608276556e-11
2.45460009765625 3.6788119530083783e-11
2.45560009765625 1.7890788032839812e-11
2.45660009765625 5.861159938337401e-11
2.45760009765625 2.6039316667408814e-12
2.45860009765625 2.639189018467652e-11
2.45960009765625 3.244221875106613e-11
2.46060009765625 2.082504932101186e-11
2.46160009765625 1.2388953582513788e-11
2.46260009765625 7.503566334033944e-12
2.46360009765625 6.57762465314911e-12
2.46460009765625 8.573205549203176e-12
2.46560009765625 1.1228648606386983e-11
2.46660009765625 7.177633939247312e-12
2.46760009765625 1.2705321301455104e-11
2.46860009765625 8.69343628216169e-12
2.46960009765625 7.62916593443012e-12
2.47060009765625 4.162353811309682e-12
2.47160009765625 6.5416859914888865e-12
2.47260009765625 4.152538056731815e-12
2.47360009765625 5.097449077610247e-12
2.47460009765625 3.5492697556722737e-12
2.47560009765625 6.21818552372534e-12
2.47660009765625 5.643490300590566e-12
2.47760009765625 1.0567570956341855e-12
2.47860009765625 2.1631861466366113e-12
2.47960009765625 3.1192981438424073e-12
2.48060009765625 1.1722625850011863e-12
2.48160009765625 2.4648620117675308e-12
2.48260009765625 1.9440248958928593e-12
2.48360009765625 2.1278172880081205e-12
2.48460009765625 1.3219259929939003e-12
2.48560009765625 9.369923842030752e-13
2.48660009765625 9.213317613571921e-13
2.48760009765625 1.3574796147068922e-12
2.48860009765625 1.1616994083582498e-12
2.48960009765625 1.3367278626585429e-12
2.49060009765625 4.1701352388026026e-13
2.49160009765625 9.947629915922412e-13
2.49260009765625 7.208288226489673e-13
2.49360009765625 2.77853897766778e-13
2.49460009765625 6.557724946847605e-13
2.49560009765625 6.158340767182142e-13
2.49660009765625 5.230543708139697e-13
2.49760009765625 4.945573104938675e-13
2.49860009765625 3.880611382389389e-13
2.49960009765625 4.476069133578731e-13
2.50060009765625 3.2838086253443276e-13
2.50160009765625 5.925308879718105e-14
2.50260009765625 4.561059665042008e-13
2.50360009765625 3.115724506031645e-13
2.50460009765625 1.3637598291111564e-13
2.50560009765625 9.828838904779245e-14
2.50660009765625 4.462291719450225e-14
2.50760009765625 2.1303777608286636e-13
2.50860009765625 1.1053853365410252e-13
2.50960009765625 1.7600998847703542e-13
2.51060009765625 2.946955322011623e-13
2.51160009765625 9.363508263759341e-14
2.51260009765625 8.570191587214204e-14
2.51360009765625 8.723755923921653e-14
2.51460009765625 1.6170798586953197e-13
2.51560009765625 8.444738183436911e-14
2.51660009765625 1.2448534206448278e-13
2.51760009765625 1.164365848262962e-13
2.51860009765625 7.357555492559042e-14
2.51960009765625 8.216409562175429e-14
2.52060009765625 9.392257201494164e-14
2.52160009765625 8.819569901628347e-14
2.52260009765625 2.3819033470296926e-14
2.52360009765625 7.265563415493326e-14
2.52460009765625 5.200499930548994e-14
2.52560009765625 3.6317703269434426e-14
2.52660009765625 6.810556003339724e-14
2.52760009765625 5.510763105836513e-14
2.52860009765625 3.622734616316559e-14
2.52960009765625 3.372837205184361e-14
2.53060009765625 1.5805391552455326e-14
2.53160009765625 4.116254602167792e-14
2.53260009765625 5.187267316252053e-14
2.53360009765625 2.99362743019444e-14
2.53460009765625 3.199090361922587e-14
2.53560009765625 3.478869204612667e-14
2.53660009765625 3.435785503180745e-14
2.53760009765625 1.163022467261844e-14
2.53860009765625 2.752299404613545e-14
2.53960009765625 1.5726064436540868e-14
2.54060009765625 2.1214516903070335e-14
2.54160009765625 1.6767795866142516e-14
2.54260009765625 2.8623114703888434e-14
2.54360009765625 3.61667416236995e-15
2.54460009765625 2.101526144891206e-14
2.54560009765625 1.3356506047917098e-14
2.54660009765625 1.6583903574001582e-14
2.54760009765625 1.007770195139172e-14
2.54860009765625 8.263398215480868e-15
2.54960009765625 1.7445176990222948e-14
2.55060009765625 6.892359385611665e-15
2.55160009765625 3.951658226047973e-15
2.55260009765625 7.344392072682808e-15
2.55360009765625 6.919401090623786e-15
2.55460009765625 4.828550920136498e-15
2.55560009765625 9.802784427535244e-15
2.55660009765625 7.86316769100893e-15
2.55760009765625 6.905839778898187e-15
2.55860009765625 3.939141308155409e-15
2.55960009765625 7.428691981399824e-15
2.56060009765625 4.104249286181841e-15
2.56160009765625 4.1140298700688434e-15
2.56260009765625 5.2582093768631475e-15
2.56360009765625 4.137347303756766e-15
2.56460009765625 3.858790776575411e-15
2.56560009765625 2.1698319666011017e-15
2.56660009765625 1.6987927434608646e-15
2.56760009765625 2.104118545095084e-15
2.56860009765625 2.306327290608342e-15
2.56960009765625 7.754355672708892e-16
2.57060009765625 2.0528715815685484e-15
2.57160009765625 1.3786952010538832e-15
2.57260009765625 1.1498467651475311e-15
2.57360009765625 1.1148346135898383e-15
2.57460009765625 1.3766394927765901e-15
2.57560009765625 1.8568442320208952e-15
2.57660009765625 1.3825308036417486e-15
2.57760009765625 9.45719596488678e-16
2.57860009765625 1.1025277462601544e-15
2.57960009765625 4.630065562188455e-16
2.58060009765625 7.266634676218708e-16
2.58160009765625 1.113261778243359e-15
2.58260009765625 3.164885852465667e-16
2.58360009765625 5.041050993648591e-16
2.58460009765625 5.551584753040196e-16
2.58560009765625 7.522368249828334e-16
2.58660009765625 5.050362021637935e-16
2.58760009765625 3.779838882622809e-16
2.58860009765625 5.707486304500947e-16
2.58960009765625 4.379632762830497e-16
2.59060009765625 2.3772128968319855e-16
2.59160009765625 3.961405444520298e-16
2.59260009765625 3.558388081114346e-16
2.59360009765625 6.689616932093946e-17
2.59460009765625 1.759767281931163e-16
2.59560009765625 6.492864569920858e-17
2.59660009765625 1.3798811533944223e-16
2.59760009765625 1.8514541163225717e-16
2.59860009765625 1.0585101559399194e-16
2.59960009765625 1.015635283894435e-16
2.60060009765625 9.663580889113607e-17
