microns throughput
0.5502999877929687 4.94566546266309e-11
0.5512999877929687 3.11663444817705e-10
0.5522999877929687 3.720109442661436e-11
0.5532999877929687 1.1048619677983869e-10
0.5542999877929687 7.785161282990498e-10
0.5552999877929687 7.780906624285361e-10
0.5562999877929687 3.970097380642404e-10
0.5572999877929687 2.8789058955700396e-10
0.5582999877929687 1.9921957313880925e-10
0.5592999877929687 9.907483309698609e-13
0.5602999877929687 1.1553108646080372e-12
0.5612999877929687 1.0896246452180075e-09
0.5622999877929687 4.733561429976882e-11
0.5632999877929687 4.748034806427298e-10
0.5642999877929687 4.778495679757307e-10
0.5652999877929688 6.013453050959928e-10
0.5662999877929688 3.2183928419348967e-10
0.5672999877929688 9.264364445639173e-11
0.5682999877929688 1.4423652460940047e-09
0.5692999877929688 1.0074265784529934e-10
0.5702999877929688 1.2469279485122014e-09
0.5712999877929688 2.7567473984425245e-10
0.5722999877929688 1.1230891694530867e-09
0.5732999877929688 1.465408741597778e-09
0.5742999877929688 2.981615387513483e-09
0.5752999877929688 1.2642580152352964e-09
0.5762999877929688 9.280601432253408e-10
0.5772999877929688 4.1396214784921124e-10
0.5782999877929688 4.700995232337139e-10
0.5792999877929688 1.8190994700603926e-09
0.5802999877929688 5.2542649534075926e-11
0.5812999877929688 7.022473815514042e-09
0.5822999877929688 8.124509999538849e-10
0.5832999877929688 2.759549799347556e-09
0.5842999877929688 5.67658803556137e-09
0.5852999877929688 1.4040030935627484e-09
0.5862999877929688 2.2449501833911036e-09
0.5872999877929688 3.8885382298917153e-10
0.5882999877929688 2.4433509817528074e-09
0.5892999877929688 2.2702097255631283e-10
0.5902999877929688 2.118368723506351e-09
0.5912999877929688 2.6616967012113996e-09
0.5922999877929688 7.293551414992844e-09
0.5932999877929688 3.3299312564614505e-09
0.5942999877929688 1.933728785793061e-09
0.5952999877929688 3.462708797170957e-09
0.5962999877929688 5.6580953177272406e-09
0.5972999877929688 1.3949437495932928e-09
0.5982999877929688 4.784577811732414e-09
0.5992999877929688 5.455058977059883e-10
0.6002999877929688 2.430467235338596e-09
0.6012999877929688 7.968051974496433e-09
0.6022999877929688 7.4270219371045236e-09
0.6032999877929688 2.043236755984018e-09
0.6042999877929688 4.98990718244083e-09
0.6052999877929688 5.449784731065608e-09
0.6062999877929688 6.158453502408488e-10
0.6072999877929688 5.996155140906898e-09
0.6082999877929688 4.0474995925380155e-09
0.6092999877929688 1.187061774736547e-11
0.6102999877929688 1.2772001198758141e-08
0.6112999877929688 1.511040652863942e-08
0.6122999877929688 8.227676321778051e-09
0.6132999877929688 5.157657235722404e-09
0.6142999877929688 1.2009823891618696e-08
0.6152999877929688 4.351257740750302e-09
0.6162999877929688 7.586059531748108e-09
0.6172999877929688 4.668881159473333e-09
0.6182999877929688 1.173455101222331e-08
0.6192999877929688 2.0274425551616452e-08
0.6202999877929688 2.4293406756617168e-08
0.6212999877929688 2.4076604656819487e-08
0.6222999877929688 2.4018590217128545e-08
0.6232999877929688 2.0161248187402387e-08
0.6242999877929688 1.1931837758915221e-08
0.6252999877929688 2.242832680303675e-08
0.6262999877929688 2.6428406319718737e-08
0.6272999877929688 1.697306532350864e-08
0.6282999877929687 3.7956555691667405e-08
0.6292999877929687 4.117701787037863e-08
0.6302999877929687 3.946103971352335e-08
0.6312999877929687 6.788546214963168e-08
0.6322999877929687 6.991726889784094e-08
0.6332999877929687 7.139479768431284e-08
0.6342999877929687 8.244294864187088e-08
0.6352999877929687 8.105068030334042e-08
0.6362999877929687 9.534719656207122e-08
0.6372999877929687 7.653637754728973e-08
0.6382999877929687 1.080354997350155e-07
0.6392999877929687 1.4209082419466958e-07
0.6402999877929687 1.5860918832111872e-07
0.6412999877929687 1.8823500721092858e-07
0.6422999877929687 1.9757357623593133e-07
0.6432999877929687 2.0574923341351942e-07
0.6442999877929687 1.7768077098922302e-07
0.6452999877929687 1.5223515047289138e-07
0.6462999877929687 1.2892624106522927e-07
0.6472999877929687 1.076627529765318e-07
0.6482999877929687 1.185208283843789e-07
0.6492999877929687 1.1210984077173494e-07
0.6502999877929687 1.0742164423897744e-07
0.6512999877929687 1.135016789823636e-07
0.6522999877929687 1.0342067087511763e-07
0.6532999877929687 9.087832654890093e-08
0.6542999877929687 4.6235932677041756e-08
0.6552999877929687 5.451620889491172e-08
0.6562999877929687 5.171575656730418e-08
0.6572999877929687 4.918756567355011e-08
0.6582999877929687 5.616145095330518e-08
0.6592999877929687 6.828939397779094e-08
0.6602999877929687 3.371650173452693e-08
0.6612999877929687 5.3207014978886826e-08
0.6622999877929687 2.8930875999320292e-08
0.6632999877929687 2.9330728682938137e-08
0.6642999877929687 2.4732999512727668e-08
0.6652999877929687 2.3219220567066272e-08
0.6662999877929687 3.0081700089289457e-08
0.6672999877929687 4.440478265222647e-08
0.6682999877929687 5.811119918727488e-09
0.6692999877929687 9.974351519131528e-09
0.6702999877929687 2.755780601514115e-08
0.6712999877929687 4.484145626090025e-08
0.6722999877929687 3.1388404670315205e-08
0.6732999877929687 3.214399927866888e-08
0.6742999877929687 3.730911611422867e-08
0.6752999877929687 1.0827655562472978e-08
0.6762999877929687 1.4958064798664585e-08
0.6772999877929687 3.7135772903110594e-08
0.6782999877929687 1.3681674663214534e-08
0.6792999877929687 3.459767024503716e-08
0.6802999877929687 3.742946423276264e-08
0.6812999877929687 2.5202717136973704e-08
0.6822999877929687 2.3234529250606015e-08
0.6832999877929687 3.3515834572606303e-08
0.6842999877929687 3.086215635642661e-08
0.6852999877929687 4.1084579753780544e-08
0.6862999877929687 1.7864517754827677e-08
0.6872999877929687 2.334550442557336e-08
0.6882999877929687 3.7311639177705366e-08
0.6892999877929687 5.5767005967655274e-08
0.6902999877929688 3.4374104012791806e-08
0.6912999877929688 3.362477869396532e-08
0.6922999877929688 4.1139505297834136e-08
0.6932999877929688 6.747751011729155e-08
0.6942999877929688 2.3853994696996957e-08
0.6952999877929688 3.98075700979204e-08
0.6962999877929688 1.2080899570226139e-08
0.6972999877929688 9.761210320587893e-09
0.6982999877929688 3.331104207843538e-08
0.6992999877929688 1.6366130464887417e-08
0.7002999877929688 2.067531853934532e-08
0.7012999877929688 8.199172174244573e-09
0.7022999877929688 9.56267792730352e-10
0.7032999877929688 2.7189103261869172e-08
0.7042999877929688 1.493157424581168e-08
0.7052999877929688 3.3570810578833996e-08
0.7062999877929688 1.900464482990988e-08
0.7072999877929688 1.2345503911670017e-08
0.7082999877929688 1.1477723444828709e-08
0.7092999877929688 4.058879008702968e-08
0.7102999877929688 1.0221259935281603e-08
0.7112999877929688 2.9267672095774038e-08
0.7122999877929688 2.7059804609653707e-08
0.7132999877929688 1.0583703772424524e-08
0.7142999877929688 2.6450560738506697e-08
0.7152999877929688 1.988607759689158e-08
0.7162999877929688 1.6573274833348386e-08
0.7172999877929688 1.9929636912348416e-08
0.7182999877929688 1.8903622163051328e-08
0.7192999877929688 1.2646726907326697e-08
0.7202999877929688 3.080074035714765e-08
0.7212999877929688 2.6454287175164953e-08
0.7222999877929688 1.7033843952932383e-08
0.7232999877929688 1.4385205180883085e-08
0.7242999877929688 5.7501025588919566e-08
0.7252999877929688 1.9490476758476252e-08
0.7262999877929688 2.5373747117261966e-08
0.7272999877929688 6.738962793133813e-09
0.7282999877929688 1.1567161319828504e-08
0.7292999877929688 3.332246459855487e-08
0.7302999877929688 1.9113620187258556e-08
0.7312999877929688 1.0173891386540454e-08
0.7322999877929688 3.7356133039133623e-08
0.7332999877929688 1.5021557440105e-08
0.7342999877929688 1.939186579910293e-08
0.7352999877929688 2.076529411538041e-08
0.7362999877929688 6.186373842764878e-09
0.7372999877929688 2.3148509796769036e-08
0.7382999877929688 3.516426615027291e-08
0.7392999877929688 2.457824917279543e-08
0.7402999877929688 3.531916818473547e-08
0.7412999877929688 7.574909545087058e-08
0.7422999877929688 3.626701381784965e-08
0.7432999877929688 2.0785012800841833e-08
0.7442999877929688 1.4983745074713724e-08
0.7452999877929688 5.800833415904067e-09
0.7462999877929688 5.845798702488457e-08
0.7472999877929688 2.030011073249582e-08
0.7482999877929688 3.629663384306754e-08
0.7492999877929688 5.048372854482738e-09
0.7502999877929688 4.905996616479733e-08
0.7512999877929688 3.9983706849254094e-08
0.7522999877929688 5.234830665473483e-08
0.7532999877929687 3.810971863523773e-08
0.7542999877929687 3.25290957424701e-08
0.7552999877929687 3.391881596540938e-08
0.7562999877929687 3.3863758820651484e-08
0.7572999877929687 1.7783413406585103e-08
0.7582999877929687 4.7808556134727154e-08
0.7592999877929687 2.4930055396901008e-08
0.7602999877929687 3.087822352188484e-08
0.7612999877929687 4.622253434393145e-08
0.7622999877929687 4.911063064805856e-08
0.7632999877929687 2.8113128890497784e-08
0.7642999877929687 5.566418039325297e-08
0.7652999877929687 2.8792458807226532e-08
0.7662999877929687 5.195489490840525e-08
0.7672999877929687 5.702033582361074e-08
0.7682999877929687 4.225576772076252e-08
0.7692999877929687 4.2302575316834995e-08
0.7702999877929687 8.460424611613914e-08
0.7712999877929687 4.526333869663203e-08
0.7722999877929687 3.5224492466249626e-08
0.7732999877929687 6.373435528575686e-08
0.7742999877929687 5.5439588926209014e-08
0.7752999877929687 6.829479887260559e-08
0.7762999877929687 5.947373420440278e-08
0.7772999877929687 6.277641666818142e-08
0.7782999877929687 7.59861408254046e-08
0.7792999877929687 8.498863861089555e-08
0.7802999877929687 9.001452398218214e-08
0.7812999877929687 7.658933532906801e-08
0.7822999877929687 5.044691103774681e-08
0.7832999877929687 3.031410946768009e-08
0.7842999877929687 5.3551810099192734e-08
0.7852999877929687 3.42249265061697e-08
0.7862999877929687 2.7343589593502097e-08
0.7872999877929687 3.893768379353084e-08
0.7882999877929687 6.211695361863355e-08
0.7892999877929687 6.894570492445814e-08
0.7902999877929687 4.457150146222471e-08
0.7912999877929687 6.685862802912878e-08
0.7922999877929687 6.078782909224384e-08
0.7932999877929687 3.505680848719642e-08
0.7942999877929687 1.0637956751573336e-07
0.7952999877929687 1.1153139536420626e-07
0.7962999877929687 7.079560502577164e-08
0.7972999877929687 7.673014367799921e-08
0.7982999877929687 5.16970526970137e-08
0.7992999877929687 5.760406003646138e-08
0.8002999877929687 8.66736695113105e-08
0.8012999877929687 4.620732090543001e-08
0.8022999877929687 6.464430265035786e-08
0.8032999877929687 8.186421048179624e-08
0.8042999877929687 4.249465690292155e-08
0.8052999877929687 5.663404660123472e-08
0.8062999877929687 9.763313121030143e-08
0.8072999877929687 6.820814270156812e-08
0.8082999877929687 6.572813156995409e-08
0.8092999877929687 1.7770430274701594e-08
0.8102999877929687 7.343416374238038e-08
0.8112999877929687 7.692760355960095e-08
0.8122999877929687 4.733935887263334e-08
0.8132999877929687 4.039846571903668e-08
0.8142999877929687 1.412028361201746e-07
0.8152999877929688 1.0338710752652462e-07
0.8162999877929688 8.78877271976371e-08
0.8172999877929688 4.944435056079468e-08
0.8182999877929688 3.811610944078608e-08
0.8192999877929688 5.3981774037672274e-08
0.8202999877929688 4.634699427618834e-08
0.8212999877929688 8.844880549206731e-08
0.8222999877929688 4.4392894854221364e-08
0.8232999877929688 2.8739975487617035e-08
0.8242999877929688 4.72783283735558e-08
0.8252999877929688 6.857999724655839e-08
0.8262999877929688 1.1297758885740016e-07
0.8272999877929688 5.338139115396556e-08
0.8282999877929688 5.821495008500705e-08
0.8292999877929688 5.073366636445612e-08
0.8302999877929688 7.81381748971623e-08
0.8312999877929688 4.8801173421129065e-08
0.8322999877929688 5.7694727608747866e-08
0.8332999877929688 3.6672040417420846e-08
0.8342999877929688 8.822964094562235e-08
0.8352999877929688 4.9762787250199294e-08
0.8362999877929688 7.235971339761604e-08
0.8372999877929688 1.661480847574767e-08
0.8382999877929688 4.4843498155289905e-08
0.8392999877929688 7.630163423599647e-08
0.8402999877929688 5.167978140371897e-08
0.8412999877929688 6.847752688473998e-08
0.8422999877929688 5.188007976886124e-08
0.8432999877929688 7.563831850409961e-08
0.8442999877929688 1.0454186224374977e-07
0.8452999877929688 7.947806855992745e-08
0.8462999877929688 8.89479137460256e-08
0.8472999877929688 8.047563890297594e-08
0.8482999877929688 8.098079755610317e-08
0.8492999877929688 1.1776425658728261e-07
0.8502999877929688 8.126363285926394e-08
0.8512999877929688 7.390495713518072e-08
0.8522999877929688 7.332207972051837e-08
0.8532999877929688 7.130881089281195e-08
0.8542999877929688 9.362902946363153e-08
0.8552999877929688 1.368658723749762e-07
0.8562999877929688 1.5134431354998612e-07
0.8572999877929688 1.5356826784023443e-07
0.8582999877929688 1.302285697157976e-07
0.8592999877929688 1.454365104927053e-07
0.8602999877929688 1.527409386948994e-07
0.8612999877929688 2.604519252259448e-07
0.8622999877929688 2.154767364941805e-07
0.8632999877929688 3.158634077809546e-07
0.8642999877929688 2.922175508936376e-07
0.8652999877929688 3.184087378820985e-07
0.8662999877929688 1.418586347262744e-07
0.8672999877929688 5.8960668078652245e-08
0.8682999877929688 2.5424267647561387e-07
0.8692999877929688 5.0126552671571256e-08
0.8702999877929688 3.114063151364058e-08
0.8712999877929688 7.585795473464974e-08
0.8722999877929688 7.167038385777197e-08
0.8732999877929688 6.665220218885785e-08
0.8742999877929688 4.857524155677135e-08
0.8752999877929688 2.0589794680961632e-07
0.8762999877929688 2.4227659697583787e-07
0.8772999877929688 7.700728885400768e-07
0.8782999877929687 1.06461698783959e-07
0.8792999877929687 1.1205608826104341e-07
0.8802999877929687 5.932940549142238e-07
0.8812999877929687 4.134783318843849e-07
0.8822999877929687 6.26416856466588e-07
0.8832999877929687 6.531286082862055e-07
0.8842999877929687 3.106416219902992e-11
0.8852999877929687 8.29098140585137e-08
0.8862999877929687 2.3765888550655337e-07
0.8872999877929687 1.2588681125170855e-06
0.8882999877929687 1.2089803766473966e-06
0.8892999877929687 2.906951155657914e-07
0.8902999877929687 1.962048085581876e-08
0.8912999877929687 3.098005586957456e-07
0.8922999877929687 4.199472545233118e-08
0.8932999877929687 1.6908082451344344e-06
0.8942999877929687 1.847652600403875e-06
0.8952999877929687 1.4614107605092912e-06
0.8962999877929687 2.8344782511943226e-06
0.8972999877929687 3.670529541192129e-06
0.8982999877929687 4.12646072761813e-06
0.8992999877929687 2.689034584206006e-06
0.9002999877929687 1.8561420132558443e-06
0.9012999877929687 3.0906319853014395e-06
0.9022999877929687 2.554130544106746e-06
0.9032999877929687 2.7409909590399427e-06
0.9042999877929687 2.6717837772714405e-06
0.9052999877929687 1.4452783368706397e-06
0.9062999877929687 3.4069688683520734e-06
0.9072999877929687 2.4538290059257145e-06
0.9082999877929687 1.985432201801483e-06
0.9092999877929687 2.3444921475324785e-06
0.9102999877929687 2.127480016712851e-06
0.9112999877929687 2.6828590925723618e-06
0.9122999877929687 2.0064941250470327e-06
0.9132999877929687 2.189488433741842e-06
0.9142999877929687 2.2206703502806584e-06
0.9152999877929687 2.392167168869083e-06
0.9162999877929687 2.0515039358518913e-06
0.9172999877929687 2.614627610512275e-06
0.9182999877929687 2.3363200328820067e-06
0.9192999877929687 2.172891499302267e-06
0.9202999877929687 1.239677063758075e-06
0.9212999877929687 2.0847825713482728e-06
0.9222999877929687 1.58101701046638e-06
0.9232999877929687 1.8098699863469383e-06
0.9242999877929687 1.6625896102999727e-06
0.9252999877929687 1.714268794069651e-06
0.9262999877929687 1.545622611873607e-06
0.9272999877929687 2.2635116161888013e-06
0.9282999877929687 1.4831912291069581e-06
0.9292999877929687 1.0941896794726507e-06
0.9302999877929687 1.541216372541977e-06
0.9312999877929687 2.377540447017102e-06
0.9322999877929687 1.1633931759079345e-06
0.9332999877929687 2.0434866853166585e-06
0.9342999877929687 1.08329958612027e-06
0.9352999877929687 2.007917168757867e-06
0.9362999877929687 1.986359584285057e-06
0.9372999877929687 1.9002505077665445e-06
0.9382999877929687 1.6333986279160493e-06
0.9392999877929687 1.5845970436850472e-06
0.9402999877929688 1.8692604378515775e-06
0.9412999877929688 1.646043831178077e-06
0.9422999877929688 8.262255295145405e-07
0.9432999877929688 1.8858972231866952e-06
0.9442999877929688 1.7377486594406773e-06
0.9452999877929688 1.1564542579276172e-06
0.9462999877929688 1.7548957285224513e-06
0.9472999877929688 1.4596568816240222e-06
0.9482999877929688 1.1688396895694882e-06
0.9492999877929688 2.03602068879832e-06
0.9502999877929688 2.0200755049861636e-06
0.9512999877929688 1.2443335369219896e-06
0.9522999877929688 1.571545262327869e-06
0.9532999877929688 1.4026696476511465e-06
0.9542999877929688 1.4224269851424566e-06
0.9552999877929688 1.3933561066588314e-06
0.9562999877929688 9.07916813824938e-07
0.9572999877929688 8.61928437723316e-07
0.9582999877929688 1.3242511080818724e-06
0.9592999877929688 1.238232506244922e-06
0.9602999877929688 1.5305155453415023e-06
0.9612999877929688 1.2551620799092209e-06
0.9622999877929688 1.3366363861574324e-06
0.9632999877929688 1.3874776143860587e-06
0.9642999877929688 1.2692974526399642e-06
0.9652999877929688 1.1817716298379165e-06
0.9662999877929688 1.5735813046091937e-06
0.9672999877929688 1.1098118164722374e-06
0.9682999877929688 1.4590132643650976e-06
0.9692999877929688 7.046994781247896e-07
0.9702999877929688 8.724481699642771e-07
0.9712999877929688 1.250362789684185e-06
0.9722999877929688 1.1000068706030138e-06
0.9732999877929688 9.752292585339709e-07
0.9742999877929688 1.1934192843952372e-06
0.9752999877929688 1.1146071771869092e-06
0.9762999877929688 1.0196030529001138e-06
0.9772999877929688 1.1020244963970616e-06
0.9782999877929688 1.1346184467879805e-06
0.9792999877929688 1.2126407470526877e-06
0.9802999877929688 7.146636726513985e-07
0.9812999877929688 1.0586047049276316e-06
0.9822999877929688 1.0346428548385915e-06
0.9832999877929688 1.2447486091336433e-06
0.9842999877929688 1.1354630633130235e-06
0.9852999877929688 8.347594497758038e-07
0.9862999877929688 9.767568572224162e-07
0.9872999877929688 1.1045213147039915e-06
0.9882999877929688 9.609085965389936e-07
0.9892999877929688 7.015685315841303e-07
0.9902999877929688 1.2067073308593102e-06
0.9912999877929688 9.40586612053015e-07
0.9922999877929688 1.3314180779146926e-06
0.9932999877929688 9.904773569801057e-07
0.9942999877929688 1.0086630504190655e-06
0.9952999877929688 6.937534089821868e-07
0.9962999877929688 9.984870533810507e-07
0.9972999877929688 9.537004422063698e-07
0.9982999877929688 8.159143700833311e-07
0.9992999877929688 7.305869709245936e-07
1.0002999877929688 8.006200608579549e-07
1.0012999877929687 1.183180572614202e-06
1.0022999877929688 1.2195813541521365e-06
1.0032999877929687 1.1142954599501933e-06
1.0042999877929688 8.733326067194097e-07
1.0052999877929687 1.4471632802414324e-06
1.0062999877929688 1.0457096614346344e-06
1.0072999877929687 8.974707097853622e-07
1.0082999877929688 9.076284014763867e-07
1.0092999877929687 6.990575061797305e-07
1.0102999877929688 8.483187668249761e-07
1.0112999877929687 9.486613174621692e-07
1.0122999877929688 9.06940715393993e-07
1.0132999877929687 7.212314627614019e-07
1.0142999877929688 8.009065803266688e-07
1.0152999877929687 7.049671731902735e-07
1.0162999877929688 7.49261729962341e-07
1.0172999877929687 7.351819047764642e-07
1.0182999877929688 1.0060563105837223e-06
1.0192999877929687 8.106374718491217e-07
1.0202999877929688 8.270002485952248e-07
1.0212999877929687 1.034181054653083e-06
1.0222999877929688 9.800100914460245e-07
1.0232999877929687 8.251628166674365e-07
1.024300048828125 8.004502367276657e-07
1.025300048828125 8.35164285177043e-07
1.026300048828125 1.072162146745877e-06
1.027300048828125 7.52388124705511e-07
1.028300048828125 9.61829523588958e-07
1.029300048828125 1.076251499516404e-06
1.030300048828125 1.019081874033453e-06
1.031300048828125 6.420751491888036e-07
1.032300048828125 6.901317824914556e-07
1.033300048828125 5.552297601055673e-07
1.034300048828125 9.862915499545963e-07
1.035300048828125 7.59676866108906e-07
1.036300048828125 7.800238434617762e-07
1.037300048828125 9.708732950837738e-07
1.038300048828125 1.0275968423186255e-06
1.039300048828125 9.396607105407289e-07
1.040300048828125 1.2293363046394131e-06
1.041300048828125 1.206363153241224e-06
1.042300048828125 1.0997823036233662e-06
1.043300048828125 1.1485334032541497e-06
1.044300048828125 1.115129811680432e-06
1.045300048828125 1.0750197253312417e-06
1.046300048828125 8.05957583380418e-07
1.047300048828125 1.2783151272538331e-06
1.048300048828125 1.3880896012559987e-06
1.049300048828125 1.4476946004962025e-06
1.050300048828125 1.2088947664070267e-06
1.051300048828125 1.4479111504582661e-06
1.052300048828125 1.4047769739057741e-06
1.053300048828125 1.3712829613276334e-06
1.054300048828125 1.6238823431951753e-06
1.055300048828125 1.450808190397449e-06
1.056300048828125 1.6402437793136612e-06
1.057300048828125 1.462485007188126e-06
1.058300048828125 1.7854664032043574e-06
1.059300048828125 1.4736036980090796e-06
1.060300048828125 1.5195663093982208e-06
1.061300048828125 1.7825276334984057e-06
1.062300048828125 1.6604767748123504e-06
1.063300048828125 1.4823331854453587e-06
1.064300048828125 2.1208530391740016e-06
1.065300048828125 1.3768687933785527e-06
1.066300048828125 1.7282648448645521e-06
1.067300048828125 1.443909726033549e-06
1.068300048828125 9.995758458684647e-07
1.069300048828125 1.5222445698928979e-06
1.070300048828125 1.513236233355478e-06
1.071300048828125 1.4943930921524358e-06
1.072300048828125 1.55944637296109e-06
1.073300048828125 1.4522266717549369e-06
1.074300048828125 1.3332293844123215e-06
1.075300048828125 1.5976473181811122e-06
1.076300048828125 1.5487508968582867e-06
1.077300048828125 1.1516797515870589e-06
1.078300048828125 1.3647515823840294e-06
1.079300048828125 1.5169231416351113e-06
1.080300048828125 1.4952680748222146e-06
1.081300048828125 1.327862679662782e-06
1.082300048828125 1.1051753070017113e-06
1.083300048828125 1.180086295183792e-06
1.084300048828125 1.3188142912487374e-06
1.085300048828125 1.1166402042840374e-06
1.086300048828125 9.542220093248011e-07
1.087300048828125 1.0168325308597679e-06
1.088300048828125 9.927185787441778e-07
1.089300048828125 9.853977534978177e-07
1.090300048828125 9.611431308036297e-07
1.091300048828125 1.2480443926509637e-06
1.092300048828125 1.0992623627892914e-06
1.093300048828125 9.522769063896646e-07
1.094300048828125 1.0702281682714432e-06
1.095300048828125 1.245625924875993e-06
1.096300048828125 1.1000592467469808e-06
1.097300048828125 1.3162241275997262e-06
1.098300048828125 1.0984353391873973e-06
1.099300048828125 1.090601302132171e-06
1.100300048828125 1.2748307320366665e-06
1.101300048828125 1.0901023673383293e-06
1.102300048828125 1.2680222716709805e-06
1.103300048828125 1.2202770576766765e-06
1.104300048828125 1.1970288675473857e-06
1.105300048828125 1.3157507716396842e-06
1.106300048828125 1.3675589651760136e-06
1.107300048828125 1.2234530587670027e-06
1.108300048828125 1.1797379581752068e-06
1.109300048828125 1.2172220081889213e-06
1.110300048828125 9.119596452412881e-07
1.111300048828125 1.3636743348591972e-06
1.112300048828125 1.193873673705967e-06
1.113300048828125 1.228531403586569e-06
1.114300048828125 1.1559255803136653e-06
1.115300048828125 1.3357614649943273e-06
1.116300048828125 1.5049277319797404e-06
1.117300048828125 1.2305786024470803e-06
1.118300048828125 1.268944581658489e-06
1.119300048828125 1.5093427877219946e-06
1.120300048828125 1.323669329356574e-06
1.121300048828125 1.3782344824300464e-06
1.122300048828125 1.399739302560178e-06
1.123300048828125 1.1813632826263826e-06
1.124300048828125 1.3255211982686827e-06
1.125300048828125 1.1544800630541308e-06
1.126300048828125 1.1113422441733675e-06
1.127300048828125 1.1601894212609713e-06
1.128300048828125 1.332067663018922e-06
1.129300048828125 1.432229862952287e-06
1.130300048828125 1.2556562110493305e-06
1.131300048828125 1.2319957191464228e-06
1.132300048828125 1.3579879323826795e-06
1.133300048828125 9.093980836209114e-07
1.134300048828125 1.4087751967372202e-06
1.135300048828125 1.3736532404886703e-06
1.136300048828125 1.4427938448823738e-06
1.137300048828125 1.4452538081510146e-06
1.138300048828125 1.4575297491492991e-06
1.139300048828125 1.4430016274491046e-06
1.140300048828125 1.4200609739934197e-06
1.141300048828125 1.5513093880260484e-06
1.142300048828125 1.3833244096383624e-06
1.143300048828125 1.5775139480138646e-06
1.144300048828125 1.2132969169095162e-06
1.145300048828125 1.4655648153872348e-06
1.146300048828125 1.5447031398577967e-06
1.147300048828125 1.2963485120254834e-06
1.148300048828125 1.3177873557738983e-06
1.149300048828125 1.3667013052360668e-06
1.150300048828125 1.7253197819077706e-06
1.151300048828125 1.3610946019537796e-06
1.152300048828125 1.3799914145198386e-06
1.153300048828125 1.3858776978920481e-06
1.154300048828125 1.67394240543726e-06
1.155300048828125 1.3398068279884052e-06
1.156300048828125 1.4900971707563895e-06
1.157300048828125 1.4787354336527535e-06
1.158300048828125 1.6310324514860828e-06
1.159300048828125 1.432504167490988e-06
1.160300048828125 1.6068926389589787e-06
1.161300048828125 1.3705961364594512e-06
1.162300048828125 1.2546548730634145e-06
1.163300048828125 1.5590769724204205e-06
1.164300048828125 1.1744912526274422e-06
1.165300048828125 1.4337724371736523e-06
1.166300048828125 1.2776845353193737e-06
1.167300048828125 1.2637779519192682e-06
1.168300048828125 1.4678495427206625e-06
1.169300048828125 1.4226942386044635e-06
1.170300048828125 1.627702287060287e-06
1.171300048828125 1.486987519115992e-06
1.172300048828125 1.4729159500062356e-06
1.173300048828125 1.1677641844437821e-06
1.174300048828125 1.4234429246002468e-06
1.175300048828125 1.3005809458289942e-06
1.176300048828125 1.2615260920613691e-06
1.177300048828125 1.0850643928985493e-06
1.178300048828125 1.1284115006520098e-06
1.179300048828125 1.3764205881284682e-06
1.180300048828125 1.2306270150212105e-06
1.181300048828125 1.196376899996815e-06
1.182300048828125 9.491165832504034e-07
1.183300048828125 1.09824197492452e-06
1.184300048828125 1.323261100251499e-06
1.185300048828125 1.3385194549299727e-06
1.186300048828125 1.0611920675934989e-06
1.187300048828125 1.07504245547432e-06
1.188300048828125 1.2946888302657515e-06
1.189300048828125 1.40561482228952e-06
1.190300048828125 1.2392226245479094e-06
1.191300048828125 1.5550843824424267e-06
1.192300048828125 1.5416971840742021e-06
1.193300048828125 1.648511056357688e-06
1.194300048828125 1.4431551260985367e-06
1.195300048828125 1.2289478047447948e-06
1.196300048828125 1.2291799562007103e-06
1.197300048828125 1.4093095571083167e-06
1.198300048828125 1.428804860566976e-06
1.199300048828125 1.4822519462347526e-06
1.200300048828125 1.4433032588813212e-06
1.201300048828125 1.487867504205613e-06
1.202300048828125 1.609086773235192e-06
1.203300048828125 1.5524632331435398e-06
1.204300048828125 1.6029624809131792e-06
1.205300048828125 1.4934097170374075e-06
1.206300048828125 1.477491287938682e-06
1.207300048828125 1.3153051597626493e-06
1.208300048828125 1.4159166256949947e-06
1.209300048828125 1.5126902724715638e-06
1.210300048828125 1.2911572188129255e-06
1.211300048828125 1.3530204208138635e-06
1.212300048828125 1.3813121599296648e-06
1.213300048828125 1.381277483174674e-06
1.214300048828125 1.323627431850246e-06
1.215300048828125 1.3976023524650298e-06
1.216300048828125 1.591664785890362e-06
1.217300048828125 1.4218723638655846e-06
1.218300048828125 1.3582846276932376e-06
1.219300048828125 1.7297212402276495e-06
1.220300048828125 1.4248194261946116e-06
1.221300048828125 1.4374170466440925e-06
1.222300048828125 1.460005571284534e-06
1.223300048828125 1.4324383710213643e-06
1.224300048828125 1.2125139462383578e-06
1.225300048828125 1.196251361503478e-06
1.226300048828125 1.5157247866968964e-06
1.227300048828125 1.440674975157616e-06
1.228300048828125 1.287335419894651e-06
1.229300048828125 1.4465748891190726e-06
1.230300048828125 1.4879459930080198e-06
1.231300048828125 1.614009408593654e-06
1.232300048828125 1.2881475566308142e-06
1.233300048828125 1.4353369818925756e-06
1.234300048828125 1.2968553697790903e-06
1.235300048828125 1.3343977545670235e-06
1.236300048828125 1.4139816254331965e-06
1.237300048828125 1.329236864752847e-06
1.238300048828125 1.3866144076035845e-06
1.239300048828125 1.345170926034887e-06
1.240300048828125 1.5018730014280066e-06
1.241300048828125 1.7624714139499386e-06
1.242300048828125 1.62925835725356e-06
1.243300048828125 1.6191610550573428e-06
1.244300048828125 1.4051112490367027e-06
1.245300048828125 1.3275620201141958e-06
1.246300048828125 1.258655285110037e-06
1.247300048828125 1.1925847989070875e-06
1.248300048828125 1.3887865626376948e-06
1.249300048828125 1.1511803675695303e-06
1.250300048828125 1.1989764982881413e-06
1.251300048828125 1.3095794818544611e-06
1.252300048828125 1.186785091505414e-06
1.253300048828125 1.2272402700464526e-06
1.254300048828125 1.2279431768529542e-06
1.255300048828125 1.232405835648263e-06
1.256300048828125 1.2208486428013888e-06
1.257300048828125 1.4736719319078612e-06
1.258300048828125 1.295407558404013e-06
1.259300048828125 1.5342946555188872e-06
1.260300048828125 1.6978461672574459e-06
1.261300048828125 1.4348002778634127e-06
1.262300048828125 1.348569056768632e-06
1.263300048828125 1.4221374756338816e-06
1.264300048828125 1.5679934546361895e-06
1.265300048828125 1.3651660660852058e-06
1.266300048828125 1.5355075462163636e-06
1.267300048828125 1.6316411282429073e-06
1.268300048828125 1.4058182910525636e-06
1.269300048828125 1.3802727325864637e-06
1.270300048828125 1.4084838725756102e-06
1.271300048828125 1.3154689408150269e-06
1.272300048828125 1.5066477145880249e-06
1.273300048828125 1.6208773985389425e-06
1.274300048828125 1.5543076432179714e-06
1.275300048828125 1.6782957318992838e-06
1.276300048828125 1.5928031199147103e-06
1.277300048828125 1.4693331351033796e-06
1.278300048828125 1.3562047894218763e-06
1.279300048828125 1.518014082440298e-06
1.280300048828125 1.0805219945687962e-06
1.281300048828125 1.6300632628053583e-06
1.282300048828125 1.435414045688149e-06
1.283300048828125 1.2676684150245121e-06
1.284300048828125 1.1557380239434045e-06
1.285300048828125 1.0509313696345223e-06
1.286300048828125 1.0835244864301131e-06
1.287300048828125 1.201131425749511e-06
1.288300048828125 1.4685316557239986e-06
1.289300048828125 1.2411558992019806e-06
1.290300048828125 1.2936154173426823e-06
1.291300048828125 1.1626413241079792e-06
1.292300048828125 1.6192972548292134e-06
1.293300048828125 1.0753044374076583e-06
1.294300048828125 1.4162295097077273e-06
1.295300048828125 1.3503391693802031e-06
1.296300048828125 1.234776639236834e-06
1.297300048828125 1.3168695340618138e-06
1.298300048828125 1.3693591242936281e-06
1.299300048828125 1.1976825946337784e-06
1.300300048828125 1.515729230381306e-06
1.301300048828125 1.4654808908759347e-06
1.302300048828125 1.198741640721569e-06
1.303300048828125 1.4989458787598791e-06
1.304300048828125 1.3871911972434519e-06
1.305300048828125 1.1212324412860907e-06
1.306300048828125 1.2084915326343133e-06
1.307300048828125 1.0418801595491482e-06
1.308300048828125 1.085081128306495e-06
1.309300048828125 1.2573240403852397e-06
1.310300048828125 1.1570530352644537e-06
1.311300048828125 1.3789329798785268e-06
1.312300048828125 1.5252333698860783e-06
1.313300048828125 1.3738688982190975e-06
1.314300048828125 1.400835864071538e-06
1.315300048828125 1.2942563657189176e-06
1.316300048828125 1.2438685592766577e-06
1.317300048828125 1.1255395284388186e-06
1.318300048828125 1.3551578792422624e-06
1.319300048828125 1.42120870094242e-06
1.320300048828125 1.621618869786687e-06
1.321300048828125 1.056527844726109e-06
1.322300048828125 1.382429006418e-06
1.323300048828125 1.5656363466689458e-06
1.324300048828125 1.2185627157303601e-06
1.325300048828125 1.329921724386248e-06
1.326300048828125 1.1560587210344064e-06
1.327300048828125 1.0223269164722395e-06
1.328300048828125 1.1552279409451383e-06
1.329300048828125 1.1219955030992374e-06
1.330300048828125 1.2446185778180086e-06
1.331300048828125 1.3673029691956946e-06
1.332300048828125 1.406389769669235e-06
1.333300048828125 1.1202238466892987e-06
1.334300048828125 1.2827704699773517e-06
1.335300048828125 1.367198293633165e-06
1.336300048828125 1.5542787489872737e-06
1.337300048828125 1.4555986027075494e-06
1.338300048828125 1.3681563795241083e-06
1.339300048828125 1.3150549431798603e-06
1.340300048828125 1.2101404592563198e-06
1.341300048828125 1.1760036591322444e-06
1.342300048828125 9.733910986197744e-07
1.343300048828125 1.4271223586956303e-06
1.344300048828125 1.5499808726592996e-06
1.345300048828125 1.5670942922246097e-06
1.346300048828125 1.4448754677113315e-06
1.347300048828125 1.2566339108784252e-06
1.348300048828125 1.3759586878025377e-06
1.349300048828125 1.179156317985138e-06
1.350300048828125 1.5453191640937982e-06
1.351300048828125 1.2508517948181089e-06
1.352300048828125 1.3694548855260192e-06
1.353300048828125 1.2448600148149903e-06
1.354300048828125 1.4342377275254822e-06
1.355300048828125 1.6275624200288181e-06
1.356300048828125 1.4631024815186292e-06
1.357300048828125 1.4039840781848112e-06
1.358300048828125 1.5289771164993696e-06
1.359300048828125 1.6114865342684512e-06
1.360300048828125 1.4673205590484984e-06
1.361300048828125 1.4460024390249532e-06
1.362300048828125 1.4231897634097962e-06
1.363300048828125 1.4534262475179102e-06
1.364300048828125 1.3191344012798698e-06
1.365300048828125 1.5457745036592856e-06
1.366300048828125 9.035221872295667e-07
1.367300048828125 1.290436814820378e-06
1.368300048828125 1.3172515304319417e-06
1.369300048828125 1.5625203375960243e-06
1.370300048828125 1.708075381799383e-06
1.371300048828125 1.4114858059920573e-06
1.372300048828125 1.5387816812303963e-06
1.373300048828125 1.6114334798747512e-06
1.374300048828125 1.6018036806277218e-06
1.375300048828125 1.8174917156661652e-06
1.376300048828125 1.5405590817203874e-06
1.377300048828125 1.7489982375917304e-06
1.378300048828125 1.4900138685349026e-06
1.379300048828125 1.5121969201929447e-06
1.380300048828125 1.486149106002968e-06
1.381300048828125 1.430145403911851e-06
1.382300048828125 1.2245249689362956e-06
1.383300048828125 1.097751402601875e-06
1.384300048828125 1.5051938937941743e-06
1.385300048828125 1.3098447991714578e-06
1.386300048828125 1.2220750799222326e-06
1.387300048828125 1.6085570235805754e-06
1.388300048828125 1.2994408010709215e-06
1.389300048828125 1.9758916607591412e-06
1.390300048828125 1.513191744518719e-06
1.391300048828125 1.268508808632114e-06
1.392300048828125 1.5217094399867254e-06
1.393300048828125 1.3766822320134926e-06
1.394300048828125 1.7553051056763102e-06
1.395300048828125 1.348904783601613e-06
1.396300048828125 1.5932135372683804e-06
1.397300048828125 1.3059582496696466e-06
1.398300048828125 1.8280075967603335e-06
1.399300048828125 1.6980874819593043e-06
1.400300048828125 1.2386227378205628e-06
1.401300048828125 1.51284853322601e-06
1.402300048828125 1.5664863902909483e-06
1.403300048828125 1.6572526241354127e-06
1.404300048828125 1.5515575211871041e-06
1.405300048828125 1.5015826061179768e-06
1.406300048828125 1.6510175782109595e-06
1.407300048828125 1.4908481288850695e-06
1.408300048828125 1.2236702917103707e-06
1.409300048828125 1.9504326540151526e-06
1.410300048828125 1.5631590209994003e-06
1.411300048828125 1.6699729172014873e-06
1.412300048828125 1.4703468194365363e-06
1.413300048828125 1.7134005331551719e-06
1.414300048828125 1.6711181968056024e-06
1.415300048828125 1.7246961759474391e-06
1.416300048828125 1.6684254274074707e-06
1.417300048828125 1.3695604190916457e-06
1.418300048828125 1.5034810633789745e-06
1.419300048828125 1.5120159263443367e-06
1.420300048828125 1.171097578479145e-06
1.421300048828125 1.3473312632731177e-06
1.422300048828125 1.6137164525139396e-06
1.423300048828125 1.6230683519535277e-06
1.424300048828125 1.6104129021865504e-06
1.425300048828125 1.399729796145605e-06
1.426300048828125 1.5437842999274245e-06
1.427300048828125 1.6014117678862311e-06
1.428300048828125 1.6188258313265704e-06
1.429300048828125 1.50042532041856e-06
1.430300048828125 1.579392123068482e-06
1.431300048828125 1.5352243907680856e-06
1.432300048828125 1.574045296623476e-06
1.433300048828125 1.5773975690243961e-06
1.434300048828125 1.5274413452459385e-06
1.435300048828125 1.163601673893573e-06
1.436300048828125 1.4923830611208116e-06
1.437300048828125 1.3591445408135383e-06
1.438300048828125 1.2616220298859568e-06
1.439300048828125 1.4236573854861392e-06
1.440300048828125 1.3574967923653312e-06
1.441300048828125 1.3469191571731226e-06
1.442300048828125 1.6463048764576512e-06
1.443300048828125 1.8366426156210653e-06
1.444300048828125 1.7816632886675363e-06
1.445300048828125 1.7165881499842221e-06
1.446300048828125 1.6003636821414623e-06
1.447300048828125 1.5039366453036104e-06
1.448300048828125 1.637119896374166e-06
1.449300048828125 1.7651831199060528e-06
1.450300048828125 1.5650745949783235e-06
1.451300048828125 1.6760718812728097e-06
1.452300048828125 1.887582489702755e-06
1.453300048828125 1.7917495466492369e-06
1.454300048828125 1.969261961228297e-06
1.455300048828125 2.0233708107424402e-06
1.456300048828125 1.83671827515011e-06
1.457300048828125 1.619196147430256e-06
1.458300048828125 1.74721641494985e-06
1.459300048828125 1.9037141607873065e-06
1.460300048828125 1.966613196466006e-06
1.461300048828125 1.8803401689267835e-06
1.462300048828125 1.7109252183961825e-06
1.463300048828125 1.8443392385862106e-06
1.464300048828125 1.8331845778206167e-06
1.465300048828125 2.0845871086951114e-06
1.466300048828125 1.9124494914164786e-06
1.467300048828125 1.975444254309868e-06
1.468300048828125 2.2303765062970345e-06
1.469300048828125 1.8100916986688456e-06
1.470300048828125 1.79547065628021e-06
1.471300048828125 1.7841541881381897e-06
1.472300048828125 1.6216985328685364e-06
1.473300048828125 1.7253088907310113e-06
1.474300048828125 1.7862206589647766e-06
1.475300048828125 1.6030541221011734e-06
1.476300048828125 1.6701307253822798e-06
1.477300048828125 1.5849281844085952e-06
1.478300048828125 1.7566876354495723e-06
1.479300048828125 1.678886083232052e-06
1.480300048828125 1.46983426462338e-06
1.481300048828125 1.6041336197946405e-06
1.482300048828125 1.7556950257968941e-06
1.483300048828125 1.5088395895172256e-06
1.484300048828125 1.8928513733931357e-06
1.485300048828125 1.9856359057766058e-06
1.486300048828125 1.798883718672708e-06
1.487300048828125 2.1059940174651736e-06
1.488300048828125 1.821571047580084e-06
1.489300048828125 2.116429215795027e-06
1.490300048828125 1.6184484215889389e-06
1.491300048828125 1.6897936110630477e-06
1.492300048828125 1.849225023596153e-06
1.493300048828125 1.7767824520940244e-06
1.494300048828125 1.5946718445905428e-06
1.495300048828125 1.607812740807376e-06
1.496300048828125 1.828127224457953e-06
1.497300048828125 1.6161559544097232e-06
1.498300048828125 1.5575131906609996e-06
1.499300048828125 1.7113766481205985e-06
1.500300048828125 1.9091075130163343e-06
1.501300048828125 1.5156414586897137e-06
1.502300048828125 1.7514540579047978e-06
1.503300048828125 1.8551852701402868e-06
1.504300048828125 1.4875140035590278e-06
1.505300048828125 2.1135656261823713e-06
1.506300048828125 1.7127767943697505e-06
1.507300048828125 1.4470377751483275e-06
1.508300048828125 2.3143524539517216e-06
1.509300048828125 1.9657117975964476e-06
1.510300048828125 2.0774511802052767e-06
1.511300048828125 1.7352714024550493e-06
1.512300048828125 1.496888432838774e-06
1.513300048828125 1.7884669391733927e-06
1.514300048828125 1.783397530619081e-06
1.515300048828125 1.8091633835718694e-06
1.516300048828125 1.9594443697494926e-06
1.517300048828125 1.8585136961422657e-06
1.518300048828125 1.754608962125265e-06
1.519300048828125 1.4552411295864323e-06
1.520300048828125 1.8641861991918876e-06
1.521300048828125 1.932309688143012e-06
1.522300048828125 1.6779492655854763e-06
1.523300048828125 2.122393928330831e-06
1.524300048828125 1.4964950215008417e-06
1.525300048828125 1.9020329533514435e-06
1.526300048828125 1.4323942535426485e-06
1.527300048828125 1.5765799058415032e-06
1.528300048828125 1.8917502463064146e-06
1.529300048828125 1.7991434270350468e-06
1.530300048828125 1.7999777108632557e-06
1.531300048828125 1.835285222903389e-06
1.532300048828125 1.8293309745754838e-06
1.533300048828125 1.7445118978393752e-06
1.534300048828125 1.784744719386091e-06
1.535300048828125 2.320830057241535e-06
1.536300048828125 1.7132318374668157e-06
1.537300048828125 2.1529118983896745e-06
1.538300048828125 1.7058474882436238e-06
1.539300048828125 2.019202995644776e-06
1.540300048828125 2.132124457982207e-06
1.541300048828125 2.1250412904631716e-06
1.542300048828125 2.1766971148230934e-06
1.543300048828125 1.521273617082042e-06
1.544300048828125 1.6215498666938626e-06
1.545300048828125 1.5578747920297984e-06
1.546300048828125 1.9513479572976487e-06
1.547300048828125 2.0204148554294723e-06
1.548300048828125 1.976576482892804e-06
1.549300048828125 1.5679308899260471e-06
1.550300048828125 2.209447337994769e-06
1.551300048828125 2.2410942917379065e-06
1.552300048828125 1.8844884972407676e-06
1.553300048828125 1.7586123234194316e-06
1.554300048828125 1.7503670642246179e-06
1.555300048828125 1.8725699097290257e-06
1.556300048828125 2.358447184390129e-06
1.557300048828125 2.283783536369608e-06
1.558300048828125 1.9048030020167577e-06
1.559300048828125 2.161626091150243e-06
1.560300048828125 2.171730986373119e-06
1.561300048828125 1.829059044320596e-06
1.562300048828125 2.3319909074371436e-06
1.563300048828125 2.0471248980020546e-06
1.564300048828125 2.275175389862241e-06
1.565300048828125 1.9534718413813218e-06
1.566300048828125 2.3222676965651255e-06
1.567300048828125 2.0803882935719486e-06
1.568300048828125 1.485234255672747e-06
1.569300048828125 1.946266528224949e-06
1.570300048828125 2.025054432142582e-06
1.571300048828125 1.7939356640882012e-06
1.572300048828125 1.8019548409740506e-06
1.573300048828125 2.002210746722823e-06
1.574300048828125 2.024735883397035e-06
1.575300048828125 1.8454514188847417e-06
1.576300048828125 2.2695216331313478e-06
1.577300048828125 2.1490628934976643e-06
1.578300048828125 2.253545627443064e-06
1.579300048828125 1.9478555815738243e-06
1.580300048828125 1.6633176921224594e-06
1.581300048828125 2.1641552125533003e-06
1.582300048828125 2.264625301840461e-06
1.583300048828125 2.034497202276115e-06
1.584300048828125 1.9338193258965362e-06
1.585300048828125 1.9068628657248463e-06
1.586300048828125 1.8094674788524541e-06
1.587300048828125 2.292905247907186e-06
1.588300048828125 2.3158369498432925e-06
1.589300048828125 2.1460952321060512e-06
1.590300048828125 2.0141846298328034e-06
1.591300048828125 1.8968029495366794e-06
1.592300048828125 1.9650811483524625e-06
1.593300048828125 1.7549751368580911e-06
1.594300048828125 2.039619446427163e-06
1.595300048828125 2.349044891494547e-06
1.596300048828125 2.0099079683017493e-06
1.597300048828125 1.959009128964405e-06
1.598300048828125 2.0481451464245024e-06
1.599300048828125 2.4343787656346004e-06
1.600300048828125 2.2425118523270864e-06
1.601300048828125 1.9126476783520668e-06
1.602300048828125 2.0166773753370343e-06
1.603300048828125 1.9357056189911063e-06
1.604300048828125 1.9015310368574373e-06
1.605300048828125 2.574427045074407e-06
1.606300048828125 2.172537660895113e-06
1.607300048828125 2.1346335181449626e-06
1.608300048828125 2.2164653711305842e-06
1.609300048828125 2.2111952155257625e-06
1.610300048828125 1.917645499380583e-06
1.611300048828125 3.0831458092595586e-06
1.612300048828125 2.395609181331611e-06
1.613300048828125 1.8333613666807292e-06
1.614300048828125 2.41322654415001e-06
1.615300048828125 1.9304182135601286e-06
1.616300048828125 2.255280654899024e-06
1.617300048828125 2.2217725629512526e-06
1.618300048828125 2.474041549195248e-06
1.619300048828125 2.2815668937174517e-06
1.620300048828125 1.823978564791584e-06
1.621300048828125 1.7192536841705525e-06
1.622300048828125 1.935929454109793e-06
1.623300048828125 2.4424786976611635e-06
1.624300048828125 1.8947953770796898e-06
1.625300048828125 2.5130863394374313e-06
1.626300048828125 2.1426748640367724e-06
1.627300048828125 1.926196830358017e-06
1.628300048828125 1.979455995323946e-06
1.629300048828125 1.7728134134179678e-06
1.630300048828125 2.0813140055705218e-06
1.631300048828125 1.7480805067137689e-06
1.632300048828125 1.7932617131656637e-06
1.633300048828125 1.8447965291858944e-06
1.634300048828125 1.4920140298076068e-06
1.635300048828125 1.9431628056039743e-06
1.636300048828125 2.2838977987181307e-06
1.637300048828125 2.5735906539682214e-06
1.638300048828125 2.1219248755880027e-06
1.639300048828125 1.8260412809826488e-06
1.640300048828125 2.070418894750416e-06
1.641300048828125 2.130648576606277e-06
1.642300048828125 2.556471234120772e-06
1.643300048828125 2.0419118326293802e-06
1.644300048828125 2.259463694265635e-06
1.645300048828125 2.4207223143585577e-06
1.646300048828125 1.3611651055151364e-06
1.647300048828125 2.6866602620913628e-06
1.648300048828125 2.0780198868920034e-06
1.649300048828125 1.3822207390890475e-06
1.650300048828125 1.8096432017599867e-06
1.651300048828125 2.7748174703596376e-06
1.652300048828125 1.9789804091637294e-06
1.653300048828125 2.0212847080846068e-06
1.654300048828125 2.5236555418051646e-06
1.655300048828125 2.4745087841028453e-06
1.656300048828125 2.2793166005209824e-06
1.657300048828125 1.6828092106772168e-06
1.658300048828125 2.52748291404145e-06
1.659300048828125 2.131479663933155e-06
1.660300048828125 2.2504183815717597e-06
1.661300048828125 2.0832236665216917e-06
1.662300048828125 2.2521511206221537e-06
1.663300048828125 2.364540510746972e-06
1.664300048828125 2.272551922712281e-06
1.665300048828125 1.972117438404297e-06
1.666300048828125 2.180058197987339e-06
1.667300048828125 2.476312697423427e-06
1.668300048828125 2.6366509533029794e-06
1.669300048828125 2.6871604200496864e-06
1.670300048828125 2.0541792952770265e-06
1.671300048828125 2.6486761884505175e-06
1.672300048828125 1.6838728565643093e-06
1.673300048828125 2.4000261388347303e-06
1.674300048828125 2.690294973435612e-06
1.675300048828125 2.1100181091981562e-06
1.676300048828125 2.3696415104195246e-06
1.677300048828125 2.1945930779501214e-06
1.678300048828125 2.5347608569521524e-06
1.679300048828125 3.384280303050279e-06
1.680300048828125 2.085787933103501e-06
1.681300048828125 1.9453401189808873e-06
1.682300048828125 2.7081962257974243e-06
1.683300048828125 2.8531162388532587e-06
1.684300048828125 2.4801390891745803e-06
1.685300048828125 2.675010161327239e-06
1.686300048828125 2.7721667957020627e-06
1.687300048828125 2.7170532710372443e-06
1.688300048828125 2.8816484273941372e-06
1.689300048828125 3.030854137592832e-06
1.690300048828125 3.2408602000083435e-06
1.691300048828125 3.479676023679233e-06
1.692300048828125 3.6372093137614757e-06
1.693300048828125 3.1990512440995486e-06
1.694300048828125 2.7227908530267427e-06
1.695300048828125 3.5711230757215556e-06
1.696300048828125 2.3464549343875486e-06
1.697300048828125 3.82049519235796e-06
1.698300048828125 2.8930106381660192e-06
1.699300048828125 3.3889941449838144e-06
1.700300048828125 3.739129250032193e-06
1.701300048828125 3.797300329691471e-06
1.702300048828125 4.260389845597581e-06
1.703300048828125 2.89417084447228e-06
1.704300048828125 3.3009474347083257e-06
1.705300048828125 3.8988991439576555e-06
1.706300048828125 3.748154923919141e-06
1.707300048828125 3.137910244199154e-06
1.708300048828125 3.718146053870574e-06
1.709300048828125 3.0654341491427937e-06
1.710300048828125 3.2925390127002064e-06
1.711300048828125 3.726035550099257e-06
1.712300048828125 4.081760241456909e-06
1.713300048828125 3.3101071980523068e-06
1.714300048828125 3.8030275456640528e-06
1.715300048828125 3.4670121260684633e-06
1.716300048828125 3.965917423912647e-06
1.717300048828125 3.3380714983838707e-06
1.718300048828125 3.311652865929008e-06
1.719300048828125 3.696042679569689e-06
1.720300048828125 3.0133307452222645e-06
1.721300048828125 3.274456856398507e-06
1.722300048828125 4.074509841477045e-06
1.723300048828125 3.652822941187377e-06
1.724300048828125 4.277994064866818e-06
1.725300048828125 3.8016345721747766e-06
1.726300048828125 4.1688175032179885e-06
1.727300048828125 4.024594462507804e-06
1.728300048828125 3.957959413894494e-06
1.729300048828125 4.000554609882178e-06
1.730300048828125 3.807889162167305e-06
1.731300048828125 4.009218179746584e-06
1.732300048828125 4.288209309509824e-06
1.733300048828125 3.080861433987447e-06
1.734300048828125 3.7825837571589333e-06
1.735300048828125 3.3285715814813052e-06
1.736300048828125 3.855589571540603e-06
1.737300048828125 3.5383070287291943e-06
1.738300048828125 3.5551177176184406e-06
1.739300048828125 3.385869303570756e-06
1.740300048828125 3.3430946839687775e-06
1.741300048828125 2.934608615309076e-06
1.742300048828125 3.2242960239393806e-06
1.743300048828125 4.167235462931388e-06
1.744300048828125 4.216420849051097e-06
1.745300048828125 2.3520091051208504e-06
1.746300048828125 2.8995832314007626e-06
1.747300048828125 3.704467331621319e-06
1.748300048828125 3.1296028965285087e-06
1.749300048828125 2.7050177992038552e-06
1.750300048828125 2.968868804699919e-06
1.751300048828125 2.705666057481408e-06
1.752300048828125 3.3447729963841494e-06
1.753300048828125 2.889295528508517e-06
1.754300048828125 2.9946848752894576e-06
1.755300048828125 3.3782936251269545e-06
1.756300048828125 3.5008969538198814e-06
1.757300048828125 3.6117608720211303e-06
1.758300048828125 3.0934597841609336e-06
1.759300048828125 3.4150586757737145e-06
1.760300048828125 3.87426658781285e-06
1.761300048828125 3.825006051946148e-06
1.762300048828125 3.5087237146488567e-06
1.763300048828125 3.6337546530486773e-06
1.764300048828125 3.3285046371991728e-06
1.765300048828125 3.171724657315903e-06
1.766300048828125 3.3323232088835847e-06
1.767300048828125 3.900317613797808e-06
1.768300048828125 4.44256377704783e-06
1.769300048828125 3.4580283860510384e-06
1.770300048828125 4.546183070819262e-06
1.771300048828125 3.7027643991813947e-06
1.772300048828125 3.317591971882422e-06
1.773300048828125 4.2010255816553075e-06
1.774300048828125 3.716095547662919e-06
1.775300048828125 3.820912113748604e-06
1.776300048828125 4.285452808980074e-06
1.777300048828125 5.14035217223689e-06
1.778300048828125 4.18947780941427e-06
1.779300048828125 4.26813790763963e-06
1.780300048828125 3.6527642432241613e-06
1.781300048828125 4.789128201302977e-06
1.782300048828125 3.9279060089206e-06
1.783300048828125 4.687331258945984e-06
1.784300048828125 2.6646031476058665e-06
1.785300048828125 4.421632246875174e-06
1.786300048828125 5.044181166794202e-06
1.787300048828125 4.271212121367192e-06
1.788300048828125 4.650476934796972e-06
1.789300048828125 4.15288572414989e-06
1.790300048828125 4.023597674324673e-06
1.791300048828125 5.42934016235305e-06
1.792300048828125 4.5820411684861e-06
1.793300048828125 4.21566345326383e-06
1.794300048828125 3.6027156253464505e-06
1.795300048828125 4.346693685907035e-06
1.796300048828125 4.815076394092599e-06
1.797300048828125 4.2915755306026755e-06
1.798300048828125 4.12812012107099e-06
1.799300048828125 3.456558252665727e-06
1.800300048828125 4.463884449335753e-06
1.801300048828125 4.144973427507401e-06
1.802300048828125 3.816123231310244e-06
1.803300048828125 3.564760211536934e-06
1.804300048828125 3.1032688194527574e-06
1.805300048828125 3.5543883439636486e-06
1.806300048828125 3.485777789258409e-06
1.807300048828125 4.409041848285226e-06
1.808300048828125 3.7226561393727108e-06
1.809300048828125 3.4629856293748654e-06
1.810300048828125 3.550312502223879e-06
1.811300048828125 4.074182376573574e-06
1.812300048828125 3.648188228509573e-06
1.813300048828125 4.129238352685297e-06
1.814300048828125 4.570898075943185e-06
1.815300048828125 4.525888306350843e-06
1.816300048828125 4.003364780246472e-06
1.817300048828125 3.993502030246864e-06
1.818300048828125 3.320382509016133e-06
1.819300048828125 3.7577280395213172e-06
1.820300048828125 3.4240173907331743e-06
1.821300048828125 3.468656503362853e-06
1.822300048828125 3.1840088755419753e-06
1.823300048828125 3.7230256002974478e-06
1.824300048828125 2.9172382123676114e-06
1.825300048828125 3.988515658898573e-06
1.826300048828125 3.858133587253244e-06
1.827300048828125 3.6195478560890627e-06
1.828300048828125 3.7030236304191406e-06
1.829300048828125 4.71491549475451e-06
1.830300048828125 3.6257623108124998e-06
1.831300048828125 3.931980573240385e-06
1.832300048828125 4.866781731131839e-06
1.833300048828125 4.413478431839108e-06
1.834300048828125 5.80314332927007e-06
1.835300048828125 4.860689550004608e-06
1.836300048828125 4.483547343190929e-06
1.837300048828125 5.56737138856583e-06
1.838300048828125 4.3126015850861426e-06
1.839300048828125 5.560703788670252e-06
1.840300048828125 4.473279140496116e-06
1.841300048828125 4.583131793121711e-06
1.842300048828125 4.122943910983674e-06
1.843300048828125 4.47794413529565e-06
1.844300048828125 4.25967588458314e-06
1.845300048828125 4.4254934880265565e-06
1.846300048828125 4.33622441961731e-06
1.847300048828125 3.9664745818804874e-06
1.848300048828125 4.57229305032137e-06
1.849300048828125 3.6093420516873364e-06
1.850300048828125 4.541997587794376e-06
1.851300048828125 4.499777726833963e-06
1.852300048828125 4.116891889713761e-06
1.853300048828125 4.816589002407117e-06
1.854300048828125 4.456484942280901e-06
1.855300048828125 3.560305057672902e-06
1.856300048828125 4.9828621954670645e-06
1.857300048828125 3.1274284525573995e-06
1.858300048828125 3.7058899793150807e-06
1.859300048828125 4.094448113640932e-06
1.860300048828125 2.4664854164273904e-06
1.861300048828125 5.209274601874311e-06
1.862300048828125 3.557705712525792e-06
1.863300048828125 4.789914758156006e-06
1.864300048828125 4.531486672122826e-06
1.865300048828125 4.39636247714128e-06
1.866300048828125 4.640272611538169e-06
1.867300048828125 3.6400553384500524e-06
1.868300048828125 4.251339790230117e-06
1.869300048828125 5.258970641718215e-06
1.870300048828125 3.5730185000837183e-06
1.871300048828125 3.4625402094543785e-06
1.872300048828125 4.018059057856592e-06
1.873300048828125 3.6116144891840584e-06
1.874300048828125 3.726956826554508e-06
1.875300048828125 3.702043844721807e-06
1.876300048828125 3.2378548701023884e-06
1.877300048828125 3.465615217792955e-06
1.878300048828125 5.2599315100015615e-06
1.879300048828125 5.377887730540166e-06
1.880300048828125 4.75920813458022e-06
1.881300048828125 4.426485710583829e-06
1.882300048828125 5.337459800911137e-06
1.883300048828125 4.795669744859158e-06
1.884300048828125 5.856678297484865e-06
1.885300048828125 5.905248703331914e-06
1.886300048828125 6.291531528526831e-06
1.887300048828125 5.366180816002149e-06
1.888300048828125 6.3641383903169745e-06
1.889300048828125 5.112476530589528e-06
1.890300048828125 6.582387254318935e-06
1.891300048828125 5.56388391264286e-06
1.892300048828125 5.435343643117197e-06
1.893300048828125 6.160904682899824e-06
1.894300048828125 6.469474670568806e-06
1.895300048828125 5.970452409609179e-06
1.896300048828125 5.457192473188079e-06
1.897300048828125 5.034405085321921e-06
1.898300048828125 4.985864929244286e-06
1.899300048828125 5.4832326271383605e-06
1.900300048828125 4.859411216678968e-06
1.901300048828125 5.096407494593183e-06
1.902300048828125 4.315335205422029e-06
1.903300048828125 4.624423612806256e-06
1.904300048828125 4.97306541375532e-06
1.905300048828125 5.433409368198858e-06
1.906300048828125 4.006866069833158e-06
1.907300048828125 4.36890281634733e-06
1.908300048828125 3.7162291063294086e-06
1.909300048828125 4.29499323077737e-06
1.910300048828125 4.267870506776744e-06
1.911300048828125 3.2913445739170783e-06
1.912300048828125 4.415811040418988e-06
1.913300048828125 3.0932939652885046e-06
1.914300048828125 3.4934625614200688e-06
1.915300048828125 3.0148342999795664e-06
1.916300048828125 3.3992833748848774e-06
1.917300048828125 2.1805071027387235e-06
1.918300048828125 4.091068577412849e-06
1.919300048828125 3.7386591092486335e-06
1.920300048828125 3.7226612089308865e-06
1.921300048828125 1.1178261909639744e-06
1.922300048828125 3.4307773835749804e-06
1.923300048828125 4.646333037270329e-06
1.924300048828125 4.782329283987021e-06
1.925300048828125 2.401917825209419e-06
1.926300048828125 3.1663428908231543e-06
1.927300048828125 2.696329516235947e-06
1.928300048828125 2.746856673174577e-06
1.929300048828125 4.043934822839502e-06
1.930300048828125 2.353994304055317e-06
1.931300048828125 3.3855867009117876e-06
1.932300048828125 2.6310188274609423e-06
1.933300048828125 3.6264111385637344e-06
1.934300048828125 3.1946164859351187e-06
1.935300048828125 4.36502568108482e-06
1.936300048828125 2.0076360289943645e-06
1.937300048828125 4.542491697659691e-06
1.938300048828125 4.944780142349044e-06
1.939300048828125 3.2233333148279803e-06
1.940300048828125 2.512420568763973e-06
1.941300048828125 2.7098099958704143e-06
1.942300048828125 3.240418087379535e-06
1.943300048828125 3.5427622664907517e-06
1.944300048828125 3.2915964506823367e-06
1.945300048828125 3.969098010895017e-06
1.946300048828125 3.7532921783520882e-06
1.947300048828125 5.46080681081769e-06
1.948300048828125 3.1083522743044754e-06
1.949300048828125 4.412773040485218e-06
1.950300048828125 2.6869026822558394e-06
1.951300048828125 4.443674146597626e-06
1.952300048828125 2.4413567245920927e-06
1.953300048828125 3.887665611390676e-06
1.954300048828125 2.35628408366291e-06
1.955300048828125 2.5865978547046573e-06
1.956300048828125 4.43516954536842e-06
1.957300048828125 4.023587305582272e-06
1.958300048828125 3.660218233237381e-06
1.959300048828125 4.874137015823927e-06
1.960300048828125 5.1332396860277314e-06
1.961300048828125 4.060613211366723e-06
1.962300048828125 2.7193892478823485e-06
1.963300048828125 2.7947299700307682e-06
1.964300048828125 3.857091390361423e-06
1.965300048828125 4.494323076707785e-06
1.966300048828125 4.085465102424116e-06
1.967300048828125 3.101014878318706e-06
1.968300048828125 3.8217583351155935e-06
1.969300048828125 3.720813104923964e-06
1.970300048828125 3.2928380409153453e-06
1.971300048828125 3.2695644657390474e-06
1.972300048828125 2.911052807214866e-06
1.973300048828125 4.141928076711931e-06
1.974300048828125 5.583528267583776e-06
1.975300048828125 3.66539728053921e-06
1.976300048828125 3.9605397124017855e-06
1.977300048828125 3.092050054414412e-06
1.978300048828125 4.32825020060248e-06
1.979300048828125 3.6107940248187435e-06
1.980300048828125 4.232028606725639e-06
1.981300048828125 3.399134602580294e-06
1.982300048828125 4.517192678043189e-06
1.983300048828125 5.599121007698079e-06
1.984300048828125 5.267195043871271e-06
1.985300048828125 2.8984411490443372e-06
1.986300048828125 4.24653626102698e-06
1.987300048828125 4.726347773821754e-06
1.988300048828125 4.088600227136212e-06
1.989300048828125 4.347896045698288e-06
1.990300048828125 4.165140389991133e-06
1.991300048828125 1.8550773713378378e-06
1.992300048828125 4.040065372165019e-06
1.993300048828125 4.038810431624086e-06
1.994300048828125 3.382321336539644e-06
1.995300048828125 4.529981102834532e-06
1.996300048828125 3.8718709140374315e-06
1.997300048828125 4.30086637694943e-06
1.998300048828125 4.875095996036537e-06
1.999300048828125 4.877280989399089e-06
2.000300048828125 4.251750829658139e-06
2.001300048828125 4.4078814784288525e-06
2.002300048828125 5.940210596889686e-06
2.003300048828125 4.921539099399464e-06
2.004300048828125 3.7961450138601845e-06
2.005300048828125 4.117540176304304e-06
2.006300048828125 5.230040147214161e-06
2.007300048828125 5.478920238712315e-06
2.008300048828125 3.174216799035198e-06
2.009300048828125 3.905439013300277e-06
2.010300048828125 4.435461406512989e-06
2.011300048828125 4.502208861063029e-06
2.012300048828125 4.358676623730508e-06
2.013300048828125 2.0386120523324896e-06
2.014300048828125 3.356552825271497e-06
2.015300048828125 4.438107976199185e-06
2.016300048828125 5.115634281383676e-06
2.017300048828125 4.60785926616609e-06
2.018300048828125 5.303420441162874e-06
2.019300048828125 4.776378547522472e-06
2.020300048828125 4.70292820406808e-06
2.021300048828125 3.853578904914811e-06
2.022300048828125 3.747895987431282e-06
2.023300048828125 3.820208092840371e-06
2.024300048828125 4.446631503752688e-06
2.025300048828125 4.732837659255412e-06
2.026300048828125 5.329895283831229e-06
2.027300048828125 3.3034866964526953e-06
2.028300048828125 5.669945024009955e-06
2.029300048828125 4.2983897770128375e-06
2.030300048828125 6.442578161051423e-06
2.031300048828125 4.178184795007606e-06
2.032300048828125 5.765365607323064e-06
2.033300048828125 7.978482210314163e-06
2.034300048828125 5.803816118821933e-06
2.035300048828125 4.950439257427959e-06
2.036300048828125 4.299279820634782e-06
2.037300048828125 5.055367962489757e-06
2.038300048828125 5.651632663957241e-06
2.039300048828125 3.817478662496198e-06
2.040300048828125 4.422546731362092e-06
2.041300048828125 4.801944011138867e-06
2.042300048828125 2.7286700002965838e-06
2.043300048828125 5.89321907460809e-06
2.044300048828125 4.940018803824298e-06
2.045300048828125 4.332465251383534e-06
2.046300048828125 3.453598966435137e-06
2.047300048828125 4.626894999885828e-06
2.048300048828125 6.264029294266094e-06
2.049300048828125 4.798764809738165e-06
2.050300048828125 5.71662300787264e-06
2.051300048828125 4.5261099045702e-06
2.052300048828125 6.4092778885717015e-06
2.053300048828125 6.8156222011790475e-06
2.054300048828125 4.833843031041916e-06
2.055300048828125 5.282323274376176e-06
2.056300048828125 6.21894513132105e-06
2.057300048828125 6.3796105957608315e-06
2.058300048828125 6.839793941680122e-06
2.059300048828125 7.401620111183002e-06
2.060300048828125 8.008011338828509e-06
2.061300048828125 7.328114927017821e-06
2.062300048828125 8.950053558243192e-06
2.063300048828125 1.0604541600297498e-05
2.064300048828125 1.1226693141037536e-05
2.065300048828125 1.1106193545507446e-05
2.066300048828125 1.2318187301410004e-05
2.067300048828125 1.3079782065511587e-05
2.068300048828125 1.4931608259058457e-05
2.069300048828125 1.7460846638465734e-05
2.070300048828125 1.6502554438707197e-05
2.071300048828125 2.0401622316224286e-05
2.072300048828125 2.4316019402524274e-05
2.073300048828125 3.17917438117393e-05
2.074300048828125 3.653661332396363e-05
2.075300048828125 4.139945135660292e-05
2.076300048828125 5.418105066344564e-05
2.077300048828125 6.495636014515038e-05
2.078300048828125 8.152602020349871e-05
2.079300048828125 0.0001074685344269077
2.080300048828125 0.00014000409225896945
2.081300048828125 0.00018409512251519174
2.082300048828125 0.000248850313052842
2.083300048828125 0.0003424412737785146
2.084300048828125 0.000474070662755839
2.085300048828125 0.00067772846133896
2.086300048828125 0.0009832554424363837
2.087300048828125 0.0014788407976472446
2.088300048828125 0.002228073688170504
2.089300048828125 0.0034218243988508724
2.090300048828125 0.005294996424458612
2.091300048828125 0.007976157284033503
2.092300048828125 0.011917907684720286
2.093300048828125 0.01709203558502966
2.094300048828125 0.02370522950557196
2.095300048828125 0.03177747209704761
2.096300048828125 0.04134218903694567
2.097300048828125 0.05218166737734251
2.098300048828125 0.06341776295033234
2.099300048828125 0.07417701461627801
2.100300048828125 0.08329090752700055
2.101300048828125 0.0919437907993178
2.102300048828125 0.10210784497502734
2.103300048828125 0.11369238737529266
2.104300048828125 0.12668149400758116
2.105300048828125 0.14350165451020655
2.106300048828125 0.16199760915774256
2.107300048828125 0.18493740927613053
2.108300048828125 0.20931847729590192
2.109300048828125 0.24010159138169668
2.110300048828125 0.272344911944209
2.111300048828125 0.3079389195044244
2.112300048828125 0.3444357762764104
2.113300048828125 0.37727982812694616
2.114300048828125 0.40957534644704907
2.115300048828125 0.4332872689384213
2.116300048828125 0.4519353568908109
2.117300048828125 0.4662913126942775
2.118300048828125 0.475340524703226
2.119300048828125 0.47767748146745936
2.120300048828125 0.4817997089718746
2.121300048828125 0.4814061826570813
2.122300048828125 0.48314293126302615
2.123300048828125 0.48312023556626815
2.124300048828125 0.47936147905424487
2.125300048828125 0.47595656890544064
2.126300048828125 0.4687102556613737
2.127300048828125 0.4553600164412466
2.128300048828125 0.4352910569424296
2.129300048828125 0.40846886999762755
2.130300048828125 0.37400650983927575
2.131300048828125 0.3395053613773355
2.132300048828125 0.30041018031751593
2.133300048828125 0.2643965552452282
2.134300048828125 0.22990207955255565
2.135300048828125 0.19830824069631398
2.136300048828125 0.17070059422760153
2.137300048828125 0.1472371504960619
2.138300048828125 0.12882461254182642
2.139300048828125 0.11199577575446089
2.140300048828125 0.09790740411383753
2.141300048828125 0.08473654621465249
2.142300048828125 0.07197018071092826
2.143300048828125 0.060453552795993126
2.144300048828125 0.049916619625518896
2.145300048828125 0.04095779714985678
2.146300048828125 0.032677212873603416
2.147300048828125 0.025680577213390714
2.148300048828125 0.01977293636223402
2.149300048828125 0.014775131374311277
2.150300048828125 0.010732189352811804
2.151300048828125 0.0075135053554696305
2.152300048828125 0.005113028739399563
2.153300048828125 0.0033721651220437535
2.154300048828125 0.0022179278833067088
2.155300048828125 0.0014537495330274024
2.156300048828125 0.0009650956902956444
2.157300048828125 0.0006582681944503217
2.158300048828125 0.0004605004693335925
2.159300048828125 0.0003254619591392517
2.160300048828125 0.00023928637267679075
2.161300048828125 0.0001769584696107225
2.162300048828125 0.00013241340807252156
2.163300048828125 0.00010348594339418784
2.164300048828125 7.860280702702879e-05
2.165300048828125 6.294030067709148e-05
2.166300048828125 5.0157920115506845e-05
2.167300048828125 4.127198517993284e-05
2.168300048828125 3.262880453357232e-05
2.169300048828125 2.7466645292638562e-05
2.170300048828125 2.463990862145602e-05
2.171300048828125 2.1856270181527184e-05
2.172300048828125 1.7215587500239115e-05
2.173300048828125 1.6480107549113805e-05
2.174300048828125 1.400041439062372e-05
2.175300048828125 1.2998654992880796e-05
2.176300048828125 1.06642266925662e-05
2.177300048828125 1.0729074742523174e-05
2.178300048828125 9.844606339570759e-06
2.179300048828125 8.627881599303424e-06
2.180300048828125 1.0376809415696408e-05
2.181300048828125 9.559130720041805e-06
2.182300048828125 8.880225950153227e-06
2.183300048828125 7.045062931451603e-06
2.184300048828125 8.476926603647823e-06
2.185300048828125 6.88916795264244e-06
2.186300048828125 9.567061309023903e-06
2.187300048828125 6.406512167136281e-06
2.188300048828125 6.055049530134292e-06
2.189300048828125 6.814139793361543e-06
2.190300048828125 8.234417038782718e-06
2.191300048828125 9.142945968983537e-06
2.192300048828125 7.477367039826705e-06
2.193300048828125 6.4558019006829675e-06
2.194300048828125 8.44697345970836e-06
2.195300048828125 4.530808103257769e-06
2.196300048828125 5.378645338452019e-06
2.197300048828125 8.474534653090144e-06
2.198300048828125 9.267047525917708e-06
2.199300048828125 6.930823164529592e-06
2.200300048828125 5.455269950350794e-06
2.201300048828125 8.58741627001827e-06
2.202300048828125 9.202923530168983e-06
2.203300048828125 8.724591830173929e-06
2.204300048828125 8.879000701522364e-06
2.205300048828125 7.005748613666808e-06
2.206300048828125 7.163247183677424e-06
2.207300048828125 6.43365855114074e-06
2.208300048828125 8.46706223547106e-06
2.209300048828125 5.92326352609039e-06
2.210300048828125 3.86597684114704e-06
2.211300048828125 6.87099634875882e-06
2.212300048828125 9.829610737085376e-06
2.213300048828125 5.862242682059896e-06
2.214300048828125 8.71747155722837e-06
2.215300048828125 6.570632256669605e-06
2.216300048828125 9.599254412930644e-06
2.217300048828125 7.007891755111264e-06
2.218300048828125 1.1044794659792977e-05
2.219300048828125 1.009884651543962e-05
2.220300048828125 7.454021070425673e-06
2.221300048828125 8.614727296870646e-06
2.222300048828125 7.071354010170144e-06
2.223300048828125 8.481980624746885e-06
2.224300048828125 5.598634231504678e-06
2.225300048828125 7.29567948787808e-06
2.226300048828125 6.895860242530548e-06
2.227300048828125 6.911308692324983e-06
2.228300048828125 4.719664983400821e-06
2.229300048828125 1.2902628354793947e-05
2.230300048828125 8.28161098937654e-06
2.231300048828125 1.1054616603736375e-05
2.232300048828125 9.466357877793786e-06
2.233300048828125 7.89821559589049e-06
2.234300048828125 4.750347824676892e-06
2.235300048828125 9.19666492659234e-06
2.236300048828125 6.968900178655588e-06
2.237300048828125 9.742997078809202e-06
2.238300048828125 6.932369264327072e-06
2.239300048828125 9.878952844343074e-06
2.240300048828125 6.742275193586725e-06
2.241300048828125 9.003732240564893e-06
2.242300048828125 1.1136969639744404e-05
2.243300048828125 8.050357460364205e-06
2.244300048828125 8.981472104692558e-06
2.245300048828125 1.3912540704852884e-05
2.246300048828125 1.0791713938325658e-05
2.247300048828125 1.016474031042877e-05
2.248300048828125 5.11082042350754e-06
2.249300048828125 1.151912225599029e-05
2.250300048828125 9.792940749660932e-06
2.251300048828125 1.4406551754863968e-05
2.252300048828125 7.007457268303204e-06
2.253300048828125 8.410200731941606e-06
2.254300048828125 9.190008368750007e-06
2.255300048828125 1.0219144699441041e-05
2.256300048828125 8.549391831336556e-06
2.257300048828125 5.62956373853481e-06
2.258300048828125 1.0500116835670527e-05
2.259300048828125 1.0707308070447581e-05
2.260300048828125 1.0307803898631167e-05
2.261300048828125 8.771711590544133e-06
2.262300048828125 6.216436461945168e-06
2.263300048828125 8.950783440382874e-06
2.264300048828125 1.6921476940646342e-05
2.265300048828125 8.417772819312086e-06
2.266300048828125 9.628671062666396e-06
2.267300048828125 8.469020437532517e-06
2.268300048828125 6.091780114110295e-06
2.269300048828125 9.4533792695148e-06
2.270300048828125 1.1014356962076055e-05
2.271300048828125 9.815860780983974e-06
2.272300048828125 1.226002581963775e-05
2.273300048828125 1.003651649578579e-05
2.274300048828125 1.0667451413820239e-05
2.275300048828125 1.2070758813698208e-05
2.276300048828125 5.844276763775863e-06
2.277300048828125 5.928448887960377e-06
2.278300048828125 7.792878597645806e-06
2.279300048828125 8.869485565952924e-06
2.280300048828125 7.329230800670051e-06
2.281300048828125 8.323113146833372e-06
2.282300048828125 7.939988380738732e-06
2.283300048828125 8.198260852842099e-06
2.284300048828125 8.149003431159334e-06
2.285300048828125 7.177932667399299e-06
2.286300048828125 7.647287089727027e-06
2.287300048828125 3.4152758475207706e-06
2.288300048828125 6.916010166830852e-06
2.289300048828125 6.6184394157555055e-06
2.290300048828125 6.528498548607917e-06
2.291300048828125 6.504937832551102e-06
2.292300048828125 2.9841193695870576e-06
2.293300048828125 4.313826818749395e-06
2.294300048828125 7.346315769779083e-06
2.295300048828125 5.899237341503652e-06
2.296300048828125 4.625152306027314e-06
2.297300048828125 5.197883586135412e-06
2.298300048828125 3.843962544040149e-06
2.299300048828125 5.780702846099027e-06
2.300300048828125 5.579655712592802e-06
2.301300048828125 2.8578041514930523e-06
2.302300048828125 2.652407211958707e-06
2.303300048828125 4.6663696632573825e-06
2.304300048828125 3.959493617948031e-06
2.305300048828125 4.762118921246356e-06
2.306300048828125 5.09885439617152e-06
2.307300048828125 3.888931121833539e-06
2.308300048828125 4.6870112069180655e-06
2.309300048828125 2.8179667799754497e-06
2.310300048828125 2.673486916884867e-06
2.311300048828125 4.249117068459257e-06
2.312300048828125 3.1701659155852683e-06
2.313300048828125 4.615940160529891e-06
2.314300048828125 3.222789381101801e-06
2.315300048828125 3.820841115741213e-06
2.316300048828125 2.740287407871262e-06
2.317300048828125 1.5502613128138365e-06
2.318300048828125 3.198231656437033e-06
2.319300048828125 2.6138304839598916e-06
2.320300048828125 3.190376930797995e-06
2.321300048828125 1.3408313120324878e-06
2.322300048828125 1.796695483418335e-06
2.323300048828125 2.454139605242139e-06
2.324300048828125 1.3621956638929319e-06
2.325300048828125 1.9162584440070844e-06
2.326300048828125 2.0753791227408454e-06
2.327300048828125 1.8363681661321306e-06
2.328300048828125 1.983620033712706e-06
2.329300048828125 1.6532456419527435e-06
2.330300048828125 1.2424120080142593e-06
2.331300048828125 2.6844617639575764e-06
2.332300048828125 2.541918449378739e-06
2.333300048828125 1.8307810960290432e-06
2.334300048828125 1.5792669369097703e-06
2.335300048828125 1.6419606156238322e-06
2.336300048828125 1.6194255496880323e-06
2.337300048828125 1.5493993473330201e-06
2.338300048828125 8.985652750477588e-07
2.339300048828125 1.1906332889798542e-06
2.340300048828125 7.944018791412143e-07
2.341300048828125 7.654837594850479e-07
2.342300048828125 1.2415252677665817e-06
2.343300048828125 1.0915261574270174e-06
2.344300048828125 1.2296143715002125e-06
2.345300048828125 1.1670974749518994e-06
2.346300048828125 8.409468768344908e-07
2.347300048828125 1.0706435279252317e-06
2.348300048828125 1.0623864651948423e-06
2.349300048828125 9.153094609703269e-07
2.350300048828125 1.239657164251399e-06
2.351300048828125 8.238207162238636e-07
2.352300048828125 9.727951886427461e-07
2.353300048828125 1.0715673421715292e-06
2.354300048828125 1.0697619368639921e-06
2.355300048828125 8.271069826098894e-07
2.356300048828125 7.673579743376965e-07
2.357300048828125 7.949781458863058e-07
2.358300048828125 6.631151197173024e-07
2.359300048828125 9.79111891764461e-07
2.360300048828125 8.284309027116284e-07
2.361300048828125 6.053331356001938e-07
2.362300048828125 7.884926284119893e-07
2.363300048828125 5.71209209727484e-07
2.364300048828125 5.719239355570037e-07
2.365300048828125 5.032106846216293e-07
2.366300048828125 5.090668864679826e-07
2.367300048828125 4.3743000536962065e-07
2.368300048828125 4.3257607401001545e-07
2.369300048828125 3.907833631684537e-07
2.370300048828125 2.984488372387286e-07
2.371300048828125 2.534945285390484e-07
2.372300048828125 2.062330448261971e-07
2.373300048828125 1.7172648786864608e-07
2.374300048828125 1.770667211055871e-07
2.375300048828125 1.014565758766697e-07
2.376300048828125 9.678527130990827e-08
2.377300048828125 1.0124958547503491e-07
2.378300048828125 1.4394892989142078e-07
2.379300048828125 1.4610453393190993e-07
2.380300048828125 1.2645439728020333e-07
2.381300048828125 1.3259328185969325e-07
2.382300048828125 1.1149108008237287e-07
2.383300048828125 7.737272790713996e-08
2.384300048828125 9.086219855016291e-08
2.385300048828125 5.224805568893714e-08
2.386300048828125 9.021032868272776e-08
2.387300048828125 6.547074156438115e-08
2.388300048828125 7.46456333549251e-08
2.389300048828125 7.556932501672815e-08
2.390300048828125 6.733704712032131e-08
2.391300048828125 6.66275483973253e-08
2.392300048828125 2.7436536349720773e-08
2.393300048828125 5.569780995391508e-08
2.394300048828125 4.56585737622806e-08
2.395300048828125 4.5467989744564824e-08
2.396300048828125 4.041150591685526e-08
2.397300048828125 4.563389393912432e-08
2.398300048828125 3.3169867193696635e-08
2.399300048828125 3.895661053239622e-08
2.400300048828125 2.6224286788906458e-08
2.401300048828125 3.109717109731806e-08
2.402300048828125 2.800818166548405e-08
2.403300048828125 2.161785444362881e-08
2.404300048828125 2.4959374868909064e-08
2.405300048828125 1.9533317686224092e-08
2.406300048828125 1.5627243716938348e-08
2.407300048828125 1.1861945234338467e-08
2.408300048828125 1.158780379003267e-08
2.409300048828125 1.2861911945520013e-08
2.410300048828125 8.519504890817874e-09
2.411300048828125 7.255515744869996e-09
2.412300048828125 5.955740028717498e-09
2.413300048828125 6.2468988539072576e-09
2.414300048828125 4.568425625758666e-09
2.415300048828125 5.819951046039541e-09
2.416300048828125 4.489567435575809e-09
2.417300048828125 3.0873196769863323e-09
2.418300048828125 2.5784946787040388e-09
2.419300048828125 2.675164877191137e-09
2.420300048828125 1.7373483491284415e-09
2.421300048828125 1.9796797891734257e-09
2.422300048828125 1.8510403348770295e-09
2.423300048828125 1.467693527001826e-09
2.424300048828125 1.3477208537664065e-09
2.425300048828125 1.1318423789253813e-09
2.426300048828125 1.2840410994959248e-09
2.427300048828125 8.091043560443334e-10
2.428300048828125 1.03327988326757e-09
2.429300048828125 7.558861383467196e-10
2.430300048828125 7.326591466475927e-10
2.431300048828125 8.378075516811064e-10
2.432300048828125 4.2622454750344815e-10
2.433300048828125 4.805863624387053e-10
2.434300048828125 6.025372798046316e-10
2.435300048828125 5.548452095550755e-10
2.436300048828125 3.095082846890378e-10
2.437300048828125 3.124294172339284e-10
2.438300048828125 3.7197448838839135e-10
2.439300048828125 3.3329887058791134e-10
2.440300048828125 2.161737023278253e-10
2.441300048828125 3.103042529109154e-10
2.442300048828125 2.6320657446224596e-10
2.443300048828125 1.7394372783250704e-10
2.444300048828125 2.094100669923073e-10
2.445300048828125 1.996733390671854e-10
2.446300048828125 1.7678897893525006e-10
2.447300048828125 1.065413751030299e-10
2.448300048828125 1.1481549119985231e-10
2.449300048828125 1.0874005390744148e-10
2.450300048828125 1.3504564959851318e-10
2.451300048828125 7.187267339393243e-11
2.452300048828125 8.452849742667196e-11
2.453300048828125 6.775310430220343e-11
2.454300048828125 5.5517474835567586e-11
2.455300048828125 7.240114632289681e-11
2.456300048828125 5.1677793121127135e-11
2.457300048828125 5.129623226790498e-11
2.458300048828125 5.88789443597045e-11
2.459300048828125 4.52002261381587e-11
2.460300048828125 3.7959905464582806e-11
2.461300048828125 3.401636269440784e-11
2.462300048828125 3.193841685019862e-11
2.463300048828125 2.77713247899008e-11
2.464300048828125 2.0251943507828245e-11
2.465300048828125 1.0540502107185518e-11
2.466300048828125 1.3698314931834372e-11
2.467300048828125 1.6064796459011563e-11
2.468300048828125 1.4603354910026774e-11
2.469300048828125 1.112497418864564e-11
2.470300048828125 1.1267348117827175e-11
2.471300048828125 1.291545625049788e-11
2.472300048828125 8.721628784345258e-12
2.473300048828125 1.0645239774921191e-11
2.474300048828125 5.034683555561147e-12
2.475300048828125 7.317553472323576e-12
2.476300048828125 5.737977781050522e-12
2.477300048828125 7.918546151213965e-12
2.478300048828125 7.903146100401202e-12
2.479300048828125 3.851387804934391e-12
2.480300048828125 3.3257693291756258e-12
2.481300048828125 4.594516194281698e-12
2.482300048828125 3.2313673532573568e-12
2.483300048828125 1.265716392520361e-12
2.484300048828125 2.2775622668793845e-12
2.485300048828125 2.12810779003485e-12
2.486300048828125 2.5483797210530693e-12
2.487300048828125 2.759941175052153e-12
2.488300048828125 2.324243606335368e-12
2.489300048828125 1.8537718029385695e-12
2.490300048828125 1.4192061633693401e-12
2.491300048828125 1.7413755506111777e-12
2.492300048828125 1.3113631113018236e-12
2.493300048828125 1.2214027576480518e-12
2.494300048828125 9.18693514665247e-13
2.495300048828125 9.015253788329072e-13
2.496300048828125 9.249381432015912e-13
2.497300048828125 8.860343902054116e-13
2.498300048828125 6.718262595717895e-13
2.499300048828125 7.642428584744545e-13
2.500300048828125 8.148403979233708e-13
2.501300048828125 5.412975080100605e-13
2.502300048828125 6.626784994705726e-13
2.503300048828125 7.037805396665133e-13
2.504300048828125 4.3750184764993905e-13
2.505300048828125 5.258932846033871e-13
2.506300048828125 3.5347158813845996e-13
2.507300048828125 4.303298683429194e-13
2.508300048828125 3.565062211693566e-13
2.509300048828125 2.027338921018859e-13
2.510300048828125 2.067861169382829e-13
2.511300048828125 2.229907282787459e-13
2.512300048828125 2.3861193511460603e-13
2.513300048828125 1.896634029268373e-13
2.514300048828125 1.6482592256956583e-13
2.515300048828125 1.4904414419205416e-13
2.516300048828125 1.7527957881499492e-13
2.517300048828125 1.2817384797228964e-13
2.518300048828125 1.2349415590337822e-13
2.519300048828125 8.37467088839475e-14
2.520300048828125 1.0810064174531198e-13
2.521300048828125 1.1325195247144087e-13
2.522300048828125 7.226711572860274e-14
2.523300048828125 9.557272204288175e-14
2.524300048828125 4.610279086149948e-14
2.525300048828125 5.251547946016445e-14
2.526300048828125 1.011375543741245e-13
2.527300048828125 7.94002895774813e-14
2.528300048828125 6.461614161305252e-14
2.529300048828125 4.9954686115033174e-14
2.530300048828125 6.434818750785868e-14
2.531300048828125 3.461010031101397e-14
2.532300048828125 3.948533858232873e-14
2.533300048828125 4.2251380016099894e-14
2.534300048828125 3.6474211586364174e-14
2.535300048828125 4.149473285467975e-14
2.536300048828125 3.461064118067412e-14
2.537300048828125 2.7104369744858517e-14
2.538300048828125 2.5522597814535037e-14
2.539300048828125 3.0447751620604346e-14
2.540300048828125 3.785469223465778e-14
2.541300048828125 3.277113272850467e-14
2.542300048828125 1.5093744622571295e-14
2.543300048828125 2.681639941463235e-14
2.544300048828125 3.21572941430413e-14
2.545300048828125 1.4284060946153738e-14
2.546300048828125 1.2417353157388799e-14
2.547300048828125 1.3302861200772202e-14
2.548300048828125 1.753903668876676e-14
2.549300048828125 1.6533533575824078e-14
2.550300048828125 1.2014692255097231e-14
2.551300048828125 6.49962190069076e-15
2.552300048828125 8.471050712303726e-15
2.553300048828125 6.518675076205879e-15
2.554300048828125 8.790316418229843e-15
2.555300048828125 7.354138078770574e-15
2.556300048828125 8.939976440443452e-15
2.557300048828125 8.547124805230893e-15
2.558300048828125 4.7268496292857606e-15
2.559300048828125 5.4195403919300315e-15
2.560300048828125 8.585843886401273e-15
2.561300048828125 2.9538201475321302e-15
2.562300048828125 6.733975016859709e-15
2.563300048828125 3.91978240906163e-15
2.564300048828125 5.8267175937868485e-15
2.565300048828125 1.512981899158053e-15
2.566300048828125 2.941468024576705e-15
2.567300048828125 1.6569774261024631e-15
2.568300048828125 2.5355355705850585e-15
2.569300048828125 2.673230810953502e-15
2.570300048828125 3.4473856932232002e-15
2.571300048828125 2.931970282033653e-15
2.572300048828125 1.1634291223086705e-15
2.573300048828125 1.588047477703471e-15
2.574300048828125 1.4798902002092046e-15
2.575300048828125 1.4838649020040788e-15
2.576300048828125 1.2460238997804294e-15
2.577300048828125 1.1773725912948727e-15
2.578300048828125 1.055680042337552e-15
2.579300048828125 7.382281703196871e-16
2.580300048828125 5.531164728043674e-16
2.581300048828125 8.941572749979527e-16
2.582300048828125 6.211275956974536e-16
2.583300048828125 4.936654587295445e-16
2.584300048828125 9.429192011152094e-16
2.585300048828125 5.357910987399381e-16
2.586300048828125 3.2356710327269002e-16
2.587300048828125 5.685447198038599e-16
2.588300048828125 2.749680162188321e-16
2.589300048828125 4.3811631465678593e-16
2.590300048828125 4.1190658887677113e-16
2.591300048828125 3.5974346527851185e-16
2.592300048828125 2.570925094433491e-16
2.593300048828125 2.731743003495323e-16
2.594300048828125 1.3715033834023425e-16
2.595300048828125 1.442865916046271e-16
2.596300048828125 1.8432456923054862e-16
2.597300048828125 1.8959631557170841e-16
2.598300048828125 1.8453700993440733e-16
