microns throughput
2.0004663860000003 9.841718191875802e-12
2.002074478 7.69078983809759e-12
2.00368257 6.336148392983928e-12
2.005290662 5.867686557867771e-12
2.006898754 4.704723570438493e-12
2.008506846 3.394361689789176e-12
2.010114938 2.642252617257844e-12
2.01172303 2.443341839547257e-12
2.013331122 2.743725390379753e-12
2.014939214 2.8297018749849547e-12
2.016547306 2.956172834625355e-12
2.018155398 2.504149096523936e-12
2.01976349 2.6361536287611906e-12
2.021371582 3.4996436940570873e-12
2.022979674 3.4517632836093016e-12
2.0245877660000002 2.7153282934431757e-12
2.026195858 2.8348260389934965e-12
2.027803949 3.612520394808942e-12
2.029412041 3.924120631062445e-12
2.031020133 3.546956405281006e-12
2.032628225 3.734639770290999e-12
2.034236317 4.277224187184313e-12
2.035844409 4.5858953738861e-12
2.037452501 4.742602526880335e-12
2.039060593 4.572078028021602e-12
2.040668685 4.32806260491455e-12
2.042276777 4.509474464016915e-12
2.0438848689999998 5.003460723534502e-12
2.045492961 4.435110241135782e-12
2.047101053 3.6352407860955853e-12
2.0487091449999997 4.1251435673601e-12
2.0503172370000002 5.388650557040627e-12
2.0519253290000004 5.329525664821152e-12
2.053533421 4.724940014927714e-12
2.055141513 4.671151165418056e-12
2.056749605 5.175857309356868e-12
2.058357697 5.060324126912162e-12
2.059965788 4.6780464591966225e-12
2.06157388 4.720004603127292e-12
2.0631819719999998 5.18911009866203e-12
2.064790064 6.334004107274524e-12
2.066398156 8.36713024339566e-12
2.068006248 9.214354245020269e-12
2.06961434 8.852321713039488e-12
2.071222432 9.413687042658212e-12
2.072830524 1.125781761210772e-11
2.074438616 1.1645450440351507e-11
2.076046708 9.855832515149233e-12
2.0776548 9.507088100584121e-12
2.079262892 1.1928650695484674e-11
2.080870984 1.4305487147982768e-11
2.0824790760000003 1.4859003471939692e-11
2.084087168 1.6244355231453572e-11
2.08569526 2.0398335445273605e-11
2.0873033519999997 2.5798336667370042e-11
2.088911444 3.090585162487279e-11
2.090519536 3.7571812056283435e-11
2.092127627 3.5795324829093614e-11
2.0937357189999997 3.8499963582935265e-11
2.0953438110000002 5.166006389052984e-11
2.0969519030000003 7.115944432047212e-11
2.098559995 7.998286067568534e-11
2.100168087 8.52329378923419e-11
2.101776179 1.061308443384828e-10
2.103384271 1.4380723519237725e-10
2.104992363 1.6219136354137596e-10
2.1066004549999997 1.5625603534977514e-10
2.1082085470000003 1.5424540012152787e-10
2.109816639 1.5602262351384017e-10
2.111424731 1.5027881062005394e-10
2.113032823 1.3018483834642544e-10
2.114640915 1.0595053469331564e-10
2.116249007 6.325485832408575e-11
2.1178570989999996 3.6861529363807016e-11
2.1194651909999997 6.6065296843614e-11
2.1210732830000003 1.2038980873185813e-10
2.122681375 1.0774325376940762e-10
2.124289466 8.478986328129287e-11
2.125897558 9.845481050567552e-11
2.1275056500000002 1.3667706561441827e-10
2.129113742 9.774436960840553e-11
2.130721834 6.055747990525471e-11
2.1323299259999997 4.8047677902427076e-11
2.133938018 5.432229532201074e-11
2.1355461100000004 6.793468855675383e-11
2.137154202 5.293628072970003e-11
2.138762294 4.4664715063751216e-11
2.140370386 1.8631092401524512e-11
2.141978478 1.2619010583256922e-11
2.14358657 1.4933414491849993e-11
2.1451946619999998 2.0876859302028993e-11
2.146802754 4.192834311926341e-12
2.1484108460000004 2.598795168166212e-13
2.150018938 1.5586356291088272e-13
2.15162703 1.710862167564335e-12
2.153235122 2.0626094713525368e-11
2.154843214 8.586070301394254e-13
2.156451305 1.2795497730634077e-13
2.158059397 1.2037113931120227e-13
2.159667489 1.2212010319041618e-13
2.161275581 1.2427047770375624e-13
2.1628836729999996 1.2624720230536364e-13
2.164491765 1.287729507580777e-13
2.1660998570000003 1.3161716608249538e-13
2.167707949 1.3479240951604333e-13
2.169316041 1.3830081290062168e-13
2.170924133 1.4184269321818074e-13
2.172532225 1.4626403424996977e-13
2.174140317 1.5095654848623375e-13
2.1757484089999997 1.5613866999317268e-13
2.177356501 1.6184365008737825e-13
2.1789645930000003 1.6810450106754454e-13
2.180572685 1.750475682430734e-13
2.182180777 1.8266996764568672e-13
2.183788869 1.9128568376996882e-13
2.185396961 2.0112506811991274e-13
2.187005053 2.1147081263898934e-13
2.1886131449999997 2.2306077352601136e-13
2.1902212359999997 2.359182995893553e-13
2.191829328 2.5030672550860016e-13
2.1934374200000004 2.7501326102888424e-13
2.195045512 3.760689563530759e-13
2.196653604 6.219484750456401e-13
2.198261696 4.717959298388573e-13
2.199869788 3.8337242719893475e-13
2.20147788 8.228161610208419e-13
2.203085972 8.912381321727167e-12
2.204694064 3.8246239479087776e-11
2.206302156 3.3243670180388464e-12
2.207910248 6.207764237727367e-13
2.2095183400000002 3.411664149794916e-12
2.211126432 6.820990590830748e-11
2.212734524 2.1410867802037059e-10
2.2143426159999997 1.4761541079547013e-10
2.215950708 1.2982915908647761e-10
2.2175588 2.1704780159007483e-10
2.219166892 3.6569249263126865e-10
2.220774984 5.550461949903265e-10
2.221786975 3.066929166974225e-10
2.222987941 2.1589959774822112e-10
2.2241889070000003 2.6003075347222448e-12
2.225389873 2.871233518407218e-12
2.226590839 3.2867057654566994e-10
2.227791805 1.4015409867210105e-11
2.228992771 2.3006281469990007e-10
2.230193737 4.232751405603347e-10
2.231394703 7.664956682502465e-10
2.2325956689999997 6.076165479037101e-10
2.233796635 7.040535442046471e-10
2.234997601 4.0644289208985785e-10
2.2361985669999997 4.092224518844241e-12
2.2373995329999996 5.58832219179335e-10
2.238600498 4.5421778509745875e-12
2.239801464 4.8375722276482935e-12
2.24100243 5.195332712219182e-12
2.242203396 5.614085624603084e-12
2.243404362 6.099048650707687e-12
2.244605328 6.662147153269501e-12
2.245806294 7.303079601107017e-12
2.2470072599999997 3.6378393089805706e-10
2.248208226 4.4656974643481135e-10
2.249409192 4.699572526420383e-09
2.2506101579999997 1.603602039007875e-09
2.251811124 7.445545311266793e-09
2.2530120900000004 9.308605167126177e-09
2.254213056 1.55741036328674e-08
2.255414021 1.4808413778245382e-08
2.256614987 9.143455850140429e-09
2.2578159529999997 1.5385149018307714e-08
2.259016919 1.7319341407249445e-08
2.260217885 2.3526821924861048e-11
2.2614188509999997 1.7338423769089221e-09
2.2626198169999996 1.683010375318742e-08
2.2638207830000003 1.803618895915282e-08
2.265021749 4.113118273779208e-08
2.266222715 2.540046236607538e-08
2.2674236810000004 2.831432101799524e-08
2.268624647 4.00025238203561e-08
2.269825613 4.0179168328841867e-08
2.271026579 6.170264053825832e-08
2.2722275450000002 7.24597807055514e-08
2.27342851 5.818701354635182e-08
2.274629476 9.239390879870324e-08
2.2758304419999997 1.0256846318730156e-07
2.277031408 9.979095502861802e-08
2.2782323740000003 7.864131833052401e-08
2.27943334 9.794526526814268e-08
2.280634306 7.252583260152745e-08
2.281835272 6.129631171042896e-08
2.283036238 9.323806336368223e-08
2.284237204 8.408905073344492e-08
2.28543817 9.963668433613829e-08
2.286639136 1.3191980900763778e-07
2.287840102 1.3577830673522252e-07
2.289041068 1.1095094415173805e-07
2.290242034 1.5037070622750522e-07
2.291442999 1.6312370243603885e-07
2.2926439650000003 1.8334689324585477e-07
2.293844931 1.9559036910123207e-07
2.295045897 2.574531786216932e-07
2.296246863 2.9852606551354224e-07
2.297447829 3.370425527738806e-07
2.298648795 3.518502932922795e-07
2.299849761 3.1599337002991906e-07
2.301050727 3.6761746096394287e-07
2.302251693 4.1149884573649646e-07
2.303452659 3.5709833854155877e-07
2.304653625 3.4506638691531145e-07
2.3058545909999997 4.2353433660117675e-07
2.307055557 4.2982738942245984e-07
2.308256523 6.025631764728535e-07
2.309457488 5.808811139120919e-07
2.310658454 6.702372971520431e-07
2.3118594199999998 7.664560612891349e-07
2.313060386 7.101670000877948e-07
2.314261352 9.672058897898291e-07
2.315462318 1.0758211674044135e-06
2.316663284 1.2672134987047828e-06
2.31786425 1.5560194569704466e-06
2.319065216 1.9196826353311685e-06
2.3202661819999997 2.0973612256166458e-06
2.321467148 1.9193163883019627e-06
2.322668114 2.5495454691221794e-06
2.32386908 2.269980850069056e-06
2.325070046 2.2862354747421114e-06
2.3262710120000003 2.206471076951836e-06
2.327471977 3.2412657915741523e-06
2.328672943 1.92733400231441e-06
2.329873909 1.4636229972852374e-06
2.3310748749999997 2.96026254768968e-06
2.332275841 2.558160188720232e-06
2.333476807 2.5886947255144884e-06
2.3346777729999997 2.2162866167499846e-06
2.3358787390000004 1.6616301363562838e-06
2.3370797050000003 1.9460193953226232e-06
2.338280671 2.861903228018516e-06
2.339481637 2.4127365976069367e-06
2.3406826030000003 3.233606753771981e-06
2.341883569 2.742252053994534e-06
2.343084535 3.8530282485982104e-06
2.344285501 4.243177880086889e-06
2.3454864659999997 5.0458223428673185e-06
2.346687432 5.351473884737397e-06
2.3478883980000003 4.5282675539607e-06
2.349089364 4.466992692752242e-06
2.35029033 5.393462405778401e-06
2.3514912960000003 5.811573310542363e-06
2.352692262 4.691216054783331e-06
2.353893228 3.936006929106131e-06
2.355094194 3.840891977890275e-06
2.35629516 4.006828615224248e-06
2.357496126 4.1503879513637135e-06
2.358697092 4.507038207568388e-06
2.359898058 4.428151416045738e-06
2.361099024 3.998275095270858e-06
2.3622999890000003 4.230918338546959e-06
2.363500955 5.406430708879069e-06
2.364701921 6.223214952422609e-06
2.3659028870000003 7.92039765232445e-06
2.367103853 8.585979192165538e-06
2.368304819 1.073419870723353e-05
2.369505785 1.3666811223910465e-05
2.370706751 2.5320773415072632e-05
2.371907717 3.771038178379135e-05
2.373108683 5.288132550125183e-05
2.3743096489999997 7.836070859840966e-05
2.375510615 0.00010704512768239683
2.376711581 0.0001451781921832362
2.3779125469999998 0.00018576850418597102
2.3791135129999996 0.00024083983118532038
2.380314478 0.00031201921387062506
2.381515444 0.00039898279166576504
2.38271641 0.0005066341395810118
2.383917376 0.0006407501435888041
2.385118342 0.0008093547916585547
2.386319308 0.001016998389767034
2.387520274 0.0012845073862411283
2.3887212399999997 0.0016205227942128453
2.389922206 0.0020470752606438903
2.391123172 0.002590791228026048
2.3923241379999998 0.0032868632996383203
2.3935251039999996 0.0041931150240917155
2.3947260700000004 0.005372795701054193
2.3959270360000002 0.006914752781611274
2.397128002 0.008951358732825907
2.398328967 0.011653281146812957
2.3995299329999997 0.01525139159318534
2.400730899 0.02003446956662076
2.401931865 0.02638243921428939
2.4031328309999997 0.03476892385062384
2.4043337969999996 0.045731565456080994
2.405534763 0.05984744236512887
2.406735729 0.0776468521252294
2.407936695 0.0995235657377076
2.4091376610000004 0.12558221315569928
2.4103386270000002 0.15540533143792779
2.411539593 0.187977759538758
2.412740559 0.22170533544591747
2.4139415250000003 0.25456994472474537
2.415142491 0.28448587964170313
2.416343456 0.30984236652538694
2.4175444219999997 0.3298494141385283
2.4187453879999996 0.34451862135585676
2.4199463540000004 0.3545756427487553
2.42114732 0.36128846538332515
2.422348286 0.3658778970424684
2.423549252 0.3685408547140882
2.4247502180000002 0.3703136485889481
2.425951184 0.3716534829530391
2.42715215 0.3728209878065753
2.4283531160000003 0.3739686365910342
2.429554082 0.3751933537877479
2.430755048 0.3765133185503798
2.431956014 0.377894688224995
2.43315698 0.37928616020250117
2.4343579450000004 0.38064041472036136
2.435558911 0.38193106328833726
2.436759877 0.38313615017639124
2.437960843 0.38428452805338975
2.4391618090000002 0.38529028905439366
2.440362775 0.38614453358866546
2.441563741 0.3868369046041771
2.442764707 0.3874148424092121
2.443965673 0.38786392679351317
2.445166639 0.38820402817495625
2.446367605 0.3884444351048604
2.4475685709999997 0.38835656468382834
2.448769537 0.38825910308519485
2.449970503 0.3880884470060773
2.4511714689999997 0.38784338096006327
2.452372434 0.3875709292025756
2.4535734000000002 0.3872718220618146
2.454774366 0.3869626786701065
2.455975332 0.38680608516473225
2.457176298 0.3866508620198248
2.458377264 0.3865115342878508
2.45957823 0.3863922317795645
2.460779196 0.38625651255839144
2.4619801619999997 0.38612531852379617
2.463181128 0.38603844021321665
2.464382094 0.3860006843584318
2.4655830599999997 0.38600513888942145
2.466784026 0.38604959028582175
2.4679849920000003 0.38615931816795024
2.469185958 0.38643850371266547
2.470386923 0.38671043683888984
2.471587889 0.3870990499661814
2.4727888549999997 0.3875626283503597
2.473989821 0.38851179047594053
2.475190787 0.3892313860750013
2.4763917529999997 0.38994946231817346
2.477592719 0.3907173669627553
2.4787936850000003 0.3915077774714874
2.479994651 0.39236571491489747
2.481195617 0.3930290914992438
2.4823965830000003 0.3934992514936051
2.483597549 0.3943078854518275
2.484798515 0.39501769663899305
2.485999481 0.3957223763216745
2.4872004459999997 0.3963818668560612
2.488401412 0.396947861026387
2.489602378 0.3974217010346124
2.490803344 0.3978140621125387
2.49200431 0.3980988758398882
2.4932052760000003 0.3983766981366098
2.494406242 0.39861708439758475
2.495607208 0.39874136111489944
2.496808174 0.3987993629546525
2.49800914 0.3987311349666259
2.499210106 0.3985551931007775
2.500411072 0.3983279883276329
2.501612038 0.398024652054466
2.502813004 0.3976309822675599
2.50401397 0.3972082431619654
2.505214935 0.3967432493064713
2.506415901 0.3962382095273846
2.5076168670000003 0.39573060173732133
2.508817833 0.39523674551638266
2.510018799 0.3947271038895961
2.511219765 0.3942481825262717
2.512420731 0.3938762525063396
2.513621697 0.39360424855186404
2.514822663 0.3933686830045601
2.5160236289999998 0.3931939494348736
2.517224595 0.39305212381155097
2.518425561 0.3929449843534339
2.519626527 0.3928960384206567
2.5208274929999996 0.39289904596415914
2.522028459 0.39292876823450396
2.523229424 0.3930037427900659
2.52443039 0.3931069601988974
2.525631356 0.3932176933988616
2.526832322 0.393360329856969
2.528033288 0.39352436296780513
2.529234254 0.3936597885925126
2.5304352199999998 0.39382093093320636
2.531636186 0.39402811920887004
2.532837152 0.3943146812321086
2.534038118 0.3945995504841574
2.5352390839999996 0.39487386856049594
2.53644005 0.39509494791747757
2.5376410160000002 0.39529702579604475
2.538841982 0.3954851787261422
2.540042948 0.39562268794556166
2.5412439129999997 0.3957194732748201
2.542444879 0.3957924361469106
2.543645845 0.3958153882745352
2.5448468109999998 0.3958032761506438
2.546047777 0.3957733768406162
2.547248743 0.3956847584400251
2.548449709 0.39556723181714204
2.5496506749999996 0.39542247505271233
2.5508516410000004 0.3951907951220227
2.5520526070000003 0.39497382090376487
2.553253573 0.39478230741697673
2.554454539 0.39446271355251733
2.5556555050000003 0.3940598037081876
2.556856471 0.3935713337218899
2.558057437 0.39295411148793113
2.5592584019999998 0.3922385920323179
2.5604593679999996 0.3914336868563123
2.561660334 0.3905116545163563
2.5628613000000002 0.38952446597413176
2.564062266 0.38851688275612495
2.565263232 0.3874374668349597
2.5664641980000003 0.3864030323185822
2.567665164 0.38545752569720276
2.56886613 0.3845878041891947
2.5700670960000003 0.3839728557915209
2.571268062 0.3839671409426709
2.572469028 0.38383928073602774
2.573669994 0.3841318261783911
2.57487096 0.38471851814820446
2.576071926 0.3855222128242935
2.5772728910000002 0.3864440570657619
2.578473857 0.3870895974044766
2.579674823 0.38761409285622156
2.5808757890000003 0.38739624720402877
2.582076755 0.38581716753427603
2.583277721 0.3823649295072231
2.584478687 0.3764693620530082
2.585679653 0.36736333257914483
2.586880619 0.3548291377297024
2.588081585 0.33859961196042787
2.5892825509999997 0.31862593017343155
2.590483517 0.2952614861376187
2.591684483 0.269093115035332
2.5928854489999997 0.2407713381658026
2.594086414 0.21149450115916474
2.5952873800000003 0.18167243288359516
2.596488346 0.1535366198163144
2.597689312 0.1279515795054891
2.598890278 0.10507121619306087
2.600091244 0.08526622877206569
2.60129221 0.06859035916624653
2.602493176 0.054844063092611736
2.6036941419999997 0.043774186220365
2.604895108 0.03495952753824366
2.606096074 0.027867713882944962
2.6072970399999997 0.022331696050158133
2.6084980059999996 0.017956182627001632
2.6096989720000003 0.014481586496761095
2.610899938 0.011738841326437533
2.612100903 0.009556246750418397
2.613301869 0.007806623614306906
2.6145028349999997 0.006417516173114926
2.615703801 0.005290719296352865
2.616904767 0.004388438284992883
2.6181057329999997 0.0036589445119705414
2.619306699 0.003056660069011994
2.620507665 0.0025731551984389802
2.621708631 0.002170318322466113
2.622909597 0.0018364248728382862
2.6241105630000003 0.0015705407645614379
2.625311529 0.001345316624721168
2.626512495 0.0011587112804981605
2.627713461 0.0010035003197656892
2.628914427 0.0008663694062125591
2.630115392 0.0007579528134370216
2.631316358 0.0006644610719578934
2.6325173239999997 0.0005811083698015208
2.63371829 0.0005213270573405509
2.6349192560000003 0.00045994185364075954
2.636120222 0.0004077717798310385
2.637321188 0.0003666867230325295
2.638522154 0.00032848655116081427
2.63972312 0.00030287453445412805
2.640924086 0.0002748686671735041
2.642125052 0.0002471236710756183
2.643326018 0.0002312617390745561
2.644526984 0.0002110203425537991
2.64572795 0.00019272329772239573
2.646928916 0.00017919975812094049
2.648129881 0.0001631202047599445
2.6493308470000003 0.00015374566000274603
2.650531813 0.00013872004354093713
2.651732779 0.0001301999814777796
2.652933745 0.00012666783413922973
2.654134711 0.00011280268473941711
2.655335677 0.0001066206049535739
2.656536643 0.00010151057531290774
2.657737609 9.109644669453676e-05
2.658938575 8.740361262451812e-05
2.660139541 7.870413326581281e-05
2.661340507 7.210392158901311e-05
2.662541473 6.70496894209022e-05
2.663742439 6.199282299153964e-05
2.664943405 6.276533089129785e-05
2.66614437 5.504183449603181e-05
2.667345336 5.192130329883065e-05
2.668546302 5.209457471432058e-05
2.669747268 4.8304037051785594e-05
2.670948234 4.881072808842575e-05
2.6721492 4.478745176506931e-05
2.673350166 4.490813646397176e-05
2.674551132 4.904561347309401e-05
2.675752098 4.471121315386118e-05
2.6769530639999997 4.57659205665816e-05
2.67815403 4.32357765274951e-05
2.679354996 3.9983597606674555e-05
2.680555962 4.010878280448243e-05
2.681756928 3.895263094209911e-05
2.6829578940000003 4.2116407845643354e-05
2.684158859 4.153197808715896e-05
2.685359825 3.9313317520749556e-05
2.686560791 4.021360615560596e-05
2.687761757 3.978917065794856e-05
2.688962723 4.1375114341663534e-05
2.690163689 4.18785861354743e-05
2.6913646549999997 4.001115932172526e-05
2.6925656210000004 4.1092673259864355e-05
2.6937665870000003 3.9139348155570866e-05
2.694967553 4.0029651865309364e-05
2.696168519 4.103256972464442e-05
2.6973694850000003 3.873504430172693e-05
2.698570451 4.17778878143494e-05
2.699771417 4.18859498500689e-05
2.700972383 3.964094704627656e-05
2.7021733479999996 3.694056366769373e-05
2.703374314 3.624068815732491e-05
2.70457528 3.6707720009096885e-05
2.705776246 3.388746405198187e-05
2.706977212 3.668280859118414e-05
2.7081781780000003 3.6412801091074244e-05
2.709379144 3.7447180139535066e-05
2.71058011 3.771968727889026e-05
2.7117810760000003 3.5536762845791466e-05
2.712982042 3.587408014334311e-05
2.714183008 3.4964967987296194e-05
2.715383974 3.5704262136754065e-05
2.71658494 3.577814687912067e-05
2.717785906 3.3835017405408336e-05
2.7189868710000002 3.52253313853704e-05
2.720187837 3.5401543418662095e-05
2.721388803 3.605020234340328e-05
2.7225897690000003 3.1702679694466545e-05
2.723790735 3.325660887213225e-05
2.724991701 3.471197198575111e-05
2.726192667 3.271514671119757e-05
2.727393633 3.382194952036097e-05
2.728594599 3.267971170787593e-05
2.729795565 3.275711283205437e-05
2.7309965309999997 3.1017585676141026e-05
2.732197497 2.86356881701214e-05
2.733398463 2.9050301128312256e-05
2.7345994289999997 2.621120351619528e-05
2.735800395 2.6995128919931555e-05
2.7370013600000003 2.6380774955184993e-05
2.738202326 2.525130895673043e-05
2.739403292 2.6245795868973633e-05
2.740604258 2.480700768179222e-05
2.741805224 2.5430945853500014e-05
2.74300619 2.4795979031978076e-05
2.744207156 2.4322630018065832e-05
2.7454081219999997 2.219440092372195e-05
2.746609088 2.1439150236438513e-05
2.747810054 2.3671231729403106e-05
2.7490110199999997 2.2799568030509565e-05
2.7502119859999996 2.1906455855322674e-05
2.751412952 2.299001556716178e-05
2.752613918 2.6552541891557003e-05
2.753814884 2.487760274259423e-05
2.755015849 2.433634693846541e-05
2.756216815 2.6322316607377505e-05
2.757417781 2.6108390047211243e-05
2.758618747 2.552383323969836e-05
2.7598197129999997 2.6099552018932842e-05
2.761020679 2.8533813209342414e-05
2.762221645 2.6904509461624622e-05
2.7634226109999998 2.880247215734462e-05
2.764623577 2.801375192427656e-05
2.7658245430000004 2.4285736058988613e-05
2.767025509 2.659584994867533e-05
2.768226475 2.6084506168754578e-05
2.769427441 2.740863192137369e-05
2.7706284070000002 2.5105314264520353e-05
2.771829373 2.3832054662406476e-05
2.773030338 2.5356976181236332e-05
2.7742313039999997 2.5372993497931232e-05
2.7754322699999996 2.506086839832359e-05
2.7766332360000003 2.579635451850114e-05
2.777834202 2.7751854182896065e-05
2.779035168 2.5588316249269315e-05
2.7802361340000004 2.725354575178145e-05
2.7814371 2.637766928101075e-05
2.782638066 2.6499345452558027e-05
2.783839032 2.8003494851263315e-05
2.7850399980000002 2.5588687912753843e-05
2.786240964 2.6070137007542968e-05
2.78744193 2.468258527868777e-05
2.788642896 2.5842642370300826e-05
2.789843862 2.4467239752289448e-05
2.7910448270000003 2.493447762325985e-05
2.792245793 2.3362325868343446e-05
2.793446759 2.18988624688304e-05
2.794647725 2.0934687235998533e-05
2.795848691 1.9143957375566342e-05
2.797049657 1.8260850811607868e-05
2.798250623 1.696312010821051e-05
2.799451589 1.9524138484623852e-05
2.800652555 1.9345710296031548e-05
2.801853521 2.3507120216008996e-05
2.803054487 2.506392019986857e-05
2.804255453 2.2113180420143103e-05
2.805456419 2.1547330375917567e-05
2.806657385 2.1613907944977528e-05
2.8078583509999997 2.2699672607938395e-05
2.809059316 2.4988454760327172e-05
2.810260282 2.6347338350764863e-05
2.811461248 2.313875809434423e-05
2.812662214 2.3612179068746488e-05
2.81386318 2.227853121553189e-05
2.815064146 2.0680550186212085e-05
2.816265112 2.3411158427037256e-05
2.817466078 2.8836710846901388e-05
2.8186670439999997 2.9035284723723076e-05
2.81986801 2.882015958806041e-05
2.821068976 2.7613303194859283e-05
2.8222699419999997 2.483129355669615e-05
2.823470908 2.761681488916283e-05
2.8246718740000003 2.839200760737536e-05
2.825872839 2.893274704223215e-05
2.827073805 2.9576058243147504e-05
2.828274771 3.102703336693354e-05
2.829475737 2.8743997613841033e-05
2.830676703 2.829500640178761e-05
2.831877669 2.9537482777014284e-05
2.8330786349999997 3.1675544254842404e-05
2.834279601 3.2810761344169084e-05
2.8354805670000003 3.307383132399378e-05
2.836681533 3.360638975512816e-05
2.837882499 3.075921835071962e-05
2.8390834650000003 3.249869577856769e-05
2.840284431 3.271649646091363e-05
2.841485397 3.3538808390541264e-05
2.842686363 3.2131815017421764e-05
2.8438873279999997 3.32705809033552e-05
2.845088294 3.335465002700429e-05
2.84628926 3.464510056910101e-05
2.8474902259999997 3.523569880526371e-05
2.848691192 3.388187419155928e-05
2.8498921580000003 3.26612784680845e-05
2.851093124 3.2823861435970225e-05
2.85229409 3.4886424641975965e-05
2.8534950560000003 3.440088427125081e-05
2.854696022 3.475014590501248e-05
2.855896988 3.227609946867358e-05
2.857097954 3.438498657740069e-05
2.85829892 3.1767740093878146e-05
2.859499886 3.0420096695522984e-05
2.860700852 3.0889986439702507e-05
2.861901817 3.067212084826671e-05
2.863102783 3.108205059159022e-05
2.8643037490000003 3.366440640856921e-05
2.865504715 3.074615328422355e-05
2.866705681 2.78936362351526e-05
2.867906647 2.7647740938156412e-05
2.869107613 2.7056970472411007e-05
2.870308579 2.614127093337504e-05
2.871509545 2.7616016181725815e-05
2.872710511 2.815545864071211e-05
2.873911477 2.834834578041995e-05
2.875112443 3.1670801949120954e-05
2.8763134089999998 3.185958930962251e-05
2.877514375 3.079642773926759e-05
2.878715341 2.7384358710772593e-05
2.879916306 2.8348400518329233e-05
2.881117272 2.8179609338502374e-05
2.882318238 2.7402901889393455e-05
2.883519204 2.6285083007834252e-05
2.88472017 2.615031816706037e-05
2.885921136 2.505896870410872e-05
2.8871221019999997 2.6672199210410705e-05
2.888323068 2.7855558510077315e-05
2.889524034 3.0786847013766674e-05
2.8907249999999998 2.9815457806740737e-05
2.8919259659999996 2.9727809510777437e-05
2.893126932 2.6237375120343092e-05
2.894327898 2.533978565589247e-05
2.895528864 2.5866003009017304e-05
2.8967298300000004 2.7174239074471653e-05
2.897930795 2.5798654269876354e-05
2.899131761 2.1514257315714093e-05
2.900332727 2.3348493803422374e-05
2.9015336929999997 2.5804615101681658e-05
2.902734659 2.1157326556125505e-05
2.903935625 2.0495074750042733e-05
2.9051365909999998 2.167527311224808e-05
2.9063375569999996 2.1906069286564065e-05
2.9075385230000004 2.3444849052452045e-05
2.9087394890000002 2.3250406476011598e-05
2.909940455 1.980012483405393e-05
2.911141421 1.671770839733906e-05
2.9123423870000003 1.770610911277703e-05
2.913543353 1.8683855226038754e-05
2.914744319 1.7398135892067366e-05
2.9159452839999997 1.530935276615977e-05
2.9171462499999996 1.5599277767071426e-05
2.918347216 1.7323374346501707e-05
2.919548182 1.9231745419299717e-05
2.920749148 1.7337175948047697e-05
2.9219501140000004 1.731839890882357e-05
2.9231510800000002 1.4706880469105266e-05
2.924352046 1.5470674302106633e-05
2.925553012 1.811297580119805e-05
2.9267539780000003 1.7633085166621638e-05
2.927954944 1.4717085764894776e-05
2.92915591 1.7511190234095023e-05
2.930356876 1.7701460078406974e-05
2.931557842 1.9123763835741185e-05
2.932758808 1.9069566172640614e-05
2.933959773 1.9825150880197975e-05
2.935160739 1.4817856763478025e-05
2.936361705 1.526411906438983e-05
2.9375626710000002 1.6766500618990163e-05
2.938763637 1.6632745512562358e-05
2.939964603 1.5936185466215185e-05
2.941165569 1.7354196661832673e-05
2.942366535 1.814650132638741e-05
2.943567501 1.7180864040400248e-05
2.944768467 1.7604643287253154e-05
2.945969433 1.765078383505361e-05
2.947170399 1.690349891527885e-05
2.948371365 1.795178704182626e-05
2.9495723309999997 1.9197752831910285e-05
2.950773296 2.0500101548431983e-05
2.9519742620000002 1.8614513177597688e-05
2.953175228 1.8117255938200808e-05
2.954376194 1.8086835013263848e-05
2.95557716 1.8832902735948743e-05
2.956778126 1.8583632859027825e-05
2.957979092 2.0445202800635726e-05
2.959180058 2.0701300285788064e-05
2.9603810239999997 2.039022640232719e-05
2.96158199 2.0372797547270482e-05
2.962782956 2.215717355242013e-05
2.9639839219999997 2.093816341668532e-05
2.9651848879999996 2.0994481498965606e-05
2.9663858540000003 2.0798484632558368e-05
2.96758682 2.191762149224811e-05
2.968787785 2.2847056530709716e-05
2.969988751 2.278531182651253e-05
2.971189717 1.9049325844921337e-05
2.972390683 1.843053071934216e-05
2.973591649 1.8733730645017238e-05
2.9747926149999997 2.1740651532735497e-05
2.975993581 2.2660643296771016e-05
2.977194547 2.173004161241612e-05
2.9783955129999997 2.2886740798026723e-05
2.979596479 2.400922766817289e-05
2.9807974450000003 2.2893230999776618e-05
2.981998411 2.000544895796883e-05
2.983199377 2.0461437418330245e-05
2.984400343 2.3570074310001504e-05
2.985601309 2.5745369900091245e-05
2.986802274 2.323231191919018e-05
2.98800324 2.2862846035273908e-05
2.9892042059999997 2.0891511207560475e-05
2.990405172 1.9675855987710974e-05
2.9916061380000003 1.9559215071543142e-05
2.992807104 2.1279644004741727e-05
2.99400807 2.009438143518274e-05
2.9952090360000003 2.182351608729701e-05
2.996410002 2.1788211885452304e-05
2.997610968 2.0360087535153732e-05
2.998811934 1.7532613059040125e-05
3.0000129 1.954971922455452e-05
3.001213866 1.9558365646780874e-05
3.002414832 2.0793809673078538e-05
3.003615798 1.9551366569473448e-05
3.004816763 1.8743820362790564e-05
3.0060177290000003 1.767126103033081e-05
3.007218695 1.851017489202578e-05
3.008419661 1.794695805809532e-05
3.009620627 1.9201200123913953e-05
3.010821593 1.8548985160742862e-05
3.012022559 1.4575146312481855e-05
3.013223525 1.5812880907841115e-05
3.014424491 1.789005226538104e-05
3.015625457 1.8462542448050163e-05
3.016826423 1.7434807305150064e-05
3.018027389 1.728087289283746e-05
3.019228355 1.689625006762445e-05
3.020429321 1.614817738372816e-05
3.021630287 1.3608361591395265e-05
3.022831252 1.2826103153100394e-05
3.024032218 1.2114406069919765e-05
3.025233184 1.4193274882984884e-05
3.02643415 1.582754635451643e-05
3.027635116 1.6021398571322615e-05
3.0288360819999998 1.587061372392201e-05
3.030037048 1.729574426868412e-05
3.031238014 1.5814177817131636e-05
3.03243898 1.564240485874524e-05
3.0336399459999996 1.3715761323974873e-05
3.034840912 1.27066004366928e-05
3.036041878 1.2981462193839026e-05
3.0372428439999997 1.1626358738073717e-05
3.0384438100000004 1.0664936616080912e-05
3.0396447760000003 1.0199350800797497e-05
3.040845741 1.1695677328750517e-05
3.042046707 1.4187817929585774e-05
3.0432476729999998 1.4615033390993722e-05
3.044448639 1.2819727374912292e-05
3.045649605 1.3855130190423565e-05
3.046850571 1.3672111518057413e-05
3.0480515369999996 1.2850503440083898e-05
3.049252503 1.0670442974306956e-05
3.0504534690000003 1.1928784761434443e-05
3.051654435 1.1977395330361645e-05
3.052855401 1.0047135461873622e-05
3.0540563670000003 8.15020370007202e-06
3.055257333 6.860885259174073e-06
3.056458299 7.4513818594635336e-06
3.0576592639999998 9.581836355195642e-06
3.0588602299999996 1.0968114148397639e-05
3.060061196 8.587300867722677e-06
3.061262162 7.4931672669907475e-06
3.062463128 8.85612395894381e-06
3.0636640940000004 1.0828945276030008e-05
3.0648650600000003 8.828695243210099e-06
3.066066026 9.362992955387943e-06
3.067266992 7.752801447239535e-06
3.0684679580000003 6.658245426658495e-06
3.069668924 6.779983262616849e-06
3.07086989 5.629420340964466e-06
3.072070856 6.102550689113704e-06
3.073271822 5.946846161440014e-06
3.074472788 8.640796958204378e-06
3.0756737530000002 6.291196350618747e-06
3.076874719 5.70214553271281e-06
3.078075685 5.040401218129446e-06
3.0792766510000003 5.5157361262599844e-06
3.080477617 7.756869295686876e-06
3.081678583 8.331247470633582e-06
3.0828795490000003 7.130019622462729e-06
3.084080515 7.558460346188391e-06
3.085281481 9.448852122111201e-06
3.086482447 7.70848560103188e-06
3.087683413 6.870867244719474e-06
3.088884379 6.9015749338139366e-06
3.090085345 7.031708818461258e-06
3.0912863109999997 6.714466785315926e-06
3.092487277 6.797802037731622e-06
3.0936882420000003 7.406221309248098e-06
3.094889208 8.07214038634013e-06
3.096090174 9.208179692460395e-06
3.09729114 1.1487378772335937e-05
3.098492106 1.1518566674631704e-05
3.099693072 8.678608579328168e-06
3.100894038 7.758167500968002e-06
3.1020950039999997 7.964239920717892e-06
3.10329597 9.289382264302239e-06
3.104496936 9.834570198875167e-06
3.1056979019999997 1.3358913862110866e-05
3.106898868 1.3950559708945736e-05
3.108099834 1.348626779598105e-05
3.1093008 1.5344331212223603e-05
3.110501766 1.56591719175487e-05
3.111702731 1.5691986057595303e-05
3.112903697 1.5544101634393503e-05
3.114104663 1.8061944328686816e-05
3.115305629 1.934377062337167e-05
3.1165065949999997 2.1098435991171274e-05
3.117707561 1.9373651220983418e-05
3.118908527 1.8174102047573963e-05
3.1201094929999997 1.8640183164374216e-05
3.1213104589999996 1.8374005850388e-05
3.1225114250000003 2.0312753683722706e-05
3.123712391 2.204029150572523e-05
3.124913357 2.2923439800004528e-05
3.126114323 2.2111574567539186e-05
3.127315289 2.2505708480228937e-05
3.128516255 2.2062340081874594e-05
3.12971722 2.3343792005844622e-05
3.1309181859999997 2.658271639312416e-05
3.132119152 2.7982622161769777e-05
3.133320118 2.9303112021357265e-05
3.134521084 2.848479715879246e-05
3.13572205 3.034886444002048e-05
3.1369230160000003 3.077790170963218e-05
3.138123982 2.9151014138039568e-05
3.139324948 2.893244583873743e-05
3.140525914 2.9464683430272072e-05
3.14172688 2.851366968086329e-05
3.142927846 2.677542914356995e-05
3.144128812 2.7048238811368046e-05
3.145329778 2.6311045104021286e-05
3.146530744 2.5283249664048314e-05
3.1477317090000003 2.1735727027827854e-05
3.148932675 2.0324464836119178e-05
3.150133641 2.20578928100315e-05
3.151334607 2.067761104497498e-05
3.152535573 1.889067688838337e-05
3.153736539 1.767000571889199e-05
3.154937505 1.59720014556519e-05
3.1561384710000002 1.3331166178355719e-05
3.157339437 1.322938649737916e-05
3.158540403 1.2320275134921735e-05
3.159741369 1.145261093392403e-05
3.160942335 1.0562868807243015e-05
3.162143301 8.656283582877714e-06
3.163344267 9.075309667147307e-06
3.1645452329999997 8.144621010465803e-06
3.165746198 8.973003869148708e-06
3.166947164 9.630552083786798e-06
3.16814813 8.226695489629357e-06
3.169349096 8.889340784194462e-06
3.170550062 7.550951710249727e-06
3.171751028 5.710828556118577e-06
3.172951994 6.09613754545213e-06
3.17415296 8.145994842347237e-06
3.1753539259999997 8.518146823701042e-06
3.176554892 7.709974121421268e-06
3.177755858 8.058292576842619e-06
3.1789568239999997 6.199076007330602e-06
3.18015779 6.332922701610025e-06
3.1813587560000003 7.806693970077478e-06
3.182559721 9.270543173911774e-06
3.183760687 8.444038409254681e-06
3.184961653 6.071069446722046e-06
3.186162619 5.789044965273211e-06
3.187363585 7.234488876224651e-06
3.188564551 6.80381963338131e-06
3.1897655169999997 4.583945691268488e-06
3.190966483 4.574692285145021e-06
3.192167449 4.163828433859026e-06
3.193368415 3.6078718415246603e-06
3.194569381 4.314783104864543e-06
3.1957703470000003 4.227480218456822e-06
3.196971313 3.93637907210641e-06
3.198172279 2.890906487118924e-06
3.1993732450000003 2.796520859023576e-06
3.20057421 2.675087635506201e-06
3.201775176 2.8711798799773563e-06
3.202976142 1.896969033923174e-06
3.2041771079999997 7.380023459946435e-07
3.2053780740000004 1.097757306636391e-06
3.2065790400000003 3.6683088754679296e-07
3.207780006 8.965702591853872e-07
3.208980972 1.2947888989057485e-06
3.2101819380000003 1.778404959185397e-06
3.211382904 2.3077489992326515e-06
3.21258387 1.1463927010301678e-06
3.213784836 1.6210505263714842e-06
3.214985802 2.0535518530063547e-06
3.216186768 2.1999399996279206e-06
3.217387734 2.6794766133363145e-06
3.218588699 1.9789388692567815e-06
3.219789665 2.725455801689567e-06
3.2209906310000003 2.440033642975963e-06
3.222191597 1.5004678014301264e-06
3.223392563 6.192296922584858e-07
3.2245935290000003 1.840821217712225e-07
3.225794495 1.3748005414885802e-07
3.226995461 2.342642304167666e-07
3.228196427 1.502344587731608e-07
3.229397393 1.0786639291755324e-07
3.230598359 5.732137222306531e-07
3.231799325 8.014855297823398e-07
3.2330002909999997 1.1089882563447518e-06
3.234201257 1.7847992584472083e-06
3.235402223 9.457038332288031e-07
3.236603188 3.0640524860015875e-08
3.237804154 4.5967289793225735e-09
3.23900512 4.600927967111973e-09
3.240206086 4.905474243342451e-07
3.241407052 2.1630820086048637e-06
3.242608018 1.0400132629069754e-06
3.2438089839999997 1.8885258721990438e-07
3.24500995 2.0613670232457407e-07
3.246210916 3.658187042068536e-07
3.2474118819999997 6.200713817086198e-07
3.248612848 1.0689555946400288e-06
3.249813814 7.972410212954542e-08
3.2510147799999998 4.642235089999936e-09
3.252215746 8.479016174720876e-08
3.2534167120000004 1.2507154512834147e-06
3.254617677 1.9946722395606036e-06
3.255818643 1.809205446592587e-06
3.257019609 2.1407990679489086e-06
3.2582205749999997 1.265285469755061e-06
3.259421541 1.2024764757212458e-06
3.260622507 1.7014272320277018e-06
3.2618234729999998 8.752978074575135e-07
3.2630244389999996 5.226881292816522e-07
3.2642254050000004 7.441093723819739e-08
3.265426371 7.147345546535927e-07
3.266627337 1.8643926739394174e-06
3.267828303 2.335822910291088e-06
3.2690292690000002 1.1860138012461585e-06
3.270230235 1.6200563449128787e-06
3.271431201 1.9033774433243282e-06
3.2726321659999997 1.8855606797629543e-06
3.273833132 1.8303997692276956e-06
3.275034098 1.3226263728767774e-06
3.2762350639999998 2.98350583636739e-07
3.27743603 4.746658222126348e-07
3.2786369960000004 2.072713166993357e-06
3.279837962 2.2633168428113126e-06
3.281038928 1.6339505069560312e-06
3.282239894 5.326910907497312e-07
3.2834408600000002 1.2753864210583262e-07
3.284641826 1.3919133725943158e-06
3.285842792 1.5019044749335598e-06
3.287043758 1.4717065188952172e-06
3.288244724 1.1422439711735007e-06
3.2894456890000003 9.033209134979067e-07
3.290646655 1.393373897557343e-06
3.291847621 1.9797558144824955e-06
3.2930485870000004 2.055789241741985e-06
3.294249553 1.4247521465134664e-06
3.295450519 1.3297732599766384e-06
3.296651485 2.1824411569180557e-06
3.2978524510000002 1.1531153755242734e-06
3.299053417 8.925493987623623e-07
3.300254383 4.787333164346746e-07
3.301455349 1.1643807818928761e-06
3.302656315 1.9039069588967116e-06
3.303857281 1.3653564299506002e-06
3.305058247 1.1268660017906417e-06
3.3062592129999997 1.0000887975479825e-06
3.307460178 1.7086771958938387e-07
3.308661144 1.473911323309047e-07
3.30986211 4.824626108793965e-09
3.311063076 1.4452090028465267e-08
3.312264042 7.778442608878276e-07
3.313465008 1.358047169807937e-06
3.314665974 1.3584333415730791e-06
3.31586694 2.865801785191734e-07
3.317067906 6.515215032405406e-07
3.318268872 2.605183433057671e-07
3.319469838 7.105338465727039e-09
3.3206708039999997 1.8517352230406138e-07
3.32187177 4.159921907130503e-07
3.323072736 8.176692038570468e-08
3.324273702 4.632595217214644e-07
3.325474667 1.4991569859074605e-07
3.326675633 6.641910062565292e-08
3.327876599 5.648959461165869e-07
3.329077565 6.214773107265432e-08
3.330278531 1.6086107172304534e-08
3.3314794969999997 1.8805487025471818e-08
3.332680463 4.875404907648349e-09
3.333881429 4.8731138824778256e-09
3.3350823949999997 4.876573314245934e-09
3.336283361 4.874317189080039e-09
3.3374843270000003 4.8720739626141215e-09
3.338685293 4.8698409889000655e-09
3.339886259 4.867615616636651e-09
3.3410872250000003 4.85500089145983e-09
3.342288191 4.841289311410177e-09
3.343489156 4.827564350199433e-09
3.344690122 4.813823404858327e-09
3.3458910879999997 4.800063962970161e-09
3.347092054 4.7862831647908e-09
3.3482930200000003 4.77247811474315e-09
3.349493986 4.758646801474317e-09
3.350694952 4.733581623319882e-09
3.3518959180000003 4.700309738256277e-09
3.353096884 4.666982436299176e-09
3.35429785 4.633597505781749e-09
3.355498816 4.6001545219343395e-09
3.356699782 4.566652010692665e-09
3.357900748 4.533088626132578e-09
3.359101714 4.4994612541108065e-09
3.3603026799999998 6.969101879046874e-09
3.361503645 2.95753640630934e-07
3.3627046110000003 2.3104177493121264e-08
3.363905577 4.48927707625528e-09
3.365106543 4.493828945872583e-09
3.3663075090000003 4.498347135149445e-09
3.367508475 4.502832681684723e-09
3.368709441 4.507284528048187e-09
3.369910407 4.71137101516024e-09
3.371111373 2.744268255735258e-07
3.372312339 3.378517388602597e-07
3.373513305 4.372969223064023e-07
3.3747142709999998 1.6325812965299252e-06
3.375915237 9.839369660743209e-07
3.377116203 6.265960548370574e-08
3.378317169 1.4525468605406967e-07
3.379518134 6.694964882183826e-09
3.3807191 3.6210373267398865e-07
3.381920066 5.529878014792003e-07
3.383121032 5.1949920840528895e-09
3.384321998 3.468078534862842e-07
3.3855229639999997 3.544551873546443e-07
3.38672393 6.263004126944986e-07
3.387924896 6.848081885598105e-07
3.3891258619999998 4.4261643240621175e-07
3.390326828 3.4901715340201897e-07
3.391527794 1.3182302227752896e-06
3.39272876 1.8537151945782321e-06
3.3939297259999996 1.8423617525034955e-06
3.3951306920000004 8.043558286226192e-07
3.3963316580000003 7.45208895734229e-07
3.397532623 1.5033519873319714e-06
3.398733589 2.523432223709944e-06
3.3999345549999997 2.725742618271748e-06
3.401135521 9.422300187471095e-07
3.402336487 1.6940212969682138e-07
3.4035374529999998 8.90915600091256e-07
3.4047384189999996 2.233477650511742e-06
3.405939385 2.8496400130969336e-06
3.407140351 2.165031857775795e-06
3.408341317 1.1892316786486448e-06
3.4095422830000004 2.022139557129309e-06
3.4107432490000003 3.1148810158548696e-06
3.411944215 5.777829639876275e-06
3.413145181 7.208595273569779e-06
3.4143461459999997 5.947369192265432e-06
3.415547112 4.0737059072315085e-06
3.416748078 2.9222548767167493e-06
3.4179490439999998 1.8979791245997262e-06
3.4191500099999996 1.7312016222982011e-06
3.4203509760000004 2.493970310879609e-06
3.4215519420000002 3.0475755937526825e-06
3.422752908 2.1349153862429513e-06
3.423953874 1.577806451156751e-06
3.4251548400000003 2.5217438818218407e-06
3.426355806 2.7370726057200547e-06
3.427556772 3.3417888000446348e-06
3.428757738 4.502277532266544e-06
3.429958704 3.4699957972100787e-06
3.43115967 3.0381558618530688e-06
3.432360635 3.888380608608597e-06
3.433561601 4.570657082454614e-06
3.4347625670000004 4.458602515290241e-06
3.4359635330000002 7.38890896077165e-07
3.437164499 3.98122229766936e-07
3.438365465 1.8188317052687542e-06
3.4395664310000003 3.292411108138262e-06
3.440767397 3.5457765867303215e-06
3.441968363 2.6176100801583794e-06
3.443169329 2.9969124563582783e-06
3.444370295 3.0571242825856213e-06
3.445571261 3.142900705654718e-06
3.446772227 3.186777580657645e-06
3.4479731929999997 3.695892032857495e-06
3.449174159 3.135381582142099e-06
3.4503751240000002 2.8449589267398305e-06
3.45157609 3.208689900336618e-06
3.452777056 3.642344554100864e-06
3.453978022 2.49399291323346e-06
3.455178988 1.5074441898906906e-06
3.456379954 9.402860596931286e-07
3.45758092 1.34405152696939e-06
3.458781886 1.5543714605481334e-06
3.459982852 1.0633071638489037e-06
3.461183818 7.535098130115126e-07
3.4623847839999997 1.8525640291020252e-06
3.46358575 1.6282066847287965e-06
3.464786716 1.1357730511177132e-06
3.4659876819999997 1.4439258069779468e-06
3.467188648 2.244174513193416e-06
3.468389613 2.588043367869684e-06
3.469590579 2.6028191179544703e-06
3.470791545 3.3946374905000954e-06
3.471992511 3.875713406259763e-06
3.4731934769999997 3.96166826988648e-06
3.474394443 4.113810143779527e-06
3.475595409 2.9512428425153137e-06
3.4767963749999997 1.4963317468381916e-06
3.4779973409999996 1.5018004420088804e-06
3.4791983070000003 7.914481192640139e-07
3.480399273 1.597414246009028e-06
3.481600239 2.7324003674907404e-06
3.4828012050000003 3.943453779450665e-06
3.484002171 3.3432897776155006e-06
3.485203137 2.240258341005409e-06
3.486404102 2.6830685156567152e-06
3.4876050679999997 3.452057911373851e-06
3.488806034 3.6667818735080486e-06
3.490007 3.647021081923524e-06
3.491207966 4.791046338297553e-06
3.492408932 4.303861781289341e-06
3.4936098980000003 3.2514097129977654e-06
3.494810864 4.241652532892995e-06
3.49601183 3.00702196514479e-06
3.497212796 2.8241574695706425e-06
3.498413762 3.0653983005176774e-06
3.499614728 3.1187121504972174e-06
3.500815694 2.377559289996043e-06
3.50201666 1.4342969080598405e-06
3.503217626 1.9449904721775124e-06
3.5044185910000003 2.283786243447851e-06
3.505619557 1.957276080560222e-06
3.506820523 1.9264337048721095e-06
3.5080214890000003 1.5728458321343617e-06
3.509222455 2.930063175749521e-07
3.510423421 9.037376997840755e-07
3.511624387 1.3934454483692612e-06
3.512825353 2.4930485394506174e-06
3.514026319 2.7759159888733655e-06
3.515227285 2.791115522649334e-06
3.516428251 3.590001039752422e-06
3.517629217 4.277348199401476e-06
3.518830183 3.908435436459244e-06
3.520031149 1.8195168177460057e-06
3.521232114 8.793581799674716e-07
3.52243308 7.430399759485777e-07
3.523634046 1.3075590374265998e-06
3.524835012 2.2999147834005176e-06
3.526035978 2.6819107975637227e-06
3.527236944 2.5144645960777823e-06
3.52843791 1.9931670717125444e-06
3.529638876 2.110531944003495e-06
3.530839842 1.0125774323176523e-06
3.532040808 1.1568604047081285e-06
3.533241774 1.066059736178373e-06
3.53444274 1.3779782213513432e-06
3.5356437059999997 1.5487903246699992e-06
3.536844672 1.09881823918677e-06
3.5380456380000003 1.2962050672178283e-06
3.539246603 2.537505749776064e-06
3.540447569 2.164591968002146e-06
3.5416485349999998 1.8745658014954496e-06
3.542849501 2.631843378175225e-06
3.544050467 3.5392852559451834e-06
3.545251433 3.5752008983248792e-06
3.5464523989999996 4.123766734159702e-06
3.547653365 4.158532119774616e-06
3.548854331 2.8956200620768636e-06
3.5500552969999997 1.5903083362633622e-06
3.5512562630000004 6.714551359061569e-07
3.5524572290000003 4.1291075425101614e-07
3.553658195 6.208757887507609e-08
3.554859161 6.216115952575077e-07
3.5560601270000003 3.7411397221008695e-07
3.557261092 5.234300145493654e-09
3.558462058 5.235896577620569e-09
3.559663024 5.632992884830867e-09
3.5608639899999996 3.905926162882355e-07
3.562064956 5.85883082746691e-07
3.5632659220000003 5.282378557548701e-09
3.564466888 4.633004436395141e-07
3.565667854 1.5562621618208923e-06
3.5668688200000003 1.768543351566375e-06
3.568069786 1.2470389918165181e-06
3.569270752 1.045617119645484e-06
3.570471718 1.1255934753001063e-06
3.571672684 5.055357641234525e-07
3.57287365 1.0832982520654128e-06
3.574074616 1.8811249052490824e-06
3.575275581 1.5369430379535973e-06
3.5764765470000004 7.708635806040002e-07
3.5776775130000003 5.412462427762487e-07
3.578878479 1.3182283911797223e-07
3.580079445 8.101009620888185e-09
3.5812804110000003 3.943615937156062e-08
3.582481377 1.2573225464255025e-07
3.583682343 9.739798858091538e-08
3.584883309 4.2807995809830666e-07
3.586084275 1.6330861544742898e-06
3.587285241 1.5373795624048026e-06
3.588486207 1.014390636809318e-06
3.5896871729999997 1.1532668381744797e-06
3.590888139 9.187983354264361e-07
3.592089105 4.407233291014978e-07
3.59329007 1.6958129986189217e-07
3.594491036 2.1794917798350406e-07
3.595692002 1.112809401186693e-06
3.596892968 2.009537724083111e-06
3.598093934 2.3339072432104465e-06
3.5992949 2.952269101544573e-06
3.600495866 1.7164046637363055e-06
3.601696832 8.947669254815982e-07
3.602897798 8.933937359406674e-07
3.6040987639999997 2.3282256651218332e-06
3.60529973 3.1130588719614284e-06
3.606500696 2.673563434530907e-06
3.6077016619999998 1.918517228953785e-06
3.6089026279999996 1.9329458378240863e-06
3.6101035940000004 2.3917203110982228e-06
3.611304559 4.102922748486374e-06
3.612505525 3.5825149783100377e-06
3.613706491 2.752657739708214e-06
3.6149074569999997 1.8295739701987385e-06
3.616108423 1.6779796745768875e-06
3.617309389 1.6994418196927626e-06
3.6185103549999997 1.170371607108072e-06
3.619711321 1.0871370607331016e-06
3.620912287 1.1468907924283753e-06
3.622113253 1.6768661362482128e-06
3.623314219 1.3944097517012154e-06
3.6245151850000004 1.1597389767290222e-06
3.625716151 1.5301230647622456e-06
3.626917117 1.819291178528737e-06
3.628118082 1.529575871895888e-06
3.6293190479999997 9.167208250460549e-07
3.630520014 1.0711415536796936e-06
3.63172098 2.357979039725741e-06
3.6329219459999997 2.520765785630032e-06
3.6341229119999996 1.7734262629198126e-06
3.6353238780000003 1.3799016338724389e-06
3.636524844 9.98438786277308e-07
3.63772581 1.1234697835749546e-06
3.638926776 7.580636071849646e-07
3.640127742 4.3251850677756147e-07
3.641328708 3.2681070051401707e-07
3.642529674 9.57752881797018e-07
3.6437306400000002 1.9467352671525714e-06
3.644931606 2.56261157924316e-06
3.646132571 3.4336666382525583e-06
3.647333537 3.6318302315364698e-06
3.648534503 3.3555115954757396e-06
3.6497354690000003 2.219192404517435e-06
3.650936435 6.767121983277684e-07
3.652137401 5.208330224806233e-07
3.653338367 3.1754262199167256e-07
3.6545393330000002 9.8562955417313e-09
3.655740299 5.361187879549056e-09
3.656941265 3.998082762474883e-08
3.658142231 9.286978121426491e-07
3.659343197 9.537226798989712e-07
3.660544163 4.107358409439389e-07
3.661745129 4.1294237790458014e-08
3.6629460949999997 5.371048310564032e-09
3.66414706 5.372257246602095e-09
3.665348026 5.373454863967796e-09
3.666548992 5.3746417391603615e-09
3.667749958 1.4932250611926497e-07
3.6689509240000002 1.1672975541910161e-06
3.67015189 2.2682828533085554e-06
3.671352856 2.460813282065275e-06
3.672553822 2.143797013269143e-06
3.673754788 1.8807068202984934e-06
3.674955754 1.158463394084553e-06
3.67615672 7.988793633432287e-07
3.6773576859999997 9.63461235244771e-07
3.678558652 1.5009088232404833e-06
3.679759618 1.470796250548052e-06
3.680960584 1.4741973692673726e-06
3.682161549 1.3435399088124268e-06
3.683362515 1.8024645851152834e-06
3.684563481 1.8410707437597787e-06
3.685764447 6.479492081391481e-07
3.686965413 1.1337400317229737e-07
3.6881663789999997 1.1554628592391744e-06
3.689367345 2.2115716450194857e-06
3.690568311 2.247912790647012e-06
3.6917692769999997 2.431037043439853e-06
3.6929702430000004 1.8220650753136541e-06
3.6941712090000003 1.5150200948356102e-06
3.695372175 1.5195705709440244e-06
3.696573141 2.736920372202926e-06
3.6977741070000003 2.942002392352387e-06
3.698975073 2.1446259377892375e-06
3.700176038 1.6651937771293887e-06
3.701377004 1.3644716657064583e-06
3.7025779699999997 1.1415829228574139e-06
3.703778936 1.2183764619785095e-06
3.704979902 2.1985468771876812e-06
3.706180868 2.4625511068129765e-06
3.707381834 2.2310032225682527e-06
3.7085828000000003 1.9088612685786922e-06
3.709783766 2.048454322112917e-06
3.710984732 2.250917535431719e-06
3.712185698 2.3395564195124223e-06
3.713386664 1.2957870742330203e-06
3.71458763 1.029868497427616e-06
3.715788596 7.099932133312816e-07
3.716989562 5.030058806453083e-07
3.7181905270000004 1.3554434123723314e-06
3.7193914930000003 1.3750475404277678e-06
3.720592459 6.112542849054681e-07
3.721793425 5.758433098731507e-09
3.7229943910000003 5.437763769446282e-09
3.724195357 5.4389076517414214e-09
3.725396323 5.440058198710216e-09
3.726597289 5.4412153397311116e-09
3.727798255 5.442379030082944e-09
3.728999221 1.3421501711477294e-08
3.730200187 8.397835222000427e-07
3.7314011529999997 4.877698574172038e-07
3.732602119 5.447195157493494e-09
3.733803085 5.448434591102554e-09
3.7350040509999998 5.449705289482802e-09
3.736205016 5.457247449139445e-09
3.7374059820000003 5.458505499947066e-09
3.738606948 5.4597683729172626e-09
3.739807914 1.633409205401928e-08
3.74100888 3.6278473642919805e-07
3.742209846 1.1337980470076063e-07
3.743410812 5.749526236646518e-09
3.744611778 2.389283642089791e-07
3.7458127439999997 1.1266561034658802e-06
3.74701371 7.627510232364768e-07
3.748214676 1.726969217909184e-08
3.7494156419999998 5.471988091202529e-09
3.7506166079999996 5.472582002533545e-09
3.751817574 5.473167629168585e-09
3.753018539 5.4737526433679765e-09
3.754219505 5.474336508157464e-09
3.755420471 5.474918538578998e-09
3.7566214369999997 5.475498183411257e-09
3.757822403 5.476074869157166e-09
3.759023369 5.476647975964651e-09
3.7602243349999998 5.477219504652559e-09
3.761425301 9.308402029849329e-09
3.762626267 1.7942813438689653e-07
3.7638272329999998 1.1150339920127094e-07
3.765028199 5.754084246760856e-09
3.7662291650000004 5.480055047359901e-09
3.7674301310000002 5.480600136143044e-09
3.768631097 5.481136602834611e-09
3.769832063 5.481663841488856e-09
3.7710330279999997 5.482121220489027e-09
3.772233994 5.482557313171392e-09
3.77343496 5.482982237619038e-09
3.7746359259999998 5.48339604789214e-09
3.7758368919999996 5.483798097882267e-09
3.7770378580000004 1.0550586584464975e-07
3.778238824 3.2838290082025074e-07
3.77943979 2.1234118733334684e-08
3.780640756 5.4920158538551494e-09
3.7818417220000002 7.194457584026448e-09
3.783042688 2.2979919547786486e-07
3.784243654 7.486330024344091e-07
3.7854446200000003 3.477796087338678e-07
3.786645586 1.0598392322454851e-08
3.787846552 5.498257872549594e-09
3.7890475169999998 1.2250960959073935e-08
3.790248483 4.469980963670529e-08
3.7914494490000004 5.499516300365797e-09
3.792650415 5.530285102918876e-09
3.793851381 6.707023101022573e-08
3.795052347 7.834725244403908e-09
3.7962533130000002 5.497710808561069e-09
3.797454279 5.497207331944474e-09
3.798655245 5.496683253216193e-09
3.799856211 7.579669640124596e-09
3.801057177 3.3428275251891105e-07
3.802258143 6.127327214123064e-09
3.803459109 5.498336979641706e-09
3.8046600749999997 5.4990818663040274e-09
3.805861041 5.499805509796185e-09
3.807062006 5.500507050587232e-09
3.808262972 5.501185437844354e-09
3.809463938 5.5018426279470056e-09
3.8106649040000002 5.5020723951361285e-09
3.81186587 5.501953583818488e-09
3.813066836 5.501813016309289e-09
3.814267802 5.501649987865685e-09
3.815468768 5.501466502415527e-09
3.816669734 5.501262789349987e-09
3.8178707 5.5065763915321594e-09
3.8190716659999997 5.507154139147857e-09
3.820272632 5.506906263290048e-09
3.821473598 5.506699378292939e-09
3.8226745639999997 5.506473870714254e-09
3.8238755299999996 5.5062301295648044e-09
3.825076495 5.505967734270203e-09
3.826277461 5.5056866848807705e-09
3.827478427 5.505388836648123e-09
3.828679393 5.505074681953754e-09
3.829880359 5.504744733805036e-09
3.831081325 5.5043844254189725e-09
3.832282291 5.504006847414585e-09
3.8334832569999997 5.503615271834349e-09
3.834684223 5.5032102869044824e-09
3.835885189 5.502792506704059e-09
3.837086155 5.502361972297938e-09
3.838287121 5.503676439693331e-09
3.8394880870000003 5.50758533805617e-09
3.840689053 5.507097484820628e-09
3.841890019 5.506582547632986e-09
3.843090984 5.5060585362388904e-09
3.8442919499999997 5.5055262000720865e-09
3.845492916 5.504986736641683e-09
3.846693882 5.504450557077491e-09
3.8478948479999997 5.5039157567631325e-09
3.849095814 5.5033758170617685e-09
3.8502967800000003 5.50281767163103e-09
3.851497746 5.502213787982399e-09
3.852698712 5.501607271586309e-09
3.8538996780000003 5.500998841229868e-09
3.855100644 5.500389338356798e-09
3.85630161 5.499779617079994e-09
3.857502576 5.5023617008281324e-09
3.858703542 5.50491148220001e-09
3.859904507 5.504304392567313e-09
3.8611054730000003 5.5037623708291725e-09
3.862306439 5.503229373869947e-09
3.863507405 5.502700379731157e-09
3.8647083710000003 5.502176037740814e-09
3.865909337 5.5016569920554795e-09
3.867110303 5.501144565640797e-09
3.868311269 5.5006393720366084e-09
3.869512235 5.500141468067207e-09
3.870713201 5.499578250913461e-09
3.871914167 5.49897345423177e-09
3.8731151329999998 5.49837863689143e-09
3.874316099 5.497794179195689e-09
3.875517065 5.49721989321557e-09
3.876718031 5.4966562576850124e-09
3.877918996 5.496103742295811e-09
3.8791199620000003 5.495564000879028e-09
3.880320928 5.495074381893694e-09
3.881521894 5.494699370697756e-09
3.88272286 5.494337181936051e-09
3.883923826 5.493988168242156e-09
3.885124792 5.493654087334977e-09
3.886325758 5.4933347413981934e-09
3.8875267239999998 5.493029548655448e-09
3.88872769 5.492738756086759e-09
3.889928656 5.4924625913244874e-09
3.891129622 5.4921446937506954e-09
3.8923305879999996 5.491839049153403e-09
3.893531554 5.491548610963002e-09
3.89473252 5.491273502468357e-09
3.895933485 5.491013823054474e-09
3.897134451 5.491622853404959e-09
3.8983354169999997 5.4968781335093236e-09
3.899536383 5.496667435767248e-09
3.900737349 5.4964267976412494e-09
3.9019383149999998 5.496173084975539e-09
3.903139281 5.495936672506579e-09
3.904340247 5.495716484610777e-09
3.905541213 5.495511644229929e-09
3.9067421789999996 5.495322032805848e-09
3.9079431450000004 5.495147509730947e-09
3.9091441110000003 5.4949896704952225e-09
3.910345077 5.494886304651725e-09
3.911546043 7.092175256168822e-09
3.9127470090000003 5.322642786159497e-07
3.913947974 1.2138945972009947e-08
3.91514894 5.501110456620406e-09
3.9163499059999998 5.501176384603241e-09
3.9175508719999996 5.501255456542107e-09
3.918751838 5.501347366778739e-09
3.9199528040000002 5.501451787800637e-09
3.92115377 5.50159142093736e-09
3.922354736 5.501742816960683e-09
3.9235557020000003 5.5019023779692104e-09
3.924756668 5.502072921196234e-09
3.925957634 5.502254056422479e-09
3.9271586000000003 3.5891937050932e-08
3.928359566 4.0424838181164024e-07
3.929560532 7.928985425084078e-07
3.930761498 4.627634837597806e-07
3.9319624629999996 7.410696497817594e-09
3.9331634290000004 5.5033111399193935e-09
3.9343643950000002 5.503466480247021e-09
3.935565361 5.503628736186868e-09
3.936766327 5.503797449761368e-09
3.9379672930000003 5.510105756497852e-09
3.939168259 5.510494509269316e-09
3.940369225 3.42081981851201e-08
3.941570191 5.274148734886832e-07
3.942771157 3.4041846779180113e-07
3.943972123 6.8664697018767e-09
3.945173089 5.514458516552057e-09
3.946374055 5.5153579601434255e-09
3.947575021 5.516259573792954e-09
3.948775987 5.517162903710143e-09
3.949976952 5.5180675136098625e-09
3.951177918 2.7034444201789137e-08
3.9523788840000003 1.1237885115108709e-07
3.95357985 3.488430118006602e-08
3.954780816 5.5185303899903764e-09
3.955981782 5.518640894547683e-09
3.957182748 5.518750152838945e-09
3.958383714 1.548939295050669e-08
3.95958468 4.5380772333304786e-08
3.9607856459999997 5.5191105100209574e-09
3.961986612 5.519279048049225e-09
3.963187578 5.519444250621497e-09
3.9643885439999997 5.519605861470718e-09
3.9655895099999996 5.51976358943062e-09
3.9667904760000003 5.51991715400823e-09
3.967991441 5.520066285953895e-09
3.969192407 5.8625684193839986e-08
3.970393373 3.262630344432565e-07
3.971594339 4.425011248984284e-08
3.972795305 5.623601187685145e-09
3.973996271 5.527316535343291e-09
3.9751972369999997 5.527569949922294e-09
3.976398203 5.5278174325674156e-09
3.977599169 5.531870425436483e-09
3.9788001349999997 5.53465582042752e-09
3.980001101 5.534884989672229e-09
3.9812020670000003 5.534986412767345e-09
3.982403033 5.5350814220704715e-09
3.983603999 5.535169986165113e-09
3.984804964 5.5352520907784455e-09
3.9860059299999997 5.535327711588291e-09
3.987206896 5.535396363499989e-09
3.988407862 5.535458607987105e-09
3.9896088279999997 5.535514505756907e-09
3.9908097939999996 5.535560438645191e-09
3.9920107600000003 5.535598374743853e-09
3.993211726 5.535629775996961e-09
3.994412692 5.535655249307381e-09
3.9956136580000003 5.535674931235556e-09
3.996814624 5.535688973364367e-09
3.99801559 5.535697519519845e-09
3.999216556 5.535700473153166e-09
4.000417522 5.538392283327788e-09
4.001618488 4.977000213018072e-08
4.002819453 1.30344706632243e-08
4.004020419 5.535360969305079e-09
4.005221385 5.5352510758218484e-09
4.006422351 5.53513776238083e-09
4.007623317 5.535021307097114e-09
4.008824283 5.534902008771282e-09
4.010025249 5.534794154900058e-09
4.011226215 5.535335197515931e-09
4.012427181 5.535874375226297e-09
4.0136281469999995 5.53641202632878e-09
4.014829112999999 5.536948490089326e-09
4.016030079 5.5374841579800825e-09
4.017231045 5.538019674447333e-09
4.018432011 5.541305544754918e-09
4.0196329770000006 5.545457689421124e-09
4.020833942 5.5506806651856235e-09
4.022034908 5.5516043273582116e-09
4.023235874 5.551509075620707e-09
4.02443684 5.551415741968524e-09
4.025637806 5.551324702933307e-09
4.026838772 5.551236330901072e-09
4.028039738 5.5511511798012766e-09
4.029240704 2.6193573228068858e-08
4.03044167 4.5542738597212805e-07
4.031642636 6.034590294343301e-07
4.032843602 2.0848768638357292e-07
4.034044568 5.655088142392687e-07
4.035245534 6.167518507299736e-07
4.0364465 7.131352717746914e-07
4.037647466 7.600633680694575e-07
4.038848431 7.800370763602584e-07
4.040049397000001 4.806386913508253e-07
4.0412503630000005 2.2565136006058816e-07
4.042451329 8.073832099010638e-07
4.043652295 9.302806627541562e-07
4.044853261 3.747753947685798e-08
4.046054227 6.870128259421134e-09
4.047255193 4.1755035859472976e-08
4.048456159 6.92581978881349e-09
4.049657125 5.555394450597452e-09
4.050858091 5.555592184732899e-09
4.052059057 5.555606380280872e-09
4.053260023 5.555631683642183e-09
4.054460989 1.2728026785652574e-08
4.055661955 6.002873471202343e-08
4.05686292 7.527079975049039e-08
4.058063886 3.9816257114825384e-08
4.059264852 3.932298661940084e-08
4.060465818 7.409734786412738e-08
4.061666784 2.345403719865344e-07
4.06286775 2.89727273361803e-07
4.064068716 1.4040841555985535e-08
4.065269682 5.562915639140263e-09
4.066470648 6.2435530117657965e-09
4.067671614 9.954358219480809e-08
4.06887258 4.3251730432143473e-07
4.070073546 4.6068841588351937e-07
4.071274512 1.251788828595217e-07
4.072475477999999 6.58492813037135e-09
4.073676444 5.572500773669102e-09
4.074877409 5.573413384570293e-09
4.076078375 5.574337380879609e-09
4.077279341 5.575273033159859e-09
4.0784803069999995 5.5762189929384436e-09
4.079681273 5.577175094600529e-09
4.080882239 5.577645965812487e-09
4.082083205 5.577947172461376e-09
4.083284171 5.578242699883834e-09
4.084485137 5.578547390605587e-09
4.085686103 5.5788609893352234e-09
4.086887069 5.5791832247360714e-09
4.088088035 5.579514514856389e-09
4.089289001 5.579854701283575e-09
4.090489967 5.940983078830262e-09
4.091690932 3.809810440705849e-08
4.0928918979999995 1.083455389056704e-08
4.094092864 1.0464548010808453e-08
4.09529383 3.986904748976648e-07
4.096494796 6.331350335412768e-07
4.097695762 6.865574897275786e-07
4.098896728 7.749603902920549e-07
4.1000976940000005 1.175614441098711e-06
4.10129866 6.063564369577791e-07
4.102499626 2.5965604974994114e-08
4.103700592 5.586867346627044e-09
4.104901558 5.588542771011393e-09
4.106102524 5.58830371242406e-09
4.1073034900000005 5.588066470143496e-09
4.1085044559999995 6.9315455753572005e-09
4.109705420999999 8.019925508100278e-08
4.110906387 9.126992272212648e-09
4.112107353000001 1.4612625827470661e-08
4.113308319 3.489573775071522e-07
4.1145092850000005 5.958866839358441e-07
4.115710251 5.130462727731576e-07
4.116911217 8.671303009636221e-07
4.118112183 1.0441973640284928e-06
4.119313149 1.022596512140224e-06
4.120514115 4.1923758974471267e-07
4.1217150810000005 4.819665187993217e-08
4.1229160469999995 5.6847837698245686e-09
4.124117013 1.7340398267445845e-07
4.125317979 1.5523720660814586e-06
4.126518945 2.8240389279195765e-06
4.12771991 3.1376486576906e-06
4.1289208760000005 3.101377682999338e-06
4.130121841999999 1.9733791872061805e-06
4.131322808 1.0665716749079357e-06
4.132523774 3.601382172440961e-07
4.13372474 1.4442310371876596e-08
4.134925706 5.598452078092548e-09
4.1361266720000005 6.040944582584448e-09
4.1373276379999995 1.3355167643085932e-07
4.138528604 8.944649751014438e-07
4.13972957 1.4859587097619922e-06
4.140930536 1.3848342299840497e-06
4.142131502 1.0429919877979339e-06
4.143332468 8.505748818861385e-07
4.1445334339999995 1.085215998866419e-06
4.145734399 5.478045043553863e-07
4.146935365 6.313758376729531e-07
4.148136331 1.0421589794494962e-06
4.149337297 2.1291696530212345e-06
4.1505382630000005 2.664983464361309e-06
4.1517392289999995 2.573087015526181e-06
4.152940195 1.9123772642380537e-06
4.154141160999999 1.0157894561026127e-06
4.155342127 3.840626312476227e-07
4.156543093 7.994435041605442e-08
4.157744059 7.507271137848055e-07
4.158945025 1.2915590365883632e-06
4.160145991 1.6473814312314998e-06
4.161346957 1.6966322272574717e-06
4.162547923 1.7402884926129815e-06
4.163748888 1.7338289331496466e-06
4.1649498540000005 1.9662655145074695e-06
4.1661508199999995 2.465752392057115e-06
4.167351786 2.5307121715470973e-06
4.168552751999999 2.59527607987349e-06
4.169753718 2.4811825239018397e-06
4.170954684000001 2.4591456286101083e-06
4.17215565 2.0384504384439787e-06
4.173356616 2.3391095663275116e-06
4.174557582 2.809018297858958e-06
4.175758548 3.282216153878702e-06
4.176959514 3.5984902577002295e-06
4.17816048 4.23233776792587e-06
4.179361446 4.628537295264559e-06
4.1805624120000004 4.950782758528097e-06
4.181763377 4.794043514207051e-06
4.182964343 2.9996934578123746e-06
4.184165309 1.7487781616182658e-06
4.185366275000001 1.5073256887454912e-06
4.186567241 9.677135694600846e-07
4.187768207 9.920420408937526e-07
4.188969173 1.142529664034829e-06
4.190170139 9.871016260732171e-07
4.191371105 1.2017903192833554e-06
4.192572071 8.178754736705147e-07
4.193773037 8.457922151397428e-07
4.1949740030000005 1.1329326670132396e-06
4.196174968999999 2.06189667871082e-06
4.197375935 1.5732770985689628e-06
4.198576901 6.435159930007362e-07
4.199777866000001 2.519046809902341e-07
4.200978832 9.437347853972776e-07
4.202179798 3.835035762729332e-06
4.203380764 5.928050248356338e-06
4.20458173 6.2177506150709535e-06
4.205782696 4.888444095348771e-06
4.206983662 2.381898083387817e-06
4.208184628 1.3788940863386975e-06
4.2093855940000005 1.5708485380824484e-06
4.210586559999999 2.699206246360511e-06
4.211787526 4.176758274719843e-06
4.212988492 3.694221682272715e-06
4.214189458 3.518131854098299e-06
4.215390424 3.5652421745377046e-06
4.216591389 3.729387546727619e-06
4.217792354999999 3.2865406142049214e-06
4.218993321 2.738683955733486e-06
4.220194287 3.1328161108636243e-06
4.221395253 2.766295137790219e-06
4.222596219 1.4724818838423606e-06
4.2237971850000005 1.2050842714305754e-06
4.224998150999999 1.7556574052148473e-06
4.226199117 2.589021976330913e-06
4.227400083 3.4539436894258425e-06
4.228601049 3.2028432249912383e-06
4.229802015000001 3.337418782869119e-06
4.231002981 4.935906307349155e-06
4.232203947 6.0659055591852e-06
4.233404913 6.9474424806661886e-06
4.234605878 7.99555095212712e-06
4.235806844 9.412821784449801e-06
4.23700781 9.168498634318295e-06
4.2382087760000005 8.55374495747559e-06
4.239409741999999 7.82401292128877e-06
4.240610708 7.590105441477697e-06
4.241811673999999 6.762357239601483e-06
4.24301264 5.4541139672868125e-06
4.244213606000001 3.865403796108878e-06
4.245414572 2.6548981734315093e-06
4.246615538 3.182672369359348e-06
4.247816504 3.413209878365672e-06
4.24901747 3.2000133728937926e-06
4.250218436 3.7430172246689047e-06
4.251419402000001 3.4535976915564266e-06
4.2526203670000005 2.2660841864753873e-06
4.253821332999999 2.047942387929285e-06
4.255022299 2.9890815618577977e-06
4.256223265 2.8643402213186275e-06
4.257424231 2.6263179240094613e-06
4.258625197000001 4.730169017197736e-06
4.259826163 6.347766226146285e-06
4.261027129 5.900073084100612e-06
4.262228095 6.443716700567561e-06
4.263429061 6.611516829411502e-06
4.264630027 7.989845288945123e-06
4.265830993 9.26537032645684e-06
4.267031959 8.679232493347185e-06
4.268232925 5.907434192906418e-06
4.269433890999999 4.271323166479207e-06
4.270634856 3.445279639095117e-06
4.271835822 3.520141035391972e-06
4.273036788000001 4.5733643309449475e-06
4.274237754 5.673500917788182e-06
4.27543872 7.287908926795147e-06
4.276639686 1.000579841790861e-05
4.277840652 1.2326031837472342e-05
4.279041618 1.123571850132407e-05
4.280242584 7.499352946972241e-06
4.28144355 5.961391811229451e-06
4.282644516 5.391793056778993e-06
4.283845481999999 4.856993054404531e-06
4.285046448 5.639546290584765e-06
4.286247414 6.959482254126708e-06
4.28744838 8.146283738789926e-06
4.288649345 8.697004709293507e-06
4.289850311 1.0055593411160675e-05
4.291051276999999 1.0663458211265545e-05
4.292252243 1.0455253542779957e-05
4.293453209 9.423058325603344e-06
4.294654175 9.606340189077375e-06
4.295855141 9.51669896933958e-06
4.297056107 9.759765577083573e-06
4.298257072999999 7.473924283393503e-06
4.299458039 4.87692731553036e-06
4.300659005000001 4.5444706707295105e-06
4.301859971 4.729922150353388e-06
4.303060937000001 5.424898470914036e-06
4.304261903 5.379407480319137e-06
4.305462869 5.414194332858349e-06
4.306663834 7.253885051274283e-06
4.3078648 8.880848225269404e-06
4.309065766 7.852639708202174e-06
4.310266732 7.64045383047596e-06
4.311467698 7.668818260599533e-06
4.312668663999999 7.855288398253548e-06
4.31386963 7.85378752199474e-06
4.315070596 7.917244096895643e-06
4.316271562 8.278459588869287e-06
4.317472528000001 1.0288227811393677e-05
4.318673494 1.3255502029037229e-05
4.31987446 1.3081275041308436e-05
4.321075426 1.1799923982720705e-05
4.322276392 1.0931757084372215e-05
4.323477357 9.588019344249854e-06
4.324678323 9.141061228903259e-06
4.325879289 8.967916240923483e-06
4.327080255 9.196125395593104e-06
4.328281221 1.0507150114846482e-05
4.329482187 1.1679921337668132e-05
4.330683153 1.1129232564096822e-05
4.331884119000001 9.898621618121309e-06
4.333085085 9.5174952343986e-06
4.334286051 8.601942616490728e-06
4.335487017 9.504978533377522e-06
4.336687983 1.1295610258025221e-05
4.337888949 1.1758990390267943e-05
4.339089915 1.123197308300307e-05
4.340290881 1.0106135762140026e-05
4.341491846 9.203157175124937e-06
4.342692812 9.075898791137553e-06
4.343893778 1.0241539355752852e-05
4.345094744 1.1545278033637524e-05
4.346295710000001 1.2607833287378477e-05
4.347496676 1.3586270924054741e-05
4.348697642 1.3159209365485839e-05
4.349898608 1.2318096461610241e-05
4.351099574 1.2379371195928471e-05
4.35230054 1.448257734107913e-05
4.353501506 1.6706032008978312e-05
4.354702472 1.7559853785336944e-05
4.355903438 1.5954089554123337e-05
4.357104403999999 1.3993057859518859e-05
4.35830537 1.2514407966271651e-05
4.359506335 1.1823877300305819e-05
4.360707301000001 1.1482124028445278e-05
4.361908267 1.0843465574384602e-05
4.363109233 9.937284823087873e-06
4.364310198999999 1.0397870930550798e-05
4.365511165 9.869375005589786e-06
4.366712131 1.0466062389539972e-05
4.367913097 1.1231333304419393e-05
4.369114063 1.2112635713935584e-05
4.370315029 1.1835158492550992e-05
4.371515994999999 1.1826931686853186e-05
4.372716961 1.2687488776024241e-05
4.373917927000001 1.4156277568260397e-05
4.375118893 1.6134282719312627e-05
4.3763198590000005 1.6881781254325382e-05
4.377520824 1.77777747254738e-05
4.378721789999999 1.9036315657092084e-05
4.379922756 1.9109799231542076e-05
4.381123722 1.7776554528086942e-05
4.382324688 1.4814863600466003e-05
4.383525654 1.2608778203873527e-05
4.38472662 1.1090485775567e-05
4.385927586 1.2025570092762371e-05
4.387128552 1.2715390469809541e-05
4.388329518 1.2862215825172261e-05
4.389530484 1.1586444232206393e-05
4.3907314500000005 1.0988773407561776e-05
4.3919324159999995 1.1478871424958276e-05
4.393133382 1.3755444726709702e-05
4.394334348 1.5760809583977106e-05
4.395535313 1.7137087722265065e-05
4.396736279 1.4419593733668513e-05
4.3979372450000005 1.2159730128508881e-05
4.399138211 1.0461091987832236e-05
4.400339177 1.118891515327981e-05
4.401540143 1.256903831081005e-05
4.402741109 1.2989267563153962e-05
4.403942075 1.2023038036544027e-05
4.4051430410000005 1.1506190350221752e-05
4.4063440069999995 1.2065256850245205e-05
4.407544973 1.2560157292200896e-05
4.408745939 1.2710461320721842e-05
4.409946905 1.1452691102142844e-05
4.411147871 1.0905477084345792e-05
4.412348837 1.1162490210357691e-05
4.413549802 1.1480619563979912e-05
4.414750768 1.2204202113149615e-05
4.415951734 1.2502834279148286e-05
4.4171527 1.1081280194467588e-05
4.418353666 1.0659027257657268e-05
4.4195546320000005 1.0329329960002144e-05
4.4207555979999995 1.0898811802968528e-05
4.421956564 1.1820129291690508e-05
4.42315753 1.2474143956535582e-05
4.424358496 1.0858674272365598e-05
4.425559462 1.0789262418351473e-05
4.426760428 8.883704585964588e-06
4.4279613939999996 7.889284454543326e-06
4.42916236 7.242604609810952e-06
4.430363325999999 6.834899769431819e-06
4.431564291 7.897721012297085e-06
4.432765257 9.448064038117696e-06
4.4339662230000005 1.0191824103032126e-05
4.4351671889999995 1.0663440338786173e-05
4.436368155 1.0278498245827634e-05
4.437569121 9.843044861464418e-06
4.438770087 9.256784284118077e-06
4.439971053 8.815026919092983e-06
4.441172019 8.927591675512097e-06
4.4423729849999996 1.0358087770388445e-05
4.443573951 1.1490236795732445e-05
4.444774917 1.2808992710876987e-05
4.445975883 1.2708991006607892e-05
4.447176849000001 1.263816449043846e-05
4.4483778140000005 1.2678897601034664e-05
4.4495787799999995 1.2163479770162826e-05
4.450779746 1.1111467779872703e-05
4.451980711999999 1.1054639551473171e-05
4.453181678 1.0980248040083573e-05
4.454382644 1.1042630709234113e-05
4.45558361 1.0248599966545748e-05
4.456784576 9.322321719777283e-06
4.457985542 8.40555785748449e-06
4.459186508 9.447896472966805e-06
4.460387474 1.0469705712555451e-05
4.461588440000001 1.171340321399035e-05
4.462789406 1.2995038077303362e-05
4.4639903720000005 1.4604630005212882e-05
4.4651913379999995 1.6368595937159788e-05
4.466392302999999 1.6642311186512134e-05
4.467593269 1.4847051653985073e-05
4.468794235000001 1.0723198549778207e-05
4.469995201 9.308921767595977e-06
4.471196167 1.0078322887743605e-05
4.472397133 1.2016262433068688e-05
4.473598099 1.3777125650162703e-05
4.474799065 1.3800489699158007e-05
4.476000031 1.4212782081662046e-05
4.477200997 1.4813679009563367e-05
4.4784019630000005 1.3749808880941423e-05
4.4796029289999995 1.2062127302810433e-05
4.480803895 1.0586314571687605e-05
4.482004861 1.0640564279294145e-05
4.483205827 1.14878614020547e-05
4.484406792 1.1410703297682086e-05
4.4856077580000004 1.0842592021583733e-05
4.486808724 1.0009573562213419e-05
4.48800969 1.019107657467371e-05
4.489210656 1.0475863125219198e-05
4.490411622 1.0670521489477578e-05
4.491612588 1.0860998818889398e-05
4.4928135540000005 1.0700455910455915e-05
4.4940145199999995 1.0252863869042418e-05
4.495215486 9.0943641466914e-06
4.496416452 8.690677928818293e-06
4.497617418 8.68359287062885e-06
4.498818384 8.967746478846802e-06
4.50001935 1.0388822339542808e-05
4.5012203159999995 1.1525001875200908e-05
4.502421281 1.1764489731809909e-05
4.503622247 1.0094303197753537e-05
4.504823213 8.316430600963331e-06
4.506024179 7.241875667496441e-06
4.5072251450000005 6.101417724876939e-06
4.5084261109999995 6.508276042011701e-06
4.509627077 7.722336947070802e-06
4.510828043 9.102737749910243e-06
4.512029009 1.010985613153674e-05
4.513229975 9.45049632367075e-06
4.514430941 8.319096508392951e-06
4.515631907 7.61278164172828e-06
4.516832873 8.220266461127247e-06
4.518033839 9.62944885101595e-06
4.519234805 1.0318088434202085e-05
4.52043577 1.0610069510349279e-05
4.5216367360000005 9.916359903939807e-06
4.5228377019999995 8.832474324069442e-06
4.524038668 9.185011677468125e-06
4.525239633999999 1.016788736955679e-05
4.5264406 1.1390212085342697e-05
4.527641566000001 1.3178122829697949e-05
4.528842532 1.4020105081983643e-05
4.530043498 1.4713050702784991e-05
4.531244464 1.4965219968550524e-05
4.53244543 1.52571302966233e-05
4.533646396 1.506238100278467e-05
4.534847362000001 1.3165997876423294e-05
4.536048328 1.135301517574461e-05
4.537249294 9.697825536801347e-06
4.538450259 9.116754524118527e-06
4.539651224999999 1.0944526975336824e-05
4.540852191 1.3466317854450127e-05
4.542053157000001 1.5017598543424177e-05
4.543254123 1.5536905289434042e-05
4.544455089 1.5717661318793962e-05
4.545656055 1.538203112962763e-05
4.546857021 1.3376138951673627e-05
4.548057987 1.2431703304100935e-05
4.549258953 1.1785270667525732e-05
4.550459919 1.1877673689912975e-05
4.551660885 1.241382017942988e-05
4.552861850999999 1.2093513321028202e-05
4.554062817 1.2193192082417334e-05
4.555263782 1.2197931678749024e-05
4.556464748000001 1.1957903613811991e-05
4.557665714 1.1598652074254708e-05
4.55886668 1.0285451684248791e-05
4.560067646 9.534748959248363e-06
4.561268612 9.508402210536777e-06
4.562469578 1.0172672107592326e-05
4.563670544 1.192033155063413e-05
4.56487151 1.3940367860263608e-05
4.566072476 1.5662345667774857e-05
4.567273441999999 1.6737732884335287e-05
4.568474408 1.6622661307993166e-05
4.569675374 1.5242187148959013e-05
4.57087634 1.3085226748450456e-05
4.572077306 1.1523918494625614e-05
4.573278271 1.2003441329480092e-05
4.574479236999999 1.228923104663641e-05
4.575680203 1.2275617943350298e-05
4.576881169 1.1328764528273454e-05
4.578082135 1.1257257057423383e-05
4.579283101 1.2173023656851282e-05
4.580484067 1.2654915800245686e-05
4.581685032999999 1.2572104428088824e-05
4.582885999 1.2286161382532603e-05
4.584086965 1.157255713724415e-05
4.585287931 1.1213095879793197e-05
4.586488897000001 1.007003195891621e-05
4.587689863 9.168345690598723e-06
4.588890829 7.138806144676938e-06
4.590091795 6.909173426550538e-06
4.59129276 7.726984245100266e-06
4.592493726 9.794702523831534e-06
4.593694692 1.079233526597994e-05
4.594895658 1.2101772778337112e-05
4.596096623999999 1.2962506644365257e-05
4.59729759 1.2401891564293572e-05
4.598498555999999 1.100039673024383e-05
4.599699522 8.421260831046655e-06
4.600900488000001 7.65627098431357e-06
4.602101454 7.990233038594105e-06
4.60330242 9.453442362809893e-06
4.604503386 1.1823419649778406e-05
4.605704352 1.1805335786777384e-05
4.606905318 1.2395203690866961e-05
4.608106284000001 1.3314216972599558e-05
4.609307249 1.4417206842128487e-05
4.610508214999999 1.567521258169065e-05
4.611709181 1.4587550438473562e-05
4.612910147 1.4160876288853293e-05
4.614111113 1.4163973025380239e-05
4.615312079000001 1.4701147903688033e-05
4.616513045 1.6117797676130964e-05
4.617714011 1.6123587932310175e-05
4.618914977 1.583633229904549e-05
4.620115943 1.4843754673003194e-05
4.621316909 1.35702243347268e-05
4.622517875 1.239623244680308e-05
4.623718841 1.1354982114066549e-05
4.624919807 1.136395753485012e-05
4.626120772999999 1.0720437158640907e-05
4.627321738 9.92987670307855e-06
4.628522704 9.471717118288559e-06
4.629723670000001 9.25113647822645e-06
4.630924636 9.256021268273796e-06
4.632125602 1.0019181333739243e-05
4.633326568 1.2365565524405189e-05
4.634527534 1.3672321250974367e-05
4.6357285 1.4651237300434124e-05
4.636929466 1.4720434575286128e-05
4.638130432 1.4341247185738416e-05
4.639331398 1.4137069328509532e-05
4.640532363999999 1.3485720057335355e-05
4.64173333 1.3555514961507637e-05
4.642934296 1.3287533718522138e-05
4.644135262 1.2682816716371022e-05
4.645336227 1.3278093660985291e-05
4.646537193 1.2879773221184129e-05
4.647738159 1.2378599923751108e-05
4.648939125 1.2738161229453805e-05
4.650140091 1.4774283678878166e-05
4.651341057 1.7205152259198544e-05
4.652542023 1.819781484784446e-05
4.653742989 1.7743793016267195e-05
4.654943954999999 1.618189492918093e-05
4.656144921 1.616362781690205e-05
4.657345887 1.6584086759379668e-05
4.658546853 1.6932046382115095e-05
4.659747819000001 1.669483697526086e-05
4.6609487849999995 1.661548889469737e-05
4.662149751 1.706460463826916e-05
4.663350716 1.7683357239099535e-05
4.664551682 1.8362932602738394e-05
4.665752648 1.895036486104871e-05
4.666953614 1.9613841426096682e-05
4.66815458 2.000989375970475e-05
4.669355545999999 1.897732672463509e-05
4.670556512 1.7977515302046568e-05
4.671757478000001 1.642088324528307e-05
4.672958444 1.5024646523451512e-05
4.674159410000001 1.4763042982254523e-05
4.6753603759999995 1.4326299359148566e-05
4.676561342 1.3749925631040386e-05
4.677762308 1.3793312692218047e-05
4.678963274 1.2899590140577115e-05
4.680164239 1.1844420930445607e-05
4.681365205 1.2520540240767402e-05
4.682566171 1.2583936949233054e-05
4.683767137 1.2749749774308326e-05
4.684968103 1.235848258982232e-05
4.686169069 1.2572610832854843e-05
4.687370035 1.3902315291346606e-05
4.688571001000001 1.4595626128371644e-05
4.6897719669999995 1.5062903772154848e-05
4.690972933 1.4885536613877517e-05
4.692173899 1.545657499067841e-05
4.693374865 1.6216245525536827e-05
4.694575831 1.689642241797236e-05
4.695776797000001 1.720473535546364e-05
4.696977763 1.7371273346305345e-05
4.698178728 1.7769955416403516e-05
4.699379694 1.7427002851677923e-05
4.70058066 1.7416549863044657e-05
4.701781626 1.6391613277030846e-05
4.702982592000001 1.547854244150029e-05
4.7041835579999995 1.5129198765328395e-05
4.705384524 1.3593538006944617e-05
4.70658549 1.2843213297254261e-05
4.707786456 9.932421991395363e-06
4.708987422 7.796449429791039e-06
4.710188388 6.855294847723959e-06
4.711389354 6.117611568454886e-06
4.71259032 7.105018055097423e-06
4.713791285999999 9.587958519901885e-06
4.714992252 1.0709860887682681e-05
4.716193217 1.1030586528611843e-05
4.717394183000001 1.16957224834946e-05
4.7185951489999995 1.1423230680323646e-05
4.719796115 1.1236304092140993e-05
4.720997081 1.0250713266358657e-05
4.722198047 1.0653485027123699e-05
4.723399013 1.123359238208761e-05
4.724599979 1.1555871866339987e-05
4.725800945 1.2144513664328585e-05
4.727001911 1.2189043766804322e-05
4.728202876999999 1.2276253352716304e-05
4.729403843 1.1577474412104296e-05
4.730604809000001 1.1134600965037935e-05
4.731805775 9.455785025267529e-06
4.7330067410000005 8.591058671727397e-06
4.734207706 8.56614396203688e-06
4.735408671999999 9.757070868002362e-06
4.736609638 1.2247708773371093e-05
4.737810604 1.4609831188435996e-05
4.73901157 1.6231012073312762e-05
4.740212536 1.611510224459485e-05
4.741413502 1.60990285531725e-05
4.742614468 1.5742117465083863e-05
4.743815434 1.4998351854476696e-05
4.745016400000001 1.4000590728531314e-05
4.746217366 1.3661975298663343e-05
4.7474183320000005 1.3860851610563384e-05
4.7486192979999995 1.4104654696098708e-05
4.749820264 1.4364963604529472e-05
4.75102123 1.3687239106450544e-05
4.752222195 1.3083141812439189e-05
4.753423161 1.2708440594601072e-05
4.7546241270000005 1.2210236954658521e-05
4.755825093 1.1429887388935393e-05
4.757026059 9.633769078376292e-06
4.758227025 8.89251259502239e-06
4.759427991 8.73698334429693e-06
4.760628957 8.987991489091689e-06
4.7618299230000005 8.420310639592285e-06
4.7630308889999995 8.855757892878273e-06
4.764231855 8.149045962776258e-06
4.765432821 8.565371426478627e-06
4.766633787 9.963212991995636e-06
4.767834753 1.1063517955662615e-05
4.769035719000001 1.093696327918206e-05
4.770236684 8.7663888717366e-06
4.77143765 6.2552450930216856e-06
4.772638616 4.957465735897678e-06
4.773839582 5.119981877231902e-06
4.775040548 5.651963032670717e-06
4.7762415140000005 7.498196701946307e-06
4.7774424799999995 7.800920740337275e-06
4.778643446 8.251734800516653e-06
4.779844412 7.99382744318084e-06
4.781045378 7.93634462837891e-06
4.782246344 8.069383978145682e-06
4.78344731 8.158760429103565e-06
4.7846482759999995 8.447053733510477e-06
4.785849242 8.467177186351834e-06
4.787050207 8.388588311323307e-06
4.788251173 6.711262110889107e-06
4.789452139 5.659907201082258e-06
4.7906531050000005 4.654801175219215e-06
4.7918540709999995 4.48454541445346e-06
4.793055037 5.215859357686215e-06
4.794256003 6.9350245505876986e-06
4.795456969 8.610967133983259e-06
4.796657935 1.0199936264242884e-05
4.797858901 1.1117831093004924e-05
4.7990598669999995 1.0106320907637077e-05
4.800260833 9.580051955596627e-06
4.801461799 7.55690607394629e-06
4.802662765 6.0552101981453974e-06
4.803863731000001 4.0528045355604025e-06
4.8050646960000005 3.5758900777026514e-06
4.8062656619999995 3.4276852998991915e-06
4.807466628 3.753869309548347e-06
4.808667593999999 3.6068615731961622e-06
4.80986856 4.027017103209683e-06
4.811069526 4.547883260876291e-06
4.812270492 4.828596603313976e-06
4.813471458 4.6420526959168835e-06
4.814672424 4.132592375009473e-06
4.81587339 3.5611752305577573e-06
4.817074356 3.83260818801993e-06
4.818275322000001 4.592698036873217e-06
4.819476288 4.7113747179714926e-06
4.8206772540000005 4.737995000221004e-06
4.821878219999999 3.6674033557639477e-06
4.823079184999999 3.235496132318628e-06
4.824280151 3.825148117148493e-06
4.825481117000001 4.614154534480511e-06
4.826682083 5.791521043897563e-06
4.827883049 6.529970678783125e-06
4.829084015 6.553803661191818e-06
4.830284981 6.223959840255242e-06
4.831485947 5.977755313483093e-06
4.832686913 5.229931020338621e-06
4.833887879 4.710417573008012e-06
4.8350888450000005 4.151225994107663e-06
4.836289810999999 4.180626180641274e-06
4.837490777 4.132313115084813e-06
4.838691743 4.469124903669862e-06
4.839892709 4.42672304363354e-06
4.841093674 4.933000261238719e-06
4.84229464 5.118930636814487e-06
4.843495606 5.733826170674738e-06
4.844696572 6.22292451471311e-06
4.845897538 5.9754032353804495e-06
4.847098504 5.191122870908515e-06
4.84829947 4.310248192945172e-06
4.8495004360000005 3.5205432626742103e-06
4.850701401999999 3.11672227190893e-06
4.851902368 3.6549347329081554e-06
4.853103334 4.07576047854196e-06
4.8543043 4.550505464720899e-06
4.855505266 4.804542800290357e-06
4.8567062320000005 5.857177330944209e-06
4.8579071979999995 5.9340291902517675e-06
4.859108163 6.3573581242230725e-06
4.860309129 5.67934768796054e-06
4.861510095 5.245533500351602e-06
4.862711061 4.665842047060426e-06
4.8639120270000005 4.299085844199024e-06
4.865112992999999 4.250757808216929e-06
4.866313959 4.0841691249013e-06
4.867514925 3.36219186181168e-06
4.868715891 2.6210866046588683e-06
4.869916857 2.1078525550469554e-06
4.871117823 2.6165941479315754e-06
4.8723187889999995 3.96513587523954e-06
4.873519755 5.1047563208896605e-06
4.874720721 6.091805310529195e-06
4.875921687 5.923709296280334e-06
4.877122652 5.759996672124311e-06
4.8783236180000005 3.4043879153779743e-06
4.879524583999999 2.418653313429684e-06
4.88072555 1.388811379554557e-06
4.881926516 1.4571265924576323e-06
4.883127482 2.4626741935684515e-06
4.884328448 4.352538864068953e-06
4.885529414 5.419242695966603e-06
4.88673038 6.2964627552953836e-06
4.887931346 5.373630695953667e-06
4.889132312 4.235110303895716e-06
4.890333278 2.7158246499535434e-06
4.891534244000001 1.4786605072081172e-06
4.89273521 1.1780921038211788e-06
4.8939361749999994 9.057163668306521e-07
4.895137141 1.1293859303310666e-06
4.896338106999999 1.4415735299489138e-06
4.897539073 1.9917996325403148e-06
4.898740039000001 2.391989467368085e-06
4.899941005 2.3543600494233023e-06
4.901141971 2.759556897439375e-06
4.902342937 3.1936941379780887e-06
4.903543903 3.4404265910856593e-06
4.904744869 3.6307258221113896e-06
4.905945835000001 3.1315803492694077e-06
4.907146801 3.003185926498919e-06
4.908347767 2.6860443292499475e-06
4.909548732999999 3.056809193072173e-06
4.910749699 2.882364801066292e-06
4.911950664 2.6526197452772116e-06
4.913151630000001 1.3876928468960922e-06
4.914352596 1.088575252389502e-06
4.915553562 9.492913019611785e-07
4.916754528 2.2280281482318627e-06
4.917955494 2.705353333325166e-06
4.91915646 4.121185177459919e-06
4.920357426 5.4701070423097035e-06
4.921558392 7.138366581090952e-06
4.922759358 7.4022573683352275e-06
4.923960323999999 7.228650342803865e-06
4.92516129 6.10183135079449e-06
4.926362256 5.1117025845093e-06
4.927563222 4.2333414494996254e-06
4.928764188 3.8131263942005475e-06
4.929965153 3.7773137058074688e-06
4.931166119 3.687661533732584e-06
4.932367085 3.6600527619359523e-06
4.933568051 3.474668095003375e-06
4.934769017 3.5607876960154043e-06
4.935969983 3.7333257161334704e-06
4.937170949 3.856319037078414e-06
4.938371914999999 3.78654293826638e-06
4.939572881 3.596686491950603e-06
4.940773847 3.61176777960581e-06
4.941974813 3.8716664833526564e-06
4.943175779 4.394722091414001e-06
4.944376745 5.098744387963255e-06
4.945577711 5.5935466385279504e-06
4.946778677 5.893503869782993e-06
4.947979642 5.4814741352551075e-06
4.949180608 5.357994552794018e-06
4.950381574 5.474912551500354e-06
4.95158254 6.268669656723382e-06
4.952783505999999 6.335485196411393e-06
4.953984472 6.103287495594194e-06
4.955185438 5.1182326657855746e-06
4.956386404 4.635419226733344e-06
4.957587370000001 4.184861716731963e-06
4.958788336 4.464118121981586e-06
4.959989302 4.44331021966692e-06
4.961190268 4.457559605417758e-06
4.962391234 4.102420321618604e-06
4.9635922 3.8854363807732525e-06
4.964793166000001 3.0919837444588717e-06
4.965994131 3.721705478341761e-06
4.967195096999999 3.56777863184081e-06
4.968396063 3.367510670656396e-06
4.969597029 3.173713431996205e-06
4.970797995 3.753958248848295e-06
4.971998961000001 3.767537281183778e-06
4.973199927 3.7747267139833327e-06
4.974400893 3.2203081552001454e-06
4.975601859 2.7870829713805005e-06
4.976802825 3.0814707376057485e-06
4.978003791 3.886052470811102e-06
4.979204757000001 4.586100867785081e-06
4.980405723 5.6719223078731686e-06
4.981606689 5.5516217156428315e-06
4.982807654999999 5.707269017088763e-06
4.98400862 5.8157483150069864e-06
4.985209586 5.891901758546153e-06
4.986410552000001 5.52469385686889e-06
4.987611518 5.226649247458245e-06
4.988812484 4.523328633941497e-06
4.99001345 5.123899571218195e-06
4.991214416 5.07805317473381e-06
4.992415382 5.043440940627862e-06
4.993616348 4.578458425686021e-06
4.994817314 4.324883171013198e-06
4.99601828 4.010721520517616e-06
4.997219245999999 3.7010907516683654e-06
4.998420212 3.315569916152609e-06
4.999621178 3.6169081655265613e-06
5.000822144 3.331448124691781e-06
5.002023109 3.323578150540421e-06
5.003224075 2.5246142911768116e-06
5.004425041 2.4856337904324645e-06
5.005626007 2.4814808266191904e-06
5.006826973 3.1859300498005096e-06
5.008027939 3.0385565413429643e-06
5.009228905 3.416597048844039e-06
5.010429871 2.5005070113208236e-06
5.011630836999999 2.250033003466636e-06
5.012831803 1.3815537303929247e-06
5.014032769 1.3820135652934923e-06
5.015233735 1.6606880213580145e-06
5.0164347010000006 2.1878145594874594e-06
5.0176356669999995 2.3952930940505182e-06
5.018836631999999 2.866837259200221e-06
5.020037598 3.158730066613138e-06
5.021238564 4.659852085727952e-06
5.02243953 3.7282576387309304e-06
5.023640496 3.154615933296792e-06
5.024841462 2.172373660850531e-06
5.026042427999999 2.0071365759820064e-06
5.027243394 2.1612867256013917e-06
5.028444360000001 2.5636754633984186e-06
5.029645326 3.0440540201359093e-06
5.0308462920000006 3.482953292482983e-06
5.0320472579999995 3.654355929844114e-06
5.033248224 4.0126090540156146e-06
5.03444919 4.0346810307857955e-06
5.035650156 3.989727709478222e-06
5.036851121 3.666849251037878e-06
5.038052087 3.2949358861845727e-06
5.039253053 3.2146534394965744e-06
5.040454019 3.27768209851111e-06
5.041654985 3.1875404692226347e-06
5.042855951 3.44747697376958e-06
5.044056917 3.875913302158091e-06
5.0452578830000006 3.6727957167490735e-06
5.0464588489999995 3.7423720373436896e-06
5.047659815 4.578474918743661e-06
5.048860781 5.991803802231199e-06
5.050061747 7.2251722148804426e-06
5.051262713 8.114308709818234e-06
5.052463679000001 8.362786891114794e-06
5.053664645 8.658644474155595e-06
5.05486561 9.082857361257986e-06
5.056066576 9.642194410834248e-06
5.057267542 1.0189617508430273e-05
5.058468508 1.0886806887566183e-05
5.0596694740000006 1.1699493768792939e-05
5.0608704399999995 1.316643147700425e-05
5.062071406 1.4170094430713643e-05
5.063272372 1.5154079073710773e-05
5.064473338 1.505846575718183e-05
5.065674304 1.497454676369337e-05
5.06687527 1.4848336394861235e-05
5.068076236 1.4907520605037536e-05
5.069277202 1.4706192902808776e-05
5.070478167999999 1.492535906921296e-05
5.071679134 1.4304560805319667e-05
5.072880099 1.3761383230464824e-05
5.074081065000001 1.3155480022718462e-05
5.0752820309999995 1.2646373971577749e-05
5.076482997 1.225431992790138e-05
5.077683963 1.1934023930078103e-05
5.078884929 1.090497984478831e-05
5.080085895 1.0033415834294594e-05
5.081286861 9.347991225505542e-06
5.082487827 9.196808778582123e-06
5.083688793 9.0084513829316e-06
5.084889758999999 8.948671651759752e-06
5.086090725 8.987079197970246e-06
5.087291691000001 8.84483489337668e-06
5.088492657 9.217262879521235e-06
5.0896936230000005 1.0431565697903252e-05
5.090894588 1.1616283389118135e-05
5.092095554 1.2217585454729233e-05
5.09329652 1.162390278641653e-05
5.094497486 9.570265127643328e-06
5.095698452 7.80037684364116e-06
5.096899418 6.1149686676718986e-06
5.098100384 5.035341246421481e-06
5.099301349999999 4.590037374796846e-06
