microns throughput
2.0004663860000003 4.069912520896999e-12
2.002074478 4.140071061700245e-12
2.00368257 3.9742965081376935e-12
2.005290662 3.5799603101893826e-12
2.006898754 3.266836624094577e-12
2.008506846 2.971153285387233e-12
2.010114938 2.616111780388789e-12
2.01172303 2.2907692783613534e-12
2.013331122 2.0921583796164923e-12
2.014939214 2.0288055902380466e-12
2.016547306 2.0403768938138143e-12
2.018155398 2.0887089640370903e-12
2.01976349 2.0509277583826677e-12
2.021371582 2.0528372209956905e-12
2.022979674 2.131449060908144e-12
2.0245877660000002 2.1228930304724805e-12
2.026195858 2.031701181899639e-12
2.027803949 1.916964313512468e-12
2.029412041 1.903539730995302e-12
2.031020133 1.8962584115507906e-12
2.032628225 1.856678535547357e-12
2.034236317 1.824504024843112e-12
2.035844409 1.885343014669233e-12
2.037452501 1.955143623550605e-12
2.039060593 2.0205114178850204e-12
2.040668685 2.0834425537016673e-12
2.042276777 2.055795679809992e-12
2.0438848689999998 2.0391169346603885e-12
2.045492961 2.0780255896071167e-12
2.047101053 2.0771717678266113e-12
2.0487091449999997 1.9934631333192592e-12
2.0503172370000002 1.9583005792079633e-12
2.0519253290000004 2.0303552673515443e-12
2.053533421 2.1196909833276364e-12
2.055141513 2.0929349160199767e-12
2.056749605 2.1174148074003385e-12
2.058357697 2.3029115280607827e-12
2.059965788 2.5919215794559394e-12
2.06157388 2.851702905263991e-12
2.0631819719999998 3.1105536172406702e-12
2.064790064 3.383889494477094e-12
2.066398156 3.767204544677261e-12
2.068006248 4.305078941715732e-12
2.06961434 4.816284820853419e-12
2.071222432 5.079802517659642e-12
2.072830524 5.348023648385612e-12
2.074438616 5.875605479046894e-12
2.076046708 6.434765014227035e-12
2.0776548 6.434150872065283e-12
2.079262892 6.2264081231665066e-12
2.080870984 6.0916526897781464e-12
2.0824790760000003 6.24827215526111e-12
2.084087168 6.057380637942791e-12
2.08569526 5.6516514365868274e-12
2.0873033519999997 5.0536694807793735e-12
2.088911444 5.2405802085821055e-12
2.090519536 6.143581151667344e-12
2.092127627 7.2016379407353425e-12
2.0937357189999997 7.494481956635446e-12
2.0953438110000002 6.661167636436762e-12
2.0969519030000003 6.988596400333878e-12
2.098559995 8.04347557093066e-12
2.100168087 8.375026309341182e-12
2.101776179 5.7664807624651125e-12
2.103384271 3.5133412289941356e-12
2.104992363 1.5993272510298393e-12
2.1066004549999997 1.513545046725776e-12
2.1082085470000003 1.6608671915983023e-12
2.109816639 1.699690800878109e-12
2.111424731 9.664355755799703e-13
2.113032823 2.4264356897688076e-12
2.114640915 2.708453811125522e-12
2.116249007 2.849134601430158e-12
2.1178570989999996 2.875248891996337e-12
2.1194651909999997 3.3823505369340553e-12
2.1210732830000003 5.04152586078439e-12
2.122681375 7.530877594968504e-12
2.124289466 8.328831976985913e-12
2.125897558 6.298126413355314e-12
2.1275056500000002 6.044443622471308e-12
2.129113742 6.235016266264876e-12
2.130721834 7.196877847476318e-12
2.1323299259999997 6.410905868906966e-12
2.133938018 4.87058478021415e-12
2.1355461100000004 2.706601691412587e-12
2.137154202 1.7496892266867351e-12
2.138762294 1.60379569209123e-12
2.140370386 1.5308835302979218e-12
2.141978478 1.186310173203372e-12
2.14358657 1.6946395854942683e-13
2.1451946619999998 1.1769481553737977e-13
2.146802754 1.1674887202900507e-13
2.1484108460000004 1.1644008654413823e-13
2.150018938 1.1641130713806793e-13
2.15162703 1.1670514707980535e-13
2.153235122 1.173236440487439e-13
2.154843214 1.180311502877435e-13
2.156451305 1.1922732108489818e-13
2.158059397 1.2037113931120227e-13
2.159667489 1.2212010319041618e-13
2.161275581 1.2427047770375624e-13
2.1628836729999996 1.2624720230536364e-13
2.164491765 1.287729507580777e-13
2.1660998570000003 1.3161716608249538e-13
2.167707949 1.3479240951604333e-13
2.169316041 1.3830081290062168e-13
2.170924133 1.4184269321818074e-13
2.172532225 1.4626403424996977e-13
2.174140317 1.5095654848623375e-13
2.1757484089999997 1.5613866999317268e-13
2.177356501 1.6269774179135754e-13
2.1789645930000003 2.309105351638115e-13
2.180572685 1.2572268976423875e-12
2.182180777 1.5230221347241989e-12
2.183788869 1.6057835768404689e-12
2.185396961 1.6983036804093822e-12
2.187005053 1.9623557573924155e-12
2.1886131449999997 2.9298258018837757e-12
2.1902212359999997 3.1686753887026115e-12
2.191829328 3.270966989426825e-12
2.1934374200000004 2.012374382742199e-12
2.195045512 3.654054112134926e-12
2.196653604 1.1908684666069674e-11
2.198261696 2.2668227275829804e-11
2.199869788 3.636996791956557e-11
2.20147788 5.308626130916516e-11
2.203085972 7.631776864596002e-11
2.204694064 1.0732162888351424e-10
2.206302156 1.4851653126526112e-10
2.207910248 1.9219840087797312e-10
2.2095183400000002 2.2538500852623325e-10
2.211126432 2.5848945160138923e-10
2.212734524 3.032952879969076e-10
2.2143426159999997 3.6695799265362956e-10
2.215950708 4.308773086552347e-10
2.2175588 6.962761054208328e-10
2.219166892 1.0493117804997429e-09
2.220774984 1.3877068077853906e-09
2.221786975 1.7091112998513636e-09
2.222987941 2.147186984967031e-09
2.2241889070000003 2.7048242254361457e-09
2.225389873 3.31213694270479e-09
2.226590839 3.994408478978203e-09
2.227791805 4.164727422964875e-09
2.228992771 4.4261236738662865e-09
2.230193737 4.8213678524019e-09
2.231394703 5.274233543854657e-09
2.2325956689999997 5.862937515588412e-09
2.233796635 6.413881411142009e-09
2.234997601 6.7973736362629524e-09
2.2361985669999997 7.437169061325303e-09
2.2373995329999996 8.009032506700632e-09
2.238600498 8.52679921363156e-09
2.239801464 9.438170445155725e-09
2.24100243 1.035871024510372e-08
2.242203396 1.1191856086867163e-08
2.243404362 1.1854712137173776e-08
2.244605328 1.3180783302614024e-08
2.245806294 1.4442441260146276e-08
2.2470072599999997 1.6314313290246004e-08
2.248208226 1.8745847654022268e-08
2.249409192 2.1471589597839335e-08
2.2506101579999997 2.391765658273403e-08
2.251811124 2.8117879598852458e-08
2.2530120900000004 3.4286147810763834e-08
2.254213056 4.02909064598518e-08
2.255414021 4.668516884714965e-08
2.256614987 5.450111308035436e-08
2.2578159529999997 6.274458206509439e-08
2.259016919 7.056751450747176e-08
2.260217885 8.307257865941717e-08
2.2614188509999997 9.508621642069358e-08
2.2626198169999996 1.0812723328910489e-07
2.2638207830000003 1.2239768703386227e-07
2.265021749 1.3792081456793405e-07
2.266222715 1.495848508384668e-07
2.2674236810000004 1.626486070696275e-07
2.268624647 1.7707950241544522e-07
2.269825613 1.9214332390888283e-07
2.271026579 1.9895816422245524e-07
2.2722275450000002 2.043788018825881e-07
2.27342851 2.1195746511048525e-07
2.274629476 2.189199024528347e-07
2.2758304419999997 2.3442068349741639e-07
2.277031408 2.4836923233075246e-07
2.2782323740000003 2.570519563013847e-07
2.27943334 2.5869263966036625e-07
2.280634306 2.7557529599287764e-07
2.281835272 2.933487993036169e-07
2.283036238 3.0959889039420735e-07
2.284237204 3.2961304383037157e-07
2.28543817 3.523564429227796e-07
2.286639136 3.7678816297053313e-07
2.287840102 4.1258218496395313e-07
2.289041068 4.612633049340408e-07
2.290242034 5.106322513558385e-07
2.291442999 5.717658928112111e-07
2.2926439650000003 6.389906910364866e-07
2.293844931 7.249304813451592e-07
2.295045897 8.127794345721142e-07
2.296246863 9.137029760387402e-07
2.297447829 1.0333133534130376e-06
2.298648795 1.1788061374476194e-06
2.299849761 1.3365670924667038e-06
2.301050727 1.514197531094137e-06
2.302251693 1.7351445453607698e-06
2.303452659 1.9811088270100927e-06
2.304653625 2.2624628767112014e-06
2.3058545909999997 2.591743476236964e-06
2.307055557 2.959182330393958e-06
2.308256523 3.3628044797356677e-06
2.309457488 3.8809842321133755e-06
2.310658454 4.477940083190872e-06
2.3118594199999998 5.1681145617895706e-06
2.313060386 5.959020115526738e-06
2.314261352 6.919271242920917e-06
2.315462318 8.099075874156806e-06
2.316663284 9.547292990325449e-06
2.31786425 1.1203988092208085e-05
2.319065216 1.3012486307303117e-05
2.3202661819999997 1.5165782172229656e-05
2.321467148 1.7777692246151907e-05
2.322668114 2.078257040629528e-05
2.32386908 2.4114505590981624e-05
2.325070046 2.7696173783768267e-05
2.3262710120000003 3.1572204378220194e-05
2.327471977 3.616719386238562e-05
2.328672943 4.1399930300493664e-05
2.329873909 4.725796276242829e-05
2.3310748749999997 5.3473414738264214e-05
2.332275841 6.056981732167729e-05
2.333476807 6.890988792926064e-05
2.3346777729999997 7.864562152157524e-05
2.3358787390000004 8.966971767201617e-05
2.3370797050000003 0.00010213051799622655
2.338280671 0.00011698214953899868
2.339481637 0.00013363813909303502
2.3406826030000003 0.00015279861305306176
2.341883569 0.0001742440402416799
2.343084535 0.0001987114345915513
2.344285501 0.00022674616147525334
2.3454864659999997 0.00025965852331060423
2.346687432 0.00029813390621712663
2.3478883980000003 0.00034279573653705163
2.349089364 0.00039695006343496504
2.35029033 0.0004621592230721776
2.3514912960000003 0.0005418080245195977
2.352692262 0.0006382131428607567
2.353893228 0.0007563207474181473
2.355094194 0.0009000225700436925
2.35629516 0.0010756172299376922
2.357496126 0.0012885582255775282
2.358697092 0.0015426942560641328
2.359898058 0.0018467408365398887
2.361099024 0.002205502346502226
2.3622999890000003 0.002618808095582346
2.363500955 0.0030921501160290485
2.364701921 0.0036238833335063515
2.3659028870000003 0.004209531226534808
2.367103853 0.004846331333266465
2.368304819 0.005528862105560293
2.369505785 0.006253436048792034
2.370706751 0.007006092025478619
2.371907717 0.007788618167306609
2.373108683 0.00859829195650675
2.3743096489999997 0.009427446011337047
2.375510615 0.010237098560369315
2.376711581 0.011112790449180397
2.3779125469999998 0.012064881024271192
2.3791135129999996 0.013110294042554684
2.380314478 0.014278766101685417
2.381515444 0.015598959951211924
2.38271641 0.0170857889425682
2.383917376 0.018787045312354967
2.385118342 0.020737155884946512
2.386319308 0.02299773554567374
2.387520274 0.02564595844709307
2.3887212399999997 0.02873993763259783
2.389922206 0.03234269144877269
2.391123172 0.03656102960988832
2.3923241379999998 0.041485769970198455
2.3935251039999996 0.047209420998353464
2.3947260700000004 0.053859998061261606
2.3959270360000002 0.06143641772324488
2.397128002 0.06996816427790646
2.398328967 0.07944195034176749
2.3995299329999997 0.08975620694204964
2.400730899 0.10073011071470872
2.401931865 0.11212178090277998
2.4031328309999997 0.12364359417585964
2.4043337969999996 0.13497959064879153
2.405534763 0.14582287890224768
2.406735729 0.15591111337395855
2.407936695 0.16505961625355656
2.4091376610000004 0.17318405736093712
2.4103386270000002 0.18030229515270277
2.411539593 0.18653099804901577
2.412740559 0.19205300467897934
2.4139415250000003 0.19711255154505194
2.415142491 0.2019760406712206
2.416343456 0.20690197061185125
2.4175444219999997 0.21211278715745513
2.4187453879999996 0.2177715518546436
2.4199463540000004 0.22396727059643756
2.42114732 0.2307703742445161
2.422348286 0.23823634448198217
2.423549252 0.24578324079015998
2.4247502180000002 0.25343041662441446
2.425951184 0.2609443306832029
2.42715215 0.268096722607469
2.4283531160000003 0.2746938408464489
2.429554082 0.2805995843616104
2.430755048 0.2857705615285949
2.431956014 0.2902067691217952
2.43315698 0.29396990722878164
2.4343579450000004 0.2971823202849505
2.435558911 0.29999665905557826
2.436759877 0.30256816767294575
2.437960843 0.30504378185224096
2.4391618090000002 0.3075520614779246
2.440362775 0.3101954640934998
2.441563741 0.31305185755296344
2.442764707 0.31617204115019726
2.443965673 0.3195909682078685
2.445166639 0.32332208291333053
2.446367605 0.32736006044689203
2.4475685709999997 0.3314655954036263
2.448769537 0.3358643464554236
2.449970503 0.3404217229574048
2.4511714689999997 0.3450595137334277
2.452372434 0.34976474886851067
2.4535734000000002 0.3544631117639271
2.454774366 0.3590767101295589
2.455975332 0.36353542709136644
2.457176298 0.36777884553765183
2.458377264 0.37174998437624407
2.45957823 0.37540753633456825
2.460779196 0.37868327625735493
2.4619801619999997 0.38158041298931167
2.463181128 0.38412016934146764
2.464382094 0.38631813158471273
2.4655830599999997 0.3881946448374639
2.466784026 0.38977736924732986
2.4679849920000003 0.39109865825080814
2.469185958 0.39230144204380624
2.470386923 0.39326352083772165
2.471587889 0.39412670979860254
2.4727888549999997 0.39488327809093005
2.473989821 0.39593117673937533
2.475190787 0.39653890906525396
2.4763917529999997 0.39701480598965777
2.477592719 0.3974712251769773
2.4787936850000003 0.39791276176039003
2.479994651 0.398366184130038
2.481195617 0.39857346659081117
2.4823965830000003 0.3985826794863836
2.483597549 0.3989255811564733
2.484798515 0.3991434996361166
2.485999481 0.3993832180537781
2.4872004459999997 0.39959023548958694
2.488401412 0.39969301307196303
2.489602378 0.3997115216384828
2.490803344 0.3996942380179959
2.49200431 0.3995848575535027
2.4932052760000003 0.39939530594104455
2.494406242 0.3991235905624526
2.495607208 0.3987693431744487
2.496808174 0.3983353062826164
2.49800914 0.3978260625792731
2.499210106 0.3972412629873408
2.500411072 0.3965873221957428
2.501612038 0.39587191091340135
2.502813004 0.3951054103612305
2.50401397 0.39429660828157637
2.505214935 0.393457247127878
2.506415901 0.39259793556210687
2.5076168670000003 0.3917252805336958
2.508817833 0.3908535777141179
2.510018799 0.389992879101541
2.511219765 0.38916691281499394
2.512420731 0.3883693245418118
2.513621697 0.3876110830463779
2.514822663 0.3868966345223192
2.5160236289999998 0.3862334279418145
2.517224595 0.3856300022391017
2.518425561 0.3850884947347044
2.519626527 0.38461349396492844
2.5208274929999996 0.38421442951626794
2.522028459 0.3838920047337752
2.523229424 0.383643379928309
2.52443039 0.38347099009510277
2.525631356 0.3833735213097605
2.526832322 0.3833494218572442
2.528033288 0.3834011106843236
2.529234254 0.38352480812281364
2.5304352199999998 0.38372982314536974
2.531636186 0.3840245342890518
2.532837152 0.384381134690465
2.534038118 0.38479492219101896
2.5352390839999996 0.3852633974126205
2.53644005 0.3857807786159918
2.5376410160000002 0.38633831946822106
2.538841982 0.3869315181146754
2.540042948 0.3875556498841649
2.5412439129999997 0.388179686049701
2.542444879 0.38882403108499863
2.543645845 0.3894816465258838
2.5448468109999998 0.390147178724834
2.546047777 0.3908175358685202
2.547248743 0.3914890336597603
2.548449709 0.3921569008761101
2.5496506749999996 0.3928168995934598
2.5508516410000004 0.3934796217380242
2.5520526070000003 0.39413165349756407
2.553253573 0.3947689619975947
2.554454539 0.39538693988011997
2.5556555050000003 0.39598351013100347
2.556856471 0.3965574393302673
2.558057437 0.3971081036731551
2.5592584019999998 0.39763564812395047
2.5604593679999996 0.39814026518711465
2.561660334 0.3986265218562318
2.5628613000000002 0.39909044024156404
2.564062266 0.39953389125570565
2.565263232 0.3999562388809089
2.5664641980000003 0.4003617469826434
2.567665164 0.4007548777173955
2.56886613 0.40112882606608113
2.5700670960000003 0.40152020813756395
2.571268062 0.4023021812378069
2.572469028 0.4026408404069544
2.573669994 0.40297424384843283
2.57487096 0.4033070999717687
2.576071926 0.4036353081719867
2.5772728910000002 0.4038430400031703
2.578473857 0.40386529418755657
2.579674823 0.4041882468233964
2.5808757890000003 0.4045142355132233
2.582076755 0.40485243144178096
2.583277721 0.4052119732978061
2.584478687 0.40557564532883184
2.585679653 0.4059420674826819
2.586880619 0.40631371778638203
2.588081585 0.4066847758097274
2.5892825509999997 0.4070622413416499
2.590483517 0.4074287548250236
2.591684483 0.40780014095666717
2.5928854489999997 0.40818043568590967
2.594086414 0.4085128444769792
2.5952873800000003 0.4084509152906907
2.596488346 0.4088132113594045
2.597689312 0.4094920989152845
2.598890278 0.4099840499837243
2.600091244 0.4103010011465617
2.60129221 0.41026802437446847
2.602493176 0.41017835347898857
2.6036941419999997 0.41007600480617334
2.604895108 0.40995720688522563
2.606096074 0.40982020101574174
2.6072970399999997 0.4096691645578444
2.6084980059999996 0.40950040156243467
2.6096989720000003 0.40931378807137453
2.610899938 0.40911495719024005
2.612100903 0.40889259962105673
2.613301869 0.4085367834752232
2.6145028349999997 0.4081373272381993
2.615703801 0.4081407772121397
2.616904767 0.4081253699381291
2.6181057329999997 0.4085768554954067
2.619306699 0.4085467707644751
2.620507665 0.4085102864028817
2.621708631 0.4084757939401966
2.622909597 0.40843431254241225
2.6241105630000003 0.4083895397150297
2.625311529 0.4083448858395383
2.626512495 0.4082978603943801
2.627713461 0.4082478985504886
2.628914427 0.40820615585141995
2.630115392 0.40816615004841106
2.631316358 0.4081277482450789
2.6325173239999997 0.40810171490885655
2.63371829 0.40807913400135487
2.6349192560000003 0.4084974618717905
2.636120222 0.408541015807221
2.637321188 0.4085535456987712
2.638522154 0.4085772357561338
2.63972312 0.40861786544573364
2.640924086 0.4086702353051528
2.642125052 0.40873418612972046
2.643326018 0.4088134760835923
2.644526984 0.4089062875346151
2.64572795 0.40901081226060726
2.646928916 0.40912727172335506
2.648129881 0.40925240649352335
2.6493308470000003 0.4093857352578446
2.650531813 0.409267392233279
2.651732779 0.40913486225948237
2.652933745 0.4096378615564741
2.654134711 0.4097321291459184
2.655335677 0.40979203403641706
2.656536643 0.4098493533005636
2.657737609 0.40990646873753067
2.658938575 0.4099613616797315
2.660139541 0.40994558473895937
2.661340507 0.40943184632804247
2.662541473 0.409128493834489
2.663742439 0.40912717206040017
2.664943405 0.4091242822330625
2.66614437 0.40910045746579327
2.667345336 0.4090758978750804
2.668546302 0.4093077642584715
2.669747268 0.4094884372241419
2.670948234 0.4094824109685248
2.6721492 0.4090006209099548
2.673350166 0.409000973809064
2.674551132 0.4090006320667433
2.675752098 0.40901146705893743
2.6769530639999997 0.4090214139519033
2.67815403 0.40902052600197275
2.679354996 0.40901917187774134
2.680555962 0.40901201028608736
2.681756928 0.4090003509795467
2.6829578940000003 0.40852166828650927
2.684158859 0.40846732178165956
2.685359825 0.4084274520091208
2.686560791 0.40863850458922635
2.687761757 0.4087900429966209
2.688962723 0.4087383788581014
2.690163689 0.40868042438196095
2.6913646549999997 0.4085907594116198
2.6925656210000004 0.4082379686721055
2.6937665870000003 0.40795541731720164
2.694967553 0.40788956768391627
2.696168519 0.40783480514490766
2.6973694850000003 0.4077910697878832
2.698570451 0.40776015473514937
2.699771417 0.40807591825137335
2.700972383 0.4082767868746212
2.7021733479999996 0.4083316580604391
2.703374314 0.4082577762880886
2.70457528 0.4086964271224828
2.705776246 0.4088471057008895
2.706977212 0.40899731045697574
2.7081781780000003 0.40914801025782466
2.709379144 0.40930040790900557
2.71058011 0.40944607368019265
2.7117810760000003 0.40958779194729483
2.712982042 0.40972099769819126
2.714183008 0.40936806656822233
2.715383974 0.4094829727869619
2.71658494 0.40958432356409824
2.717785906 0.40967963557911413
2.7189868710000002 0.4097632316164397
2.720187837 0.4098243781765697
2.721388803 0.41002582714910096
2.7225897690000003 0.41032279536851046
2.723790735 0.40994778476584753
2.724991701 0.40983922496670055
2.726192667 0.40982747273625375
2.727393633 0.40980084591030885
2.728594599 0.409761744186823
2.729795565 0.4097210234470652
2.7309965309999997 0.40967954401800755
2.732197497 0.40963517920987524
2.733398463 0.40939431662560777
2.7345994289999997 0.40904993192937533
2.735800395 0.4089879974035241
2.7370013600000003 0.40892445241147923
2.738202326 0.4088646563123858
2.739403292 0.40880778777073745
2.740604258 0.4090351149143827
2.741805224 0.4091623104136613
2.74300619 0.409114706699371
2.744207156 0.40898222960726194
2.7454081219999997 0.408581594260302
2.746609088 0.4085735484264633
2.747810054 0.40857489068041947
2.7490110199999997 0.4085932480962183
2.7502119859999996 0.4085617874120613
2.751412952 0.40823843528813153
2.752613918 0.40764401595433564
2.753814884 0.40717726070736
2.755015849 0.4069136132907937
2.756216815 0.4065647085525883
2.757417781 0.4059692706638043
2.758618747 0.40576326127191964
2.7598197129999997 0.4059556572544527
2.761020679 0.40589571031533733
2.762221645 0.40538143213118394
2.7634226109999998 0.40561714114790814
2.764623577 0.4058159932624369
2.7658245430000004 0.40603924682772163
2.767025509 0.40580448528376367
2.768226475 0.40607081319009797
2.769427441 0.4063551640624714
2.7706284070000002 0.4063312406743069
2.771829373 0.4064275171903702
2.773030338 0.406714696212068
2.7742313039999997 0.4070164435656247
2.7754322699999996 0.40711824944342845
2.7766332360000003 0.40716390414638115
2.777834202 0.4074855843061207
2.779035168 0.4082735049922064
2.7802361340000004 0.40849166103619833
2.7814371 0.4084608339211252
2.782638066 0.40879471071124396
2.783839032 0.4091219326547467
2.7850399980000002 0.40942710975976787
2.786240964 0.40927857931857137
2.78744193 0.4095839063571033
2.788642896 0.4098790491609553
2.789843862 0.41016047042021514
2.7910448270000003 0.40997439346933295
2.792245793 0.4102618047839341
2.793446759 0.4105344257655213
2.794647725 0.4104725553334954
2.795848691 0.4105396293018709
2.797049657 0.41075991942945256
2.798250623 0.41107843999945726
2.799451589 0.4113917741141315
2.800652555 0.41125736007614555
2.801853521 0.4113462369470916
2.803054487 0.41141642244719523
2.804255453 0.41134739075568505
2.805456419 0.41102312844073885
2.806657385 0.4110497335787695
2.8078583509999997 0.41106256729025215
2.809059316 0.4110347964664819
2.810260282 0.41056513760137453
2.811461248 0.4105518796431875
2.812662214 0.41053145821508297
2.81386318 0.4105023184570719
2.815064146 0.4099795925805386
2.816265112 0.4099365558682816
2.817466078 0.40989207389746873
2.8186670439999997 0.41015349823693337
2.81986801 0.4098383995165844
2.821068976 0.4096797710788115
2.8222699419999997 0.4095815920664718
2.823470908 0.40948640478301446
2.8246718740000003 0.40939546318455994
2.825872839 0.4093087970757491
2.827073805 0.4092246174771039
2.828274771 0.4091468571815383
2.829475737 0.4090741604991117
2.830676703 0.40898624424548224
2.831877669 0.40888481598339455
2.8330786349999997 0.40879182530097696
2.834279601 0.4087047016192371
2.8354805670000003 0.4086283045074719
2.836681533 0.4082295888652696
2.837882499 0.40801640001818695
2.8390834650000003 0.4079676320325831
2.840284431 0.4080607462888315
2.841485397 0.40836395104629986
2.842686363 0.40834586457100863
2.8438873279999997 0.40833854263417435
2.845088294 0.40833810391766995
2.84628926 0.4083495377064853
2.8474902259999997 0.40837072837975535
2.848691192 0.4084018372720103
2.8498921580000003 0.40843868132806094
2.851093124 0.4082461245276755
2.85229409 0.40803780005251783
2.8534950560000003 0.4078382182549124
2.854696022 0.4076457070049333
2.855896988 0.4074599779478218
2.857097954 0.4072804993196313
2.85829892 0.4071080374917143
2.859499886 0.4069421871581773
2.860700852 0.40650493931863746
2.861901817 0.40631315459017736
2.863102783 0.4062706683284947
2.8643037490000003 0.40637463406469443
2.865504715 0.40666232410416714
2.866705681 0.4066342178475827
2.867906647 0.4066070846031582
2.869107613 0.40658392116087755
2.870308579 0.4065742322790713
2.871509545 0.4066034752081067
2.872710511 0.4066318405620396
2.873911477 0.406659485584626
2.875112443 0.4066840963060363
2.8763134089999998 0.4067071020213058
2.877514375 0.40672573037552706
2.878715341 0.40673889321479334
2.879916306 0.40674469233237776
2.881117272 0.40673801384283237
2.882318238 0.4067219175275296
2.883519204 0.40669451177634036
2.88472017 0.40665574757604006
2.885921136 0.40615656978851084
2.8871221019999997 0.4060520267625242
2.888323068 0.40596786948186053
2.889524034 0.4058669330130175
2.8907249999999998 0.40581318090164664
2.8919259659999996 0.40578510936736384
2.893126932 0.4061938931083795
2.894327898 0.40612299765011545
2.895528864 0.40602785430375404
2.8967298300000004 0.40590975626994114
2.897930795 0.4057677566825525
2.899131761 0.4056022177918299
2.900332727 0.40538423376938854
2.9015336929999997 0.40507129507594125
2.902734659 0.40473171530374463
2.903935625 0.40436837108800966
2.9051365909999998 0.40397963812726306
2.9063375569999996 0.403566681475248
2.9075385230000004 0.4031297708503233
2.9087394890000002 0.4026705580321981
2.909940455 0.4021892558109409
2.911141421 0.401259854437982
2.9123423870000003 0.4007948956649996
2.913543353 0.40031280430442606
2.914744319 0.3998148455149534
2.9159452839999997 0.3993042498251859
2.9171462499999996 0.39878186087469103
2.918347216 0.3982512129832272
2.919548182 0.397715616534409
2.920749148 0.39708245563747613
2.9219501140000004 0.3963918359076195
2.9231510800000002 0.3957014827855689
2.924352046 0.395014223174165
2.925553012 0.3943330927663073
2.9267539780000003 0.39399510668003457
2.927954944 0.39344144839308764
2.92915591 0.3927906041981193
2.930356876 0.39212367502658096
2.931557842 0.39140083483866744
2.932758808 0.3906956626722712
2.933959773 0.39001023052754147
2.935160739 0.3893459634938632
2.936361705 0.38870384730918595
2.9375626710000002 0.38782378467024875
2.938763637 0.38702547734088055
2.939964603 0.3864542327615649
2.941165569 0.3859682107193857
2.942366535 0.3855088298404965
2.943567501 0.3853357883211903
2.944768467 0.3851251672767246
2.945969433 0.3847386906988066
2.947170399 0.38437618799577644
2.948371365 0.3840363207536809
2.9495723309999997 0.3837172810322596
2.950773296 0.3836349803659197
2.9519742620000002 0.3833023333885924
2.953175228 0.3828967949510268
2.954376194 0.3825054419999596
2.95557716 0.38212687166976866
2.956778126 0.38176015332970586
2.957979092 0.38140279523185117
2.959180058 0.3810539961305499
2.9603810239999997 0.3807097516512524
2.96158199 0.38036756117924175
2.962782956 0.3800276629170469
2.9639839219999997 0.3796891482488881
2.9651848879999996 0.3793515732178727
2.9663858540000003 0.37901091573347023
2.96758682 0.37866573096594736
2.968787785 0.3783159278002197
2.969988751 0.3779612506077584
2.971189717 0.3776333481377789
2.972390683 0.3772989773646047
2.973591649 0.376956610904818
2.9747926149999997 0.37660748278196243
2.975993581 0.3771199268945582
2.977194547 0.3767633664314537
2.9783955129999997 0.37639367905249305
2.979596479 0.3760180934670457
2.9807974450000003 0.37551080775970136
2.981998411 0.37493569219647516
2.983199377 0.37435687467274453
2.984400343 0.37377512770464083
2.985601309 0.3731900242894528
2.986802274 0.37260538832168133
2.98800324 0.37202191116132854
2.9892042059999997 0.37182353914462585
2.990405172 0.3712928319147528
2.9916061380000003 0.37086803292383175
2.992807104 0.37044748591556265
2.99400807 0.37003442737309666
2.9952090360000003 0.3696280760870351
2.996410002 0.36922959680026707
2.997610968 0.36883928761908974
2.998811934 0.3684603106240607
3.0000129 0.3680890532366455
3.001213866 0.36756633547802153
3.002414832 0.3672721110639786
3.003615798 0.3666886340850882
3.004816763 0.36611485167455965
3.0060177290000003 0.36555918345027133
3.007218695 0.3654328566870797
3.008419661 0.36488495042640284
3.009620627 0.3643442803352849
3.010821593 0.3639792297910067
3.012022559 0.36369834717372496
3.013223525 0.3634192614058251
3.014424491 0.363143063745961
3.015625457 0.36286554882339817
3.016826423 0.36258734327924813
3.018027389 0.3623043033700808
3.019228355 0.3620166356743408
3.020429321 0.36166489482984454
3.021630287 0.36120300055543897
3.022831252 0.36072780476789007
3.024032218 0.36023998791896306
3.025233184 0.35973535823701547
3.02643415 0.3592152466636408
3.027635116 0.3586766778999121
3.0288360819999998 0.35811866392869707
3.030037048 0.3575501115400951
3.031238014 0.3572706701788345
3.03243898 0.3569720476614957
3.0336399459999996 0.356652690751888
3.034840912 0.35631304375746076
3.036041878 0.35596827797414765
3.0372428439999997 0.3559922844767629
3.0384438100000004 0.3555879982138394
3.0396447760000003 0.35516570452544216
3.040845741 0.3548779866978725
3.042046707 0.3546385061155146
3.0432476729999998 0.3543807601946835
3.044448639 0.3541099875030389
3.045649605 0.3538268414349905
3.046850571 0.3535348590043134
3.0480515369999996 0.35325327629000175
3.049252503 0.35329371274612886
3.0504534690000003 0.3529386697060999
3.051654435 0.3525070398628557
3.052855401 0.3520785369817927
3.0540563670000003 0.35165328203624746
3.055257333 0.3512357308741512
3.056458299 0.35082422301437877
3.0576592639999998 0.3504243572596254
3.0588602299999996 0.3500352225721474
3.060061196 0.34968096740770505
3.061262162 0.3496979914373864
3.062463128 0.3497324184181766
3.0636640940000004 0.34978386161496666
3.0648650600000003 0.34985405719393653
3.066066026 0.3503608613052369
3.067266992 0.35046890699126565
3.0684679580000003 0.35077967447431907
3.069668924 0.3511306872577205
3.07086989 0.3511318156769495
3.072070856 0.35108512472155284
3.073271822 0.3510510594212426
3.074472788 0.35102135190804834
3.0756737530000002 0.3509954166705369
3.076874719 0.35096699115225866
3.078075685 0.35093331010944157
3.0792766510000003 0.35088737654597524
3.080477617 0.35094947840445234
3.081678583 0.3511782236156229
3.0828795490000003 0.35136825655303583
3.084080515 0.3515142244936572
3.085281481 0.3516020423161653
3.086482447 0.35162237502814775
3.087683413 0.35155901984670135
3.088884379 0.35140124502547565
3.090085345 0.35113428194373053
3.0912863109999997 0.3508305664698802
3.092487277 0.35038090104753217
3.0936882420000003 0.35005055908159644
3.094889208 0.34937538913760835
3.096090174 0.34836237740888154
3.09729114 0.3471219030269198
3.098492106 0.3456231316485724
3.099693072 0.3438526896206282
3.100894038 0.34166600566580063
3.1020950039999997 0.3391178472314741
3.10329597 0.33622997621778594
3.104496936 0.3329872134768805
3.1056979019999997 0.32936792531227277
3.106898868 0.32535245754073694
3.108099834 0.3209387426353748
3.1093008 0.3161170417710044
3.110501766 0.31091525863573666
3.111702731 0.3053508844077458
3.112903697 0.29937557930413433
3.114104663 0.2929906186849337
3.115305629 0.28621052676539505
3.1165065949999997 0.27906011720805773
3.117707561 0.27156165104298996
3.118908527 0.26373442734816904
3.1201094929999997 0.2556688528759812
3.1213104589999996 0.2477472549288366
3.1225114250000003 0.23932354630373337
3.123712391 0.23071060886863337
3.124913357 0.22195437497286674
3.126114323 0.2130980712823639
3.127315289 0.20417999346651555
3.128516255 0.1952488193546449
3.12971722 0.1863500023291502
3.1309181859999997 0.17747608643588839
3.132119152 0.1687024546283259
3.133320118 0.16008259823010715
3.134521084 0.15165103046425948
3.13572205 0.1434351243647039
3.1369230160000003 0.13546229037266078
3.138123982 0.12775779354168823
3.139324948 0.12033667922883007
3.140525914 0.11323076867150353
3.14172688 0.10645215876485292
3.142927846 0.09998749558664483
3.144128812 0.09383786192558434
3.145329778 0.08800461023317802
3.146530744 0.08248753980745344
3.1477317090000003 0.07734700892875945
3.148932675 0.07246190789753149
3.150133641 0.06784518090093641
3.151334607 0.06351324824613536
3.152535573 0.05945462495628172
3.153736539 0.05565856109820877
3.154937505 0.05211199071319345
3.1561384710000002 0.04880047688136177
3.157339437 0.04571264129607682
3.158540403 0.04283430852951288
3.159741369 0.0401553891252585
3.160942335 0.03765742164051833
3.162143301 0.03533304145020956
3.163344267 0.033170745269400344
3.1645452329999997 0.031159328278846488
3.165746198 0.029290418594365725
3.166947164 0.027551715304070364
3.16814813 0.025935480490563486
3.169349096 0.02443084597384148
3.170550062 0.023037570259886564
3.171751028 0.021747456720697864
3.172951994 0.020569045413124577
3.17415296 0.01944992442285329
3.1753539259999997 0.018404137725881196
3.176554892 0.01743022028106213
3.177755858 0.016521152510606114
3.1789568239999997 0.015672836177954726
3.18015779 0.014879226949893307
3.1813587560000003 0.014133260932514604
3.182559721 0.01343616624435547
3.183760687 0.012782571172406165
3.184961653 0.012171418260281805
3.186162619 0.011597542759402429
3.187363585 0.011059390466129772
3.188564551 0.01055410242600769
3.1897655169999997 0.010078864971205066
3.190966483 0.009633124006128271
3.192167449 0.009212755598702441
3.193368415 0.008817879725008748
3.194569381 0.008445049061710848
3.1957703470000003 0.00809352097764592
3.196971313 0.007761511180493779
3.198172279 0.007455618423331159
3.1993732450000003 0.007157931530744692
3.20057421 0.006873406139120623
3.201775176 0.006603203612700111
3.202976142 0.0063456899688508345
3.2041771079999997 0.006100282484790739
3.2053780740000004 0.005866667465119005
3.2065790400000003 0.005642748763272126
3.207780006 0.005429818184593949
3.208980972 0.005225592804267806
3.2101819380000003 0.005030986192711353
3.211382904 0.004844043063408418
3.21258387 0.004660983535488646
3.213784836 0.004487054258747075
3.214985802 0.004320912748340589
3.216186768 0.004161637679287772
3.217387734 0.004007035316165292
3.218588699 0.0038574479707212048
3.219789665 0.003713192002941925
3.2209906310000003 0.003574076506577697
3.222191597 0.0034446712628354546
3.223392563 0.003314034278422795
3.2245935290000003 0.003187816115260208
3.225794495 0.0030652985852162307
3.226995461 0.0029463142017399913
3.228196427 0.0028314053168392327
3.229397393 0.0027187162889969656
3.230598359 0.002609473289878753
3.231799325 0.002502094251481726
3.2330002909999997 0.002397835697621341
3.234201257 0.0022969106886247875
3.235402223 0.0021981729110670273
3.236603188 0.002103270303100093
3.237804154 0.002010671507876363
3.23900512 0.001921238269806059
3.240206086 0.0018342697780353403
3.241407052 0.0017496033732686453
3.242608018 0.0016684661497213245
3.2438089839999997 0.0015891130825571756
3.24500995 0.0015151741801217866
3.246210916 0.00144202662990794
3.2474118819999997 0.0013715269110943977
3.248612848 0.0013041267586771086
3.249813814 0.0012384744703534242
3.2510147799999998 0.0011762566007569402
3.252215746 0.0011159147332638142
3.2534167120000004 0.0010582815202311129
3.254617677 0.0010032631696201642
3.255818643 0.0009497309120922974
3.257019609 0.0008992612536834039
3.2582205749999997 0.0008505089359732064
3.259421541 0.000804159814634749
3.260622507 0.0007599408730610663
3.2618234729999998 0.0007175376892750103
3.2630244389999996 0.0006779189031128031
3.2642254050000004 0.0006392059197534697
3.265426371 0.0006024482199520092
3.266627337 0.000567428740800941
3.267828303 0.0005343110188800267
3.2690292690000002 0.0005032190488037924
3.270230235 0.00047314077299062885
3.271431201 0.0004449070099206468
3.2726321659999997 0.00041796190571664936
3.273833132 0.00039232837662026
3.275034098 0.00036893149286697073
3.2762350639999998 0.00034629613864028204
3.27743603 0.00032575191424823917
3.2786369960000004 0.0003063995192142306
3.279837962 0.0002876301665295577
3.281038928 0.00027063830443762996
3.282239894 0.00025414694407207173
3.2834408600000002 0.00023907124913774693
3.284641826 0.00022458834280986948
3.285842792 0.00021102438309089584
3.287043758 0.00019903598832255885
3.288244724 0.00018715073065981864
3.2894456890000003 0.0001767345113732798
3.290646655 0.00016677626062423692
3.291847621 0.00015737947662416676
3.2930485870000004 0.00014911922342397368
3.294249553 0.00014085892293547243
3.295450519 0.00013347452174146667
3.296651485 0.00012615785451945563
3.2978524510000002 0.0001192072404780982
3.299053417 0.00011310663403185872
3.300254383 0.00010678814802530894
3.301455349 0.00010107786441470104
3.302656315 9.562191047813117e-05
3.303857281 9.047793326270744e-05
3.305058247 8.621579683807789e-05
3.3062592129999997 8.183396067833742e-05
3.307460178 7.804744991781362e-05
3.308661144 7.447684321418868e-05
3.30986211 7.108887669708492e-05
3.311063076 6.835288571472463e-05
3.312264042 6.555746071652034e-05
3.313465008 6.321039595433886e-05
3.314665974 6.100215916469926e-05
3.31586694 5.8796281799729884e-05
3.317067906 5.7338614075467924e-05
3.318268872 5.556459407666472e-05
3.319469838 5.394911774659256e-05
3.3206708039999997 5.235574131633969e-05
3.32187177 5.0810264497389834e-05
3.323072736 5.003687673939486e-05
3.324273702 4.888691333544558e-05
3.325474667 4.749080947848996e-05
3.326675633 4.6267115129962085e-05
3.327876599 4.520976620369909e-05
3.329077565 4.460536641321386e-05
3.330278531 4.3906242738435576e-05
3.3314794969999997 4.269634293927463e-05
3.332680463 4.155652876409709e-05
3.333881429 4.013545155076421e-05
3.3350823949999997 3.905438553954732e-05
3.336283361 3.7633215347134124e-05
3.3374843270000003 3.6133442669764235e-05
3.338685293 3.4889867377564356e-05
3.339886259 3.3634769545028636e-05
3.3410872250000003 3.292997106471299e-05
3.342288191 3.220958651041937e-05
3.343489156 3.1183480565230076e-05
3.344690122 3.047549800671348e-05
3.3458910879999997 2.9788269660414868e-05
3.347092054 2.9041618660354603e-05
3.3482930200000003 2.828221780280647e-05
3.349493986 2.73608441101402e-05
3.350694952 2.6638408228469493e-05
3.3518959180000003 2.5890706892910206e-05
3.353096884 2.530356469058282e-05
3.35429785 2.485238449961627e-05
3.355498816 2.4243734676954294e-05
3.356699782 2.3711912612850606e-05
3.357900748 2.316159171102202e-05
3.359101714 2.2494247962094995e-05
3.3603026799999998 2.20173372184174e-05
3.361503645 2.165152571924218e-05
3.3627046110000003 2.142170561405833e-05
3.363905577 2.1313701975437292e-05
3.365106543 2.1154022286828884e-05
3.3663075090000003 2.1213047664796994e-05
3.367508475 2.1469905507665758e-05
3.368709441 2.1694920195362606e-05
3.369910407 2.1862563765152514e-05
3.371111373 2.1880643266898147e-05
3.372312339 2.1912761131440822e-05
3.373513305 2.203813350952752e-05
3.3747142709999998 2.221249181204852e-05
3.375915237 2.2446138664116317e-05
3.377116203 2.2640680560624945e-05
3.378317169 2.2845753904770937e-05
3.379518134 2.3417072884696765e-05
3.3807191 2.403941662264899e-05
3.381920066 2.453648829449596e-05
3.383121032 2.4880147435425185e-05
3.384321998 2.4952786775049835e-05
3.3855229639999997 2.5099250301093313e-05
3.38672393 2.5301521135029787e-05
3.387924896 2.555790519328299e-05
3.3891258619999998 2.5725180280907802e-05
3.390326828 2.5589789098170265e-05
3.391527794 2.5465321813134484e-05
3.39272876 2.5881751815050907e-05
3.3939297259999996 2.6448164751949704e-05
3.3951306920000004 2.7002144845986825e-05
3.3963316580000003 2.753925297677252e-05
3.397532623 2.8244909680892614e-05
3.398733589 2.9090804113190406e-05
3.3999345549999997 3.015178525133532e-05
3.401135521 3.12807186568914e-05
3.402336487 3.200620315905897e-05
3.4035374529999998 3.260212244604993e-05
3.4047384189999996 3.3210691936302995e-05
3.405939385 3.374193335509638e-05
3.407140351 3.408375455276054e-05
3.408341317 3.461879430450207e-05
3.4095422830000004 3.5468279213440054e-05
3.4107432490000003 3.628333099181454e-05
3.411944215 3.7528850755230096e-05
3.413145181 3.9064696646156984e-05
3.4143461459999997 4.024894627980714e-05
3.415547112 4.116099992352406e-05
3.416748078 4.209530313689824e-05
3.4179490439999998 4.281546310800897e-05
3.4191500099999996 4.363111912321455e-05
3.4203509760000004 4.439859566863772e-05
3.4215519420000002 4.4687080900788524e-05
3.422752908 4.488492535465049e-05
3.423953874 4.54345101487871e-05
3.4251548400000003 4.65566749041592e-05
3.426355806 4.743208366135101e-05
3.427556772 4.7629891192734234e-05
3.428757738 4.7556035389421154e-05
3.429958704 4.74409079914109e-05
3.43115967 4.7891042581249906e-05
3.432360635 4.874232689311864e-05
3.433561601 4.897297195727477e-05
3.4347625670000004 4.884785207158919e-05
3.4359635330000002 4.913156005854288e-05
3.437164499 4.946386884436461e-05
3.438365465 4.990975416827763e-05
3.4395664310000003 5.043799262162834e-05
3.440767397 5.0299194498686634e-05
3.441968363 5.023456670112661e-05
3.443169329 5.056327137526167e-05
3.444370295 5.1091588820695e-05
3.445571261 5.145814457842394e-05
3.446772227 5.1602417854898135e-05
3.4479731929999997 5.212723067480265e-05
3.449174159 5.281103588317043e-05
3.4503751240000002 5.297636651042147e-05
3.45157609 5.320423893373472e-05
3.452777056 5.281007839753782e-05
3.453978022 5.197897021625846e-05
3.455178988 5.1734664897546393e-05
3.456379954 5.141695417589829e-05
3.45758092 5.065721216449485e-05
3.458781886 5.011609087146656e-05
3.459982852 4.957542035144725e-05
3.461183818 4.918110528449465e-05
3.4623847839999997 4.950262010690099e-05
3.46358575 4.967289057664017e-05
3.464786716 5.0126105165763814e-05
3.4659876819999997 5.085697518963084e-05
3.467188648 5.116157989074549e-05
3.468389613 5.144057490579075e-05
3.469590579 5.151211085759099e-05
3.470791545 5.127609581708458e-05
3.471992511 5.111197860702979e-05
3.4731934769999997 5.074428054245664e-05
3.474394443 4.997216608621971e-05
3.475595409 4.903938308850882e-05
3.4767963749999997 4.7863152541315787e-05
3.4779973409999996 4.693616403244572e-05
3.4791983070000003 4.6297373225407225e-05
3.480399273 4.5446505619209e-05
3.481600239 4.497129086857212e-05
3.4828012050000003 4.4510777703603196e-05
3.484002171 4.410083052781841e-05
3.485203137 4.435835202898967e-05
3.486404102 4.41102176749788e-05
3.4876050679999997 4.3478164728620345e-05
3.488806034 4.31567509252353e-05
3.490007 4.227038847386311e-05
3.491207966 4.163618437161241e-05
3.492408932 4.158600745711154e-05
3.4936098980000003 4.081781172061581e-05
3.494810864 4.037007573202061e-05
3.49601183 4.074123489654375e-05
3.497212796 4.082725436182244e-05
3.498413762 4.137639139946177e-05
3.499614728 4.1896687789081764e-05
3.500815694 4.121346892538179e-05
3.50201666 4.0839532489382726e-05
3.503217626 4.070518889954784e-05
3.5044185910000003 3.994381469518766e-05
3.505619557 3.9782486748066284e-05
3.506820523 3.9581106785252955e-05
3.5080214890000003 3.9317072823014366e-05
3.509222455 4.032928972800999e-05
3.510423421 4.125467923755466e-05
3.511624387 4.159603565721743e-05
3.512825353 4.209363659293486e-05
3.514026319 4.189576852024231e-05
3.515227285 4.155264959987743e-05
3.516428251 4.1600048595114676e-05
3.517629217 4.063343557973848e-05
3.518830183 3.912496263822617e-05
3.520031149 3.828145918649192e-05
3.521232114 3.734937421476792e-05
3.52243308 3.697126748881794e-05
3.523634046 3.697065829475242e-05
3.524835012 3.6656325824023424e-05
3.526035978 3.68953933734711e-05
3.527236944 3.7191726276102515e-05
3.52843791 3.702067432702221e-05
3.529638876 3.718734850503262e-05
3.530839842 3.705858143706126e-05
3.532040808 3.631300438135391e-05
3.533241774 3.616960514940591e-05
3.53444274 3.570446893824734e-05
3.5356437059999997 3.482823023991284e-05
3.536844672 3.4600617221418656e-05
3.5380456380000003 3.4324412624869174e-05
3.539246603 3.4457946379982626e-05
3.540447569 3.563642853058983e-05
3.5416485349999998 3.623339368228816e-05
3.542849501 3.666519524830894e-05
3.544050467 3.767811239867071e-05
3.545251433 3.815433332425113e-05
3.5464523989999996 3.891945094855638e-05
3.547653365 4.009744320403397e-05
3.548854331 3.9902774225179144e-05
3.5500552969999997 3.946661310464829e-05
3.5512562630000004 3.952909813582783e-05
3.5524572290000003 3.882528751640865e-05
3.553658195 3.831507966511958e-05
3.554859161 3.81619978201951e-05
3.5560601270000003 3.743626714456989e-05
3.557261092 3.759486792891517e-05
3.558462058 3.793487165232144e-05
3.559663024 3.725410918974035e-05
3.5608639899999996 3.737290987007378e-05
3.562064956 3.79085254939552e-05
3.5632659220000003 3.8089674556189844e-05
3.564466888 3.895323682885852e-05
3.565667854 3.9193267784905275e-05
3.5668688200000003 3.8336120600196686e-05
3.568069786 3.836298308688491e-05
3.569270752 3.857206888458161e-05
3.570471718 3.834779945230297e-05
3.571672684 3.883780393545758e-05
3.57287365 3.873361656819358e-05
3.574074616 3.812991884241442e-05
3.575275581 3.851965478033414e-05
3.5764765470000004 3.856353135880806e-05
3.5776775130000003 3.8252339673045956e-05
3.578878479 3.859051819961399e-05
3.580079445 3.8252011800408346e-05
3.5812804110000003 3.755503535633125e-05
3.582481377 3.752919196505449e-05
3.583682343 3.6737439960103455e-05
3.584883309 3.568506306249787e-05
3.586084275 3.5509139050580425e-05
3.587285241 3.505588433393441e-05
3.588486207 3.454417209288431e-05
3.5896871729999997 3.5011752408959085e-05
3.590888139 3.4953931185644905e-05
3.592089105 3.460801773288785e-05
3.59329007 3.526520896570564e-05
3.594491036 3.54834005589523e-05
3.595692002 3.5478779214972306e-05
3.596892968 3.6369782155074476e-05
3.598093934 3.6464360260658255e-05
3.5992949 3.613143441418652e-05
3.600495866 3.698028474293089e-05
3.601696832 3.7399550381297516e-05
3.602897798 3.755118481808923e-05
3.6040987639999997 3.8352051704107794e-05
3.60529973 3.838172931855046e-05
3.606500696 3.814017791793302e-05
3.6077016619999998 3.8950482483370054e-05
3.6089026279999996 3.908785644344129e-05
3.6101035940000004 3.842253539801599e-05
3.611304559 3.839183767934622e-05
3.612505525 3.802601507917443e-05
3.613706491 3.783730526094068e-05
3.6149074569999997 3.880916111416383e-05
3.616108423 3.922313577402573e-05
3.617309389 3.927869107799313e-05
3.6185103549999997 4.0318430424574484e-05
3.619711321 4.109549679314109e-05
3.620912287 4.1661617824322036e-05
3.622113253 4.291975414064448e-05
3.623314219 4.3294216528330635e-05
3.6245151850000004 4.3181453881388764e-05
3.625716151 4.4171148167791934e-05
3.626917117 4.463713464403198e-05
3.628118082 4.479326489645068e-05
3.6293190479999997 4.593077740055081e-05
3.630520014 4.669825248588071e-05
3.63172098 4.679198533872098e-05
3.6329219459999997 4.7616017985366254e-05
3.6341229119999996 4.800886309285827e-05
3.6353238780000003 4.748211626687257e-05
3.636524844 4.8009399846484936e-05
3.63772581 4.8436773504435e-05
3.638926776 4.813075284686439e-05
3.640127742 4.889134906861773e-05
3.641328708 4.98319632230525e-05
3.642529674 5.019270127575139e-05
3.6437306400000002 5.1584246143337225e-05
3.644931606 5.295144402377353e-05
3.646132571 5.347634982306308e-05
3.647333537 5.495029850868772e-05
3.648534503 5.645814525269835e-05
3.6497354690000003 5.690090048913171e-05
3.650936435 5.765526319371993e-05
3.652137401 5.873417813062685e-05
3.653338367 5.8881807478558404e-05
3.6545393330000002 5.943099631571114e-05
3.655740299 6.058040176365942e-05
3.656941265 6.03705287505214e-05
3.658142231 6.021557153381904e-05
3.659343197 6.080009989599869e-05
3.660544163 6.055288506791598e-05
3.661745129 6.066106120740815e-05
3.6629460949999997 6.156065949579677e-05
3.66414706 6.122287170630002e-05
3.665348026 6.0510083285840764e-05
3.666548992 6.0320292180728144e-05
3.667749958 5.961713987177167e-05
3.6689509240000002 5.8679424036077706e-05
3.67015189 5.856733051192289e-05
3.671352856 5.795618844972224e-05
3.672553822 5.684393548503061e-05
3.673754788 5.7132796399466896e-05
3.674955754 5.7255993315214986e-05
3.67615672 5.6580700593915974e-05
3.6773576859999997 5.6761149522007407e-05
3.678558652 5.6725670374816635e-05
3.679759618 5.612247731639794e-05
3.680960584 5.6126156606917936e-05
3.682161549 5.57893447405458e-05
3.683362515 5.461051234577943e-05
3.684563481 5.396988629525505e-05
3.685764447 5.384477987114108e-05
3.686965413 5.2693324751342935e-05
3.6881663789999997 5.1609561818765636e-05
3.689367345 5.110951579960598e-05
3.690568311 4.98322575564085e-05
3.6917692769999997 4.9248038864881535e-05
3.6929702430000004 4.95612438470135e-05
3.6941712090000003 4.898458684422149e-05
3.695372175 4.8579182047892024e-05
3.696573141 4.9105128322967566e-05
3.6977741070000003 4.9374946108333305e-05
3.698975073 4.934709899667373e-05
3.700176038 5.006496749183075e-05
3.701377004 5.034793430344498e-05
3.7025779699999997 4.967069985877042e-05
3.703778936 4.9970002152820536e-05
3.704979902 4.975427860798897e-05
3.706180868 4.842734349927575e-05
3.707381834 4.8215802678493176e-05
3.7085828000000003 4.819406368384206e-05
3.709783766 4.7272782531406946e-05
3.710984732 4.641926725300845e-05
3.712185698 4.597939095976503e-05
3.713386664 4.4959149552467606e-05
3.71458763 4.439229887779697e-05
3.715788596 4.516364777008172e-05
3.716989562 4.468158132432293e-05
3.7181905270000004 4.395314091919671e-05
3.7193914930000003 4.431877780180111e-05
3.720592459 4.398405262114676e-05
3.721793425 4.3184512215853396e-05
3.7229943910000003 4.2943894846506395e-05
3.724195357 4.280878499385006e-05
3.725396323 4.194022300531471e-05
3.726597289 4.174500667080688e-05
3.727798255 4.177515469534414e-05
3.728999221 4.0505263514322646e-05
3.730200187 4.0182331673892414e-05
3.7314011529999997 4.044480175897557e-05
3.732602119 3.986331954932784e-05
3.733803085 3.919817319601014e-05
3.7350040509999998 3.899981396491271e-05
3.736205016 3.8500306440393474e-05
3.7374059820000003 3.7696974284991734e-05
3.738606948 3.8287592588134766e-05
3.739807914 3.867064588866687e-05
3.74100888 3.8331833277007964e-05
3.742209846 3.87381862497439e-05
3.743410812 3.8879810924027504e-05
3.744611778 3.864478657978712e-05
3.7458127439999997 3.9014938234231514e-05
3.74701371 3.9770199598834945e-05
3.748214676 3.92406706147475e-05
3.7494156419999998 3.826305820411082e-05
3.7506166079999996 3.827925745034506e-05
3.751817574 3.75170354763301e-05
3.753018539 3.7001197583945394e-05
3.754219505 3.705949847468869e-05
3.755420471 3.644211963692617e-05
3.7566214369999997 3.5302460823129434e-05
3.757822403 3.5000973136280715e-05
3.759023369 3.52290487461773e-05
3.7602243349999998 3.450131949526278e-05
3.761425301 3.45426792727224e-05
3.762626267 3.47760777264403e-05
3.7638272329999998 3.3851493023614256e-05
3.765028199 3.313130715769311e-05
3.7662291650000004 3.306740224092663e-05
3.7674301310000002 3.293569008953183e-05
3.768631097 3.258032257391193e-05
3.769832063 3.323844680591255e-05
3.7710330279999997 3.340599149645834e-05
3.772233994 3.273335262321804e-05
3.77343496 3.324235507736229e-05
3.7746359259999998 3.409085910781804e-05
3.7758368919999996 3.438587429281428e-05
3.7770378580000004 3.4529353502547555e-05
3.778238824 3.494840448613693e-05
3.77943979 3.44488247899552e-05
3.780640756 3.402449960954748e-05
3.7818417220000002 3.462544135921102e-05
3.783042688 3.436366678487282e-05
3.784243654 3.350434397949762e-05
3.7854446200000003 3.295214763319463e-05
3.786645586 3.247101740473599e-05
3.787846552 3.12845635045025e-05
3.7890475169999998 3.0932726150657936e-05
3.790248483 3.136549334081328e-05
3.7914494490000004 3.086510373138788e-05
3.792650415 3.07603272118866e-05
3.793851381 3.1219130882545904e-05
3.795052347 3.142103125782451e-05
3.7962533130000002 3.119412159518248e-05
3.797454279 3.210433944733992e-05
3.798655245 3.289387443150576e-05
3.799856211 3.2318949044674714e-05
3.801057177 3.242000014831511e-05
3.802258143 3.2942239152444834e-05
3.803459109 3.3260674550976366e-05
3.8046600749999997 3.349280829642756e-05
3.805861041 3.427148745463567e-05
3.807062006 3.366311654397269e-05
3.808262972 3.214043270066757e-05
3.809463938 3.179192988325898e-05
3.8106649040000002 3.172724022522623e-05
3.81186587 3.1336707105655434e-05
3.813066836 3.1159819350081026e-05
3.814267802 3.176410394939929e-05
3.815468768 3.13248734246542e-05
3.816669734 3.118214674465736e-05
3.8178707 3.2045544735732646e-05
3.8190716659999997 3.238357304300094e-05
3.820272632 3.1953017587311345e-05
3.821473598 3.164792897876407e-05
3.8226745639999997 3.1763599307152035e-05
3.8238755299999996 3.083630879866934e-05
3.825076495 3.0996607781500434e-05
3.826277461 3.191598454501229e-05
3.827478427 3.221430634704661e-05
3.828679393 3.210968232111817e-05
3.829880359 3.253223673730513e-05
3.831081325 3.306674783546464e-05
3.832282291 3.2548890182671595e-05
3.8334832569999997 3.290178448979539e-05
3.834684223 3.3371627796532367e-05
3.835885189 3.3277379541547584e-05
3.837086155 3.310939649912793e-05
3.838287121 3.375806663503538e-05
3.8394880870000003 3.3826373819661774e-05
3.840689053 3.300378706605085e-05
3.841890019 3.279385949485876e-05
3.843090984 3.2339383486812526e-05
3.8442919499999997 3.130690822562931e-05
3.845492916 3.0393761108199833e-05
3.846693882 3.0413323950427178e-05
3.8478948479999997 2.9543134588505747e-05
3.849095814 2.8799091610052355e-05
3.8502967800000003 2.8801273307328935e-05
3.851497746 2.8938151923731394e-05
3.852698712 2.8667281450758036e-05
3.8538996780000003 2.8744037832973606e-05
3.855100644 2.938328019798322e-05
3.85630161 2.909298092050706e-05
3.857502576 2.9289935709961866e-05
3.858703542 3.0048029438312642e-05
3.859904507 3.082820781553802e-05
3.8611054730000003 3.074909913052352e-05
3.862306439 3.113214489754784e-05
3.863507405 3.161294437058684e-05
3.8647083710000003 3.1245167454619544e-05
3.865909337 3.085626493123255e-05
3.867110303 3.078132389670574e-05
3.868311269 3.060122158760924e-05
3.869512235 2.9859341817490938e-05
3.870713201 2.9818277974093147e-05
3.871914167 2.9603601713085015e-05
3.8731151329999998 2.8848775259564023e-05
3.874316099 2.8139066959242753e-05
3.875517065 2.8358296319128714e-05
3.876718031 2.8414737850705345e-05
3.877918996 2.8037639267675582e-05
3.8791199620000003 2.808825677040547e-05
3.880320928 2.814094847176348e-05
3.881521894 2.777658910493928e-05
3.88272286 2.74333404844062e-05
3.883923826 2.780739004767081e-05
3.885124792 2.7563535272436733e-05
3.886325758 2.69804777170157e-05
3.8875267239999998 2.6656705535175927e-05
3.88872769 2.658635996919699e-05
3.889928656 2.5901421757710016e-05
3.891129622 2.548572511731295e-05
3.8923305879999996 2.5442858786454837e-05
3.893531554 2.4797221917142607e-05
3.89473252 2.3743323570906888e-05
3.895933485 2.3054965245636983e-05
3.897134451 2.257305280319687e-05
3.8983354169999997 2.142905591297939e-05
3.899536383 2.0555207170177757e-05
3.900737349 2.0075748431731507e-05
3.9019383149999998 1.980828923984421e-05
3.903139281 1.9274329394835137e-05
3.904340247 1.9409257262698913e-05
3.905541213 1.9712972448951507e-05
3.9067421789999996 1.9593557509935604e-05
3.9079431450000004 1.962585344426489e-05
3.9091441110000003 2.018675833080691e-05
3.910345077 2.0523535174062425e-05
3.911546043 2.030771454771891e-05
3.9127470090000003 2.051631269696865e-05
3.913947974 2.0811297207577106e-05
3.91514894 2.045013940357263e-05
3.9163499059999998 2.0005308335602644e-05
3.9175508719999996 2.0140665422277274e-05
3.918751838 2.0002294355166902e-05
3.9199528040000002 1.9456863716921465e-05
3.92115377 1.8965173251845767e-05
3.922354736 1.8778851791399806e-05
3.9235557020000003 1.805645988581436e-05
3.924756668 1.7538211906692003e-05
3.925957634 1.7351016932695006e-05
3.9271586000000003 1.716103295670305e-05
3.928359566 1.6288910052113936e-05
3.929560532 1.5782851681700292e-05
3.930761498 1.5730183531791768e-05
3.9319624629999996 1.5455376843353377e-05
3.9331634290000004 1.5219801681160924e-05
3.9343643950000002 1.5524047067633014e-05
3.935565361 1.622711101807841e-05
3.936766327 1.6453786634967146e-05
3.9379672930000003 1.7181494572332256e-05
3.939168259 1.805274864058073e-05
3.940369225 1.8613298910530096e-05
3.941570191 1.8624041202159645e-05
3.942771157 1.8693985128361877e-05
3.943972123 1.869870040661424e-05
3.945173089 1.8066145047218037e-05
3.946374055 1.714348961406875e-05
3.947575021 1.6725744818712687e-05
3.948775987 1.610181553868407e-05
3.949976952 1.5355119364653295e-05
3.951177918 1.4951925143797602e-05
3.9523788840000003 1.508405763582526e-05
3.95357985 1.4988655082208994e-05
3.954780816 1.4808661865183307e-05
3.955981782 1.502361822020412e-05
3.957182748 1.515226321646015e-05
3.958383714 1.5051826411747437e-05
3.95958468 1.5090637576589095e-05
3.9607856459999997 1.5415450005787866e-05
3.961986612 1.5267919172909737e-05
3.963187578 1.4858994837237204e-05
3.9643885439999997 1.4797535600253402e-05
3.9655895099999996 1.4858207898856763e-05
3.9667904760000003 1.4566974653007293e-05
3.967991441 1.4443496254910966e-05
3.969192407 1.4871860316354903e-05
3.970393373 1.538327495140782e-05
3.971594339 1.5281484661717296e-05
3.972795305 1.5236475652395646e-05
3.973996271 1.5271184453480898e-05
3.9751972369999997 1.530020896550414e-05
3.976398203 1.514015972886974e-05
3.977599169 1.5195702657684888e-05
3.9788001349999997 1.5141513507357214e-05
3.980001101 1.4781479714036326e-05
3.9812020670000003 1.4593099567644252e-05
3.982403033 1.4677468629217453e-05
3.983603999 1.4564250869759848e-05
3.984804964 1.4095145465532672e-05
3.9860059299999997 1.3686619541841336e-05
3.987206896 1.3723950013998232e-05
3.988407862 1.3475253299381574e-05
3.9896088279999997 1.3005345427925682e-05
3.9908097939999996 1.2834812412780062e-05
3.9920107600000003 1.298840513709343e-05
3.993211726 1.2804277949032556e-05
3.994412692 1.2720122733385385e-05
3.9956136580000003 1.286966947624352e-05
3.996814624 1.285217800810549e-05
3.99801559 1.2242037640639553e-05
3.999216556 1.1920123923154412e-05
4.000417522 1.200428258434212e-05
4.001618488 1.2067214083618707e-05
4.002819453 1.2203630836822178e-05
4.004020419 1.2509307990543339e-05
4.005221385 1.2828524634484893e-05
4.006422351 1.2694991882687507e-05
4.007623317 1.265669711545507e-05
4.008824283 1.2809994316860319e-05
4.010025249 1.2886522781017249e-05
4.011226215 1.2546903445782188e-05
4.012427181 1.237914603178349e-05
4.0136281469999995 1.2643739907183426e-05
4.014829112999999 1.2959818476913088e-05
4.016030079 1.3034223930752235e-05
4.017231045 1.3159912422435384e-05
4.018432011 1.3257031767483814e-05
4.0196329770000006 1.3107926289811818e-05
4.020833942 1.2702284564400763e-05
4.022034908 1.23059203727387e-05
4.023235874 1.1857142080278903e-05
4.02443684 1.0998511250302234e-05
4.025637806 1.0205114207524122e-05
4.026838772 9.801074610913576e-06
4.028039738 9.793374139074288e-06
4.029240704 9.70364264971455e-06
4.03044167 9.594508221524594e-06
4.031642636 9.60666762413949e-06
4.032843602 9.379338413370177e-06
4.034044568 9.287231200628437e-06
4.035245534 9.45305805059292e-06
4.0364465 9.708683713055157e-06
4.037647466 9.621796862524628e-06
4.038848431 9.526668201928346e-06
4.040049397000001 9.92090354099482e-06
4.0412503630000005 1.0544102027405145e-05
4.042451329 1.1013544087220213e-05
4.043652295 1.12301352853239e-05
4.044853261 1.156438595264688e-05
4.046054227 1.1908377899671318e-05
4.047255193 1.1980736219511841e-05
4.048456159 1.1876375812202751e-05
4.049657125 1.1624898482062885e-05
4.050858091 1.1210366681063174e-05
4.052059057 1.078957868716015e-05
4.053260023 1.0683662609146704e-05
4.054460989 1.0715838853179873e-05
4.055661955 1.081222493962543e-05
4.05686292 1.0866207181347057e-05
4.058063886 1.105701916446232e-05
4.059264852 1.132293371618056e-05
4.060465818 1.141464578213109e-05
4.061666784 1.1386257700728343e-05
4.06286775 1.1412701143455566e-05
4.064068716 1.1530838907033866e-05
4.065269682 1.1224319983646194e-05
4.066470648 1.0692280653837452e-05
4.067671614 1.0175996507570019e-05
4.06887258 9.785104152054889e-06
4.070073546 9.366848767414531e-06
4.071274512 9.008444378961448e-06
4.072475477999999 8.80264348101779e-06
4.073676444 8.574091962302304e-06
4.074877409 8.42448968597146e-06
4.076078375 8.527763388093809e-06
4.077279341 8.945248678848342e-06
4.0784803069999995 9.24620781752384e-06
4.079681273 9.339472602570254e-06
4.080882239 9.356055028880219e-06
4.082083205 9.393441473521209e-06
4.083284171 9.226298318433972e-06
4.084485137 8.869885110380143e-06
4.085686103 8.519985064399695e-06
4.086887069 8.311249474122323e-06
4.088088035 8.034409744175057e-06
4.089289001 7.721811547656031e-06
4.090489967 7.43065660420431e-06
4.091690932 7.2703067263072186e-06
4.0928918979999995 7.150364418873383e-06
4.094092864 7.148299742035908e-06
4.09529383 7.219121119804931e-06
4.096494796 7.227110006924897e-06
4.097695762 7.210764062827258e-06
4.098896728 7.536635732129334e-06
4.1000976940000005 8.02784657509998e-06
4.10129866 8.581765738370064e-06
4.102499626 8.607483072887333e-06
4.103700592 8.568689373634747e-06
4.104901558 8.50601599101954e-06
4.106102524 8.713433336798942e-06
4.1073034900000005 8.761990909120164e-06
4.1085044559999995 8.70011630685741e-06
4.109705420999999 8.535786065929904e-06
4.110906387 8.21049008118862e-06
4.112107353000001 7.945605541553518e-06
4.113308319 7.780888702170482e-06
4.1145092850000005 7.577398585423411e-06
4.115710251 7.087227795121826e-06
4.116911217 6.7520433152400165e-06
4.118112183 6.615666528039171e-06
4.119313149 6.737836371032386e-06
4.120514115 6.874245445284644e-06
4.1217150810000005 7.306355602142494e-06
4.1229160469999995 7.855543469608807e-06
4.124117013 8.58858279986502e-06
4.125317979 9.183027287789748e-06
4.126518945 9.609118736566954e-06
4.12771991 9.83855330730388e-06
4.1289208760000005 9.992138638038895e-06
4.130121841999999 9.833329377351549e-06
4.131322808 9.525832598109971e-06
4.132523774 9.116056432875409e-06
4.13372474 8.828867119135043e-06
4.134925706 8.539247295816961e-06
4.1361266720000005 8.242657333767184e-06
4.1373276379999995 7.883150298329391e-06
4.138528604 7.625242265404138e-06
4.13972957 7.443236825052547e-06
4.140930536 7.387284377983068e-06
4.142131502 7.456049202186263e-06
4.143332468 7.432003535295849e-06
4.1445334339999995 7.4206448406172886e-06
4.145734399 7.367235718890514e-06
4.146935365 7.4994528326660296e-06
4.148136331 7.536837668580407e-06
4.149337297 7.715697055757055e-06
4.1505382630000005 7.704825228399937e-06
4.1517392289999995 7.672440714194218e-06
4.152940195 7.580901602060348e-06
4.154141160999999 7.60231698156925e-06
4.155342127 7.512481355482246e-06
4.156543093 7.332756992466242e-06
4.157744059 7.024363574419823e-06
4.158945025 6.828717236476167e-06
4.160145991 6.591743210763627e-06
4.161346957 6.34529819306242e-06
4.162547923 6.0654145547747e-06
4.163748888 5.707226766290593e-06
4.1649498540000005 5.458841384532045e-06
4.1661508199999995 5.250147897168349e-06
4.167351786 5.158758543111966e-06
4.168552751999999 4.90667957993652e-06
4.169753718 4.8601220184742905e-06
4.170954684000001 4.806872613368257e-06
4.17215565 4.865636987074102e-06
4.173356616 4.849096387582571e-06
4.174557582 4.781046859226791e-06
4.175758548 4.734143509276244e-06
4.176959514 4.7550962062097605e-06
4.17816048 4.902232112227672e-06
4.179361446 4.9797396392514395e-06
4.1805624120000004 4.982483623642216e-06
4.181763377 4.9872096258758905e-06
4.182964343 5.183312340926963e-06
4.184165309 5.540698729316563e-06
4.185366275000001 5.9436975316284815e-06
4.186567241 6.264415144072446e-06
4.187768207 6.635487686519442e-06
4.188969173 6.888606669713578e-06
4.190170139 7.161504344063107e-06
4.191371105 7.256795137155765e-06
4.192572071 7.298237253490663e-06
4.193773037 7.019316303714386e-06
4.1949740030000005 6.6448139563118095e-06
4.196174968999999 6.203911938759754e-06
4.197375935 5.758657373283192e-06
4.198576901 5.596345772054573e-06
4.199777866000001 5.522747701195532e-06
4.200978832 5.575937040248353e-06
4.202179798 5.5961492146611606e-06
4.203380764 5.899601106978682e-06
4.20458173 6.0292008323865006e-06
4.205782696 6.13904997302031e-06
4.206983662 6.058172024008819e-06
4.208184628 5.929389808114591e-06
4.2093855940000005 5.601550913810148e-06
4.210586559999999 5.313969114830377e-06
4.211787526 5.47063269749785e-06
4.212988492 5.784440723680141e-06
4.214189458 5.992354156062078e-06
4.215390424 6.192400979435947e-06
4.216591389 6.697067113982761e-06
4.217792354999999 7.193009307980018e-06
4.218993321 7.770105072474242e-06
4.220194287 8.002710371854184e-06
4.221395253 7.804690762431108e-06
4.222596219 7.420003845693965e-06
4.2237971850000005 7.21400880178668e-06
4.224998150999999 6.9040304796755245e-06
4.226199117 6.448838788607086e-06
4.227400083 6.255297021720175e-06
4.228601049 6.097084248549926e-06
4.229802015000001 6.160955386997317e-06
4.231002981 6.243630690478438e-06
4.232203947 6.632512407811337e-06
4.233404913 6.818131756556534e-06
4.234605878 6.88171125368734e-06
4.235806844 6.6815798876337535e-06
4.23700781 6.424411245704901e-06
4.2382087760000005 6.275938457784453e-06
4.239409741999999 6.038392236255771e-06
4.240610708 5.936052381582187e-06
4.241811673999999 5.941696150998997e-06
4.24301264 6.181066293533801e-06
4.244213606000001 6.333919307006037e-06
4.245414572 6.548721120165472e-06
4.246615538 6.557560092919838e-06
4.247816504 6.484909915665143e-06
4.24901747 6.06932036019017e-06
4.250218436 5.3982162240410665e-06
4.251419402000001 4.5923422635834386e-06
4.2526203670000005 4.110439349020341e-06
4.253821332999999 3.9631668505035885e-06
4.255022299 3.7959931712533286e-06
4.256223265 3.856260297973219e-06
4.257424231 4.020085377398842e-06
4.258625197000001 4.393195404022541e-06
4.259826163 4.5262948777708425e-06
4.261027129 4.646723144589275e-06
4.262228095 4.843938873674683e-06
4.263429061 5.0083781998907115e-06
4.264630027 5.203708926594759e-06
4.265830993 5.322915165803721e-06
4.267031959 5.751020541357219e-06
4.268232925 6.136963757174974e-06
4.269433890999999 6.465551452808059e-06
4.270634856 6.431054087650955e-06
4.271835822 6.261590908430403e-06
4.273036788000001 6.04335289657421e-06
4.274237754 5.67951545894083e-06
4.27543872 5.228456513114065e-06
4.276639686 4.643247620305582e-06
4.277840652 4.5869651968320555e-06
4.279041618 4.553960121061487e-06
4.280242584 4.732514433102496e-06
4.28144355 5.07380737850725e-06
4.282644516 5.711113490910275e-06
4.283845481999999 6.152601255131783e-06
4.285046448 6.426528671757349e-06
4.286247414 6.693557357401913e-06
4.28744838 6.861419920382732e-06
4.288649345 7.2199419767963625e-06
4.289850311 7.311914009274023e-06
4.291051276999999 7.050357898488286e-06
4.292252243 6.614403979987168e-06
4.293453209 6.564197444419712e-06
4.294654175 6.425937661784241e-06
4.295855141 6.111087528927974e-06
4.297056107 5.986678582744374e-06
4.298257072999999 5.790127728026947e-06
4.299458039 5.612612466856218e-06
4.300659005000001 5.2659088467508e-06
4.301859971 5.099796131047906e-06
4.303060937000001 5.128546427200363e-06
4.304261903 5.433501597861176e-06
4.305462869 5.339069782864741e-06
4.306663834 4.831572021684252e-06
4.3078648 4.853710942689573e-06
4.309065766 4.939737032978776e-06
4.310266732 5.304132752921466e-06
4.311467698 5.44462024092616e-06
4.312668663999999 5.462361519917087e-06
4.31386963 5.298803019214627e-06
4.315070596 5.3583147986906e-06
4.316271562 5.321611300239051e-06
4.317472528000001 4.9001254497627364e-06
4.318673494 4.977648019658213e-06
4.31987446 4.830718395137078e-06
4.321075426 4.661926393067733e-06
4.322276392 4.545028009654373e-06
4.323477357 4.7102939288392254e-06
4.324678323 4.982206910503325e-06
4.325879289 5.028621241252434e-06
4.327080255 5.132530951670161e-06
4.328281221 5.224920814776352e-06
4.329482187 5.692346117879825e-06
4.330683153 5.61617757433309e-06
4.331884119000001 5.353321380109269e-06
4.333085085 5.154850517245026e-06
4.334286051 5.222444401736291e-06
4.335487017 5.536064432598245e-06
4.336687983 5.510884731844355e-06
4.337888949 5.384356775496778e-06
4.339089915 5.280076592965781e-06
4.340290881 5.717527023662625e-06
4.341491846 5.8898407170040625e-06
4.342692812 5.801565500404144e-06
4.343893778 5.9830399106405e-06
4.345094744 6.312979182638709e-06
4.346295710000001 6.7964636321133155e-06
4.347496676 6.966304154713117e-06
4.348697642 7.176650237454455e-06
4.349898608 7.510534492027673e-06
4.351099574 7.87694989832495e-06
4.35230054 8.0240050559202e-06
4.353501506 7.763830463753087e-06
4.354702472 7.814484210335288e-06
4.355903438 7.92227122654355e-06
4.357104403999999 7.985448521469637e-06
4.35830537 7.92928821779336e-06
4.359506335 7.956652471762413e-06
4.360707301000001 8.426573798011428e-06
4.361908267 8.717910285770374e-06
4.363109233 8.757812082740385e-06
4.364310198999999 8.389775129216982e-06
4.365511165 8.315258662638986e-06
4.366712131 8.419138603404853e-06
4.367913097 8.197885422193958e-06
4.369114063 7.671535820560159e-06
4.370315029 6.881524534239929e-06
4.371515994999999 6.67187105881279e-06
4.372716961 6.218742839854611e-06
4.373917927000001 5.793339606798608e-06
4.375118893 5.461315609157932e-06
4.3763198590000005 5.491257515971586e-06
4.377520824 5.993958516733905e-06
4.378721789999999 6.244743281045027e-06
4.379922756 6.544518019665612e-06
4.381123722 6.8367031692626735e-06
4.382324688 7.438111156910088e-06
4.383525654 7.4856699781258415e-06
4.38472662 7.134245439614436e-06
4.385927586 6.667353560532975e-06
4.387128552 6.134355545186616e-06
4.388329518 5.941781295272481e-06
4.389530484 5.65843482561689e-06
4.3907314500000005 5.298904464659637e-06
4.3919324159999995 5.55136034179391e-06
4.393133382 6.2440085737671445e-06
4.394334348 6.729424984076391e-06
4.395535313 6.76765061614123e-06
4.396736279 6.8739498192158155e-06
4.3979372450000005 7.426154212587913e-06
4.399138211 8.053806862512885e-06
4.400339177 8.511272595525664e-06
4.401540143 8.496133414511475e-06
4.402741109 8.765572163107983e-06
4.403942075 9.043559089135183e-06
4.4051430410000005 9.289388025367905e-06
4.4063440069999995 9.358875631428264e-06
4.407544973 9.160934229394085e-06
4.408745939 9.586837559474122e-06
4.409946905 9.799977746974966e-06
4.411147871 9.742872884982915e-06
4.412348837 9.499081683154488e-06
4.413549802 9.651651839480533e-06
4.414750768 9.971680120133572e-06
4.415951734 9.946529761026257e-06
4.4171527 9.727655744262394e-06
4.418353666 9.064490779257188e-06
4.4195546320000005 8.853088737762286e-06
4.4207555979999995 8.71615982658832e-06
4.421956564 8.34917653651305e-06
4.42315753 7.955525266242884e-06
4.424358496 7.806516148002803e-06
4.425559462 8.120428349206044e-06
4.426760428 8.196991243059006e-06
4.4279613939999996 8.01523218215158e-06
4.42916236 7.908789416169e-06
4.430363325999999 8.099199020900193e-06
4.431564291 8.567535429358014e-06
4.432765257 8.474699082277243e-06
4.4339662230000005 8.196696555867699e-06
4.4351671889999995 8.100806352340048e-06
4.436368155 8.320865813302192e-06
4.437569121 8.71635203830909e-06
4.438770087 8.889986208907967e-06
4.439971053 9.099522946189577e-06
4.441172019 9.620691858639363e-06
4.4423729849999996 1.0425617156428382e-05
4.443573951 1.112183766929004e-05
4.444774917 1.1430504072104138e-05
4.445975883 1.1917303625279048e-05
4.447176849000001 1.2311855378054962e-05
4.4483778140000005 1.2389201169409857e-05
4.4495787799999995 1.2162474075479616e-05
4.450779746 1.1602028481676802e-05
4.451980711999999 1.1611497020884238e-05
4.453181678 1.1688645093787508e-05
4.454382644 1.175255540398403e-05
4.45558361 1.1515120985308727e-05
4.456784576 1.1307958958637157e-05
4.457985542 1.1637100405754519e-05
4.459186508 1.1611292677605304e-05
4.460387474 1.129541974491172e-05
4.461588440000001 1.0684753981673016e-05
4.462789406 1.0186934448780226e-05
4.4639903720000005 9.772675007120766e-06
4.4651913379999995 9.039051229175178e-06
4.466392302999999 8.311473069297081e-06
4.467593269 7.815467324613511e-06
4.468794235000001 7.984905321085908e-06
4.469995201 8.402081543743388e-06
4.471196167 8.337595558874427e-06
4.472397133 8.274875446166447e-06
4.473598099 8.561241430752348e-06
4.474799065 9.31555021005424e-06
4.476000031 9.92167579099743e-06
4.477200997 9.810302686496506e-06
4.4784019630000005 9.684032998099522e-06
4.4796029289999995 9.945270445206344e-06
4.480803895 1.0574536429457082e-05
4.482004861 1.0971958344412537e-05
4.483205827 1.0852158544899659e-05
4.484406792 1.1134179609120676e-05
4.4856077580000004 1.1966818835104051e-05
4.486808724 1.295857668248428e-05
4.48800969 1.3489614592942006e-05
4.489210656 1.3491194426383844e-05
4.490411622 1.3857620230142588e-05
4.491612588 1.4407784676745177e-05
4.4928135540000005 1.4782323715105243e-05
4.4940145199999995 1.4430842400750307e-05
4.495215486 1.3645696072396104e-05
4.496416452 1.3428653745480767e-05
4.497617418 1.3516746135361257e-05
4.498818384 1.3634556298099374e-05
4.50001935 1.3409553691539746e-05
4.5012203159999995 1.3216104192992316e-05
4.502421281 1.3460516570499236e-05
4.503622247 1.3669496300205994e-05
4.504823213 1.3636742559835614e-05
4.506024179 1.3188071419313834e-05
4.5072251450000005 1.2807279116292502e-05
4.5084261109999995 1.2735704363052543e-05
4.509627077 1.2482145371686043e-05
4.510828043 1.2078175412879606e-05
4.512029009 1.1787612814473622e-05
4.513229975 1.1978513922744082e-05
4.514430941 1.2612643997807025e-05
4.515631907 1.2893597977445555e-05
4.516832873 1.2985370713816803e-05
4.518033839 1.32968215270924e-05
4.519234805 1.403847469185159e-05
4.52043577 1.4984983025823051e-05
4.5216367360000005 1.5165128159895834e-05
4.5228377019999995 1.503528127924576e-05
4.524038668 1.4938212055558626e-05
4.525239633999999 1.526044375236082e-05
4.5264406 1.5693357430545367e-05
4.527641566000001 1.5395366413565566e-05
4.528842532 1.477015379178191e-05
4.530043498 1.4254274567417653e-05
4.531244464 1.4327056813597448e-05
4.53244543 1.436392553692928e-05
4.533646396 1.3909947007174017e-05
4.534847362000001 1.3321679921977168e-05
4.536048328 1.294716850545759e-05
4.537249294 1.2713685503503593e-05
4.538450259 1.2367533807501432e-05
4.539651224999999 1.1830333217830155e-05
4.540852191 1.1471393997902311e-05
4.542053157000001 1.190513784471365e-05
4.543254123 1.260689719767577e-05
4.544455089 1.3201696924335578e-05
4.545656055 1.3531537333355512e-05
4.546857021 1.4234430490793762e-05
4.548057987 1.5568207671684032e-05
4.549258953 1.6697115510789437e-05
4.550459919 1.7362574277375407e-05
4.551660885 1.7357708236011416e-05
4.552861850999999 1.7485745656962878e-05
4.554062817 1.8000382156305875e-05
4.555263782 1.8217231839487727e-05
4.556464748000001 1.7991783523939324e-05
4.557665714 1.745097065924961e-05
4.55886668 1.7276550963292268e-05
4.560067646 1.7601810872020167e-05
4.561268612 1.756892949047542e-05
4.562469578 1.7387651561290898e-05
4.563670544 1.7177995223068827e-05
4.56487151 1.7426607902381088e-05
4.566072476 1.798488073770264e-05
4.567273441999999 1.813932941935871e-05
4.568474408 1.783073333629866e-05
4.569675374 1.731452212656944e-05
4.57087634 1.7104792564873686e-05
4.572077306 1.6776911910401924e-05
4.573278271 1.5952899809144013e-05
4.574479236999999 1.4862902158807316e-05
4.575680203 1.4210500155341654e-05
4.576881169 1.4281892481905292e-05
4.578082135 1.4628731811855116e-05
4.579283101 1.4609674725153943e-05
4.580484067 1.4357438818945341e-05
4.581685032999999 1.4502485768685216e-05
4.582885999 1.499811437548204e-05
4.584086965 1.545050767414486e-05
4.585287931 1.527940940863754e-05
4.586488897000001 1.461914241278265e-05
4.587689863 1.4280228161633955e-05
4.588890829 1.4676675638746393e-05
4.590091795 1.526032592785783e-05
4.59129276 1.5485346818681973e-05
4.592493726 1.5516781690265046e-05
4.593694692 1.5857075351147167e-05
4.594895658 1.636941079308006e-05
4.596096623999999 1.6498852996353923e-05
4.59729759 1.6139082469827556e-05
4.598498555999999 1.5407317031410594e-05
4.599699522 1.5110614508909012e-05
4.600900488000001 1.5352040841165825e-05
4.602101454 1.5421154181728017e-05
4.60330242 1.5304050594375262e-05
4.604503386 1.5340973876276272e-05
4.605704352 1.608522102398882e-05
4.606905318 1.7328124795675866e-05
4.608106284000001 1.8102311027116975e-05
4.609307249 1.829885647598402e-05
4.610508214999999 1.8133388886868987e-05
4.611709181 1.8262978134647296e-05
4.612910147 1.8481098703397067e-05
4.614111113 1.8049990019114035e-05
4.615312079000001 1.7064272560034693e-05
4.616513045 1.5911149862942535e-05
4.617714011 1.535044117362478e-05
4.618914977 1.5235185028706307e-05
4.620115943 1.5128367837204785e-05
4.621316909 1.4979947434704682e-05
4.622517875 1.5187111785690739e-05
4.623718841 1.6123929250377785e-05
4.624919807 1.7121390914031252e-05
4.626120772999999 1.751591917468994e-05
4.627321738 1.7259044512215134e-05
4.628522704 1.6911075662331612e-05
4.629723670000001 1.6777533600846667e-05
4.630924636 1.658849177425571e-05
4.632125602 1.5950206605230057e-05
4.633326568 1.4985824389556335e-05
4.634527534 1.44961928112356e-05
4.6357285 1.4945365280174618e-05
4.636929466 1.578814505816187e-05
4.638130432 1.6455225678589207e-05
4.639331398 1.685313523157193e-05
4.640532363999999 1.7448345714007863e-05
4.64173333 1.844646226729624e-05
4.642934296 1.92895239445222e-05
4.644135262 1.951924588960906e-05
4.645336227 1.9180656049594e-05
4.646537193 1.895435340342834e-05
4.647738159 1.921148409542979e-05
4.648939125 1.9588521865824388e-05
4.650140091 1.9653149034354654e-05
4.651341057 1.9399181463798115e-05
4.652542023 1.9421795133364007e-05
4.653742989 1.994874194759784e-05
4.654943954999999 2.051899542255363e-05
4.656144921 2.063391840158543e-05
4.657345887 2.0196702760928567e-05
4.658546853 1.9667466419660608e-05
4.659747819000001 1.929860613056094e-05
4.6609487849999995 1.8862359494755873e-05
4.662149751 1.7932914462171406e-05
4.663350716 1.6716645231952886e-05
4.664551682 1.5794278173306524e-05
4.665752648 1.556598192060504e-05
4.666953614 1.5661845707570588e-05
4.66815458 1.560598103446923e-05
4.669355545999999 1.5436694645117566e-05
4.670556512 1.570400132139807e-05
4.671757478000001 1.6713747655044786e-05
4.672958444 1.7896417031213124e-05
4.674159410000001 1.871377607103777e-05
4.6753603759999995 1.9044675355661324e-05
4.676561342 1.9393664746262463e-05
4.677762308 2.01835268462532e-05
4.678963274 2.0754805309054967e-05
4.680164239 2.0611236975740304e-05
4.681365205 1.9774089905306843e-05
4.682566171 1.893330709120106e-05
4.683767137 1.862870370500545e-05
4.684968103 1.8529058617562252e-05
4.686169069 1.810788445247697e-05
4.687370035 1.7183770102799897e-05
4.688571001000001 1.657742173245883e-05
4.6897719669999995 1.672962198038879e-05
4.690972933 1.7457129707790152e-05
4.692173899 1.8018554117978708e-05
4.693374865 1.8035987038577732e-05
4.694575831 1.794239785994269e-05
4.695776797000001 1.8182198254753526e-05
4.696977763 1.8811396396781847e-05
4.698178728 1.9252771166804366e-05
4.699379694 1.919047467886058e-05
4.70058066 1.9087410351964243e-05
4.701781626 1.9338346218305385e-05
4.702982592000001 2.0089210993525965e-05
4.7041835579999995 2.053416333204829e-05
4.705384524 2.043571749152733e-05
4.70658549 2.016611656057227e-05
4.707786456 2.020686477827373e-05
4.708987422 2.0483517874663556e-05
4.710188388 2.0412431253969242e-05
4.711389354 1.9791027718193728e-05
4.71259032 1.879890657195553e-05
4.713791285999999 1.8375858048501367e-05
4.714992252 1.8460912957519956e-05
4.716193217 1.8685770101678026e-05
4.717394183000001 1.8609152880141527e-05
4.7185951489999995 1.8308378051863277e-05
4.719796115 1.8470815260616443e-05
4.720997081 1.90939439766582e-05
4.722198047 1.967074984607438e-05
4.723399013 1.9780232988135668e-05
4.724599979 1.9390310434500574e-05
4.725800945 1.905945116472124e-05
4.727001911 1.9246873327657616e-05
4.728202876999999 1.9394432835550277e-05
4.729403843 1.9150245213468394e-05
4.730604809000001 1.8535869641293403e-05
4.731805775 1.806509074929325e-05
4.7330067410000005 1.8345873940399484e-05
4.734207706 1.9114385361990155e-05
4.735408671999999 1.9734461079459733e-05
4.736609638 1.99688475533092e-05
4.737810604 2.0298461291399587e-05
4.73901157 2.105433252587831e-05
4.740212536 2.2126036063588044e-05
4.741413502 2.2723380745179284e-05
4.742614468 2.2519929245134933e-05
4.743815434 2.183813112995097e-05
4.745016400000001 2.1145057228487027e-05
4.746217366 2.0826948827166274e-05
4.7474183320000005 2.0240017342784363e-05
4.7486192979999995 1.921323062720501e-05
4.749820264 1.8251146072042305e-05
4.75102123 1.7849594229199146e-05
4.752222195 1.8192116810364947e-05
4.753423161 1.8951421312361302e-05
4.7546241270000005 1.939091162037223e-05
4.755825093 1.9401652735590445e-05
4.757026059 1.9606514108281562e-05
4.758227025 1.996140631574312e-05
4.759427991 2.027648016585809e-05
4.760628957 1.9881657757490413e-05
4.7618299230000005 1.8963408016983397e-05
4.7630308889999995 1.8159583619851638e-05
4.764231855 1.785386844135653e-05
4.765432821 1.7906663304478022e-05
4.766633787 1.8050836743908426e-05
4.767834753 1.7914212885362958e-05
4.769035719000001 1.769604081479504e-05
4.770236684 1.8154525217166314e-05
4.77143765 1.883143780639641e-05
4.772638616 1.9355107724214633e-05
4.773839582 1.9399791279665904e-05
4.775040548 1.912325726890503e-05
4.7762415140000005 1.9098144063711257e-05
4.7774424799999995 1.9568350846021153e-05
4.778643446 1.999550797716105e-05
4.779844412 2.002736195425264e-05
4.781045378 1.9669543411713987e-05
4.782246344 1.9317107683259243e-05
4.78344731 1.9442501541749647e-05
4.7846482759999995 1.9610808139806922e-05
4.785849242 1.943121676670052e-05
4.787050207 1.8836473444185478e-05
4.788251173 1.818742515560567e-05
4.789452139 1.8008968545959517e-05
4.7906531050000005 1.820394026432293e-05
4.7918540709999995 1.802208133096918e-05
4.793055037 1.736562616337044e-05
4.794256003 1.656141330526749e-05
4.795456969 1.597151789321875e-05
4.796657935 1.5924263534683644e-05
4.797858901 1.5837907796466075e-05
4.7990598669999995 1.539188404923055e-05
4.800260833 1.4795817772707173e-05
4.801461799 1.4473772302102128e-05
4.802662765 1.4569969998238628e-05
4.803863731000001 1.5182999723592477e-05
4.8050646960000005 1.5481912636782396e-05
4.8062656619999995 1.5393157030483668e-05
4.807466628 1.559604922411638e-05
4.808667593999999 1.6175912297197554e-05
4.80986856 1.7136270290262628e-05
4.811069526 1.8003215708323555e-05
4.812270492 1.8459217855564765e-05
4.813471458 1.8565452498698792e-05
4.814672424 1.888609607231477e-05
4.81587339 1.927924715438411e-05
4.817074356 1.968961280808202e-05
4.818275322000001 1.933264572734851e-05
4.819476288 1.8411686599298545e-05
4.8206772540000005 1.77381851443867e-05
4.821878219999999 1.7433916633654692e-05
4.823079184999999 1.720925811754528e-05
4.824280151 1.6821555829347918e-05
4.825481117000001 1.6128712082594586e-05
4.826682083 1.5254921770142377e-05
4.827883049 1.510751968971764e-05
4.829084015 1.5211659248375088e-05
4.830284981 1.5191009989180199e-05
4.831485947 1.4921913457036785e-05
4.832686913 1.4494700864357948e-05
4.833887879 1.4435616321894099e-05
4.8350888450000005 1.5077675347750059e-05
4.836289810999999 1.5673926016992803e-05
4.837490777 1.5995442715870486e-05
4.838691743 1.6140132157842017e-05
4.839892709 1.6281911035140426e-05
4.841093674 1.6834281674484408e-05
4.84229464 1.7458297130736107e-05
4.843495606 1.761775446552265e-05
4.844696572 1.7057727565143803e-05
4.845897538 1.62623788724212e-05
4.847098504 1.55365057214563e-05
4.84829947 1.5202889934620143e-05
4.8495004360000005 1.4812436996801356e-05
4.850701401999999 1.392017448430469e-05
4.851902368 1.295055335736628e-05
4.853103334 1.2121857571042293e-05
4.8543043 1.193817884912342e-05
4.855505266 1.241410222985604e-05
4.8567062320000005 1.285555708968705e-05
4.8579071979999995 1.3094374984219129e-05
4.859108163 1.3514227761045453e-05
4.860309129 1.4318024824339708e-05
4.861510095 1.5512687173586977e-05
4.862711061 1.683782819695544e-05
4.8639120270000005 1.7532164035301707e-05
4.865112992999999 1.7722533670221805e-05
4.866313959 1.794253716238313e-05
4.867514925 1.8305492405342305e-05
4.868715891 1.8776870483568254e-05
4.869916857 1.8862082034369417e-05
4.871117823 1.8457404874293464e-05
4.8723187889999995 1.799911510048554e-05
4.873519755 1.791370136130789e-05
4.874720721 1.793009198010021e-05
4.875921687 1.7915529132141427e-05
4.877122652 1.730515939995953e-05
4.8783236180000005 1.6196533218466636e-05
4.879524583999999 1.5515622380471185e-05
4.88072555 1.5357861103231514e-05
4.881926516 1.5199025983381289e-05
4.883127482 1.4847567572329127e-05
4.884328448 1.4192162881101802e-05
4.885529414 1.344461408743812e-05
4.88673038 1.3321112980152221e-05
4.887931346 1.3587445181157355e-05
4.889132312 1.3705252153038638e-05
4.890333278 1.3458574256869234e-05
4.891534244000001 1.3034505285881296e-05
4.89273521 1.2696672272892308e-05
4.8939361749999994 1.2810172232283697e-05
4.895137141 1.2988223806456042e-05
4.896338106999999 1.2801161484486636e-05
4.897539073 1.2307953227474868e-05
4.898740039000001 1.166037264488588e-05
4.899941005 1.1235979876314193e-05
4.901141971 1.1327958647893263e-05
4.902342937 1.138855373949256e-05
4.903543903 1.1214211435509349e-05
4.904744869 1.0972678666661924e-05
4.905945835000001 1.0839750453060794e-05
4.907146801 1.1058837627134286e-05
4.908347767 1.16095788497602e-05
4.909548732999999 1.2005653168067246e-05
4.910749699 1.2103333237700354e-05
4.911950664 1.2374094987384932e-05
4.913151630000001 1.2883122710702765e-05
4.914352596 1.3660904240851641e-05
4.915553562 1.4686671303897561e-05
4.916754528 1.5163365011702438e-05
4.917955494 1.518007459913303e-05
4.91915646 1.5186699764584704e-05
4.920357426 1.522137242340356e-05
4.921558392 1.5308760401042727e-05
4.922759358 1.5263927526353912e-05
4.923960323999999 1.4762321583380304e-05
4.92516129 1.3989652103267592e-05
4.926362256 1.3650188021331277e-05
4.927563222 1.3632664676356402e-05
4.928764188 1.3731576589058208e-05
4.929965153 1.37384674149558e-05
4.931166119 1.3472642544783984e-05
4.932367085 1.3305841893851956e-05
4.933568051 1.3754179706075022e-05
4.934769017 1.4490347266504149e-05
4.935969983 1.519794476893743e-05
4.937170949 1.5568904204055916e-05
4.938371914999999 1.5523849814382737e-05
4.939572881 1.5476253968063592e-05
4.940773847 1.566960287874957e-05
4.941974813 1.578120353963976e-05
4.943175779 1.5494469783060127e-05
4.944376745 1.4625823405340627e-05
4.945577711 1.3516079925338079e-05
4.946778677 1.2668241489971318e-05
4.947979642 1.227777311527956e-05
4.949180608 1.2034281272159398e-05
4.950381574 1.1766797200660615e-05
4.95158254 1.151937965196969e-05
4.952783505999999 1.1343896634336344e-05
4.953984472 1.176244001685834e-05
4.955185438 1.264439519121277e-05
4.956386404 1.3238926010360164e-05
4.957587370000001 1.3444474948309621e-05
4.958788336 1.3159246520092738e-05
4.959989302 1.2596323094891742e-05
4.961190268 1.2073183160367313e-05
4.962391234 1.1764306167015285e-05
4.9635922 1.1051415093520765e-05
4.964793166000001 9.935042626350385e-06
4.965994131 9.066821103745609e-06
4.967195096999999 8.458508124025406e-06
4.968396063 8.357951727349595e-06
4.969597029 8.61288963606192e-06
4.970797995 8.589124923551015e-06
4.971998961000001 8.233620355093992e-06
4.973199927 8.119130604245644e-06
4.974400893 8.205817634033938e-06
4.975601859 8.444972179806107e-06
4.976802825 8.881561420727916e-06
4.978003791 8.968530386238321e-06
4.979204757000001 8.739224511647035e-06
4.980405723 8.815999974352633e-06
4.981606689 9.151972348934938e-06
4.982807654999999 9.563248821950435e-06
4.98400862 9.991974372453715e-06
4.985209586 9.977391830948377e-06
4.986410552000001 9.53077331631383e-06
4.987611518 9.205516382150868e-06
4.988812484 9.057466512681851e-06
4.99001345 8.846693395849708e-06
4.991214416 8.538029490261455e-06
4.992415382 8.013126474058527e-06
4.993616348 7.345156982158317e-06
4.994817314 7.090689757083061e-06
4.99601828 7.4683877544026665e-06
4.997219245999999 7.906308196841969e-06
4.998420212 8.218118432095756e-06
4.999621178 8.193114858487905e-06
5.000822144 8.037053340942792e-06
5.002023109 8.213426924024469e-06
5.003224075 8.7994876273992e-06
5.004425041 9.235122865355831e-06
5.005626007 9.23275641617182e-06
5.006826973 8.961359303747123e-06
5.008027939 8.602547640224498e-06
5.009228905 8.630915279488438e-06
5.010429871 8.939256376756102e-06
5.011630836999999 8.990827404683258e-06
5.012831803 8.660139534828873e-06
5.014032769 8.30707850077813e-06
5.015233735 8.003003619540907e-06
5.0164347010000006 8.20978131480698e-06
5.0176356669999995 8.841403509922653e-06
5.018836631999999 9.109969392887057e-06
5.020037598 9.086196916408652e-06
5.021238564 9.050796712155104e-06
5.02243953 9.03644470497299e-06
5.023640496 9.156644173726273e-06
5.024841462 9.45544742150439e-06
5.026042427999999 9.5294602875698e-06
5.027243394 9.20683996612503e-06
5.028444360000001 9.076736877744243e-06
5.029645326 8.973543261864507e-06
5.0308462920000006 8.91111533237109e-06
5.0320472579999995 8.8766406328946e-06
5.033248224 8.536994497213825e-06
5.03444919 7.832667755539527e-06
5.035650156 7.151187392686008e-06
5.036851121 6.685122489051802e-06
5.038052087 6.438542356252323e-06
5.039253053 6.408071186523269e-06
5.040454019 6.282286443141682e-06
5.041654985 6.0577659380484864e-06
5.042855951 6.0620162370695915e-06
5.044056917 6.2860635665425e-06
5.0452578830000006 6.557172126910625e-06
5.0464588489999995 6.8018226026822235e-06
5.047659815 7.02770476633543e-06
5.048860781 7.025414757882126e-06
5.050061747 7.159128936527937e-06
5.051262713 7.572121608743014e-06
5.052463679000001 8.137635894105176e-06
5.053664645 8.666316831740497e-06
5.05486561 9.057785107781816e-06
5.056066576 9.15343207323428e-06
5.057267542 9.054854598169568e-06
5.058468508 9.135523451400897e-06
5.0596694740000006 9.256412851421912e-06
5.0608704399999995 9.125786714882787e-06
5.062071406 8.759634826075248e-06
5.063272372 8.260749783933507e-06
5.064473338 7.83677800175616e-06
5.065674304 7.85943842977872e-06
5.06687527 8.308137065343332e-06
5.068076236 8.591547630381942e-06
5.069277202 8.734480278718124e-06
5.070478167999999 8.667507658908934e-06
5.071679134 8.514603743426846e-06
5.072880099 8.526148394629547e-06
5.074081065000001 8.69795396867622e-06
5.0752820309999995 8.553567883217207e-06
5.076482997 7.991892679988426e-06
5.077683963 7.389467285140171e-06
5.078884929 6.795569971313242e-06
5.080085895 6.515061047271505e-06
5.081286861 6.545154509036364e-06
5.082487827 6.559385158419708e-06
5.083688793 6.391853400966644e-06
5.084889758999999 6.276087152237352e-06
5.086090725 6.222478734095865e-06
5.087291691000001 6.3055456796400946e-06
5.088492657 6.501182881444697e-06
5.0896936230000005 6.7013957049938055e-06
5.090894588 6.6710655146088655e-06
5.092095554 6.568242403098071e-06
5.09329652 6.526597523782226e-06
5.094497486 6.6183126246517765e-06
5.095698452 6.825374589990984e-06
5.096899418 7.189560036400119e-06
5.098100384 7.283881173024314e-06
5.099301349999999 7.211930387194665e-06
