microns throughput
2.0004663860000003 3.5094807938359363e-12
2.002074478 3.667705762392856e-12
2.00368257 4.154187198693051e-12
2.005290662 4.760158920562761e-12
2.006898754 5.44426529628476e-12
2.008506846 4.7895456444649805e-12
2.010114938 4.064006930861155e-12
2.01172303 3.592046115503032e-12
2.013331122 3.205873493236591e-12
2.014939214 2.8287391126090548e-12
2.016547306 2.6341239467066094e-12
2.018155398 2.637352118945189e-12
2.01976349 2.8231228665347615e-12
2.021371582 3.2750876565047215e-12
2.022979674 3.497977759594582e-12
2.0245877660000002 3.4700161962726337e-12
2.026195858 3.391383788371747e-12
2.027803949 3.261405308532635e-12
2.029412041 2.817799434926636e-12
2.031020133 2.349902884884714e-12
2.032628225 2.1360752470450043e-12
2.034236317 2.033137501320551e-12
2.035844409 1.9367069979598176e-12
2.037452501 1.885796860056957e-12
2.039060593 2.007790583985506e-12
2.040668685 2.2501375430777105e-12
2.042276777 2.4343521985035088e-12
2.0438848689999998 2.612726531221871e-12
2.045492961 2.5281612738760166e-12
2.047101053 2.350975261192146e-12
2.0487091449999997 2.3280339991955192e-12
2.0503172370000002 2.5284120751718247e-12
2.0519253290000004 2.5913100533435685e-12
2.053533421 2.4160944580314324e-12
2.055141513 2.4245246654955967e-12
2.056749605 2.800903443268739e-12
2.058357697 3.2192697656322286e-12
2.059965788 3.700879975351858e-12
2.06157388 4.075707506500319e-12
2.0631819719999998 4.45271639905875e-12
2.064790064 4.917137154854499e-12
2.066398156 5.4341325861367545e-12
2.068006248 5.901771625673205e-12
2.06961434 6.344112417163251e-12
2.071222432 7.122440533845738e-12
2.072830524 8.251337759468768e-12
2.074438616 9.768348963186733e-12
2.076046708 1.0624550159924199e-11
2.0776548 1.2079010104214715e-11
2.079262892 1.4646750625640212e-11
2.080870984 1.6846832629402803e-11
2.0824790760000003 1.631541931197023e-11
2.084087168 1.755949344054142e-11
2.08569526 1.9260890771671698e-11
2.0873033519999997 2.1496747422095005e-11
2.088911444 2.2314110110082152e-11
2.090519536 2.5135217672229646e-11
2.092127627 2.743465800025467e-11
2.0937357189999997 3.3159173433895005e-11
2.0953438110000002 4.141248331399398e-11
2.0969519030000003 5.17103338202107e-11
2.098559995 6.189636193522353e-11
2.100168087 7.571905740284858e-11
2.101776179 1.0131721484852748e-10
2.103384271 1.3552387875525947e-10
2.104992363 1.5906814395042475e-10
2.1066004549999997 1.6982678515562863e-10
2.1082085470000003 1.8762388931842993e-10
2.109816639 2.1399711410736027e-10
2.111424731 2.416999688738e-10
2.113032823 2.69667053575465e-10
2.114640915 3.0881105709689183e-10
2.116249007 3.204963481082549e-10
2.1178570989999996 3.3192915124657385e-10
2.1194651909999997 3.099204321141376e-10
2.1210732830000003 2.9692810895811425e-10
2.122681375 2.5278146874358737e-10
2.124289466 2.14254571737515e-10
2.125897558 2.0865256059828314e-10
2.1275056500000002 2.183090864074148e-10
2.129113742 2.1497756936667e-10
2.130721834 2.0177086497990196e-10
2.1323299259999997 1.9605318357161814e-10
2.133938018 1.9683057745704908e-10
2.1355461100000004 1.952791534201666e-10
2.137154202 1.7438308156252106e-10
2.138762294 1.572925200650278e-10
2.140370386 1.54486820784364e-10
2.141978478 1.5457640645874388e-10
2.14358657 1.6313038347894058e-10
2.1451946619999998 1.7662387410721962e-10
2.146802754 1.7501403299712068e-10
2.1484108460000004 1.6904204809477787e-10
2.150018938 1.6020514118466183e-10
2.15162703 1.4426148970161217e-10
2.153235122 1.2849248048602845e-10
2.154843214 1.0675340847573753e-10
2.156451305 9.978091290515386e-11
2.158059397 1.1761650006012892e-10
2.159667489 1.4862527805465057e-10
2.161275581 1.6873748738677692e-10
2.1628836729999996 1.7793304936538963e-10
2.164491765 1.7991898628517846e-10
2.1660998570000003 1.752538060574929e-10
2.167707949 1.7677457149561112e-10
2.169316041 1.77357961893318e-10
2.170924133 1.880956657841874e-10
2.172532225 1.6665036975993645e-10
2.174140317 1.5845057029166656e-10
2.1757484089999997 1.5370329808713577e-10
2.177356501 1.5097822369062898e-10
2.1789645930000003 1.5258260092736835e-10
2.180572685 1.5889311548523475e-10
2.182180777 1.9849979510932611e-10
2.183788869 2.462011884815109e-10
2.185396961 3.1463160734643883e-10
2.187005053 2.8205858905713206e-10
2.1886131449999997 2.6364316898832925e-10
2.1902212359999997 2.606924746247102e-10
2.191829328 2.689988004700145e-10
2.1934374200000004 2.857483168973227e-10
2.195045512 3.3713579485501046e-10
2.196653604 4.064594642687008e-10
2.198261696 4.624100190247622e-10
2.199869788 5.318642019573765e-10
2.20147788 5.876320963052183e-10
2.203085972 6.26939309356984e-10
2.204694064 6.665144238695361e-10
2.206302156 6.790022509537048e-10
2.207910248 7.072976543393139e-10
2.2095183400000002 7.915510397781265e-10
2.211126432 9.506897035897557e-10
2.212734524 1.0963967358425084e-09
2.2143426159999997 1.1587048267146962e-09
2.215950708 1.2935777442689938e-09
2.2175588 1.5777020575428336e-09
2.219166892 1.9941185923117323e-09
2.220774984 2.116917743201457e-09
2.222383075 2.224018541614381e-09
2.2239911670000003 2.4827699347334683e-09
2.225599259 2.949222280815065e-09
2.227207351 3.5414074602352633e-09
2.228815443 4.047240923581255e-09
2.230423535 4.687855409016375e-09
2.232031627 4.792555025275876e-09
2.2336397189999997 4.658359857435359e-09
2.2352478110000003 4.71265180878852e-09
2.236855903 5.194703843935045e-09
2.238463995 5.969640013081465e-09
2.240072087 5.718483274566519e-09
2.241680179 5.626679866058443e-09
2.243288271 5.803997456336071e-09
2.2448963629999996 6.417433139558792e-09
2.2465044549999997 7.789726827755514e-09
2.2481125470000003 9.406636140538912e-09
2.249720639 1.1743614614433738e-08
2.251328731 1.3970263017078614e-08
2.252936823 1.6163330109054456e-08
2.2545449140000002 1.8037204208067513e-08
2.256153006 1.8023121172699937e-08
2.257761098 1.8157438692103947e-08
2.2593691899999997 1.8011465510321797e-08
2.260977282 1.996210688858838e-08
2.262585374 2.40010494267224e-08
2.264193466 2.998372640415518e-08
2.265801558 4.023061189048663e-08
2.2674096500000003 4.5102613938674516e-08
2.269017742 5.1077116450364346e-08
2.270625834 5.7756971777199494e-08
2.2722339259999997 6.34372241504156e-08
2.273842018 7.021309899806216e-08
2.2754501100000004 6.077520161622415e-08
2.277058202 5.272606761159088e-08
2.278666294 4.793164795033457e-08
2.280274386 4.622253025622668e-08
2.281882478 4.5261568666208545e-08
2.28349057 4.466181789090034e-08
2.285098662 4.817201902469438e-08
2.286706753 5.358969296502428e-08
2.288314845 5.653049367969365e-08
2.2899229369999996 6.34193831227978e-08
2.291531029 6.899943682247486e-08
2.2931391210000003 7.597929829557907e-08
2.294747213 8.450841022750483e-08
2.296355305 9.543578755171772e-08
2.297963397 1.108000928969862e-07
2.299571489 1.3060048137840876e-07
2.301179581 1.5988306457518373e-07
2.3027876729999996 1.7141957417223608e-07
2.304395765 1.6381096431970556e-07
2.3060038570000003 1.694161282700769e-07
2.307611949 1.9635302628443348e-07
2.309220041 2.3654390350894668e-07
2.310828133 2.9610809854303923e-07
2.312436225 3.7922793066514077e-07
2.314044317 4.941387855940229e-07
2.3156524089999997 6.559522566118759e-07
2.3172605010000003 8.79392377961823e-07
2.318868592 1.1724646315842521e-06
2.3204766840000004 1.4410042246017925e-06
2.322084776 1.7684144287614705e-06
2.323692868 2.0530170278136367e-06
2.32530096 2.265618440525292e-06
2.326909052 2.5987354386836134e-06
2.328517144 2.9963282543419216e-06
2.3301252359999998 3.475231454036403e-06
2.331733328 3.851340861282979e-06
2.33334142 3.92049184638049e-06
2.334949512 4.093159915944452e-06
2.3365576040000002 4.0317877163208535e-06
2.338165696 4.112405237536934e-06
2.339773788 4.213677075893771e-06
2.3413818799999997 3.930730229797012e-06
2.342989972 3.64898064722903e-06
2.344598064 3.425330652581581e-06
2.346206156 3.2668711417997273e-06
2.347814248 3.120221405395883e-06
2.3494223400000003 3.1169083028605114e-06
2.3510304310000003 3.153419568197176e-06
2.352638523 3.1558830122348953e-06
2.354246615 2.9735615601693347e-06
2.3558547069999998 2.827662407261919e-06
2.357462799 2.740402654687183e-06
2.359070891 2.711727381019129e-06
2.3606789829999997 2.7301129928949945e-06
2.3622870750000002 2.8655786210119563e-06
2.363895167 3.1254488086967665e-06
2.365503259 3.516858316387024e-06
2.367111351 4.26240535862027e-06
2.368719443 5.363619704941556e-06
2.370327535 6.002757883180002e-06
2.371935627 5.841671727971645e-06
2.3735437189999997 5.65961708311555e-06
2.3751518110000003 5.187464650348562e-06
2.376759903 4.7137687230269355e-06
2.378367995 4.377573854224018e-06
2.379976087 4.215195173707458e-06
2.381584179 4.1464593649912585e-06
2.383192271 4.221873946338628e-06
2.384800362 4.505354236853122e-06
2.3864084539999997 4.917998150187631e-06
2.388016546 5.133192861401344e-06
2.389624638 5.4663954694298475e-06
2.39123273 5.966099733861066e-06
2.392840822 5.3970436268236945e-06
2.3944489140000003 4.80687841555835e-06
2.396057006 4.355179129910476e-06
2.397665098 4.250475403409099e-06
2.3992731899999997 4.226888881567857e-06
2.400881282 4.18177301640642e-06
2.4024893740000004 4.041207572801547e-06
2.404097466 3.9630110248776745e-06
2.405705558 4.0096795868165815e-06
2.40731365 4.155913152396563e-06
2.408921742 4.370944651015251e-06
2.410529834 4.103139586863614e-06
2.4121379259999998 3.894531368654396e-06
2.413746018 4.050098896254185e-06
2.41535411 4.29336064157986e-06
2.416962201 4.687805325685796e-06
2.418570293 4.799098907555273e-06
2.4201783850000003 4.5880354858755845e-06
2.421786477 4.86937554279998e-06
2.423394569 4.796611048047769e-06
2.425002661 4.238869626249506e-06
2.426610753 3.7779482483350155e-06
2.428218845 3.459404379070586e-06
2.4298269369999996 3.334355013305639e-06
2.431435029 3.6723180776328655e-06
2.4330431210000003 3.5961528479608743e-06
2.434651213 3.519578810845847e-06
2.436259305 3.504896731498445e-06
2.4378673969999998 3.655161131642551e-06
2.439475489 3.890252976744323e-06
2.441083581 4.1221646420447025e-06
2.4426916729999997 3.834803052248138e-06
2.4442997650000002 3.676139230402357e-06
2.4459078570000004 3.2558328645579643e-06
2.447515949 2.689555677940235e-06
2.44912404 2.624317732938683e-06
2.450732132 2.791153537217941e-06
2.452340224 2.872726557723405e-06
2.453948316 2.967796019036394e-06
2.455556408 2.581981667123962e-06
2.4571644999999998 2.386805849607162e-06
2.458772592 2.399693791271229e-06
2.460380684 2.427054418703876e-06
2.461988776 2.447823273182414e-06
2.463596868 2.4687402878412607e-06
2.46520496 2.2973325282041966e-06
2.466813052 2.053302692812409e-06
2.468421144 1.8354200517538945e-06
2.470029236 1.7160379889670623e-06
2.471637328 1.6588943923489017e-06
2.47324542 1.8923074994249116e-06
2.474853512 2.0923905417345253e-06
2.4764616040000003 2.169210113429042e-06
2.478069696 2.2960901426445048e-06
2.479677788 2.410302653110342e-06
2.481285879 2.5286325744592918e-06
2.4828939709999998 2.6589566321499296e-06
2.484502063 2.6958625801057856e-06
2.486110155 2.7244917195429283e-06
2.4877182469999997 2.7534055973436866e-06
2.489326339 2.5869146073746333e-06
2.4909344310000003 2.426729195494447e-06
2.492542523 2.2800379268389856e-06
2.494150615 2.209887584622733e-06
2.495758707 2.184965848832911e-06
2.497366799 2.200610081815107e-06
2.498974891 1.5761399448357076e-06
2.499778162 4.532767459890558e-09
2.5011293930000003 6.464834984931279e-09
2.502480624 9.068349108683256e-07
2.5038318559999997 5.814345564876196e-07
2.505183087 4.77678189910111e-09
2.506534319 4.527797872990263e-09
2.50788555 4.526634155695969e-09
2.509236782 4.525414563340539e-09
2.510588013 6.374559192923131e-08
2.511939244 2.034018643148738e-07
2.5132904760000003 7.115056834741075e-07
2.514641707 2.614432255199772e-08
2.515992939 7.008847913261824e-09
2.51734417 9.600099273121168e-07
2.5186954019999996 4.8256600049416324e-08
2.5200466329999998 6.223002011425798e-08
2.521397865 4.5145055987946215e-09
2.522749096 4.513232943956823e-09
2.524100327 4.511952879208111e-09
2.525451559 5.8780807342003936e-09
2.52680279 1.306509377940419e-06
2.5281540220000003 4.411940454974015e-07
2.529505253 8.821635942966563e-08
2.5308564849999997 1.9927607278075635e-06
2.532207716 2.3984920448219e-06
2.533558948 2.5319401787735657e-06
2.534910179 1.8278580789147722e-06
2.5362614100000003 1.3818040634431599e-06
2.537612642 1.7089234815653469e-06
2.538963873 2.716023637406258e-06
2.5403151050000004 1.9527521260158564e-06
2.5416663359999996 7.96028247985761e-07
2.5430175680000002 4.226348642644508e-06
2.544368799 4.286053469351088e-06
2.54572003 2.808649322921052e-06
2.547071262 3.3532407862700077e-06
2.548422493 3.835218765014709e-06
2.549773725 3.2086351393410317e-06
2.551124956 3.5082290445348874e-06
2.552476188 3.75536201539253e-06
2.553827419 4.884458267090349e-06
2.5551786510000003 7.448280550092896e-06
2.556529882 5.615541309926808e-06
2.557881113 6.595671566455696e-06
2.559232345 5.790936845883728e-06
2.560583576 8.14745819091113e-06
2.561934808 6.160820087856087e-06
2.5632860390000003 8.5522907127463e-06
2.564637271 1.0848506230100208e-05
2.565988502 8.141757616845011e-06
2.567339733 8.613626472533375e-06
2.5686909649999996 9.534491911358686e-06
2.5700421959999997 8.508003565096583e-06
2.571393428 6.077863085126779e-06
2.572744659 6.400841344880407e-06
2.574095891 4.772602878886465e-06
2.575447122 3.4989830463793924e-06
2.576798354 4.314446850344655e-06
2.5781495850000002 5.3993895990162855e-06
2.5795008160000004 6.940354118298569e-06
2.580852048 4.603268795822646e-06
2.582203279 5.536315247248909e-06
2.583554511 3.3295049519531017e-06
2.584905742 3.5457583692446867e-06
2.586256974 6.332309406185583e-06
2.587608205 8.034546171690785e-06
2.588959437 6.00151220874081e-06
2.590310668 7.053870275932135e-06
2.591661899 6.4033612067511756e-06
2.593013131 1.0104577386908572e-05
2.594364362 8.123855310137782e-06
2.5957155939999996 6.9957681618097584e-06
2.5970668249999997 5.1862643346521055e-06
2.598418057 6.893910139910915e-06
2.599769288 5.99546090807549e-06
2.601120519 6.792815269703925e-06
2.602471751 6.363135831454226e-06
2.603822982 6.2302101040601625e-06
2.6051742140000003 4.415953409932405e-06
2.6065254450000004 7.780280925411414e-06
2.607876677 7.636943294182734e-06
2.609227908 6.52146142300038e-06
2.61057914 8.65093640405679e-06
2.611930371 7.801351520612933e-06
2.613281602 7.3363714138660685e-06
2.614632834 6.903281900787829e-06
2.615984065 6.8106261278547995e-06
2.617335297 5.815051756031553e-06
2.618686528 5.669590516155298e-06
2.62003776 5.2797826029629045e-06
2.621388991 5.3981503981298545e-06
2.622740222 4.488532461343392e-06
2.6240914539999998 3.3949134462618934e-06
2.625442685 5.462222955735003e-06
2.626793917 2.0441979155810168e-06
2.628145148 1.772827812510075e-06
2.62949638 1.997856538511638e-06
2.630847611 2.26385582001374e-06
2.6321988430000003 1.8920819140000782e-06
2.6335500740000004 3.396920314634775e-06
2.634901305 3.581143424420059e-06
2.636252537 2.0103476098361162e-06
2.637603768 2.540717777464641e-06
2.6389549999999997 2.8484388952234196e-06
2.640306231 2.4496284187910277e-06
2.641657463 4.2010135780173955e-06
2.643008694 4.15272147029673e-06
2.6443599250000003 4.233955784770158e-06
2.645711157 4.33459584338322e-06
2.6470623879999997 3.4264791554257336e-06
2.64841362 4.962076454725871e-06
2.649764851 3.178893579679406e-06
2.651116083 3.199125476834829e-06
2.652467314 6.1495262148900315e-06
2.653818546 5.358323019682061e-06
2.6551697770000002 2.1511368797259658e-06
2.6565210080000004 4.127770271561168e-06
2.65787224 9.163006057092567e-06
2.659223471 1.1046625034961031e-05
2.6605747030000004 1.0172778776566327e-05
2.6619259339999997 1.308747755374718e-05
2.663277166 1.6379511389360722e-05
2.664628397 1.5714646494890593e-05
2.6659796289999997 1.7853407243389598e-05
2.66733086 1.8140270829253676e-05
2.668682091 1.908276234900777e-05
2.670033323 2.378126798623606e-05
2.6713845540000003 2.517588956316214e-05
2.672735786 2.5103089900004284e-05
2.6740870169999997 2.671402135486159e-05
2.675438249 3.12538323612568e-05
2.67678948 3.490111790621384e-05
2.678140711 3.821116452000274e-05
2.679491943 4.046047297344728e-05
2.680843174 3.870988070952744e-05
2.6821944060000003 4.3119856375266157e-05
2.6835456370000004 4.790665261935176e-05
2.684896869 5.349331006286884e-05
2.6862481 5.5174516563034606e-05
2.6875993319999996 6.196612036815188e-05
2.6889505629999997 6.414711632717139e-05
2.690301794 6.683771517690034e-05
2.691653026 7.126784383838664e-05
2.693004257 7.853721449300742e-05
2.694355489 8.107692708246919e-05
2.69570672 8.405244827440744e-05
2.697057952 8.79859723955449e-05
2.6984091830000003 9.208596721339496e-05
2.699760414 9.885974005580992e-05
2.7011116459999998 0.00010392655300042627
2.702462877 0.00010741651796448078
2.703814109 0.00011241624908147229
2.70516534 0.00011839887224803042
2.706516572 0.00012495497888621876
2.707867803 0.00012953275411981376
2.7092190350000003 0.00013535838706853532
2.7105702660000004 0.00014073355201181244
2.7119214969999996 0.00015071984598830556
2.713272729 0.00015910998247519267
2.71462396 0.0001643915360398766
2.7159751919999997 0.00017130059691482995
2.717326423 0.00018143434875780905
2.718677655 0.00019253425521003072
2.720028886 0.00020189910743136842
2.7213801170000003 0.00021461054138247523
2.722731349 0.00022772109577631134
2.7240825799999997 0.0002413960003688831
2.7254338120000003 0.000255687272864773
2.726785043 0.0002686726277772569
2.7281362749999998 0.0002864848882654094
2.729487506 0.0003079324309358402
2.730838738 0.0003304369244030336
2.732189969 0.00035478081124753493
2.7335412000000003 0.00037969889057515294
2.734892432 0.00040797791906498955
2.736243663 0.00044441180935349603
2.737594895 0.0004765239831573296
2.7389461259999996 0.0005160873853116853
2.740297358 0.0005623655680772658
2.741648589 0.0006154648584295109
2.7429998209999997 0.000671417102754244
2.744351052 0.0007315960447829358
2.745702283 0.000800597149185555
2.747053515 0.0008780549401621949
2.7484047460000003 0.0009636362267456899
2.749755978 0.0010542490558534956
2.7511072089999997 0.001157045208176252
2.7524584410000004 0.0012669330291218616
2.753809672 0.0013853086522539486
2.755160903 0.0015237003463500977
2.756512135 0.0016702763707753107
2.757863366 0.0018284699154009964
2.7592145980000002 0.0020020190820440034
2.760565829 0.002193285402561556
2.761917061 0.0023979756836102904
2.7632682920000002 0.002619715928070317
2.764619524 0.002860292922068513
2.7659707549999997 0.0031216631061576176
2.767321986 0.00339949757316734
2.768673218 0.003698054776199833
2.770024449 0.004018361471098974
2.771375681 0.004358182357337316
2.772726912 0.004722779582796506
2.774078144 0.005109713518403246
2.7754293750000003 0.005521178375493624
2.776780606 0.005970174612238187
2.7781318379999997 0.006451513582749209
2.779483069 0.006970306319959268
2.780834301 0.00751780154253597
2.782185532 0.008113001775325902
2.783536764 0.008755836893932691
2.784887995 0.009453294194961942
2.786239227 0.010202391741569835
2.787590458 0.01103260132135456
2.788941689 0.011936682611081485
2.7902929210000003 0.012924030144935693
2.791644152 0.014008630127532836
2.7929953839999997 0.015215105093229164
2.794346615 0.01654239902864121
2.795697847 0.01800752759225922
2.797049078 0.01965205013183835
2.7984003090000003 0.02149446472524459
2.799751541 0.023540191211210128
2.801102772 0.02581939783419869
2.8024540040000003 0.02838121935336374
2.803805235 0.03124921606169406
2.8051564669999998 0.03442047531236091
2.806507698 0.03802758493247051
2.80785893 0.04208084411556287
2.8092101609999998 0.0466240787652374
2.810561392 0.05168069219705318
2.811912624 0.05739453327934392
2.813263855 0.0637840619159403
2.814615087 0.07087135384986137
2.8159663179999996 0.0787623184949997
2.8173175500000003 0.08752711653782196
2.818668781 0.0972674363981797
2.8200200129999997 0.1077744244856526
2.821371244 0.1192462100558026
2.822722475 0.13161068361609124
2.824073707 0.1448152382056796
2.8254249380000003 0.15878216002992784
2.82677617 0.1733643452562817
2.828127401 0.18840388600133173
2.8294786330000004 0.20373625713329663
2.830829864 0.2191556254189614
2.8321810949999997 0.23439964452545142
2.833532327 0.24929368058688556
2.834883558 0.2636788333129292
2.83623479 0.2773368616927482
2.837586021 0.289923140465759
2.838937253 0.30186063847992267
2.8402884840000002 0.3129655556005264
2.841639716 0.3232991624875021
2.8429909469999997 0.3323685151469402
2.8443421779999998 0.34054420283113207
2.84569341 0.3478945188000945
2.847044641 0.354449383416381
2.848395873 0.36021718848157597
2.849747104 0.3653506314331453
2.851098336 0.36966353397143303
2.8524495670000003 0.37339129808521976
2.8538007980000004 0.3766374122923536
2.85515203 0.3794383508743775
2.856503261 0.38184967785285406
2.8578544929999996 0.38386906847211655
2.8592057239999997 0.38558700846446736
2.860556956 0.38682568213359647
2.861908187 0.3879120686434959
2.863259419 0.3889742769431008
2.86461065 0.39009046556662036
2.865961881 0.39093179610239887
2.8673131130000002 0.39143347320739175
2.868664344 0.39179904141172156
2.8700155759999997 0.39205765284173805
2.871366807 0.3922548138229562
2.872718039 0.3923724532013829
2.87406927 0.3924123584163345
2.8754205010000002 0.39239180895326353
2.876771733 0.3923485680406054
2.878122964 0.39227037440565277
2.8794741960000003 0.3921865259185998
2.8808254270000004 0.39208045388175183
2.882176659 0.3919726767641585
2.88352789 0.39186026319365685
2.8848791219999996 0.39174534618891427
2.8862303529999997 0.39118980712569995
2.887581584 0.39110756302001914
2.888932816 0.3910325300230576
2.890284047 0.3909831651029605
2.891635279 0.39102634195766806
2.89298651 0.39151248138482886
2.8943377420000003 0.3915676556481556
2.895688973 0.39162450172313634
2.8970402049999997 0.3916669416598605
2.898391436 0.3916941522508465
2.899742667 0.3917079587939276
2.901093899 0.3916179653513515
2.9024451300000003 0.39148766219279973
2.903796362 0.39133071296421507
2.905147593 0.3911673253705851
2.9064988250000003 0.39097586015720026
2.907850056 0.3907505316972606
2.9092012869999997 0.3905030259945745
2.910552519 0.39000308592919364
2.91190375 0.38958590371898705
2.9132549819999998 0.3893491593285092
2.914606213 0.38910985240611606
2.915957445 0.3888552631858021
2.917308676 0.3885780571645536
2.918659908 0.3883032868278941
2.920011139 0.3880238279534107
2.9213623699999998 0.3875931714326799
2.922713602 0.3871577915850658
2.924064833 0.3867188825698918
2.925416065 0.3862746282862331
2.926767296 0.38616617566942335
2.928118528 0.38583736555935416
2.9294697590000003 0.38540882968554996
2.93082099 0.38492550440642814
2.932172222 0.38438934917001616
2.933523453 0.38385944319944443
2.934874685 0.38332531603815423
2.9362259159999997 0.38278912905361395
2.937577148 0.3819932393548625
2.938928379 0.3812651670597421
2.940279611 0.3807533754205921
2.941630842 0.38027863471686296
2.942982073 0.37980296195347174
2.9443333050000002 0.3797763975117213
2.9456845360000004 0.37928953332266224
2.947035768 0.378805184017812
2.948386999 0.3783141033610948
2.949738231 0.37781727734983384
2.951089462 0.37758383775500576
2.952440694 0.3769386598103266
2.953791925 0.37628996879187115
2.955143156 0.37565670671998974
2.956494388 0.3750268222973787
2.957845619 0.37441216438373864
2.959196851 0.373816207486494
2.960548082 0.37323178423751985
2.9618993139999996 0.3726687832160439
2.9632505449999997 0.3721272303935287
2.964601776 0.371617340271526
2.965953008 0.3711366574162408
2.967304239 0.3706998486069598
2.968655471 0.3702792071257687
2.970006702 0.36988906882354
2.9713579340000003 0.36956460820494824
2.9727091650000004 0.3692818606840764
2.974060397 0.36904179153870004
2.975411628 0.3691826874053755
2.976762859 0.36951312295442307
2.978114091 0.3693575926561765
2.979465322 0.3692341734092469
2.980816554 0.3690013589417338
2.982167785 0.368706938834235
2.983519017 0.3684317374312379
2.984870248 0.36817365368400634
2.9862214789999997 0.36792073280315174
2.987572711 0.3676701063920639
2.988923942 0.36778159357434914
2.9902751739999998 0.36759218536423965
2.991626405 0.36750423309031593
2.992977637 0.3674039449850731
2.994328868 0.36729760818796564
2.9956801 0.3671635237830955
2.997031331 0.36701674161362763
2.9983825619999998 0.3668460491202543
2.9997337940000004 0.36665079094168973
3.001085025 0.3662441627358717
3.002436257 0.3660774229142575
3.003787488 0.36554286579252715
3.0051387199999997 0.3649720870164269
3.006489951 0.36458984060279837
3.007841182 0.36418320246672276
3.009192414 0.3635379574972062
3.0105436450000003 0.3629765567386276
3.011894877 0.36257412496618346
3.0132461079999997 0.3621484660977826
3.01459734 0.36170052851273726
3.015948571 0.3612337980868128
3.017299803 0.36076259404041144
3.018651034 0.36027514980479486
3.020002265 0.3597735734813432
3.021353497 0.35908446236369373
3.0227047280000003 0.35838871895747065
3.02405596 0.35768465811500993
3.0254071909999998 0.35696647030134604
3.0267584230000004 0.3562406215228336
3.0281096539999997 0.3555014029300258
3.029460886 0.3547629303523064
3.030812117 0.35423049356419106
3.032163348 0.3538329617054081
3.03351458 0.35341616376556284
3.034865811 0.3529925838957243
3.036217043 0.3526430980973977
3.0375682740000003 0.35252144975102695
3.038919506 0.3520537862775368
3.0402707369999997 0.3516216578226327
3.041621968 0.3513659778207222
3.0429732 0.3510949873070684
3.044324431 0.35080782565374946
3.045675663 0.35050446612823505
3.047026894 0.3501871382607614
3.0483781260000002 0.3499944424628697
3.0497293570000004 0.34988272010993526
3.051080589 0.3494256840150538
3.05243182 0.3489372569754894
3.053783051 0.3484406087809785
3.0551342829999997 0.3479475570151853
3.056485514 0.347454834984109
3.057836746 0.34697155602077
3.059187977 0.3464955864597876
3.060539209 0.3462015688864042
3.06189044 0.3461661022136916
3.063241671 0.3461550817290783
3.0645929030000003 0.34616545394804765
3.065944134 0.3465948175000142
3.0672953659999997 0.34668366523477206
3.068646597 0.3470301661852277
3.069997829 0.34729051925586146
3.07134906 0.34720548446998206
3.072700292 0.3471417033490467
3.074051523 0.3471083106841426
3.075402754 0.3471065573313661
3.0767539860000004 0.3471272511377924
3.0781052169999996 0.34716980176597845
3.079456449 0.3472360881538331
3.08080768 0.3475305663123223
3.0821589119999997 0.3479751516041863
3.083510143 0.34842139894217555
3.084861374 0.3488687517423136
3.086212606 0.34931640591026036
3.0875638370000003 0.34975275992950106
3.088915069 0.350175257452314
3.0902662999999997 0.3505946695509597
3.0916175320000003 0.35108958661786643
3.092968763 0.35155050321420667
3.0943199949999998 0.3524099615034872
3.095671226 0.3528153924594797
3.097022457 0.35319375432159
3.098373689 0.35353801685843805
3.0997249200000003 0.35386327741049
3.101076152 0.3540121589989683
3.102427383 0.3541102865648698
3.103778615 0.35419969255335904
3.1051298459999996 0.35428521503760235
3.106481078 0.3543720710707561
3.107832309 0.35447671393331903
3.10918354 0.35458885771854454
3.110534772 0.3547769974172593
3.111886003 0.3550635113772217
3.113237235 0.35538720559351383
3.1145884660000003 0.355738483141531
3.115939698 0.3561180800670792
3.1172909289999997 0.356521188326955
3.11864216 0.3569266514217775
3.119993392 0.35730818407536924
3.121344623 0.3583772401335591
3.122695855 0.3589348655138294
3.124047086 0.35938674269287185
3.1253983180000002 0.3596474476519652
3.126749549 0.3596791347112423
3.128100781 0.3593869780054654
3.1294520120000002 0.3586870924699369
3.130803243 0.3574530687058505
3.1321544749999997 0.3555173389009276
3.133505706 0.35295218342921686
3.134856938 0.3495516806970277
3.136208169 0.34531470314838036
3.137559401 0.34013560726416625
3.138910632 0.33390946326194426
3.140261863 0.32675480145428126
3.1416130950000003 0.31849540519161784
3.142964326 0.30931416092840247
3.1443155579999997 0.2990883296916217
3.145666789 0.2879909146959589
3.147018021 0.276146827553021
3.148369252 0.2638760935338872
3.149720484 0.2508857113073175
3.151071715 0.23746649641195847
3.152422946 0.22393670603490487
3.153774178 0.21042122766631002
3.155125409 0.19704289765826805
3.1564766410000002 0.18400974395089878
3.157827872 0.17133526026470586
3.1591791039999997 0.1592000133527791
3.160530335 0.14763406720282343
3.161881566 0.13668948981686047
3.163232798 0.1264232899711414
3.1645840290000002 0.11682258825806288
3.165935261 0.10790586696207066
3.167286492 0.09965183559634133
3.1686377240000003 0.09203580125159982
3.169988955 0.08502228918372542
3.1713401869999998 0.0786383874153614
3.172691418 0.07284037918461155
3.174042649 0.06749769056717389
3.1753938809999998 0.06258693961032565
3.176745112 0.05809200629822512
3.178096344 0.05398928793888513
3.179447575 0.05023606287658745
3.180798807 0.04679240437985006
3.182150038 0.043640452685198824
3.1835012700000003 0.04075343908085057
3.184852501 0.03811476844854879
3.186203732 0.035695043394171226
3.187554964 0.03347410239613485
3.188906195 0.031438951616056796
3.190257427 0.029564869245632657
3.1916086580000003 0.027841784151426484
3.19295989 0.02625671853787225
3.194311121 0.024791460792404414
3.195662352 0.02344113761712068
3.197013584 0.02219384839682429
3.1983648149999997 0.021058134171898918
3.199716047 0.019980274231814033
3.201067278 0.018977387736304436
3.2024185099999998 0.018044452024737156
3.203769741 0.017177304709579212
3.205120973 0.016366924878462023
3.206472204 0.015606637695546278
3.207823435 0.014892852277121782
3.209174667 0.014221750346209748
3.2105258979999998 0.013594547754916211
3.21187713 0.013003942038702587
3.213228361 0.01242869958863915
3.214579593 0.011900923122198995
3.215930824 0.011400661302354047
3.217282055 0.010924088199137191
3.2186332870000003 0.010471768412392859
3.2199845180000004 0.010041264440192573
3.22133575 0.009634665407204132
3.222686981 0.009245882798685195
3.2240382129999996 0.008864849025157606
3.2253894439999997 0.008499360824198839
3.226740676 0.008149247552763559
3.228091907 0.007811744790578154
3.229443138 0.007487988497550459
3.23079437 0.007171892658230544
3.232145601 0.006866120410263949
3.2334968330000002 0.006573045876394059
3.234848064 0.006287779519309594
3.2361992959999997 0.006010514720185544
3.237550527 0.005737784442080739
3.238901759 0.005470947964972091
3.24025299 0.005214055537938668
3.2416042210000002 0.004965504462722464
3.242955453 0.004724884380611821
3.244306684 0.00449187703767983
3.2456579160000003 0.0042667650768821765
3.2470091470000004 0.004047538498578992
3.248360379 0.003834626416795015
3.24971161 0.003626644021894807
3.251062841 0.0034266819775923105
3.2524140729999997 0.0032352352556891863
3.253765304 0.0030531280496944244
3.255116536 0.0028802080724314996
3.256467767 0.0027108005264484523
3.257818999 0.002545101424600858
3.25917023 0.002388183246688164
3.2605214620000003 0.0022390027032172673
3.261872693 0.0020994879218983525
3.263223924 0.001968046895783173
3.264575156 0.001838854913321978
3.265926387 0.0017132386250499772
3.267277619 0.001596983466685299
3.2686288500000003 0.001488654593517973
3.269980082 0.0013850701201007399
3.271331313 0.0012886467878359261
3.272682544 0.0011998362213200872
3.274033776 0.001114884332206174
3.2753850069999997 0.00103375103639011
3.276736239 0.0009602977451174164
3.27808747 0.0008919980791511775
3.2794387019999998 0.0008259516013468514
3.280789933 0.0007652857624155871
3.282141165 0.0007104121456534519
3.283492396 0.0006566328262652547
3.2848436270000003 0.0006067974154765445
3.286194859 0.0005624256423738439
3.2875460899999998 0.0005207597628237032
3.288897322 0.0004808690042560365
3.290248553 0.00044485205321192686
3.291599785 0.00041101298747937636
3.292951016 0.0003788360990611771
3.294302247 0.0003500329329807196
3.2956534790000003 0.0003236693824552879
3.29700471 0.0002980252845652975
3.298355942 0.00027500645095124456
3.299707173 0.0002558785928259039
3.301058405 0.000236212748730146
3.3024096359999997 0.00021833088384412065
3.303760868 0.0002030839249654894
3.305112099 0.0001868191551875861
3.30646333 0.00017067783582199212
3.307814562 0.00015610723214506562
3.309165793 0.00014475062483092384
3.3105170250000002 0.00013445038763266781
3.3118682560000003 0.0001233924768553221
3.313219488 0.0001128129028682365
3.3145707189999998 0.00010491401096834993
3.315921951 9.776984328302812e-05
3.317273182 8.898020650517858e-05
3.318624413 8.229125988097288e-05
3.319975645 7.831048420319927e-05
3.321326876 7.537013964588031e-05
3.322678108 7.028091201748531e-05
3.324029339 6.663859678729872e-05
3.325380571 6.368710387216497e-05
3.326731802 6.026125066573865e-05
3.328083033 5.8243682278755226e-05
3.3294342649999997 5.580737011770236e-05
3.330785496 5.2758160829296263e-05
3.332136728 4.915012794405799e-05
3.333487959 4.507332368761032e-05
3.334839191 4.264177783680351e-05
3.336190422 4.32812224788294e-05
3.3375416540000002 4.213862677801698e-05
3.3388928850000004 3.8847406566440923e-05
3.340244116 3.591793649759539e-05
3.341595348 3.311114974784415e-05
3.342946579 3.206797513457464e-05
3.344297811 3.2001902935574685e-05
3.345649042 3.339001855805214e-05
3.347000274 3.395470875077381e-05
3.348351505 3.428720767906941e-05
3.3497027360000002 3.4932002451979074e-05
3.351053968 3.364293920279462e-05
3.3524051989999997 3.338915141905674e-05
3.353756431 3.239916730492893e-05
3.355107662 3.0756402332985465e-05
3.3564588939999997 2.840383331127997e-05
3.357810125 2.6816427097507428e-05
3.359161357 2.765917416224732e-05
3.360512588 2.8686605853911096e-05
3.3618638190000003 2.900774014072713e-05
3.363215051 2.8105336661616475e-05
3.3645662819999997 2.6149978789716947e-05
3.3659175140000004 2.5787332566332805e-05
3.367268745 2.6431204306910306e-05
3.368619977 2.5630022581303208e-05
3.369971208 2.431536807393956e-05
3.371322439 2.4576861933876174e-05
3.372673671 2.530236649422416e-05
3.374024902 2.563501553454788e-05
3.375376134 2.4261012288246213e-05
3.3767273650000003 2.429730333990844e-05
3.378078597 2.5588002817901202e-05
3.3794298279999997 2.603634162326982e-05
3.38078106 2.5772697628694697e-05
3.382132291 2.4539447205237722e-05
3.383483522 2.566347482072637e-05
3.384834754 2.5622776421310748e-05
3.386185985 2.467909617181608e-05
3.387537217 2.195217741716358e-05
3.3888884480000003 1.9979999532194493e-05
3.39023968 2.0424265499725503e-05
3.3915909109999998 2.1576190351264812e-05
3.3929421430000004 2.3043530753635604e-05
3.3942933739999996 2.5395827088902005e-05
3.3956446049999998 2.624630353193797e-05
3.396995837 2.6594957240094455e-05
3.398347068 2.5872211110081536e-05
3.3996983 2.4914224559115696e-05
3.401049531 2.545878850060251e-05
3.402400763 2.7355508283580103e-05
3.4037519940000003 2.9147146247725834e-05
3.405103225 2.898310447485194e-05
3.4064544569999997 2.792935628778724e-05
3.407805688 2.666867330401553e-05
3.40915692 2.6339763657208944e-05
3.410508151 2.5730158827299704e-05
3.411859383 2.5033051054771277e-05
3.413210614 2.576162414042064e-05
3.4145618460000002 2.4957307189915424e-05
3.4159130770000004 2.6096186389107086e-05
3.4172643079999996 2.7196974991627556e-05
3.41861554 2.9315050023669607e-05
3.419966771 3.0231650797072183e-05
3.4213180029999997 2.992651901784051e-05
3.422669234 2.9208340759623476e-05
3.424020466 3.005816723425753e-05
3.425371697 3.200190791982025e-05
3.4267229280000002 3.204710687365891e-05
3.42807416 3.0484658990277686e-05
3.429425391 2.802255520474774e-05
3.4307766230000003 2.707276500769713e-05
3.432127854 2.9223438584102116e-05
3.4334790859999997 3.123561203908272e-05
3.434830317 3.259546766984859e-05
3.436181549 3.328148454777729e-05
3.43753278 3.2100530072029274e-05
3.4388840110000003 3.0896534999659554e-05
3.440235243 2.9955948437295887e-05
3.441586474 2.9935291223908165e-05
3.4429377060000004 3.0075022858542156e-05
3.4442889369999996 3.1967328799591355e-05
3.445640169 3.434845589611398e-05
3.4469914 3.517541541533123e-05
3.448342631 3.5305989539503494e-05
3.449693863 3.532564181543098e-05
3.451045094 3.5943558645644424e-05
3.452396326 3.423854227969906e-05
3.4537475570000002 3.296887348418497e-05
3.455098789 3.6496889925637255e-05
3.45645002 3.906087428339593e-05
3.4578012520000003 3.955321733717633e-05
3.459152483 3.9535362325540834e-05
3.460503714 3.842373500681015e-05
3.461854946 3.7052184148469535e-05
3.463206177 3.457666515964598e-05
3.464557409 3.2247135718724804e-05
3.4659086400000003 3.14006138290429e-05
3.467259872 3.315987611066161e-05
3.468611103 3.517205210879565e-05
3.469962335 3.389405767320573e-05
3.4713135659999996 3.309129922540312e-05
3.4726647969999997 3.25834211351687e-05
3.474016029 3.086771489120633e-05
3.47536726 2.966564199612869e-05
3.476718492 2.9995687022877485e-05
3.478069723 3.055321213979766e-05
3.479420955 2.905396008292118e-05
3.4807721860000003 2.8942134083918615e-05
3.482123417 3.206143508150014e-05
3.483474649 3.3298258187375754e-05
3.48482588 3.414831353287085e-05
3.486177112 3.461395170015685e-05
3.487528343 3.460063691216121e-05
3.488879575 3.574991067294474e-05
3.490230806 3.520922206806191e-05
3.491582038 3.397258703679303e-05
3.492933269 3.22896483430109e-05
3.4942845 3.2978337195142334e-05
3.495635732 3.606668172013758e-05
3.496986963 3.64633322045444e-05
3.4983381949999997 3.647906597167088e-05
3.4996894259999998 3.496621476440431e-05
3.501040658 3.1580890047900927e-05
3.502391889 3.071752465107924e-05
3.50374312 3.0315521382972942e-05
3.505094352 2.9924537427703333e-05
3.506445583 2.8802329663484495e-05
3.5077968150000003 2.6368049382352227e-05
3.509148046 2.600782018977748e-05
3.5104992779999997 2.5780563147360006e-05
3.511850509 2.5552142166281533e-05
3.513201741 2.5745792239395328e-05
3.514552972 2.376462256711769e-05
3.515904203 2.228475269655773e-05
3.517255435 2.061908722382091e-05
3.518606666 1.8846427330978978e-05
3.519957898 1.794297220258925e-05
3.521309129 1.7400718901870325e-05
3.5226603610000002 1.6733935555144796e-05
3.524011592 1.4965380226009156e-05
3.5253628239999997 1.2554249693978264e-05
3.526714055 1.2555720759320507e-05
3.528065286 1.345429895526595e-05
3.529416518 1.2838816668039151e-05
3.5307677490000002 1.050648478730726e-05
3.532118981 1.0086857313124522e-05
3.533470212 1.0088869461065837e-05
3.5348214440000003 1.032090228910083e-05
3.536172675 1.0178437566397881e-05
3.537523906 9.907445934824876e-06
3.538875138 1.064931419998639e-05
3.540226369 1.1855443118565422e-05
3.5415776009999997 1.0743760118677657e-05
3.542928832 8.80897660635399e-06
3.544280064 7.553143428296474e-06
3.545631295 7.338727277373109e-06
3.546982527 9.038886126740282e-06
3.548333758 1.2215183547579178e-05
3.5496849889999997 1.2609804932868884e-05
3.551036221 1.1389326944541483e-05
3.552387452 8.950513462242263e-06
3.553738684 9.056419942913622e-06
3.555089915 1.1342966864413818e-05
3.556441147 1.2923529711789804e-05
3.5577923780000003 1.2628537197173138e-05
3.5591436090000004 1.157737732926167e-05
3.560494841 1.2620628949088158e-05
3.561846072 1.4111589921463364e-05
3.563197304 1.3935282274202028e-05
3.5645485349999997 1.4106472111223406e-05
3.565899767 1.416825092640562e-05
3.567250998 1.4794573289609086e-05
3.5686022299999998 1.5997611110660962e-05
3.569953461 1.6475296110586647e-05
3.571304692 1.664868730513632e-05
3.572655924 1.5998454786615253e-05
3.574007155 1.5942994818145664e-05
3.575358387 1.6894397054205942e-05
3.5767096179999998 1.7859925529956213e-05
3.57806085 1.831675905296048e-05
3.579412081 1.7716518198685254e-05
3.580763312 1.64283826342207e-05
3.582114544 1.8125250720705536e-05
3.583465775 1.9742584862203784e-05
3.5848170070000003 2.0232042793397134e-05
3.5861682380000004 2.0533961479804256e-05
3.58751947 1.996177906694869e-05
3.588870701 1.987932246099083e-05
3.5902219329999996 2.0225341085148465e-05
3.5915731639999997 2.001193354996241e-05
3.592924395 2.0354956854191708e-05
3.594275627 2.051553469902175e-05
3.595626858 2.166076372993266e-05
3.59697809 2.407111459238008e-05
3.598329321 2.4216884674003135e-05
3.5996805530000002 2.3595822924875152e-05
3.601031784 2.3572657182595436e-05
3.602383016 2.3158375969276325e-05
3.603734247 2.2284289450486114e-05
3.605085478 2.1665051224422887e-05
3.60643671 2.0188916947735843e-05
3.607787941 1.9793074020706667e-05
3.609139173 1.9664225828690217e-05
3.610490404 2.219383905667073e-05
3.6118416360000003 2.542180643073196e-05
3.6131928670000004 2.541363595309579e-05
3.6145440979999997 2.5779536976716654e-05
3.61589533 2.5668407929014358e-05
3.617246561 2.5018896216982378e-05
3.6185977929999997 2.616882900909256e-05
3.619949024 2.6725550010902785e-05
3.621300256 2.5730579450403827e-05
3.622651487 2.5501447703449863e-05
3.624002719 2.5917772647535168e-05
3.62535395 2.6884702409308677e-05
3.6267051809999997 2.8148007628205314e-05
3.628056413 3.0359460756810417e-05
3.629407644 3.311214947541035e-05
3.630758876 3.421977325820777e-05
3.632110107 3.46392875562301e-05
3.633461339 3.352591546450852e-05
3.6348125700000002 3.1361630941962285e-05
3.6361638010000004 3.19848964562029e-05
3.637515033 3.277792783806492e-05
3.638866264 3.226732014973111e-05
3.640217496 3.377302896305529e-05
3.6415687269999997 3.499474333646349e-05
3.642919959 3.4503734039104556e-05
3.64427119 3.497703815007424e-05
3.6456224219999998 3.512273160058687e-05
3.646973653 3.482201001779516e-05
3.648324884 3.5258767022516526e-05
3.649676116 3.488147809874503e-05
3.6510273470000003 3.392477982188937e-05
3.652378579 3.2706375358233795e-05
3.6537298099999997 3.274516780299239e-05
3.655081042 3.466941404538112e-05
3.656432273 3.393945927829449e-05
3.657783504 3.24370151334119e-05
3.659134736 3.4432672279174385e-05
3.660485967 3.687436537726284e-05
3.6618371990000003 3.846984733468755e-05
3.66318843 4.0445115778939045e-05
3.664539662 4.099208844790719e-05
3.665890893 4.0853214487287784e-05
3.667242125 4.145553803903874e-05
3.6685933559999997 4.1636399222080394e-05
3.669944587 4.182688946327524e-05
3.671295819 4.265266593331172e-05
3.67264705 4.414855128920702e-05
3.673998282 4.50684013657226e-05
3.675349513 4.4210904526596356e-05
3.676700745 4.292095207142166e-05
3.6780519760000003 4.2255693590012485e-05
3.679403208 4.0885978813534937e-05
3.6807544389999998 3.860197839513538e-05
3.68210567 3.670503592112517e-05
3.683456902 3.855712161452523e-05
3.684808133 4.3975838284680615e-05
3.686159365 4.636553362896445e-05
3.687510596 4.5978580465740117e-05
3.688861828 4.61940793025825e-05
3.690213059 4.475032818811493e-05
3.6915642899999996 4.319790635161607e-05
3.692915522 4.415396967092527e-05
3.694266753 4.579055554220234e-05
3.6956179849999997 4.7629744952560665e-05
3.696969216 4.845707200433911e-05
3.698320448 4.640651595405969e-05
3.699671679 4.4132583500018e-05
3.701022911 4.2689079447968906e-05
3.702374142 4.172790288149272e-05
3.703725373 4.298504779904786e-05
3.7050766050000004 4.526857757054273e-05
3.706427836 4.6650580994870455e-05
3.707779068 4.747645488224806e-05
3.709130299 4.739874671596854e-05
3.710481531 4.683149500048526e-05
3.711832762 4.6146780900994925e-05
3.713183993 4.460886568904805e-05
3.714535225 4.317008941910323e-05
3.7158864560000002 4.167267212190649e-05
3.717237688 3.9871386956046536e-05
3.7185889189999997 4.0973711978577354e-05
3.719940151 4.432236894316283e-05
3.721291382 4.590037232132662e-05
3.7226426139999997 4.6016444048204024e-05
3.723993845 4.391675126331589e-05
3.725345076 4.0407020790705496e-05
3.726696308 3.992139495176074e-05
3.7280475390000003 4.172489666797559e-05
3.729398771 4.290089117880127e-05
3.730750002 4.442391870238423e-05
3.7321012340000004 4.633405299044655e-05
3.733452465 4.735027110578654e-05
3.7348036959999997 4.7795960393980765e-05
3.736154928 4.673243708106219e-05
3.737506159 4.448709339212773e-05
3.738857391 4.244691068357285e-05
3.740208622 4.065991779075455e-05
3.741559854 4.035004241269818e-05
3.7429110850000002 4.0686867448110544e-05
3.744262317 4.0441030122333584e-05
3.7456135479999997 4.239478453492735e-05
3.746964779 4.605057672844383e-05
3.748316011 4.6892077601166125e-05
3.749667242 4.5140955100115795e-05
3.751018474 4.367055485196091e-05
3.752369705 4.360792081143648e-05
3.753720937 4.505281350640676e-05
3.7550721680000003 4.565669822633398e-05
3.7564234 4.4364847510510106e-05
3.757774631 4.2963105928928296e-05
3.759125862 4.1252864131396895e-05
3.7604770939999996 3.936762762655314e-05
3.7618283249999998 3.9015063026082297e-05
3.763179557 3.915396762100564e-05
3.764530788 3.814942031471338e-05
3.76588202 3.603354945788697e-05
3.767233251 3.307645458824901e-05
3.768584482 3.176076159648801e-05
3.7699357140000003 3.395188905155533e-05
3.771286945 3.614422039196865e-05
3.7726381769999997 3.537749165325371e-05
3.773989408 3.429762127881533e-05
3.77534064 3.424211078600215e-05
3.776691871 3.4566523111880846e-05
3.778043103 3.5071100967510364e-05
3.779394334 3.5156816378070024e-05
3.780745565 3.452509151461778e-05
3.7820967970000003 3.376655162526679e-05
3.7834480279999996 3.267794954058573e-05
3.7847992599999998 3.207213781190859e-05
3.786150491 3.242092891969433e-05
3.7875017229999997 3.1457658828598915e-05
3.7888529539999998 2.9709031352939355e-05
3.790204185 2.9788868822942877e-05
3.791555417 3.095010539145928e-05
3.792906648 3.166177184889006e-05
3.79425788 3.3079096886520575e-05
3.795609111 3.4157112696166884e-05
3.7969603430000003 3.488371280035568e-05
3.798311574 3.530596439641606e-05
3.7996628059999997 3.476289104886586e-05
3.801014037 3.361164830650363e-05
3.802365268 3.296250511466991e-05
3.8037165 3.296867440289082e-05
3.8050677310000003 3.267708790701782e-05
3.806418963 3.0877386093468316e-05
3.807770194 2.9560311958352286e-05
3.8091214260000004 3.1078889973862594e-05
3.8104726569999996 3.323275919717287e-05
3.811823889 3.384541812294092e-05
3.81317512 3.291250168298317e-05
3.814526351 3.0742900250117953e-05
3.815877583 2.932901691903962e-05
3.817228814 3.0003859498463413e-05
3.818580046 3.0288925070024887e-05
3.8199312770000002 2.9203729567361058e-05
3.821282509 2.9549808765720933e-05
3.82263374 3.09119140342085e-05
3.823984971 3.0601711969113596e-05
3.825336203 2.9413277101508227e-05
3.826687434 2.9137947316692246e-05
3.828038666 2.9102291640738096e-05
3.829389897 2.850346140984331e-05
3.830741129 2.681788001235974e-05
3.8320923600000003 2.4622068346511023e-05
3.833443592 2.4945386955154106e-05
3.834794823 2.6826345803187494e-05
3.836146054 2.7192329519696008e-05
3.8374972859999996 2.8123533210672042e-05
3.8388485169999997 2.876870105522937e-05
3.840199749 2.7295355608498315e-05
3.84155098 2.7164136735337624e-05
3.842902212 2.7893680102566466e-05
3.844253443 2.7431642689936936e-05
3.845604674 2.764985807013127e-05
3.8469559060000003 2.8477654419566872e-05
3.848307137 2.7654611738618993e-05
3.849658369 2.565966720744121e-05
3.8510096 2.4927545000063376e-05
3.852360832 2.535119661600419e-05
3.853712063 2.514133136506937e-05
3.855063295 2.4434337489458814e-05
3.856414526 2.3543847794324653e-05
3.857765757 2.2940678015889012e-05
3.859116989 2.2171794415017203e-05
3.86046822 2.0529267681994835e-05
3.861819452 2.2043044625137338e-05
3.863170683 2.6453815596460383e-05
3.8645219149999996 2.7417922755318125e-05
3.8658731459999998 2.6376402758884125e-05
3.867224377 2.6751854898232062e-05
3.868575609 2.6637035654878493e-05
3.86992684 2.587567774325354e-05
3.871278072 2.6170074022045182e-05
3.872629303 2.724307567632649e-05
3.8739805350000003 2.6580674940174286e-05
3.875331766 2.5028567865559017e-05
3.876682998 2.441529939940779e-05
3.878034229 2.4974941698000677e-05
3.87938546 2.5619915649603184e-05
3.880736692 2.5444728816084295e-05
3.882087923 2.5089460795359514e-05
3.883439155 2.5977148753391344e-05
3.884790386 2.6247687047180708e-05
3.886141618 2.5954474174862904e-05
3.887492849 2.6767472712283633e-05
3.8888440810000002 2.7808762561838858e-05
3.890195312 2.7944464086136215e-05
3.891546543 2.795412308883213e-05
3.892897775 2.772309477789308e-05
3.894249006 2.7069636670192872e-05
3.895600238 2.7016087170511383e-05
3.8969514690000002 2.8101847934985187e-05
3.898302701 2.8452480078909072e-05
3.899653932 2.804409674804565e-05
3.9010051629999998 2.886806906212664e-05
3.902356395 2.9183467700801104e-05
3.903707626 2.74989315111676e-05
3.905058858 2.5631398929583424e-05
3.906410089 2.5904225858970698e-05
3.9077613209999997 2.845057405864661e-05
3.909112552 3.077033435779926e-05
3.910463784 3.0762106822218905e-05
3.911815015 2.9321168286134965e-05
3.913166246 2.8143007701957444e-05
3.914517478 2.6586015490884318e-05
3.9158687089999997 2.5526070857609086e-05
3.917219941 2.7927789782106426e-05
3.918571172 3.0826394642742326e-05
3.919922404 3.137855664981233e-05
3.921273635 3.0072277582127707e-05
3.922624866 2.7110660391234695e-05
3.9239760980000002 2.4512722945361004e-05
3.9253273290000004 2.4855759852653602e-05
3.926678561 2.672004684259752e-05
3.928029792 2.7128839393322883e-05
3.929381024 2.6185857208563058e-05
3.9307322549999997 2.583951947206913e-05
3.932083487 2.515536151665813e-05
3.933434718 2.4743917138323908e-05
3.934785949 2.6374168676011383e-05
3.936137181 2.8735080927548942e-05
3.937488412 3.0690736873623784e-05
3.938839644 3.138324679725926e-05
3.940190875 3.028306293917531e-05
3.941542107 2.8413847127126412e-05
3.9428933379999997 2.7502606573390923e-05
3.944244569 2.781649285039946e-05
3.945595801 2.735772413127838e-05
3.946947032 2.610796159984804e-05
3.948298264 2.5485357066318516e-05
3.949649495 2.613160974369187e-05
3.9510007270000003 2.7727987620900125e-05
3.9523519580000004 2.8825085635071363e-05
3.95370319 2.85394559575302e-05
3.955054421 2.7669821613451098e-05
3.956405652 2.6392097706178252e-05
3.9577568839999997 2.3986360933265765e-05
3.959108115 2.201576743495574e-05
3.960459347 2.088856207108811e-05
3.961810578 1.9075147523764038e-05
3.96316181 1.956033434901331e-05
3.964513041 2.2981613692969275e-05
3.965864273 2.624921412541549e-05
3.967215504 2.545533633319376e-05
3.968566735 2.2856283935256023e-05
3.9699179669999998 2.1792718026941978e-05
3.971269198 2.1076777072875555e-05
3.97262043 2.096423020600124e-05
3.973971661 2.233696686125024e-05
3.975322893 2.3499270379118017e-05
3.976674124 2.4261428660245036e-05
3.978025355 2.4791759791869415e-05
3.9793765870000004 2.443113377383493e-05
3.9807278179999996 2.359538122923568e-05
3.98207905 2.4908557990170785e-05
3.983430281 2.7368752332399e-05
3.9847815129999997 2.6921721631785383e-05
3.986132744 2.596747024667639e-05
3.987483976 2.56424254790055e-05
3.988835207 2.535014922007212e-05
3.9901864380000003 2.4975744633719577e-05
3.99153767 2.4768914376833355e-05
3.9928889009999997 2.454250597115958e-05
3.994240133 2.3795639625829344e-05
3.995591364 2.3801824933596613e-05
3.996942596 2.365282204299913e-05
3.998293827 2.3523104923346133e-05
3.999645058 2.392675771562983e-05
4.00099629 2.403635374466547e-05
4.002347521 2.292811395070592e-05
4.003698753 2.0941499882429492e-05
4.005049984 1.9710757545151086e-05
4.006401216 1.956579072119577e-05
4.007752447 2.1441096883173942e-05
4.009103679 2.4069762194607338e-05
4.01045491 2.5029236072717785e-05
4.011806141 2.3769924326330946e-05
4.013157373 2.230099575843308e-05
4.014508604 2.197178415285364e-05
4.015859836 2.171066418940605e-05
4.017211067 2.175954508101216e-05
4.018562299 2.1586272780132202e-05
4.01991353 2.048948967669836e-05
4.021264761 2.0015583850411537e-05
4.022615993 2.1053144065476017e-05
4.023967224 2.3219836025568986e-05
4.025318456 2.4639766387219914e-05
4.026669687 2.47403095197064e-05
4.028020919 2.2989886451753228e-05
4.02937215 2.118662172370445e-05
4.030723382 1.927382397159579e-05
4.032074613 1.784532213043974e-05
4.033425844 1.775673114668187e-05
4.034777076 1.6870071036648402e-05
4.036128307 1.646680002101214e-05
4.037479539 1.5160329635087874e-05
4.03883077 1.275614933443167e-05
4.040182002 1.1748663023348316e-05
4.041533233 1.0715327279870922e-05
4.042884465 1.0960427076722194e-05
4.044235696 1.025709200721992e-05
4.0455869269999996 1.0548016893767751e-05
4.046938159 1.1459658594689647e-05
4.04828939 1.2873337726980662e-05
4.049640622 1.3556437804171937e-05
4.050991853 1.3657372035401677e-05
4.052343085 1.1409331597998374e-05
4.053694316 9.712143349404361e-06
4.055045547 9.15995557970702e-06
4.056396779 1.047465242713147e-05
4.05774801 1.3002687875197648e-05
4.059099241999999 1.3360491746311987e-05
4.0604504729999995 1.1212204288578325e-05
4.061801705 9.826490648570296e-06
4.063152936 1.0111728268530664e-05
4.064504168 1.1270188016489875e-05
4.065855399 1.235134882785454e-05
4.06720663 1.0684944956035202e-05
4.0685578620000005 9.084112076182065e-06
4.069909093000001 8.754377205702274e-06
4.071260325 9.308727717744906e-06
4.072611556 9.974604629363503e-06
4.073962788 8.603329644219142e-06
4.075314019 7.2966640441121145e-06
4.07666525 6.297889221073517e-06
4.078016482 4.852506029704403e-06
4.079367713 4.9132270755449606e-06
4.080718945 6.6102554387494806e-06
4.082070176 9.09171146245792e-06
4.083421408 9.68612986081004e-06
4.084772639 9.879011492030753e-06
4.086123871 8.338889857200188e-06
4.087475102 6.254287098268923e-06
4.088826333 5.735740402699371e-06
4.090177565 6.6600970375530025e-06
4.091528796 7.4953190657651385e-06
4.092880028 7.86885000371231e-06
4.094231259 9.14269770027849e-06
4.095582491 1.0430469016151595e-05
4.096933722 1.070832019396234e-05
4.098284953 8.796247590548844e-06
4.0996361850000005 7.840246311954195e-06
4.100987416 8.57101637198337e-06
4.102338648 7.533153090508878e-06
4.103689878999999 7.307310774063644e-06
4.105041110999999 7.530780822908489e-06
4.106392342 8.243562060962396e-06
4.107743574 8.724193875095606e-06
4.109094805 8.097915398071086e-06
4.110446036 6.885385651560539e-06
4.111797268 5.516490432055328e-06
4.113148499 4.735905334498533e-06
4.1144997309999995 4.930236690276381e-06
4.115850962000001 4.690288508593076e-06
4.117202194000001 2.839814821055009e-06
4.118553425 2.579375680147674e-06
4.119904657 2.887391108173298e-06
4.121255887999999 3.3619837117255736e-06
4.122607119 2.4908010209837413e-06
4.123958351000001 2.2375459607816916e-06
4.125309582 2.2864285756983726e-06
4.126660814 3.099085726590401e-06
4.128012045 3.91757027410722e-06
4.129363277 4.884718866688714e-06
4.130714508 4.678448418592284e-06
4.132065739 5.383714807184537e-06
4.133416971 8.201834987358307e-06
4.134768202 8.319298360163101e-06
4.136119434 5.975401300224951e-06
4.1374706649999995 3.848052849437831e-06
4.138821897 3.26688076616448e-06
4.140173128000001 3.229855620103893e-06
4.14152436 3.727441982549017e-06
4.142875591 3.992517874136939e-06
4.144226821999999 3.811335686338268e-06
4.145578054 3.6901728526365707e-06
4.146929285000001 3.999212015412334e-06
4.148280517 4.108245851680061e-06
4.149631748 4.244043256627647e-06
4.15098298 4.501768165883755e-06
4.152334211 5.365445045473043e-06
4.153685442 5.0470692809395525e-06
4.155036674 3.2424498604257815e-06
4.156387905 3.0585275130866292e-06
4.157739136999999 2.9242779967980883e-06
4.159090368 3.491865225569698e-06
4.1604416 3.860576558450723e-06
4.161792831 5.295937956385985e-06
4.163144063 4.955301665691312e-06
4.164495294 5.7390647925357644e-06
4.165846525 5.4030787841774095e-06
4.167197757 2.744554611270108e-06
4.1685489879999995 6.137860142509258e-08
4.169900220000001 1.271300550430212e-08
4.171251451 5.685012899454299e-07
4.172602683 1.730200462074433e-06
4.173953914 2.361646550567701e-06
4.1753051459999995 2.6006947722172525e-06
4.1766563770000005 2.9835768695700764e-06
4.178007608 3.347537559717303e-06
4.17935884 3.499549779522634e-06
4.180710071 3.368700932297406e-06
4.182061303 2.3011335212910518e-06
4.183412534 1.338671540198664e-06
4.184763766 2.2234686334706164e-07
4.186114997 2.1064362624368014e-07
4.187466228 3.0295215391611296e-07
4.18881746 6.317942960525312e-07
4.190168691 1.702172374860026e-06
4.1915199229999995 2.737739971077224e-06
4.1928711540000005 2.572883797899631e-06
4.194222386000001 1.5584037540528638e-06
4.195573617 1.2899298128695959e-06
4.196924849 1.5711605036798654e-06
4.198276079999999 1.6623426037741797e-06
4.199627311 1.7063853189295735e-06
4.200978543 1.8100601839548013e-06
4.202329774 8.644695806287439e-07
4.203681006 1.1573836737780105e-07
4.205032237 1.4229995443541866e-06
4.206383469 2.24647573949017e-06
4.2077347 1.7586842566370917e-06
4.209085931 2.0821620018854695e-06
4.210437163 2.2459098601978065e-06
4.211788394 3.638501044433249e-06
4.213139626 5.239382017900695e-06
4.2144908569999995 6.345088057110277e-06
4.215842089 5.856476801359291e-06
4.217193320000001 2.892446616787143e-06
4.218544552 1.3369762332704122e-06
4.219895783 1.4110264128035406e-06
4.221247013999999 1.6631049254815856e-06
4.2225982459999996 3.2087373823887718e-06
4.223949477 3.834487583792756e-06
4.225300709 4.399072559306157e-06
4.22665194 3.941831160904464e-06
4.228003171999999 3.1228096707715383e-06
4.229354403 2.6614918503795484e-06
4.2307056339999995 3.5700891141173996e-06
4.232056866 4.4770776766549875e-06
4.233408097000001 5.0996360607797245e-06
4.234759329 5.29762206827636e-06
4.23611056 4.491375703548561e-06
4.237461792 3.817762353817453e-06
4.238813023 3.4310071430956106e-06
4.240164255 4.263722961159219e-06
4.241515486 5.458609353647202e-06
4.242866717 5.411280658581809e-06
4.244217949 3.583425484964294e-06
4.24556918 2.2643454585561856e-06
4.246920412000001 1.4456208812151195e-06
4.248271643 3.4111054079956894e-07
4.249622875 5.58643054293145e-09
4.250974105999999 4.1936956400472485e-08
4.2523253379999995 1.2445930982673392e-08
4.2536765690000005 1.4872696593793918e-08
4.2550278 1.396413326070048e-06
4.256379032 1.5280395186664574e-06
4.257730263 9.25390589940238e-07
4.259081495 9.029303251789471e-07
4.260432726 1.8900273445071167e-06
4.261783958 3.021632068574e-06
4.263135189 2.110231761665488e-06
4.26448642 2.0442090354665645e-06
4.265837652 2.994495937461279e-06
4.267188883 3.4405058802413456e-06
4.2685401149999995 1.9741152889705797e-06
4.2698913460000005 1.1107142811577356e-06
4.271242578000001 1.649192352184538e-06
4.272593809 2.55287327848535e-06
4.273945041 2.8050417199160327e-06
4.275296271999999 2.4525524445443947e-06
4.276647503 2.264005652199334e-06
4.277998735 2.7353387374602304e-06
4.279349966 4.0963845649966035e-06
4.280701198 4.630850412640808e-06
4.282052429 3.7224255170517866e-06
4.283403661 2.307981497158892e-06
4.284754892 1.5237397002055272e-06
4.286106123 6.054751074623922e-07
4.287457355 4.0315723911271254e-08
4.288808586 2.3768876930206697e-07
4.290159818 1.317573063849465e-06
4.2915110489999995 2.7824008013424847e-06
4.292862281 2.220905917564276e-06
4.294213512000001 1.589086400068499e-07
4.295564744 6.586631946284004e-09
4.296915975 9.205022075377352e-08
4.298267206 2.733244201986164e-07
4.299618438 4.775132632133644e-07
4.300969669 3.743614354007646e-07
4.302320901 9.313677936074183e-08
4.303672132 9.061033511656278e-09
4.305023363999999 1.9410962289141558e-08
4.306374595 1.0124198049174458e-06
4.3077258259999995 1.8295292009050514e-06
4.309077058 1.7032422037951318e-06
4.310428289000001 1.8150196616325014e-06
4.311779521 2.3837924096541524e-06
4.313130752 2.799219035185858e-06
4.314481984 2.5685959414554092e-06
4.315833215 1.6041538850552769e-06
4.317184447 2.1865197500758124e-06
4.318535678 2.918303446697601e-06
4.319886909 2.7436404802820414e-06
4.321238141 2.131952830360253e-06
4.322589372 1.3379474734955355e-06
4.323940604000001 8.741442384963125e-07
4.325291835 6.996835225412878e-07
4.326643067 1.185524557530832e-06
4.327994297999999 2.3895699179399347e-06
4.329345529999999 2.199441170479269e-06
4.3306967610000004 8.714860431216891e-07
4.332047992 3.4182669746983453e-07
4.333399224 2.1112895601689932e-07
4.334750455 1.4675263035544605e-06
4.336101687 2.6092689025314863e-06
4.337452918 2.2030159089864427e-06
4.33880415 2.1514714552294006e-06
4.340155381 1.5604224881898158e-06
4.341506612 1.0665139096598628e-06
4.342857844 2.851046530476767e-06
4.344209075 2.883467117399716e-06
4.3455603069999995 1.883565307433686e-06
4.3469115380000005 8.417456691443797e-07
4.34826277 8.935067934306832e-07
4.349614001 8.53132241113844e-07
4.350965233 1.000345578560949e-06
4.352316464 2.6579775126865113e-06
4.353667695 2.5938142532704928e-06
4.355018927 2.7534921099201264e-06
4.356370158 2.8164206401318756e-06
4.35772139 2.8776554683339963e-06
4.359072621 3.1714698851905112e-06
4.360423853 3.792675643459005e-06
4.361775084 3.706613681691982e-06
4.363126315000001 3.502246673440903e-06
4.364477547000001 3.114346028612805e-06
4.365828778 3.4282530226655425e-06
4.36718001 3.5194285098858598e-06
4.3685312409999995 1.6473279515254138e-06
4.369882473 1.1246555319113665e-06
4.371233704 4.1865904599002195e-07
4.372584936 1.3396149653759434e-08
4.373936167 1.1455206840822054e-08
4.375287398 1.8180941139050844e-07
4.37663863 7.3197385347734145e-09
4.377989861 2.4612187402520144e-08
4.379341093 4.6181259661960404e-07
4.380692324 1.7009705746761198e-06
4.382043555999999 1.6494566506441532e-06
4.383394787 1.586729003474941e-06
4.3847460179999995 1.4744750127158754e-06
4.38609725 1.2833869338479761e-06
4.387448481000001 1.0014932063656268e-06
4.388799713 1.397464344880024e-06
4.390150944 1.2878312885214754e-06
4.391502176 8.42592990551145e-07
4.392853407 6.632712511347855e-07
4.394204639 6.821840596826271e-07
4.39555587 1.203838209806818e-06
4.396907101 1.4481644241876784e-06
4.398258332999999 1.4823109046355876e-06
4.399609564 1.1549851500174392e-06
4.400960796000001 1.2237456651955286e-06
4.402312027 1.5322129701978842e-06
4.403663259 1.7446237302837013e-06
4.405014489999999 1.0728901517363493e-06
4.406365721999999 1.505568240797363e-07
4.407716953 1.2520564473144061e-08
4.409068184 7.944873897971246e-09
4.410419416 2.082164522139903e-07
4.411770647 1.4342502252217167e-07
4.413121879 8.125960255584362e-07
4.41447311 1.1418441867739065e-06
4.415824342 5.320319097696253e-07
4.417175573000001 1.4744399368800712e-07
4.418526804 2.2409301841922495e-08
4.419878036 5.492169781930704e-09
4.421229266999999 8.875896552634498e-08
4.4225804989999995 4.7592783423437696e-07
4.4239317300000005 1.5713331812043292e-06
4.425282962 1.0658475383213773e-06
4.426634193 3.2098706470984427e-07
4.427985425 9.174987764736542e-07
4.429336656 2.295266508412854e-06
4.430687887 2.035921031387592e-06
4.432039119 2.9907981362151915e-06
4.43339035 4.166315859530791e-06
4.434741582 3.7514345993718077e-06
4.436092813 1.7281962119095043e-06
4.437444045 9.509825323919753e-07
4.438795276 9.919139755657322e-07
4.440146507000001 4.969093296025553e-07
4.441497739000001 3.516570829572877e-08
4.44284897 7.27696490125743e-09
4.444200202 3.3479893509954126e-07
4.445551432999999 1.7364555202900955e-06
4.446902665 2.8995365726810522e-06
4.448253896 3.2160128745302635e-06
4.449605128 3.941298351965514e-06
4.450956359 4.543334174609615e-06
4.45230759 4.757537619782091e-06
4.453658822 3.931057762099209e-06
4.455010053 3.298573100239586e-06
4.456361285 3.1816984841937147e-06
4.457712516 3.38569900217321e-06
4.459063747999999 3.3281129721509087e-06
4.460414979 3.022992572969777e-06
4.4617662110000005 2.7381667061567977e-06
4.463117442 2.1421921215088628e-06
4.464468673000001 2.050921918000779e-06
4.465819905 3.294376090017727e-06
4.467171136 4.280812982044608e-06
4.468522368 3.919129804577522e-06
4.469873599 2.1541601761127537e-06
4.471224831000001 1.9921790653177593e-06
4.472576062 2.20290018304368e-06
4.473927293 2.563722718379191e-06
4.475278524999999 3.0434921357405907e-06
4.476629756 3.4548860389055914e-06
4.4779809880000006 3.497724026476973e-06
4.479332219 4.003095353383466e-06
4.480683451 3.4716440737925573e-06
4.482034682 3.6151255991178067e-06
4.483385914 4.043648582764918e-06
4.484737145 5.125942651769518e-06
4.486088376 4.6402934142436e-06
4.487439608 4.046707745876438e-06
4.488790839 3.2889544125142324e-06
4.490142071 3.2342217941048703e-06
4.491493302 4.073705632376103e-06
4.492844534 5.515045513663275e-06
4.494195765000001 5.876878522377678e-06
4.495546996 4.376796423682346e-06
4.496898228 3.909377493464059e-06
4.498249458999999 3.538152983903166e-06
4.4996006909999995 3.8419489578206945e-06
4.5009519220000005 5.233838150662066e-06
4.502303154 4.754600475717878e-06
4.503654385 4.181872374375214e-06
4.505005617 4.36726495158398e-06
4.506356848 5.480281463153188e-06
4.507708079 5.2916378830815e-06
4.509059311 4.769924806420053e-06
4.510410542 4.386242846528219e-06
4.511761774 4.309735050343399e-06
4.513113005 3.501882660681991e-06
4.514464237 2.3124182478798753e-06
4.5158154679999996 2.1831421435104373e-06
4.517166699000001 2.5976451886359828e-06
4.518517931 3.245092321234329e-06
4.519869162 3.6152812368525916e-06
4.521220394 4.130573674178748e-06
4.522571624999999 4.553634159726115e-06
4.523922857 4.703534240917897e-06
4.525274088 3.5257840839390755e-06
4.52662532 2.81100678575745e-06
4.527976551 2.519643843962311e-06
4.529327782 3.547247224741913e-06
4.530679014 4.720109613862086e-06
4.532030245 4.904747852761128e-06
4.533381477 4.991318001322888e-06
4.534732708 5.028220699327288e-06
4.53608394 5.2133764791946e-06
4.537435171 4.872069808912432e-06
4.5387864030000005 4.512955319309351e-06
4.540137634 4.134182680961113e-06
4.541488865 3.895980009371736e-06
4.542840097 4.1428839442400466e-06
4.544191328 4.425823444137757e-06
4.5455425599999995 5.7164286967302745e-06
4.5468937910000005 6.7431333112880845e-06
4.548245023000001 7.256709859624615e-06
4.549596254 7.158584776197055e-06
4.550947485 6.88059310249638e-06
4.552298716999999 6.059843849509554e-06
4.553649948 4.811327561849338e-06
4.5550011800000005 3.3137188047892913e-06
4.556352411 2.805801202150158e-06
4.557703643 3.1974836634292026e-06
4.559054874 3.6656093483626603e-06
4.560406106 4.2575450101487855e-06
4.561757337 4.5461156192476695e-06
4.563108568 3.699521431865851e-06
4.5644598 2.4185515288913713e-06
4.565811031 1.5365602542536782e-06
4.567162263 1.3787905113787404e-06
4.568513493999999 1.7319001123842369e-06
4.569864726 3.566593008364093e-06
4.571215957000001 3.998904772313424e-06
4.572567188 3.6550320670531904e-06
4.57391842 2.876419620411183e-06
4.575269650999999 1.967727999121399e-06
4.5766208829999995 1.186588935018227e-06
4.5779721140000005 1.0932002016204217e-06
4.579323346 1.3006104582627265e-06
4.580674577 2.2978014626021213e-06
4.582025809 3.5095437761361707e-06
4.58337704 2.7231591480047646e-06
4.584728271 1.8365215414429334e-06
4.586079503 1.364644111384806e-06
4.587430734 1.5543262900853066e-06
4.588781966 2.1768430570474113e-06
4.590133197 2.8293175096522527e-06
4.591484429 3.093691543093097e-06
4.5928356599999995 3.0968315068302904e-06
4.5941868910000005 3.6909239975835166e-06
4.595538123 1.0427638629388566e-06
4.596889354 9.295178646921554e-08
4.598240586 5.3310282912885216e-09
4.599591817 5.225965159645526e-09
4.6009430490000005 5.223152613915865e-09
4.60229428 5.220303518204659e-09
4.603645512 5.21742222694561e-09
4.604996743 5.214509430597722e-09
4.606347974 5.211560154939525e-09
4.607699206 5.404720220337115e-08
4.609050437 7.971577200255847e-07
4.610401669 1.6181465954638507e-06
4.611752900000001 2.674194544044259e-06
4.613104132 3.677383767771279e-06
4.614455363 3.5861245052509773e-06
4.6158065950000005 1.269344521974362e-06
4.617157826 1.8781834250623693e-07
4.618509057 5.592961458673969e-08
4.619860289 1.1791911540989416e-07
4.62121152 1.683407345436138e-07
4.622562751999999 2.4871958611693523e-07
4.6239139830000004 4.580984687110517e-07
4.625265215000001 9.337687457996492e-07
4.626616446 1.8936371241650143e-06
4.627967677 2.6231612349901603e-06
4.629318908999999 2.1307445264324244e-06
4.63067014 1.035032233319017e-06
4.6320213720000005 1.9581592328245147e-07
4.633372603 6.791009649582232e-07
4.634723835 7.027269848488594e-07
4.636075066 5.625492477573576e-07
4.637426298 4.903448412805916e-07
4.638777529 7.937205884775918e-07
4.64012876 1.4251084315014555e-06
4.641479992 2.008854220048412e-06
4.642831223 1.9365863365880986e-06
4.644182455 1.8946435344312124e-06
4.645533685999999 1.5883771335990307e-06
4.646884918 1.6445748210493805e-06
4.648236149000001 2.2530475513339983e-06
4.64958738 3.1296871342145666e-06
4.650938612 3.3278987572675828e-06
4.652289842999999 3.245349563147686e-06
4.6536410749999995 2.562411259589842e-06
4.6549923060000005 1.6186750192729303e-06
4.656343538 1.1318919010090665e-06
4.657694769 1.4663356571192217e-06
4.659046001 2.732506546862957e-06
4.660397232 2.213708126527266e-06
4.661748463 1.0289080656531119e-06
4.663099695 4.026026308518214e-06
4.664450926000001 6.008856470939804e-06
4.665802158 4.372630079134753e-06
4.667153389 3.136676164306539e-06
4.668504621 2.8220704449387264e-06
4.6698558519999995 2.7663092410977493e-06
4.6712070830000005 2.894441581709613e-06
4.672558315 2.6486956113927683e-06
4.673909546 2.239639863135404e-06
4.675260778 2.446502329503346e-06
4.676612009 2.6717182821622083e-06
4.6779632410000005 2.7856148200544266e-06
4.679314472 3.659529500778536e-06
4.680665704 4.412253814516023e-06
4.682016935 4.864750137879877e-06
4.683368166 4.984273777119265e-06
4.684719398 4.063432158198361e-06
4.686070629 3.772845452573675e-06
4.687421861 4.205477864788984e-06
4.688773092 4.034060227788169e-06
4.690124324 3.67201920327338e-06
4.691475555 2.54270042607929e-06
4.6928267869999996 2.048253367649002e-06
4.694178018 1.564263551830251e-06
4.695529249 2.059372852230724e-06
4.696880481 3.3902922625749165e-06
4.698231712 5.335616182096069e-06
4.699582943999999 6.543622953504495e-06
4.700934175 7.335178314619194e-06
4.702285407000001 7.33463001219064e-06
4.703636638 7.343431647238912e-06
4.704987869 7.526786547957623e-06
4.706339100999999 7.613774814307723e-06
4.707690332 6.3601728896003515e-06
4.7090415640000005 5.554846557351766e-06
4.710392795 5.26596437521132e-06
4.711744027 5.525184112216802e-06
4.713095258 7.178988326123888e-06
4.71444649 7.173648911661556e-06
4.7157977209999995 6.767365753172544e-06
4.717148952 6.172004229259356e-06
4.718500184000001 5.997640331125321e-06
4.719851415 6.201983693753519e-06
4.721202647 6.016342161375374e-06
4.722553877999999 6.485015185837225e-06
4.72390511 7.544025131387876e-06
4.725256341000001 8.109834646888531e-06
4.726607572 7.628782325306949e-06
4.727958804 6.421022472533254e-06
4.729310035 5.048183645963465e-06
4.730661267 3.998000086221631e-06
4.7320124980000005 2.8588601780335468e-06
4.73336373 2.940128265610732e-06
4.734714961 2.9724128230025565e-06
4.736066193 3.5846415950925135e-06
4.737417424 4.0802791956385025e-06
4.738768654999999 4.135697385825808e-06
4.740119887 3.5810437197630276e-06
4.741471118000001 3.4930127082204795e-06
4.74282235 3.96658788815871e-06
4.744173581 4.23337854538554e-06
4.745524813 4.385504851684351e-06
4.7468760439999995 3.33479820906132e-06
4.748227276 2.657702257693352e-06
4.749578507 2.8607648968385325e-06
4.750929738 2.714752983397529e-06
4.75228097 2.472095886497601e-06
4.753632201 2.3902755967400347e-06
4.7549834330000005 2.7946873066986726e-06
4.756334664 3.815794612546185e-06
4.757685896 4.432931943489752e-06
4.759037127 4.74407913463286e-06
4.760388358 4.368587844774085e-06
4.76173959 4.168408393489069e-06
4.763090821 5.6883776667970145e-06
4.764442053 6.0470236365144375e-06
4.765793284 6.098736723712936e-06
4.767144516 6.118135349545265e-06
4.768495747 5.366353093430174e-06
4.7698469789999995 5.57887632915995e-06
4.77119821 4.8506205699655305e-06
4.772549441 4.613519959506865e-06
4.773900673 4.625331475765517e-06
4.775251904 4.4016855415322405e-06
4.776603135999999 5.6159730755825104e-06
4.777954367 5.643664604088504e-06
4.779305599000001 5.333368989148614e-06
4.78065683 4.862716757271031e-06
4.782008061000001 4.452582230725574e-06
4.783359293 4.29571051025654e-06
4.784710524 4.127719266473221e-06
4.7860617560000005 4.20338766608768e-06
4.787412987 3.5123443921782864e-06
4.788764219 2.667970084475907e-06
4.79011545 2.281088113825721e-06
4.791466682 1.8262582499886825e-06
4.7928179129999995 1.47821568890425e-06
4.7941691440000005 1.1916276951964739e-06
4.795520376000001 9.437509513900184e-07
4.796871607 9.923386003884439e-07
4.798222839 1.2590345212938325e-06
4.799574069999999 1.6382273981063155e-06
4.800925302 1.8082835002622884e-06
4.802276533000001 1.4529919770006646e-06
4.803627764 1.1386343045566924e-06
4.804978996 1.1373643709388901e-06
4.806330227 5.152362553719644e-07
4.807681459 6.757755017715493e-07
4.80903269 9.693030063740863e-07
4.810383922 1.354816010986557e-06
4.811735153 1.8525071988760691e-06
4.813086384999999 2.1557973463802116e-06
4.814437616 2.1965095495576038e-06
4.815788846999999 1.8612339554892758e-06
4.817140079 1.5787420973266542e-06
4.818491310000001 1.6173508566974355e-06
4.819842542 1.998824252925511e-06
4.821193773 2.0198586366464295e-06
4.822545005 1.3028777389467065e-06
4.8238962359999995 5.963650442342822e-07
4.825247468 5.796655991467023e-07
4.826598699 9.881236121704506e-07
4.82794993 1.2604099538440934e-06
4.829301162 1.0833989295669027e-06
4.830652393 4.969523730283413e-07
4.8320036250000005 1.53634159913947e-06
4.833354856 2.130105628351833e-06
4.834706088 2.556803265109815e-06
4.836057318999999 2.9618461482966744e-06
4.83740855 3.365673537636292e-06
4.838759782 3.6217086714094034e-06
4.840111013 3.281662033467618e-06
4.841462245 2.952347003566558e-06
4.842813476 2.652412288549691e-06
4.844164708 3.0432934247584486e-06
4.845515939 3.8115717305807137e-06
4.8468671709999995 4.065409888267296e-06
4.8482184020000005 4.161583968541454e-06
4.849569633 3.83068432294172e-06
4.850920865 3.8425251013310835e-06
4.852272096 4.521369428183702e-06
4.853623327999999 4.96917145615064e-06
4.854974559 4.511165546338617e-06
4.856325791000001 4.545775931276507e-06
4.857677022 3.960326524973335e-06
4.859028253 3.4295401018034375e-06
4.860379485 2.688830946168859e-06
4.861730716 2.514659282067818e-06
4.863081948 3.0094201987241875e-06
4.864433179 4.952593452967897e-06
4.865784411 8.04075443814458e-06
4.867135642 7.979355552312511e-06
4.868486874 6.739014454483339e-06
4.8698381049999995 5.812060555234736e-06
4.8711893360000005 5.4040098010091816e-06
4.872540568000001 5.197179639961781e-06
4.873891799 4.1580680606757746e-06
4.875243031 3.464866457699597e-06
4.876594261999999 3.075771942943725e-06
4.8779454939999995 2.9636123169243015e-06
4.879296725000001 2.935836725450255e-06
4.880647956 2.5394633012302817e-06
4.881999188 2.178993535417165e-06
4.883350419 2.148961520532153e-06
4.884701651 2.0467472875064405e-06
4.8860528819999995 2.0935970580507397e-06
4.887404114 2.04547511219184e-06
4.888755345 1.9166294263537343e-06
4.890106576999999 2.333279246066514e-06
4.891457808 3.5170353655287305e-06
4.892809038999999 3.428291524303845e-06
4.894160271 2.624594335616569e-06
4.895511502000001 1.6648651705036384e-06
4.896862734 1.4780950769700863e-06
4.898213965 1.7877268276476417e-06
4.899565197 1.8412320518168828e-06
4.900916428 1.574724079594544e-06
4.902267660000001 1.9256462121206172e-06
4.903618891 2.6919243050302463e-06
4.904970122 4.003491433131879e-06
4.906321354 3.78546491093694e-06
4.907672585 4.5036455663485954e-06
4.9090238170000005 4.09653706164706e-06
4.910375048 3.725100308809376e-06
4.91172628 3.3854631110791774e-06
4.913077511 3.2687822574921984e-06
4.914428742 3.2800106335175963e-06
4.915779974 3.585238220741402e-06
4.917131205 4.078542966038523e-06
4.918482437 4.919328570485706e-06
4.919833668 5.117250811228319e-06
4.9211849 4.969367717952211e-06
4.922536131 4.040578283669163e-06
4.9238873629999995 3.6223690616285448e-06
4.9252385940000005 3.232585203500243e-06
4.926589825 3.0369710289645146e-06
4.927941057 3.0250417456232663e-06
4.929292288 2.8704568113416656e-06
4.930643519999999 2.8834209026885357e-06
4.931994751 2.771589402279484e-06
4.933345983000001 2.8361340903578537e-06
4.934697214 2.6572419134474876e-06
4.936048445 2.6443242803271934e-06
4.937399677 3.1286377684109306e-06
4.938750908 3.484750755910245e-06
4.94010214 3.940031681375219e-06
4.941453371 3.6531942539013365e-06
4.942804603 4.123949270246082e-06
4.944155834 4.776034986391429e-06
4.945507066 5.312460283362527e-06
4.9468582969999995 5.798332210962328e-06
4.9482095280000005 4.76179635951435e-06
4.949560760000001 3.9537397063621114e-06
4.950911991 3.25968409353775e-06
4.952263223 3.0938185604053712e-06
4.953614453999999 3.1274093213715766e-06
4.9549656859999995 2.8018274821110523e-06
4.9563169170000005 2.7717981210642438e-06
4.957668148 2.6816900200598656e-06
4.95901938 3.0336118721155784e-06
4.960370611 3.218990547289585e-06
4.961721843 3.339881647873324e-06
4.9630730739999995 3.3277774635120448e-06
4.964424306 4.402102352281399e-06
4.965775537000001 4.834906707827002e-06
4.967126769 4.875030368488646e-06
4.968478 4.957158599046599e-06
4.969829230999999 5.191929525291535e-06
4.971180463 5.56300350467714e-06
4.972531694000001 6.24400921111193e-06
4.973882926 6.994227735113471e-06
4.975234157 6.7953133517869044e-06
4.976585389 6.162924538286444e-06
4.97793662 5.543622657872403e-06
4.979287852000001 5.153918690470502e-06
4.980639083 5.176346814498172e-06
4.981990314 5.389318865890371e-06
4.983341545999999 5.8209466950640485e-06
4.984692777 6.726901421519802e-06
4.986044009 7.180449923274867e-06
4.98739524 7.514024157089994e-06
4.988746472 6.45156940034873e-06
4.990097703 5.597580687029553e-06
4.991448934 4.589857864692957e-06
4.992800166 4.060749634689828e-06
4.9941513969999995 4.884409854421007e-06
4.995502629 5.894938537191462e-06
4.99685386 6.27664525705326e-06
4.998205092 6.669526343687203e-06
4.999556323 7.169628810073418e-06
5.0009075549999995 6.9126604488571385e-06
5.0022587860000005 6.46182902193661e-06
5.003610017 5.121000565212911e-06
5.004961249 4.295751541864147e-06
5.006312479999999 3.857451827069848e-06
5.007663711999999 3.6835769697086553e-06
5.009014943 3.820393036336203e-06
5.010366175 3.225846286578518e-06
5.011717406 3.301226160307468e-06
5.013068637 3.0732343167652253e-06
5.014419869 2.838083880341598e-06
5.0157711 2.5325902916110196e-06
5.017122332 2.571705048218428e-06
5.018473563 2.8400124823997336e-06
5.019824795000001 2.9901765928315246e-06
5.021176026 3.073195723772849e-06
5.022527258 2.6195730649005845e-06
5.0238784889999994 2.57525008256193e-06
5.0252297200000005 2.619574851758421e-06
5.026580952000001 2.6929529006750155e-06
5.027932183 3.275332521463966e-06
5.029283415 3.5883126801836036e-06
5.030634646 3.298774419445974e-06
5.031985878 2.5013524711632863e-06
5.033337109 2.1415224296911066e-06
5.034688341 2.0948870870328495e-06
5.036039572 1.944328681110306e-06
5.037390803 1.2349833591335702e-06
5.038742035 1.0795897548336978e-06
5.0400932659999995 1.1582005188616586e-06
5.041444498 1.3556071606821708e-06
5.042795729000001 1.7882098453913503e-06
5.044146961 2.1880864433747743e-06
5.045498192 2.550117575826757e-06
5.046849422999999 2.7427258683549007e-06
5.048200655 2.8877899762460806e-06
5.049551886000001 2.662058489499443e-06
5.050903118 2.3973085944235376e-06
5.052254349 1.9362657297945106e-06
5.053605581 1.6209558956661135e-06
5.054956812 1.458399852494301e-06
5.056308044000001 1.2809545021625143e-06
5.057659275 1.0992408209397666e-06
5.059010506 8.670103314997671e-07
5.060361737999999 6.577799146808119e-07
5.061712969 8.837527232780974e-07
5.063064201 1.3016001371368588e-06
5.064415432 1.6336773635163302e-06
5.065766664 1.8663914400631396e-06
5.067117895 1.4531228415014902e-06
5.068469126 9.287389069148918e-07
5.069820358 4.2152969353411625e-07
5.0711715889999995 2.495309057275706e-07
5.072522821 1.864902487750208e-07
5.073874052 2.6755155293472214e-07
5.075225284 5.128637970770619e-07
5.076576515 7.170474860072093e-07
5.0779277469999995 9.471148471895731e-07
5.0792789780000005 9.388722050328464e-07
5.080630209 9.017115914151061e-07
5.081981441 7.474722247856446e-07
5.083332671999999 5.683835703602226e-07
5.084683904 3.6388701428471443e-07
5.086035135 2.306511123213877e-07
5.087386367 1.448350145901799e-07
5.088737598 2.4169777738253414e-07
5.090088829 7.019776173774095e-07
5.091440061 1.130249470897771e-06
5.092791292 1.559178477162233e-06
5.094142524 1.171145194502989e-06
5.095493755000001 6.032608544829552e-07
5.096844987000001 1.2990015518482448e-08
5.098196218 3.354600691223221e-09
5.09954745 3.3475911536556647e-09
