microns throughput
2.0004663860000003 1.3747464796303923e-10
2.002074478 1.131594092509758e-10
2.00368257 9.771945121804406e-11
2.005290662 9.713721613841629e-11
2.006898754 8.533006222902114e-11
2.008506846 5.683076383531225e-11
2.010114938 4.7855564807915397e-11
2.01172303 5.911188318487086e-11
2.013331122 5.358318026610249e-11
2.014939214 3.2317277189909085e-11
2.016547306 2.7945981897502753e-11
2.018155398 3.597026699607514e-11
2.01976349 3.306701217885396e-11
2.021371582 2.3353336431892688e-11
2.022979674 1.925688446392476e-11
2.0245877660000002 1.7527757829825775e-11
2.026195858 1.7965362342916672e-11
2.027803949 1.9852106579720448e-11
2.029412041 7.44646445495557e-12
2.031020133 2.294596007285657e-12
2.032628225 3.339207965344012e-12
2.034236317 1.155699213145208e-11
2.035844409 2.2988560005721475e-12
2.037452501 6.073132240224569e-13
2.039060593 9.060574659750503e-13
2.040668685 5.553492172028746e-12
2.042276777 5.9137536036081335e-12
2.0438848689999998 2.690080248590832e-12
2.045492961 2.856652060875712e-12
2.047101053 5.003874480836713e-12
2.0487091449999997 7.90082633579698e-12
2.0503172370000002 9.326569052380019e-12
2.0519253290000004 2.083434682847783e-12
2.053533421 6.07760133491362e-13
2.055141513 9.969568467465191e-13
2.056749605 6.15865233428458e-12
2.058357697 1.2551177658204423e-12
2.059965788 1.6163090334269613e-14
2.06157388 3.713806171808351e-14
2.0631819719999998 3.26477588129783e-12
2.064790064 6.4500933250832164e-12
2.066398156 1.4779812494274315e-12
2.068006248 1.3971149105843851e-12
2.06961434 5.3476952636716585e-12
2.071222432 1.848120191171248e-11
2.072830524 1.659556867646802e-11
2.074438616 7.681472526261821e-12
2.076046708 3.3398282443782694e-12
2.0776548 3.2066658103833108e-12
2.079262892 1.0135687920396517e-11
2.080870984 2.085128667211533e-11
2.0824790760000003 2.9767866604626534e-13
2.084087168 2.1830817020413674e-14
2.08569526 1.8807513799699544e-12
2.0873033519999997 8.52480886308762e-11
2.088911444 1.2271621301849444e-12
2.090519536 1.9359932664908578e-14
2.092127627 1.0520825747409888e-12
2.0937357189999997 7.621599806093431e-11
2.0953438110000002 5.89248687336833e-11
2.0969519030000003 3.8786136207685505e-11
2.098559995 3.552175292218598e-11
2.100168087 4.453061651977525e-11
2.101776179 7.532958162245197e-11
2.103384271 1.998429834576954e-10
2.104992363 8.487416318007083e-11
2.1066004549999997 9.13879174143036e-12
2.1082085470000003 7.515025751193995e-12
2.109816639 8.799836868167951e-11
2.111424731 3.414314746748817e-10
2.113032823 4.98112685188817e-12
2.114640915 2.5322408823845423e-13
2.116249007 1.5774140860223948e-11
2.1178570989999996 1.0574296369759145e-09
2.1194651909999997 2.090652258329486e-10
2.1210732830000003 9.3378898020548e-11
2.122681375 1.211706787098664e-10
2.124289466 2.3742092969096874e-10
2.125897558 4.420243870876073e-10
2.1275056500000002 6.05545843359053e-10
2.129113742 9.967368437876104e-11
2.130721834 1.7438760662621654e-12
2.1323299259999997 5.155501863565214e-13
2.133938018 3.2866321378247827e-11
2.1355461100000004 6.535808895349874e-10
2.137154202 9.296318432152081e-12
2.138762294 1.4794085442877333e-13
2.140370386 5.991108549001533e-12
2.141978478 3.805975922357137e-10
2.14358657 1.2693414657954259e-10
2.1451946619999998 3.346268410490673e-11
2.146802754 3.510469721554842e-11
2.1484108460000004 1.1146433685208108e-10
2.150018938 4.5930809189516406e-10
2.15162703 4.2476364969612116e-10
2.153235122 3.4182132974374575e-10
2.154843214 1.1539864276349297e-10
2.156451305 5.234382529717622e-11
2.158059397 1.1840794368847123e-10
2.159667489 4.910417187604685e-10
2.161275581 7.230503172167625e-11
2.1628836729999996 1.198678843593515e-12
2.164491765 6.641257952362722e-13
2.1660998570000003 4.132084617802561e-11
2.167707949 8.005808756374831e-10
2.169316041 6.936736265303035e-11
2.170924133 1.646604130235776e-11
2.172532225 4.998194071949358e-11
2.174140317 3.4783629980421004e-10
2.1757484089999997 8.211051330643e-10
2.177356501 6.299266143626488e-10
2.1789645930000003 4.391233609379645e-10
2.180572685 3.3649492477095313e-10
2.182180777 2.9608223211085603e-10
2.183788869 5.018476396654504e-10
2.185396961 1.192982330669104e-09
2.187005053 2.2031629250341925e-10
2.1886131449999997 5.504716624038393e-11
2.1902212359999997 6.196093894560543e-11
2.191829328 3.109734435240898e-10
2.1934374200000004 1.565663211455813e-09
2.195045512 2.95113593025801e-10
2.196653604 1.2869688698377397e-10
2.198261696 2.5538417511837377e-10
2.199869788 9.341665450227112e-10
2.20147788 1.6224599050074513e-09
2.203085972 1.074779539927628e-09
2.204694064 8.763244774018967e-10
2.206302156 1.033501520454988e-09
2.207910248 1.2269149561316965e-09
2.2095183400000002 1.7326846054641143e-09
2.211126432 2.8859200013986833e-09
2.212734524 1.3338556490021715e-09
2.2143426159999997 4.132050783890255e-10
2.215950708 2.8183172254704736e-10
2.2175588 1.0687919092786487e-09
2.219166892 1.0068399154478151e-08
2.220774984 6.217215011222333e-10
2.222383075 1.40482281172159e-11
2.2239911670000003 1.2634121135835345e-11
2.225599259 7.378919713559498e-10
2.227207351 2.3159278386535543e-08
2.228815443 5.4563653597118035e-09
2.230423535 1.9243966225580407e-09
2.232031627 2.7201167586843655e-09
2.2336397189999997 7.0589790281545576e-09
2.2352478110000003 1.780104312115313e-08
2.236855903 2.2015076063019503e-08
2.238463995 2.834538681437727e-08
2.240072087 7.587847461120563e-09
2.241680179 2.843509956487062e-09
2.243288271 3.6821407264932464e-09
2.2448963629999996 1.5436270823991884e-08
2.2465044549999997 6.474608168551407e-08
2.2481125470000003 1.3520234811165016e-09
2.249720639 3.113066038688368e-11
2.251328731 1.3904757658177099e-10
2.252936823 8.003955679715645e-09
2.2545449140000002 6.782620950549672e-08
2.256153006 1.512208111698786e-09
2.257761098 3.8145510103672735e-11
2.2593691899999997 3.511236345999035e-10
2.260977282 1.574611263871705e-08
2.262585374 1.775498921485102e-07
2.264193466 1.6632714065220265e-07
2.265801558 1.5884085141961234e-07
2.2674096500000003 9.890433992001137e-08
2.269017742 7.688820685664956e-08
2.270625834 8.818451963850396e-08
2.2722339259999997 1.7033769497967495e-07
2.273842018 5.555281238644564e-07
2.2754501100000004 5.763667210632974e-08
2.277058202 9.706996968199817e-09
2.278666294 9.337781216041299e-09
2.280274386 6.380438553476875e-08
2.281882478 8.667266272577776e-07
2.28349057 1.4454261403896654e-07
2.285098662 5.1590958005495856e-08
2.286706753 4.8741223253793644e-08
2.288314845 1.332944412379611e-07
2.2899229369999996 7.887794715143778e-07
2.291531029 5.619178755971311e-07
2.2931391210000003 4.4680847414549e-07
2.294747213 4.061368882123368e-07
2.296355305 4.2898883975770803e-07
2.297963397 4.637898846974898e-07
2.299571489 7.259924166703998e-07
2.301179581 1.263162358008569e-06
2.3027876729999996 7.734782784632413e-07
2.304395765 2.1641243145425222e-07
2.3060038570000003 1.2925591383707248e-07
2.307611949 2.511077285074536e-07
2.309220041 8.584722654526466e-07
2.310828133 3.883843537709849e-06
2.312436225 1.7740857050449008e-06
2.314044317 1.1821285448058943e-06
2.3156524089999997 1.8465925410696591e-06
2.3172605010000003 4.353751793747266e-06
2.318868592 1.4880815466782838e-05
2.3204766840000004 1.295516178305819e-05
2.322084776 1.2157697627401267e-05
2.323692868 1.4377330320152534e-05
2.32530096 2.0173118413896864e-05
2.326909052 2.8129063302307828e-05
2.328517144 3.6483107436733415e-05
2.3301252359999998 4.6938535124793744e-05
2.331733328 5.231353176281722e-05
2.33334142 4.6325829385022535e-05
2.334949512 4.400243895741902e-05
2.3365576040000002 5.68652653491853e-05
2.338165696 8.487905660638275e-05
2.339773788 0.00012811829272683434
2.3413818799999997 9.305760074856728e-05
2.342989972 8.098392181038171e-05
2.344598064 8.667069851453939e-05
2.346206156 0.00011479943700589589
2.347814248 0.00017497072950279328
2.3494223400000003 0.00017315448049071518
2.3510304310000003 0.00016608237656850767
2.352638523 0.0001696284796678536
2.354246615 0.00020712743940676289
2.3558547069999998 0.0002566352200040437
2.357462799 0.00031762968957746847
2.359070891 0.0003715652642087286
2.3606789829999997 0.000437137039042711
2.3622870750000002 0.0005089428957743802
2.363895167 0.0005941530132340783
2.365503259 0.0007057166659029025
2.367111351 0.0009008111805223035
2.368719443 0.0011504652586073472
2.370327535 0.0014142821150388309
2.371935627 0.0016711139397944895
2.3735437189999997 0.001971450135243171
2.3751518110000003 0.0024440868493577437
2.376759903 0.0030592265105844215
2.378367995 0.0038090885738015917
2.379976087 0.004593751429344656
2.381584179 0.0055395119179881686
2.383192271 0.006706504000207696
2.384800362 0.008193678887231921
2.3864084539999997 0.010005130813567072
2.388016546 0.01208681647535674
2.389624638 0.014488489442325073
2.39123273 0.017369779634526645
2.392840822 0.02051949714120231
2.3944489140000003 0.024221025424214074
2.396057006 0.02852699592746491
2.397665098 0.03309833247195489
2.3992731899999997 0.038422079166116556
2.400881282 0.044313192075125206
2.4024893740000004 0.050581691492577754
2.404097466 0.0577548264403987
2.405705558 0.0656005261916821
2.40731365 0.07427740188493619
2.408921742 0.08411113670408935
2.410529834 0.0943929578422508
2.4121379259999998 0.10574709992796603
2.413746018 0.11837366043888709
2.41535411 0.13111809047240428
2.416962201 0.14520694177674515
2.418570293 0.16006852128561497
2.4201783850000003 0.17419001983237936
2.421786477 0.1897664674645469
2.423394569 0.20488935879873793
2.425002661 0.21897967661117484
2.426610753 0.23424288440454533
2.428218845 0.2481006710928364
2.4298269369999996 0.26147833842264556
2.431435029 0.27614607428900934
2.4330431210000003 0.28875940128701255
2.434651213 0.3016431390675277
2.436259305 0.31581256942311586
2.4378673969999998 0.32689241206488184
2.439475489 0.3386471668704568
2.441083581 0.3509224185421004
2.4426916729999997 0.3593984997426355
2.4442997650000002 0.3683356710448782
2.4459078570000004 0.37673859815341976
2.447515949 0.381796009201866
2.44912404 0.3869852296505315
2.450732132 0.39118306458914354
2.452340224 0.3935603153794874
2.453948316 0.39597006606385243
2.455556408 0.39777722082330513
2.4571644999999998 0.39888576563281175
2.458772592 0.4000062272564725
2.460380684 0.4008661408596962
2.461988776 0.40147818506285204
2.463596868 0.4020905411358284
2.46520496 0.402638836948981
2.466813052 0.40315053047032867
2.468421144 0.403699214120559
2.470029236 0.4042314509473181
2.471637328 0.40484509676951014
2.47324542 0.4055643966079332
2.474853512 0.4064530372823044
2.4764616040000003 0.40693574961489887
2.478069696 0.407403602433553
2.479677788 0.407927074463187
2.481285879 0.408166874889957
2.4828939709999998 0.40829684001978916
2.484502063 0.4086644690282484
2.486110155 0.4090174061405537
2.4877182469999997 0.4094111976580729
2.489326339 0.40964940797967253
2.4909344310000003 0.40995003457351464
2.492542523 0.41021314182597324
2.494150615 0.4104037227146442
2.495758707 0.41058340921463604
2.497366799 0.41075422758334823
2.498974891 0.4108054558046833
2.499778162 0.40287668336823235
2.5011293930000003 0.4028883585956945
2.502480624 0.40280773565380357
2.5038318559999997 0.4027218562505574
2.505183087 0.40261274099336336
2.506534319 0.40245368550884886
2.50788555 0.40226389590156497
2.509236782 0.4020339545313627
2.510588013 0.4018074395150953
2.511939244 0.40157333976005594
2.5132904760000003 0.40134155759680246
2.514641707 0.40109827820380567
2.515992939 0.4008775815945893
2.51734417 0.4006856548186717
2.5186954019999996 0.4005104500427229
2.5200466329999998 0.4003589306369576
2.521397865 0.40027500461940135
2.522749096 0.40020011487759405
2.524100327 0.40015164309364903
2.525451559 0.40021084325374123
2.52680279 0.4002435405917877
2.5281540220000003 0.4003574796886124
2.529505253 0.40048510060734244
2.5308564849999997 0.40064413755054906
2.532207716 0.40080339703004075
2.533558948 0.40110071089535143
2.534910179 0.4013901032460535
2.5362614100000003 0.4015021304869838
2.537612642 0.4018878046054905
2.538963873 0.40210523152029076
2.5403151050000004 0.4022836687210096
2.5416663359999996 0.40228858282000496
2.5430175680000002 0.40218594908465305
2.544368799 0.4023206246563199
2.54572003 0.40234883483577977
2.547071262 0.40209257655702435
2.548422493 0.4018835279541758
2.549773725 0.40171719277196904
2.551124956 0.40126865446608695
2.552476188 0.40076365696779387
2.553827419 0.40055353644182423
2.5551786510000003 0.4001874047683768
2.556529882 0.39962757671745297
2.557881113 0.3990856039959677
2.559232345 0.3984108426833701
2.560583576 0.39729196772002323
2.561934808 0.396510532930225
2.5632860390000003 0.3960408100959123
2.564637271 0.3955606427366615
2.565988502 0.39557319548369474
2.567339733 0.3951256568346187
2.5686909649999996 0.39448564474701153
2.5700421959999997 0.3939411824354955
2.571393428 0.3946910831347108
2.572744659 0.3940339772936171
2.574095891 0.39410797239418127
2.575447122 0.3946332456243903
2.576798354 0.394413423542247
2.5781495850000002 0.39492876036594293
2.5795008160000004 0.3954994579105938
2.580852048 0.3956700306909627
2.582203279 0.39664129532361725
2.583554511 0.3968343146515618
2.584905742 0.39839525592278396
2.586256974 0.39956837283042534
2.587608205 0.4004670500003328
2.588959437 0.40199714286626387
2.590310668 0.4035117517129264
2.591661899 0.40478664535679665
2.593013131 0.4057983863228738
2.594364362 0.4051356233293619
2.5957155939999996 0.40716271005441035
2.5970668249999997 0.4098209738177011
2.598418057 0.4117308328483438
2.599769288 0.41293783830989905
2.601120519 0.41345537802288873
2.602471751 0.41410164257574417
2.603822982 0.4144696527544026
2.6051742140000003 0.4143087270433438
2.6065254450000004 0.4154370796742336
2.607876677 0.4158755748706907
2.609227908 0.41605549469341974
2.61057914 0.41639267346562997
2.611930371 0.41647826709520386
2.613281602 0.41602500586878
2.614632834 0.4159213095790909
2.615984065 0.415170351178874
2.617335297 0.4149603072973507
2.618686528 0.41601284933781185
2.62003776 0.41492656870718214
2.621388991 0.4153669849169547
2.622740222 0.4155369089120308
2.6240914539999998 0.4151726182554719
2.625442685 0.4145034725911304
2.626793917 0.4135153706285153
2.628145148 0.4138845826062041
2.62949638 0.41290829277068564
2.630847611 0.41221002115568794
2.6321988430000003 0.4129316693817026
2.6335500740000004 0.41237133171019913
2.634901305 0.41277885549506127
2.636252537 0.41284750049309316
2.637603768 0.4127262035444928
2.6389549999999997 0.4126606784933959
2.640306231 0.4126161684038251
2.641657463 0.4125056607508083
2.643008694 0.412651638315223
2.6443599250000003 0.4127537454410442
2.645711157 0.4126192150907312
2.6470623879999997 0.41319840266186914
2.64841362 0.4135320783785096
2.649764851 0.4138175039514068
2.651116083 0.4134741281378649
2.652467314 0.41343170388289296
2.653818546 0.41442075564404657
2.6551697770000002 0.41444791362050515
2.6565210080000004 0.41489970268925425
2.65787224 0.4152230585555229
2.659223471 0.41499243130185304
2.6605747030000004 0.41503193622288864
2.6619259339999997 0.41461822390196384
2.663277166 0.4146973969052371
2.664628397 0.41365202154588343
2.6659796289999997 0.41363420567509335
2.66733086 0.41377492592844556
2.668682091 0.4149358101657714
2.670033323 0.41337814123375594
2.6713845540000003 0.41418762675103366
2.672735786 0.41471183540051304
2.6740870169999997 0.4145141102741071
2.675438249 0.4138135693247306
2.67678948 0.41334633635692103
2.678140711 0.4136180383286643
2.679491943 0.4133914488810142
2.680843174 0.4140405009476762
2.6821944060000003 0.41371707505550165
2.6835456370000004 0.41281952044665965
2.684896869 0.4128610947091085
2.6862481 0.41264236024128087
2.6875993319999996 0.4130549618339403
2.6889505629999997 0.41290712190718704
2.690301794 0.4129287883659822
2.691653026 0.41268119246462814
2.693004257 0.4114232610909451
2.694355489 0.41126508194299094
2.69570672 0.4116318256313722
2.697057952 0.41207508213796845
2.6984091830000003 0.41222361644094674
2.699760414 0.4125491088921903
2.7011116459999998 0.4125343733113156
2.702462877 0.41292764839497587
2.703814109 0.4134951333882496
2.70516534 0.41387412212941194
2.706516572 0.4142212987366711
2.707867803 0.4142899736486469
2.7092190350000003 0.4142162602827746
2.7105702660000004 0.4141262478193487
2.7119214969999996 0.41507986561046756
2.713272729 0.41596433179903225
2.71462396 0.41592152792273984
2.7159751919999997 0.4161887260967486
2.717326423 0.4162645379387409
2.718677655 0.4165007569027777
2.720028886 0.4155018611924337
2.7213801170000003 0.416343136605959
2.722731349 0.41756470198151835
2.7240825799999997 0.41631865560856895
2.7254338120000003 0.4168144060350103
2.726785043 0.4175247026600336
2.7281362749999998 0.41767408989392685
2.729487506 0.41766156799022347
2.730838738 0.41755436770648013
2.732189969 0.41745389549872314
2.7335412000000003 0.4169084779289959
2.734892432 0.41598408522189234
2.736243663 0.41634618006465235
2.737594895 0.4160186511130284
2.7389461259999996 0.41486324698039934
2.740297358 0.41454691186253745
2.741648589 0.41514969279034875
2.7429998209999997 0.4155471318121134
2.744351052 0.4152562206589188
2.745702283 0.4146096799675516
2.747053515 0.41436766649954127
2.7484047460000003 0.4141086187880767
2.749755978 0.4139235189053132
2.7511072089999997 0.41317394289049536
2.7524584410000004 0.412359305958262
2.753809672 0.41127412640719574
2.755160903 0.40968042995236037
2.756512135 0.4096098130064972
2.757863366 0.4096512765571586
2.7592145980000002 0.40939045727685186
2.760565829 0.40932304326749325
2.761917061 0.40809074893325753
2.7632682920000002 0.40802401198652083
2.764619524 0.4085134776098448
2.7659707549999997 0.40871646178860477
2.767321986 0.40819305633345015
2.768673218 0.40862130307446176
2.770024449 0.40879118673850123
2.771375681 0.4087225751027639
2.772726912 0.4094348970953453
2.774078144 0.4100942214517997
2.7754293750000003 0.4103026748582119
2.776780606 0.4104036018165421
2.7781318379999997 0.4110420413843723
2.779483069 0.4120244245381096
2.780834301 0.4121244481855842
2.782185532 0.4126790920391222
2.783536764 0.4134083558723348
2.784887995 0.4140683363192278
2.786239227 0.4137923726105758
2.787590458 0.4143550342563176
2.788941689 0.4153881581279767
2.7902929210000003 0.4160733361869512
2.791644152 0.4163740241462826
2.7929953839999997 0.41696401153590573
2.794346615 0.4174332213395242
2.795697847 0.4177112926585729
2.797049078 0.4182746336930896
2.7984003090000003 0.4190139141261262
2.799751541 0.41942212956951785
2.801102772 0.4195407822347037
2.8024540040000003 0.41943912055435895
2.803805235 0.4198408557691219
2.8051564669999998 0.41999864678218846
2.806507698 0.420391746542117
2.80785893 0.42060899213378017
2.8092101609999998 0.4206407848296436
2.810561392 0.4204522168100992
2.811912624 0.4205715434413999
2.813263855 0.4206185922252152
2.814615087 0.4202947777414704
2.8159663179999996 0.4201977275522345
2.8173175500000003 0.4202505892754759
2.818668781 0.42042157694528426
2.8200200129999997 0.42000816952744036
2.821371244 0.41999944232541264
2.822722475 0.4199846603720379
2.824073707 0.4198825555956256
2.8254249380000003 0.41972910444376543
2.82677617 0.4195545449209599
2.828127401 0.41942810268655517
2.8294786330000004 0.41934101580628746
2.830829864 0.41917108937502
2.8321810949999997 0.41894894111318903
2.833532327 0.4186995925051983
2.834883558 0.41851720421902294
2.83623479 0.4182691791697142
2.837586021 0.41774689836670276
2.838937253 0.4176688040375892
2.8402884840000002 0.4177294039163567
2.841639716 0.41794814192096064
2.8429909469999997 0.4178667591776668
2.8443421779999998 0.41780137077722757
2.84569341 0.4177379282202861
2.847044641 0.4176477581820485
2.848395873 0.4175460028502572
2.849747104 0.41748008048477364
2.851098336 0.4172719512418368
2.8524495670000003 0.4169493508227785
2.8538007980000004 0.4165503203975909
2.85515203 0.4162528132893641
2.856503261 0.4160013137520996
2.8578544929999996 0.41570289767231494
2.8592057239999997 0.415364989758092
2.860556956 0.4148090274149264
2.861908187 0.4144222475115623
2.863259419 0.4142307915664357
2.86461065 0.41431608150602284
2.865961881 0.4142561924552188
2.8673131130000002 0.4140214815905935
2.868664344 0.4138378511588845
2.8700155759999997 0.41358701020537014
2.871366807 0.41334469926425016
2.872718039 0.41317981693642747
2.87406927 0.4130155369179065
2.8754205010000002 0.41280574597308695
2.876771733 0.4125611507812775
2.878122964 0.4123292814733669
2.8794741960000003 0.41209640056223706
2.8808254270000004 0.411848706461051
2.882176659 0.4116071070979319
2.88352789 0.4113140277710662
2.8848791219999996 0.4110191352315753
2.8862303529999997 0.41023537555204914
2.887581584 0.40994041199989784
2.888932816 0.40966380212309944
2.890284047 0.4093936453148805
2.891635279 0.40922132439191505
2.89298651 0.4094855790284213
2.8943377420000003 0.4093244388156098
2.895688973 0.4091438791412671
2.8970402049999997 0.4089751134255599
2.898391436 0.40880533607783526
2.899742667 0.40856167443454117
2.901093899 0.40826516349567127
2.9024451300000003 0.40804235305242015
2.903796362 0.40776667788342635
2.905147593 0.4074724491495527
2.9064988250000003 0.40720977637849953
2.907850056 0.40694878372721655
2.9092012869999997 0.40666660203057636
2.910552519 0.4061443193261614
2.91190375 0.4057010425451314
2.9132549819999998 0.40545872134764743
2.914606213 0.4052484082894472
2.915957445 0.40503525896012027
2.917308676 0.40479712581606025
2.918659908 0.4045494939624855
2.920011139 0.4043278068442029
2.9213623699999998 0.40390243995733344
2.922713602 0.4034641201441162
2.924064833 0.4030539636131105
2.925416065 0.40265074890029506
2.926767296 0.4025738653962883
2.928118528 0.4022229303082042
2.9294697590000003 0.40178726513840957
2.93082099 0.4012538694456506
2.932172222 0.4006741602167118
2.933523453 0.40008949670948646
2.934874685 0.39946336288951984
2.9362259159999997 0.39884739774641
2.937577148 0.3979583579969941
2.938928379 0.397161867002187
2.940279611 0.3965519697600892
2.941630842 0.39597747878301676
2.942982073 0.39536388595710575
2.9443333050000002 0.39525339592972897
2.9456845360000004 0.39468305441478896
2.947035768 0.39409044990478537
2.948386999 0.39354852798086704
2.949738231 0.39295611199065583
2.951089462 0.3926329655094365
2.952440694 0.39187045955927047
2.953791925 0.3911216139480528
2.955143156 0.39039842588725204
2.956494388 0.3896905136520072
2.957845619 0.3889831816112431
2.959196851 0.38826668715106716
2.960548082 0.38757683498914186
2.9618993139999996 0.3868774525709363
2.9632505449999997 0.3862064831515257
2.964601776 0.38555092139391517
2.965953008 0.3849393185150511
2.967304239 0.3843445805414972
2.968655471 0.38373213095473535
2.970006702 0.38312977693403527
2.9713579340000003 0.3825850207619542
2.9727091650000004 0.38209538331600934
2.974060397 0.38162324458000496
2.975411628 0.3815509559234679
2.976762859 0.38162882619518745
2.978114091 0.3812058184320317
2.979465322 0.38080378545159044
2.980816554 0.3803038810140552
2.982167785 0.3797533870528544
2.983519017 0.37923534345752785
2.984870248 0.37872742950944793
2.9862214789999997 0.3781954216265538
2.987572711 0.3776985814890238
2.988923942 0.37758338737715214
2.9902751739999998 0.3772020642190279
2.991626405 0.37692281370823727
2.992977637 0.3766696147724359
2.994328868 0.37642439741588557
2.9956801 0.3761723367583819
2.997031331 0.375900199420803
2.9983825619999998 0.3756446156500856
2.9997337940000004 0.3754195227184248
3.001085025 0.3749855386774792
3.002436257 0.3748240777348379
3.003787488 0.37428818982176026
3.0051387199999997 0.3737465846668545
3.006489951 0.3733955667420325
3.007841182 0.3730450517588655
3.009192414 0.3724517686169794
3.0105436450000003 0.37197785292252333
3.011894877 0.3716571659544343
3.0132461079999997 0.371308286278122
3.01459734 0.3709370535781995
3.015948571 0.3705348039912011
3.017299803 0.3701140066370229
3.018651034 0.369677828887223
3.020002265 0.3692384015410173
3.021353497 0.36857033264810213
3.0227047280000003 0.3678812930016824
3.02405596 0.3671748686808582
3.0254071909999998 0.3664429074633394
3.0267584230000004 0.3656512749782962
3.0281096539999997 0.3648464547528333
3.029460886 0.3640284013814853
3.030812117 0.3634152244579988
3.032163348 0.36292006732657434
3.03351458 0.3624110188485423
3.034865811 0.3618842023609594
3.036217043 0.36141856464264055
3.0375682740000003 0.36118739690998514
3.038919506 0.3605894648439537
3.0402707369999997 0.3600441686492719
3.041621968 0.35968549678744854
3.0429732 0.35932728637463607
3.044324431 0.3589353005857474
3.045675663 0.35855038897930536
3.047026894 0.3581533120057828
3.0483781260000002 0.35791415125308274
3.0497293570000004 0.3577570382271923
3.051080589 0.3572667389125028
3.05243182 0.3567463155465513
3.053783051 0.3562350506662909
3.0551342829999997 0.3557169584982311
3.056485514 0.3552385804185866
3.057836746 0.3547592006343183
3.059187977 0.35427908599104885
3.060539209 0.3539772711994918
3.06189044 0.35394669644809734
3.063241671 0.3539366488241452
3.0645929030000003 0.35394633202764214
3.065944134 0.35436296524383143
3.0672953659999997 0.35441104060906714
3.068646597 0.35473001667014536
3.069997829 0.35494603594002505
3.07134906 0.35479977418377495
3.072700292 0.35464119900759705
3.074051523 0.3545272539164378
3.075402754 0.3544291922360599
3.0767539860000004 0.35435015379037627
3.0781052169999996 0.3542791832029505
3.079456449 0.35423445626227595
3.08080768 0.3543986377924946
3.0821589119999997 0.35474259912171474
3.083510143 0.3550971842140472
3.084861374 0.35547369388954125
3.086212606 0.3558581464270645
3.0875638370000003 0.35627764158535646
3.088915069 0.3566882166493426
3.0902662999999997 0.3571512423605546
3.0916175320000003 0.3577148873615358
3.092968763 0.358273109552525
3.0943199949999998 0.3592301693991614
3.095671226 0.35979709933057524
3.097022457 0.3603641088086568
3.098373689 0.36093907110164614
3.0997249200000003 0.3615106624860922
3.101076152 0.3619438049271806
3.102427383 0.3623247686828967
3.103778615 0.3627074969173555
3.1051298459999996 0.3630677997252404
3.106481078 0.363446716983834
3.107832309 0.3638359399147264
3.10918354 0.3642161070752301
3.110534772 0.3646106605039876
3.111886003 0.3650978451829534
3.113237235 0.3655783775109023
3.1145884660000003 0.36604768652174674
3.115939698 0.36651145838527976
3.1172909289999997 0.36698761497258287
3.11864216 0.3674502198252566
3.119993392 0.3679057243104006
3.121344623 0.3690806980505059
3.122695855 0.36982120935611934
3.124047086 0.3705509579826178
3.1253983180000002 0.3712865649527958
3.126749549 0.37200591415385353
3.128100781 0.37273319719627684
3.1294520120000002 0.3734463122043981
3.130803243 0.37407506251081213
3.1321544749999997 0.37463113482712584
3.133505706 0.37518579395012064
3.134856938 0.37571935118119587
3.136208169 0.3762675694460912
3.137559401 0.3768096132185398
3.138910632 0.3773496316617638
3.140261863 0.3779108437968539
3.1416130950000003 0.3785971750079611
3.142964326 0.3792646595315944
3.1443155579999997 0.37993980002631855
3.145666789 0.3805872251353328
3.147018021 0.3812689441883263
3.148369252 0.3823973180128536
3.149720484 0.38308640612056655
3.151071715 0.3837435703750085
3.152422946 0.3844130123085181
3.153774178 0.3850777818208911
3.155125409 0.38575770211922084
3.1564766410000002 0.3864278251963048
3.157827872 0.3871185977826792
3.1591791039999997 0.38779007005857985
3.160530335 0.38846067873473594
3.161881566 0.3890913308546492
3.163232798 0.3897349749034891
3.1645840290000002 0.3903662773154915
3.165935261 0.391013068087452
3.167286492 0.3916605479100539
3.1686377240000003 0.39231614872845644
3.169988955 0.39296273769112583
3.1713401869999998 0.39388502727145536
3.172691418 0.39510895794390993
3.174042649 0.39613749531401415
3.1753938809999998 0.3970321232682622
3.176745112 0.3979378482039584
3.178096344 0.39884234679951236
3.179447575 0.39974889230288
3.180798807 0.40057748739611876
3.182150038 0.4013478574137418
3.1835012700000003 0.40212577839976643
3.184852501 0.4028917404828831
3.186203732 0.40364673507981796
3.187554964 0.40438429056874253
3.188906195 0.40513653107619296
3.190257427 0.4058806252901205
3.1916086580000003 0.40663901356505994
3.19295989 0.4073867125765781
3.194311121 0.4081438660425556
3.195662352 0.40886455317782394
3.197013584 0.4095950919786827
3.1983648149999997 0.41078549274790715
3.199716047 0.41151121614783287
3.201067278 0.4121717407434732
3.2024185099999998 0.41282195646396463
3.203769741 0.41347986438332984
3.205120973 0.41412332218948344
3.206472204 0.4147367461148661
3.207823435 0.41536255116410226
3.209174667 0.4159731521293739
3.2105258979999998 0.4165741755859106
3.21187713 0.4171688499181976
3.213228361 0.4172746319212006
3.214579593 0.4178580320773355
3.215930824 0.41843919692395803
3.217282055 0.4190163240782814
3.2186332870000003 0.41956587742861823
3.2199845180000004 0.4201422735005075
3.22133575 0.4209828025987985
3.222686981 0.421993254035122
3.2240382129999996 0.42266030519359554
3.2253894439999997 0.42334734371901794
3.226740676 0.4240242646695474
3.228091907 0.42470174772208563
3.229443138 0.4253700803243475
3.23079437 0.42591777710346446
3.232145601 0.4263749613635226
3.2334968330000002 0.42682338853499247
3.234848064 0.4272882695569583
3.2361992959999997 0.4277420351276575
3.237550527 0.42820001723755863
3.238901759 0.4286496944371436
3.24025299 0.4291201944126488
3.2416042210000002 0.4295378865809896
3.242955453 0.4299542085360049
3.244306684 0.43051102064779023
3.2456579160000003 0.4312949753949062
3.2470091470000004 0.4317127211290594
3.248360379 0.43214650483203454
3.24971161 0.43259521617402064
3.251062841 0.43314483603020904
3.2524140729999997 0.4337311442060964
3.253765304 0.4343017550175847
3.255116536 0.43489333949399644
3.256467767 0.43547625599691375
3.257818999 0.43608702501165336
3.25917023 0.43669275939672925
3.2605214620000003 0.4372819460748398
3.261872693 0.437816034400369
3.263223924 0.4383811444555711
3.264575156 0.4389606555639666
3.265926387 0.43952851744583965
3.267277619 0.4402366552617496
3.2686288500000003 0.4411806145157934
3.269980082 0.4417697441579428
3.271331313 0.4422243138430321
3.272682544 0.4427033437321857
3.274033776 0.44318062202100716
3.2753850069999997 0.4436721265447775
3.276736239 0.4441559864970114
3.27808747 0.4446308639272215
3.2794387019999998 0.4450849347047193
3.280789933 0.44556360868250955
3.282141165 0.44605991350357427
3.283492396 0.4465448579588893
3.2848436270000003 0.447056201347082
3.286194859 0.44756161239640696
3.2875460899999998 0.4480616868781758
3.288897322 0.44852456140267893
3.290248553 0.44952408967688856
3.291599785 0.44999059293510824
3.292951016 0.4504745253138278
3.294302247 0.45096321590359456
3.2956534790000003 0.451452423847578
3.29700471 0.45194544166595596
3.298355942 0.45241054082135507
3.299707173 0.4528944849584099
3.301058405 0.453262287038381
3.3024096359999997 0.45360854408532536
3.303760868 0.4539448108958757
3.305112099 0.45430198397087784
3.30646333 0.45466667544658296
3.307814562 0.4550185637950782
3.309165793 0.45537186827699144
3.3105170250000002 0.4557003194720385
3.3118682560000003 0.4564650729793994
3.313219488 0.4568162483590059
3.3145707189999998 0.45711410305080347
3.315921951 0.45741084425049405
3.317273182 0.4577340419898145
3.318624413 0.4580515938780507
3.319975645 0.4583690394211346
3.321326876 0.45864773180194307
3.322678108 0.4588984523415817
3.324029339 0.45917202196802565
3.325380571 0.4594486582024722
3.326731802 0.4597523596930777
3.328083033 0.4600559294692188
3.3294342649999997 0.460378743008132
3.330785496 0.4603747244340769
3.332136728 0.46011284634401023
3.333487959 0.4598623294353846
3.334839191 0.460059791775853
3.336190422 0.4599002607912773
3.3375416540000002 0.45964140175060286
3.3388928850000004 0.45941620006092
3.340244116 0.45898821825250946
3.341595348 0.45756802388325857
3.342946579 0.4561410548561926
3.344297811 0.45469544489857633
3.345649042 0.4532659489571872
3.347000274 0.4518292824689315
3.348351505 0.4504174476823545
3.3497027360000002 0.4489995571608167
3.351053968 0.44598219776169823
3.3524051989999997 0.442526834073934
3.353756431 0.4390624981008824
3.355107662 0.43559223462830104
3.3564588939999997 0.43209943900050773
3.357810125 0.42860692243339105
3.359161357 0.4250899926192869
3.360512588 0.4231325150179787
3.3618638190000003 0.42371264988339613
3.363215051 0.42428247076156644
3.3645662819999997 0.42487033119426865
3.3659175140000004 0.4254459786694507
3.367268745 0.4260270264387025
3.368619977 0.4265911468170535
3.369971208 0.42715812593720515
3.371322439 0.431235007425433
3.372673671 0.4357108969430339
3.374024902 0.44054579612177674
3.375376134 0.4447019050283826
3.3767273650000003 0.4488854691637524
3.378078597 0.4530594562383005
3.3794298279999997 0.457233822142296
3.38078106 0.45976832083703323
3.382132291 0.46109122831016575
3.383483522 0.4624166679126128
3.384834754 0.46372368803676367
3.386185985 0.465041292706026
3.387537217 0.4663365854960013
3.3888884480000003 0.46762060759234403
3.39023968 0.46863118461972697
3.3915909109999998 0.4683759566558826
3.3929421430000004 0.46811535138496174
3.3942933739999996 0.4678083618411074
3.3956446049999998 0.46750135963849077
3.396995837 0.4671754416214308
3.398347068 0.4668270335450877
3.3996983 0.4664739944408349
3.401049531 0.46605501702440044
3.402400763 0.4656363753270284
3.4037519940000003 0.4651889640102919
3.405103225 0.4647243024651305
3.4064544569999997 0.46425303454750877
3.407805688 0.46377083049691603
3.40915692 0.4633717391418597
3.410508151 0.46340388243702524
3.411859383 0.46311696371750033
3.413210614 0.46281540464453197
3.4145618460000002 0.4625012216486136
3.4159130770000004 0.4626559550220528
3.4172643079999996 0.4623673162146759
3.41861554 0.4620455116029816
3.419966771 0.46170987974827893
3.4213180029999997 0.46175786870513424
3.422669234 0.461813018299522
3.424020466 0.46187649824039023
3.425371697 0.46196015891193
3.4267229280000002 0.46202552684742326
3.42807416 0.46210222524478517
3.429425391 0.46218068944979274
3.4307766230000003 0.4621824676735575
3.432127854 0.4621303112659646
3.4334790859999997 0.4620732875325015
3.434830317 0.4620355033062221
3.436181549 0.46196664581754615
3.43753278 0.46188924792733105
3.4388840110000003 0.46181581592921034
3.440235243 0.4617082873478151
3.441586474 0.46145013244181887
3.4429377060000004 0.46118520106080674
3.4442889369999996 0.4614887862069387
3.445640169 0.4612628794048255
3.4469914 0.4610444634141978
3.448342631 0.4610254985038279
3.449693863 0.46115957281203523
3.451045094 0.4611875405632365
3.452396326 0.46127452764423094
3.4537475570000002 0.4613629240645567
3.455098789 0.46146429135878175
3.45645002 0.4615592313354737
3.4578012520000003 0.4616863521443705
3.459152483 0.461824499685765
3.460503714 0.4621229746974254
3.461854946 0.462676318191253
3.463206177 0.46321737461494106
3.464557409 0.46377706191263934
3.4659086400000003 0.46432890998968673
3.467259872 0.46488482635753153
3.468611103 0.4654445856665229
3.469962335 0.4660006907377612
3.4713135659999996 0.46626061995053136
3.4726647969999997 0.4665085640690677
3.474016029 0.4667753787442447
3.47536726 0.4670432530482556
3.476718492 0.46769331144501386
3.478069723 0.4681227190639021
3.479420955 0.4686139499168015
3.4807721860000003 0.46937621619990805
3.482123417 0.46996831591062765
3.483474649 0.4705549943501079
3.48482588 0.47115299144897826
3.486177112 0.47173891483353986
3.487528343 0.4723357404272956
3.488879575 0.47293170277859986
3.490230806 0.4735339210041829
3.491582038 0.47425860387816277
3.492933269 0.47496517304777897
3.4942845 0.4756720838810053
3.495635732 0.4763726916176859
3.496986963 0.47705830485274653
3.4983381949999997 0.4777510372632836
3.4996894259999998 0.47842168432412446
3.501040658 0.47903568441144223
3.502391889 0.4796273222791378
3.50374312 0.48020466094522274
3.505094352 0.48078512851692423
3.506445583 0.4813484824555789
3.5077968150000003 0.48236182002803507
3.509148046 0.4830310247490377
3.5104992779999997 0.4838524631079917
3.511850509 0.4847135732784516
3.513201741 0.4853071768855246
3.514552972 0.48594472201198446
3.515904203 0.48658810492941196
3.517255435 0.4871690810051524
3.518606666 0.4877201197889589
3.519957898 0.4882530623095408
3.521309129 0.4887227665892504
3.5226603610000002 0.4891876565898795
3.524011592 0.48962056948850585
3.5253628239999997 0.49005835049635077
3.526714055 0.4904884871360782
3.528065286 0.4909073498873436
3.529416518 0.49133168943881655
3.5307677490000002 0.49169962961852953
3.532118981 0.4920461279119985
3.533470212 0.4923903730532361
3.5348214440000003 0.49319924331709497
3.536172675 0.49363757499129524
3.537523906 0.49395335930443707
3.538875138 0.4942759558398686
3.540226369 0.49457558816479485
3.5415776009999997 0.49473463153328856
3.542928832 0.49542254210214537
3.544280064 0.49563108336489897
3.545631295 0.495803000486544
3.546982527 0.4959772998495315
3.548333758 0.4961364761177771
3.5496849889999997 0.4963044086677716
3.551036221 0.4964485496315855
3.552387452 0.49712117729925354
3.553738684 0.4972483867083379
3.555089915 0.4973588052165664
3.556441147 0.49748467494582965
3.5577923780000003 0.4976240329699694
3.5591436090000004 0.4977608725728295
3.560494841 0.4979324151713323
3.561846072 0.4981424980417448
3.563197304 0.49836357769884143
3.5645485349999997 0.4985974808427409
3.565899767 0.49881994185797607
3.567250998 0.49905208537365037
3.5686022299999998 0.4996288858183633
3.569953461 0.5000965956678647
3.571304692 0.5002899735048292
3.572655924 0.5004753441628842
3.574007155 0.5006689561274371
3.575358387 0.5008652038185979
3.5767096179999998 0.5010517293728931
3.57806085 0.5018188990510597
3.579412081 0.5020211131866696
3.580763312 0.5021889006647502
3.582114544 0.5023408782285055
3.583465775 0.5024921869191232
3.5848170070000003 0.5031430802721109
3.5861682380000004 0.5034311310557045
3.58751947 0.5036094982869218
3.588870701 0.5038011072352371
3.5902219329999996 0.5039672357571172
3.5915731639999997 0.5040733012837028
3.592924395 0.504183031021211
3.594275627 0.5042786813444378
3.595626858 0.5043983555616873
3.59697809 0.504525263410746
3.598329321 0.504644342390338
3.5996805530000002 0.5047758229090491
3.601031784 0.5049162354041029
3.602383016 0.5050706572127865
3.603734247 0.5056492472280282
3.605085478 0.5059213460757697
3.60643671 0.5060404619955998
3.607787941 0.5061521446805999
3.609139173 0.5062605068475832
3.610490404 0.5063832023276782
3.6118416360000003 0.5064619313791838
3.6131928670000004 0.5065339645752589
3.6145440979999997 0.5066116366005016
3.61589533 0.5066790359512163
3.617246561 0.5067470239858572
3.6185977929999997 0.5068022296739676
3.619949024 0.507382001816162
3.621300256 0.5074522123060871
3.622651487 0.5074867276963257
3.624002719 0.5075289371092262
3.62535395 0.5075818614117391
3.6267051809999997 0.5076190843565289
3.628056413 0.5076642917635179
3.629407644 0.5077062677218711
3.630758876 0.5077650934306872
3.632110107 0.5078607610409704
3.633461339 0.5079416439700091
3.6348125700000002 0.5080171314733921
3.6361638010000004 0.5081137978703646
3.637515033 0.5082087349406889
3.638866264 0.5083045260705097
3.640217496 0.5084124074983649
3.6415687269999997 0.5085638969499688
3.642919959 0.5087160634424537
3.64427119 0.5088598908429669
3.6456224219999998 0.5089919543094497
3.646973653 0.509123224429179
3.648324884 0.5092403506356014
3.649676116 0.509766565991107
3.6510273470000003 0.5101585010955931
3.652378579 0.5103592703438559
3.6537298099999997 0.5105679660254812
3.655081042 0.510783333528338
3.656432273 0.5109815059080478
3.657783504 0.5111799114003841
3.659134736 0.5113648785856766
3.660485967 0.5115111278693067
3.6618371990000003 0.5116162604630405
3.66318843 0.5117124837090165
3.664539662 0.5118181094149294
3.665890893 0.5119418796911017
3.667242125 0.5120591133562005
3.6685933559999997 0.5121810073605988
3.669944587 0.5128394790902191
3.671295819 0.5130383677154325
3.67264705 0.5132103635501521
3.673998282 0.5133716132091775
3.675349513 0.5135175219740162
3.676700745 0.5136769011892022
3.6780519760000003 0.5138412877247502
3.679403208 0.5140112612972223
3.6807544389999998 0.5141878648458348
3.68210567 0.5143456898123087
3.683456902 0.514509762620895
3.684808133 0.5146811633403554
3.686159365 0.5148275087366472
3.687510596 0.5149753615369452
3.688861828 0.5151183874901673
3.690213059 0.5152232391533604
3.6915642899999996 0.5152279047279559
3.692915522 0.5152410676853488
3.694266753 0.5158548346737857
3.6956179849999997 0.5158832804055404
3.696969216 0.5158968128255672
3.698320448 0.5159067142627374
3.699671679 0.5159252889560203
3.701022911 0.5159252535444699
3.702374142 0.5159179879899807
3.703725373 0.5159175446232602
3.7050766050000004 0.515907777023582
3.706427836 0.5159060266860505
3.707779068 0.5159154087420841
3.709130299 0.5159188966419582
3.710481531 0.515953763842971
3.711832762 0.516030716693082
3.713183993 0.516100215664009
3.714535225 0.5161750155537157
3.7158864560000002 0.5162397840560482
3.717237688 0.5162954506215811
3.7185889189999997 0.5163560189206937
3.719940151 0.5164115570789267
3.721291382 0.516476086022125
3.7226426139999997 0.5165578700128968
3.723993845 0.5166371330095723
3.725345076 0.5167235068280965
3.726696308 0.5168146035776252
3.7280475390000003 0.516889781080016
3.729398771 0.5169631253215521
3.730750002 0.517039182181382
3.7321012340000004 0.5171120815412379
3.733452465 0.5171958888250597
3.7348036959999997 0.5172806736603586
3.736154928 0.517964799760832
3.737506159 0.5180710499508727
3.738857391 0.518178798465567
3.740208622 0.5183912834617699
3.741559854 0.5188909582271686
3.7429110850000002 0.518926656923214
3.744262317 0.5189518240143429
3.7456135479999997 0.5189816662328048
3.746964779 0.5190086314148157
3.748316011 0.5190425791438402
3.749667242 0.5190900031140562
3.751018474 0.5191295486514307
3.752369705 0.5191768347739781
3.753720937 0.519240242382405
3.7550721680000003 0.5192981641017826
3.7564234 0.5193584345700004
3.757774631 0.5194231657460883
3.759125862 0.5194808597659615
3.7604770939999996 0.5195394431853781
3.7618283249999998 0.5195935312187849
3.763179557 0.5196415079255814
3.764530788 0.5197058815129736
3.76588202 0.5197809876542416
3.767233251 0.5198565833001438
3.768584482 0.5199460090196775
3.7699357140000003 0.5200359146768139
3.771286945 0.5201051617205209
3.7726381769999997 0.5201794558135286
3.773989408 0.5202551214758486
3.77534064 0.5203218177043843
3.776691871 0.5208097684609563
3.778043103 0.5210636667630275
3.779394334 0.5211257143895256
3.780745565 0.5212420299455547
3.7820967970000003 0.5213954454865409
3.7834480279999996 0.5215447619093803
3.7847992599999998 0.5217062409351884
3.786150491 0.5218667758179182
3.7875017229999997 0.5220148668029383
3.7888529539999998 0.5221647265170812
3.790204185 0.5222829183762401
3.791555417 0.522265710187746
3.792906648 0.5222564443357924
3.79425788 0.5222443599171158
3.795609111 0.5222311803878041
3.7969603430000003 0.5222306524283693
3.798311574 0.5222174730559805
3.7996628059999997 0.5221972750344153
3.801014037 0.5223007787451222
3.802365268 0.5224142467701689
3.8037165 0.5225116803414691
3.8050677310000003 0.5226230330967927
3.806418963 0.5227213230608261
3.807770194 0.5228153027300151
3.8091214260000004 0.5229138755362501
3.8104726569999996 0.5229664614255785
3.811823889 0.5229658589463939
3.81317512 0.5229755297793421
3.814526351 0.5229761271713461
3.815877583 0.522973166493807
3.817228814 0.5231051592599543
3.818580046 0.5235457292933725
3.8199312770000002 0.5235110878476046
3.821282509 0.5234850989748357
3.82263374 0.5234508358505743
3.823984971 0.5234104059002532
3.825336203 0.5233699801728481
3.826687434 0.5233159075174638
3.828038666 0.52325570096708
3.829389897 0.5232064295154496
3.830741129 0.523147464039964
3.8320923600000003 0.5230714724716929
3.833443592 0.5229938462381649
3.834794823 0.5228953759805899
3.836146054 0.5227911982919919
3.8374972859999996 0.5227043127037053
3.8388485169999997 0.5230898997958596
3.840199749 0.5230602849884816
3.84155098 0.5229531061809082
3.842902212 0.5228371744715725
3.844253443 0.5227155078353927
3.845604674 0.5225954715306452
3.8469559060000003 0.5224605344891751
3.848307137 0.5223171203191308
3.849658369 0.5221776768251334
3.8510096 0.5220274112437917
3.852360832 0.5218638104137387
3.853712063 0.5217016080468335
3.855063295 0.5215364612949078
3.856414526 0.5213650095529156
3.857765757 0.5216655178764424
3.859116989 0.5216437424672176
3.86046822 0.5214671899190795
3.861819452 0.5213087705756032
3.863170683 0.521149300267529
3.8645219149999996 0.520979690107977
3.8658731459999998 0.5208190798869163
3.867224377 0.5206522774131246
3.868575609 0.5204781619935643
3.86992684 0.5203117885270311
3.871278072 0.5201325172860225
3.872629303 0.5199432076658843
3.8739805350000003 0.5197576361808431
3.875331766 0.5195804903051089
3.876682998 0.5194026067954944
3.878034229 0.5192331491028102
3.87938546 0.5190722015282926
3.880736692 0.5189056163656225
3.882087923 0.5187488244264585
3.883439155 0.5186037134912926
3.884790386 0.5184538351108154
3.886141618 0.5183210339524557
3.887492849 0.518202581764489
3.8888440810000002 0.5180785905944518
3.890195312 0.5179602575774007
3.891546543 0.5178505275971055
3.892897775 0.5177448295456046
3.894249006 0.51764248141869
3.895600238 0.5175527671940567
3.8969514690000002 0.5174652661840544
3.898302701 0.5179766856687593
3.899653932 0.5179141978008728
3.9010051629999998 0.5178546964146328
3.902356395 0.5178040858803821
3.903707626 0.5177776217433243
3.905058858 0.5177536444449304
3.906410089 0.5177339319533957
3.9077613209999997 0.5177311650387255
3.909112552 0.5177348710546217
3.910463784 0.5177441326917975
3.911815015 0.5177774249947495
3.913166246 0.5178317682546932
3.914517478 0.5181872556176692
3.9158687089999997 0.5185345118406034
3.917219941 0.5186176559674416
3.918571172 0.5186860435896288
3.919922404 0.5187589490306244
3.921273635 0.5188427784270081
3.922624866 0.5189229271137152
3.9239760980000002 0.5190072270203274
3.9253273290000004 0.5190979488301859
3.926678561 0.5191795473504626
3.928029792 0.5192491057045882
3.929381024 0.5193224291454406
3.9307322549999997 0.5193824688465001
3.932083487 0.5194122501714066
3.933434718 0.5194295375865945
3.934785949 0.5194065018459564
3.936137181 0.5193334309916606
3.937488412 0.5195177078559677
3.938839644 0.5196772099447511
3.940190875 0.5194920178620316
3.941542107 0.5193221360568601
3.9428933379999997 0.5191020824403116
3.944244569 0.5188074981251178
3.945595801 0.5184373263270585
3.946947032 0.517982326017697
3.948298264 0.5174145539089343
3.949649495 0.516744531622151
3.9510007270000003 0.5159100853821045
3.9523519580000004 0.5149268803947252
3.95370319 0.513805944391533
3.955054421 0.5125526088240033
3.956405652 0.5111550259873354
3.9577568839999997 0.5095804113790299
3.959108115 0.5078298860096115
3.960459347 0.5058947082634185
3.961810578 0.5037586885677203
3.96316181 0.5014229465505569
3.964513041 0.49887677374702344
3.965864273 0.49610321678785313
3.967215504 0.4931017079429544
3.968566735 0.48987834761283866
3.9699179669999998 0.4869032311789512
3.971269198 0.48320255146150304
3.97262043 0.4791778913311019
3.973971661 0.47488865335084574
3.975322893 0.47032432426481396
3.976674124 0.46549684947625125
3.978025355 0.4609301100618022
3.9793765870000004 0.4555492052329554
3.9807278179999996 0.44989383138748984
3.98207905 0.44398639699032616
3.983430281 0.4377805277784199
3.9847815129999997 0.4312778463191905
3.986132744 0.42453760860905987
3.987483976 0.4175433029653094
3.988835207 0.4103092418732927
3.9901864380000003 0.40286355137968655
3.99153767 0.3952209194415137
3.9928889009999997 0.38737378920829146
3.994240133 0.379352031159397
3.995591364 0.37114088849752225
3.996942596 0.36276931928250433
3.998293827 0.35427663719112823
3.999645058 0.34568899709121637
4.00099629 0.33700279597772465
4.002347521 0.32823490024897917
4.003698753 0.3194282618358023
4.005049984 0.3105974086319483
4.006401216 0.30168879823393757
4.007752447 0.2928158668660996
4.009103679 0.28397815546941707
4.01045491 0.275187052945436
4.011806141 0.26648803091101386
4.013157373 0.2578860508733913
4.014508604 0.24937178397032578
4.015859836 0.24093483932036971
4.017211067 0.23262820916074883
4.018562299 0.22459202243381116
4.01991353 0.2166449941960456
4.021264761 0.20895608536833793
4.022615993 0.20119712169525916
4.023967224 0.1935938501774172
4.025318456 0.18616496597286353
4.026669687 0.17894071795031305
4.028020919 0.17187665717331305
4.02937215 0.16500751449926798
4.030723382 0.1583550930317505
4.032074613 0.15189701625371757
4.033425844 0.14561524137029658
4.034777076 0.13953780221028078
4.036128307 0.1336746582983545
4.037479539 0.12796254414118502
4.03883077 0.12245402592585145
4.040182002 0.11715357469577779
4.041533233 0.11204455992841017
4.042884465 0.10710680621627013
4.044235696 0.10237230255877874
4.0455869269999996 0.09782191344946459
4.046938159 0.09340864001262966
4.04828939 0.08918916757572332
4.049640622 0.08513857122729282
4.050991853 0.08122343494923473
4.052343085 0.07745493183212146
4.053694316 0.07386896737953208
4.055045547 0.07041683210570666
4.056396779 0.06708310488927265
4.05774801 0.06391576543275522
4.059099241999999 0.06087817926023301
4.0604504729999995 0.05798455178902864
4.061801705 0.05522177377254471
4.063152936 0.05257790480655995
4.064504168 0.05001869811563048
4.065855399 0.04756900413288975
4.06720663 0.045252613217831625
4.0685578620000005 0.043032738775619354
4.069909093000001 0.04089676042965492
4.071260325 0.03887201216212213
4.072611556 0.03699059228245627
4.073962788 0.03514499652392246
4.075314019 0.033380733090984264
4.07666525 0.03171488796078083
4.078016482 0.03011972655835316
4.079367713 0.0285818340590444
4.080718945 0.027138697728123724
4.082070176 0.0257718339698886
4.083421408 0.024437393406328424
4.084772639 0.023183827183985137
4.086123871 0.022003323853536393
4.087475102 0.020871128209959705
4.088826333 0.01977245979735131
4.090177565 0.018767001803187796
4.091528796 0.01779739603232657
4.092880028 0.01685412268676688
4.094231259 0.015971226669190212
4.095582491 0.015150919644308751
4.096933722 0.01435723128709085
4.098284953 0.013590817148313046
4.0996361850000005 0.012902451776471542
4.100987416 0.012228694538571132
4.102338648 0.011573457320335705
4.103689878999999 0.010967218928667612
4.105041110999999 0.010412310460751245
4.106392342 0.009847688823422478
4.107743574 0.009316716155371822
4.109094805 0.008836063259419782
4.110446036 0.008370922645380247
4.111797268 0.00791379904155532
4.113148499 0.0074953296058672
4.1144997309999995 0.007121678757413836
4.115850962000001 0.00672856908518287
4.117202194000001 0.006366418355529674
4.118553425 0.006042526404558361
4.119904657 0.005733341048284784
4.121255887999999 0.005405025328890189
4.122607119 0.005129232406203565
4.123958351000001 0.0048698346662897005
4.125309582 0.00460232816308175
4.126660814 0.004349490846815434
4.128012045 0.004135502450767462
4.129363277 0.0039270437168561325
4.130714508 0.0037009484653686953
4.132065739 0.0035142547479707006
4.133416971 0.0033384775002077123
4.134768202 0.0031569038730106065
4.136119434 0.0029746838192194463
4.1374706649999995 0.00284263823052358
4.138821897 0.0026903424806125065
4.140173128000001 0.0025361294982385613
4.14152436 0.0024041638786520547
4.142875591 0.002297072181317877
4.144226821999999 0.0021618578838400564
4.145578054 0.0020364731824890707
4.146929285000001 0.0019459761840268132
4.148280517 0.0018528603946802243
4.149631748 0.001745067660223751
4.15098298 0.0016524233471953492
4.152334211 0.0015882021398016337
4.153685442 0.0014916548769601991
4.155036674 0.0014074696077695137
4.156387905 0.0013444158398603617
4.157739136999999 0.0012899888463796414
4.159090368 0.0011975510338257125
4.1604416 0.001143161300617901
4.161792831 0.001100355385604554
4.163144063 0.001042974752569131
4.164495294 0.0009685242222298737
4.165846525 0.0009305897875263011
4.167197757 0.0008906893189936704
4.1685489879999995 0.0008299780640792088
4.169900220000001 0.0007829653419076884
4.171251451 0.0007595740393632842
4.172602683 0.0007233708600373729
4.173953914 0.0006644053938189935
4.1753051459999995 0.0006397768762896471
4.1766563770000005 0.0006160143156780392
4.178007608 0.0005765009392979608
4.17935884 0.0005298230354117899
4.180710071 0.0005271608252983536
4.182061303 0.0004978976748313315
4.183412534 0.00045962976964100926
4.184763766 0.0004323702052392636
4.186114997 0.0004374015433462018
4.187466228 0.0003999009549867401
4.18881746 0.00036845334864061207
4.190168691 0.00035455703384828705
4.1915199229999995 0.0003464357334222166
4.1928711540000005 0.00030617789167799997
4.194222386000001 0.0002914966004147868
4.195573617 0.0002928944406644776
4.196924849 0.0002766036477655874
4.198276079999999 0.00024200907724026074
4.199627311 0.0002307568491984835
4.200978543 0.00022995675051664305
4.202329774 0.00020015266076205525
4.203681006 0.00017992232302789632
4.205032237 0.00018363545433774811
4.206383469 0.00018523932826400232
4.2077347 0.00014733665102435048
4.209085931 0.00014055237033127268
4.210437163 0.00014500391465829465
4.211788394 0.0001349785546025817
4.213139626 9.902300454163351e-05
4.2144908569999995 0.00011180611030589508
4.215842089 0.00011800611392080438
4.217193320000001 9.868640946717621e-05
4.218544552 7.846230322499285e-05
4.219895783 9.2331014861081e-05
4.221247013999999 8.532143287857032e-05
4.2225982459999996 6.750567297850596e-05
4.223949477 5.681084747012176e-05
4.225300709 7.276893030913824e-05
4.22665194 5.9198984856943764e-05
4.228003171999999 4.628877707616162e-05
4.229354403 4.5555147979801895e-05
4.2307056339999995 5.917755115404669e-05
4.232056866 4.643473150517725e-05
4.233408097000001 4.2962607395572986e-05
4.234759329 4.695807954457848e-05
4.23611056 5.149537536206934e-05
4.237461792 3.8269569923360996e-05
4.238813023 3.5791908076734945e-05
4.240164255 3.920648380305161e-05
4.241515486 3.8244197032819986e-05
4.242866717 3.098113442739028e-05
4.244217949 3.3316345559236855e-05
4.24556918 3.6420696144895995e-05
4.246920412000001 3.067256288938255e-05
4.248271643 2.520407443008911e-05
4.249622875 3.288772907261226e-05
4.250974105999999 3.658274560314469e-05
4.2523253379999995 2.7271232139894757e-05
4.2536765690000005 2.5012965942965653e-05
4.2550278 3.0290492869804045e-05
4.256379032 3.1720382412276576e-05
4.257730263 2.6918085227921846e-05
4.259081495 2.729059567259878e-05
4.260432726 3.0397219162830578e-05
4.261783958 2.5948166644697332e-05
4.263135189 1.7020643713632887e-05
4.26448642 1.950591564157598e-05
4.265837652 2.5808742943787865e-05
4.267188883 2.5338716175354962e-05
4.2685401149999995 2.2366255780607356e-05
4.2698913460000005 2.626545971475983e-05
4.271242578000001 2.7918078445629166e-05
4.272593809 2.319305655013931e-05
4.273945041 2.2511899760837158e-05
4.275296271999999 2.9072775165720386e-05
4.276647503 2.8966515742671765e-05
4.277998735 2.3812651882466896e-05
4.279349966 2.3697338863686162e-05
4.280701198 2.9954430424909407e-05
4.282052429 2.8676120150714933e-05
4.283403661 2.5844377346750237e-05
4.284754892 2.9768537571383052e-05
4.286106123 3.395875501110017e-05
4.287457355 2.6809314555270933e-05
4.288808586 2.2337130198728094e-05
4.290159818 2.5833124151698712e-05
4.2915110489999995 2.984162400987222e-05
4.292862281 2.5018971164460974e-05
4.294213512000001 2.4106977757147534e-05
4.295564744 3.0434624605581988e-05
4.296915975 3.0509618259770506e-05
4.298267206 2.3019353764216733e-05
4.299618438 2.2470400877695043e-05
4.300969669 2.9134941950950656e-05
4.302320901 2.87382674818074e-05
4.303672132 2.2498609306556893e-05
4.305023363999999 2.3425593304508218e-05
4.306374595 2.9545214639491997e-05
4.3077258259999995 2.7194688757038566e-05
4.309077058 2.2522271191975613e-05
4.310428289000001 2.3271825237931516e-05
4.311779521 2.593423533527523e-05
4.313130752 1.9273289513654935e-05
4.314481984 1.548474561954e-05
4.315833215 1.7782934590360224e-05
4.317184447 2.3521331831235352e-05
4.318535678 1.954331185101887e-05
4.319886909 2.025882228256924e-05
4.321238141 2.3762140343052064e-05
4.322589372 2.5486840996516086e-05
4.323940604000001 1.665480040686009e-05
4.325291835 1.5765410303377136e-05
4.326643067 1.856439810331504e-05
4.327994297999999 2.136098619727041e-05
4.329345529999999 1.6090752628479023e-05
4.3306967610000004 1.8900030246262152e-05
4.332047992 2.2247572806312242e-05
4.333399224 2.2197769285732888e-05
4.334750455 1.4907726781605655e-05
4.336101687 1.763587142591214e-05
4.337452918 2.1283811069190843e-05
4.33880415 2.166180967727045e-05
4.340155381 1.5300259808021e-05
4.341506612 1.85298587804194e-05
4.342857844 2.106874861131334e-05
4.344209075 1.9313545888872164e-05
4.3455603069999995 1.3017554447494499e-05
4.3469115380000005 1.6430881441961077e-05
4.34826277 1.9494554547346625e-05
4.349614001 1.8313278194792597e-05
4.350965233 1.4907883842663492e-05
4.352316464 1.8652582551011465e-05
4.353667695 2.1696307627343965e-05
4.355018927 1.8645969887569734e-05
4.356370158 1.6156900685000418e-05
4.35772139 1.937325604235237e-05
4.359072621 2.246319071557615e-05
4.360423853 1.8237082847537887e-05
4.361775084 1.792082885010511e-05
4.363126315000001 2.0055863856775928e-05
4.364477547000001 1.9977291849539848e-05
4.365828778 1.2361789024397443e-05
4.36718001 1.3424296289655141e-05
4.3685312409999995 1.7085179122097044e-05
4.369882473 2.069134381085011e-05
4.371233704 1.2175426568735024e-05
4.372584936 1.2917296032955194e-05
4.373936167 1.595645279381602e-05
4.375287398 1.9106358312488732e-05
4.37663863 1.099147161862426e-05
4.377989861 1.1521082145230836e-05
4.379341093 1.4877591973496272e-05
4.380692324 2.0519697846527697e-05
4.382043555999999 1.2403823339370502e-05
4.383394787 1.2825479685743372e-05
4.3847460179999995 1.6897618283294436e-05
4.38609725 1.6815478764172496e-05
4.387448481000001 9.273732472084636e-06
4.388799713 9.787936742451246e-06
4.390150944 1.8959999907216033e-05
4.391502176 1.6402661388928406e-05
4.392853407 9.352047114534052e-06
4.394204639 8.903039611898259e-06
4.39555587 1.71177947934979e-05
4.396907101 1.3816056558274331e-05
4.398258332999999 1.0132122793711416e-05
4.399609564 8.717991031864528e-06
4.400960796000001 1.6157858068199795e-05
4.402312027 1.2055274588362582e-05
4.403663259 7.3583463024797094e-06
4.405014489999999 5.320633546959022e-06
4.406365721999999 1.3241433429985132e-05
4.407716953 9.849649696539508e-06
4.409068184 7.427324484361125e-06
4.410419416 7.3127573890162385e-06
4.411770647 1.1029150050531263e-05
4.413121879 9.226190007137336e-06
4.41447311 5.768301697829302e-06
4.415824342 9.301072356022083e-06
4.417175573000001 1.4700077741144736e-05
4.418526804 8.775266377559369e-06
4.419878036 2.117090433153442e-06
4.421229266999999 5.158653442572565e-06
4.4225804989999995 1.0448724407350117e-05
4.4239317300000005 1.812661553052947e-05
4.425282962 1.1216068090610352e-05
4.426634193 1.379950873963599e-05
4.427985425 1.7060912691787635e-05
4.429336656 1.5754933558136566e-05
4.430687887 2.7611308427518912e-06
4.432039119 3.5403907301443967e-06
4.43339035 1.2736212348639694e-05
4.434741582 1.3207378797019536e-05
4.436092813 5.884896289395546e-06
4.437444045 4.998844273718955e-06
4.438795276 1.545609024504911e-05
4.440146507000001 1.1663009713431668e-05
4.441497739000001 7.457956704861034e-06
4.44284897 5.444002624141685e-06
4.444200202 1.2117428962371023e-05
4.445551432999999 1.3443586019479716e-05
4.446902665 9.228991104583303e-06
4.448253896 6.156306859564476e-06
4.449605128 1.3210173990627597e-05
4.450956359 1.575459688932067e-05
4.45230759 1.0382797574345405e-05
4.453658822 8.948608063850056e-06
4.455010053 1.2656070628254547e-05
4.456361285 1.655984295555954e-05
4.457712516 8.982968792234538e-06
4.459063747999999 1.0069229938645291e-05
4.460414979 1.3926310265922787e-05
4.4617662110000005 2.2184918080985353e-05
4.463117442 8.592350933345846e-06
4.464468673000001 7.7805154476131e-06
4.465819905 1.0685680517080133e-05
4.467171136 1.547269575277591e-05
4.468522368 8.143047096734718e-06
4.469873599 5.96666642157316e-06
4.471224831000001 1.180961454559525e-05
4.472576062 1.6212555747605348e-05
4.473927293 1.1898170877777774e-05
4.475278524999999 5.536614889196451e-06
4.476629756 1.186578871128873e-05
4.4779809880000006 1.618157315189737e-05
4.479332219 1.442671323977238e-05
4.480683451 7.25740461851304e-06
4.482034682 1.1041517274621811e-05
4.483385914 1.848221734198998e-05
4.484737145 1.658360839374525e-05
4.486088376 1.0736307137549287e-05
4.487439608 1.133523982315498e-05
4.488790839 2.3467149204175976e-05
4.490142071 2.056146091046717e-05
4.491493302 1.7483356048092646e-05
4.492844534 1.5768306883498267e-05
4.494195765000001 2.4625291081810597e-05
4.495546996 2.3341365519639105e-05
4.496898228 1.882596898392219e-05
4.498249458999999 1.7776790184741587e-05
4.4996006909999995 2.376779674248342e-05
4.5009519220000005 2.6903116503156233e-05
4.502303154 1.8401656561846705e-05
4.503654385 1.7448449826441503e-05
4.505005617 2.0005513914975366e-05
4.506356848 3.093108760569974e-05
4.507708079 1.8129306588255216e-05
4.509059311 1.6830125630010704e-05
4.510410542 2.0303588747608556e-05
4.511761774 2.5142686181639196e-05
4.513113005 1.9034383427424577e-05
4.514464237 1.3538800017908069e-05
4.5158154679999996 1.8750229225384942e-05
4.517166699000001 2.2939500803662505e-05
4.518517931 2.2333043956762846e-05
4.519869162 1.4120356843163293e-05
4.521220394 1.8863122084380327e-05
4.522571624999999 2.5959557224742927e-05
4.523922857 2.7061471893366706e-05
4.525274088 1.606704253008874e-05
4.52662532 1.4334677290651149e-05
4.527976551 2.363930409738934e-05
4.529327782 2.0732222881608732e-05
4.530679014 1.8131507740082942e-05
4.532030245 1.5251687080714106e-05
4.533381477 2.5138010027279705e-05
4.534732708 2.8124094828603022e-05
4.53608394 2.375491076078304e-05
4.537435171 1.7647732491711535e-05
4.5387864030000005 2.1164436996904194e-05
4.540137634 2.9461822457264838e-05
4.541488865 2.43527959782799e-05
4.542840097 2.1695643814125426e-05
4.544191328 2.1857121448858936e-05
4.5455425599999995 3.1174192246573746e-05
4.5468937910000005 2.607751645712234e-05
4.548245023000001 2.0603306636406563e-05
4.549596254 1.875449640643859e-05
4.550947485 2.327697317935035e-05
4.552298716999999 2.5459207659715966e-05
4.553649948 1.8185510289008554e-05
4.5550011800000005 2.0678668219039927e-05
4.556352411 2.566301808001118e-05
4.557703643 3.4477649075551243e-05
4.559054874 2.5690495374770426e-05
4.560406106 2.3061263655763737e-05
4.561757337 2.823033749366397e-05
4.563108568 3.126526264156723e-05
4.5644598 2.5126791825955132e-05
4.565811031 1.6369379606951167e-05
4.567162263 2.2811349680938586e-05
4.568513493999999 2.9271180288745763e-05
4.569864726 3.342864483634413e-05
4.571215957000001 2.5533612223895604e-05
4.572567188 2.6031207323411445e-05
4.57391842 3.9150834730210764e-05
4.575269650999999 3.465357375471735e-05
4.5766208829999995 2.6541227576030278e-05
4.5779721140000005 1.8347407341106808e-05
4.579323346 2.632719832996032e-05
4.580674577 3.097656529185486e-05
4.582025809 2.9917626960075356e-05
4.58337704 2.5828759119695425e-05
4.584728271 2.79501150095094e-05
4.586079503 3.979555214781273e-05
4.587430734 3.0140969515153763e-05
4.588781966 2.45388342824903e-05
4.590133197 2.018361505019941e-05
4.591484429 2.8497793990373183e-05
4.5928356599999995 3.044743800072944e-05
4.5941868910000005 2.4963421880432672e-05
4.595538123 2.4915214286966184e-05
4.596889354 2.826164083292491e-05
4.598240586 3.707204467171087e-05
4.599591817 2.7172796269933406e-05
4.6009430490000005 2.33664165033159e-05
4.60229428 2.3614415544581747e-05
4.603645512 2.905237901692394e-05
4.604996743 2.7558381955942877e-05
4.606347974 1.889482545195898e-05
4.607699206 2.1021926244738688e-05
4.609050437 2.482270166465901e-05
4.610401669 3.139512835922725e-05
4.611752900000001 2.2953706055282527e-05
4.613104132 2.125406324696626e-05
4.614455363 2.835254172036434e-05
4.6158065950000005 3.292326916631025e-05
4.617157826 3.197771164068722e-05
4.618509057 2.415197545213597e-05
4.619860289 2.7632750301542144e-05
4.62121152 3.2311761285559816e-05
4.622562751999999 3.153020997506028e-05
4.6239139830000004 2.482466857861606e-05
4.625265215000001 2.1463628461515638e-05
4.626616446 2.936350654541175e-05
4.627967677 2.9519504082338157e-05
4.629318908999999 2.5543290908778284e-05
4.63067014 1.8581331580470902e-05
4.6320213720000005 2.1142511733500578e-05
4.633372603 2.9044974839390907e-05
4.634723835 2.169440309801523e-05
4.636075066 1.3442051162900527e-05
4.637426298 1.0342912616273397e-05
4.638777529 1.4977470968232379e-05
4.64012876 1.7488669810563923e-05
4.641479992 1.3057696945236591e-05
4.642831223 1.3851303454061746e-05
4.644182455 1.78405045882112e-05
4.645533685999999 2.9075397387475223e-05
4.646884918 2.2505434542015786e-05
4.648236149000001 1.9631029239397655e-05
4.64958738 2.1111841814161837e-05
4.650938612 2.6312974672023864e-05
4.652289842999999 2.8422699986781947e-05
4.6536410749999995 1.838266047823977e-05
4.6549923060000005 1.6994884857502124e-05
4.656343538 2.0308645193272976e-05
4.657694769 2.4918175389802543e-05
4.659046001 1.4782468831196864e-05
4.660397232 8.682067075480328e-06
4.661748463 1.3711379479207694e-05
4.663099695 2.1273999988974802e-05
4.664450926000001 2.6522614417224802e-05
4.665802158 1.478948941833217e-05
4.667153389 1.3956739575271432e-05
4.668504621 2.3527079098175306e-05
4.6698558519999995 2.6884700214489346e-05
4.6712070830000005 2.160525949471107e-05
4.672558315 1.341932686603275e-05
4.673909546 1.694298621961917e-05
4.675260778 2.390234178814929e-05
4.676612009 2.1976090451510073e-05
4.6779632410000005 1.539716321414917e-05
4.679314472 1.0205800829274114e-05
4.680665704 1.7306507188290037e-05
4.682016935 2.0562710038935458e-05
4.683368166 1.819260115104074e-05
4.684719398 1.4494007404967162e-05
4.686070629 1.5061374748663376e-05
4.687421861 2.523765507781317e-05
4.688773092 2.1367000844429463e-05
4.690124324 1.6910982419842823e-05
4.691475555 1.3839206107008572e-05
4.6928267869999996 1.7442997766690934e-05
4.694178018 2.6567730022627247e-05
4.695529249 1.7730565455629075e-05
4.696880481 1.5288929805774597e-05
4.698231712 1.583046144360281e-05
4.699582943999999 2.4123588361240566e-05
4.700934175 2.412591739682622e-05
4.702285407000001 1.6664990321619955e-05
4.703636638 1.6315575190477298e-05
4.704987869 1.7845987017457823e-05
4.706339100999999 2.2153640980197494e-05
4.707690332 1.648178256539398e-05
4.7090415640000005 1.0891107201008825e-05
4.710392795 1.3630838264447261e-05
4.711744027 1.6053494114733565e-05
4.713095258 1.9032687530190616e-05
4.71444649 7.844853537612657e-06
4.7157977209999995 6.492500242708029e-06
4.717148952 1.3586134726856165e-05
4.718500184000001 2.230267949536302e-05
4.719851415 2.187726386086735e-05
4.721202647 1.1390949513892135e-05
4.722553877999999 1.1588465518873256e-05
4.72390511 2.3297438800047395e-05
4.725256341000001 2.4668636696840773e-05
4.726607572 1.9218730282273992e-05
4.727958804 1.3186341622301749e-05
4.729310035 1.6271462120609673e-05
4.730661267 2.5367351755440303e-05
4.7320124980000005 1.9263863306153437e-05
4.73336373 1.3012228479511996e-05
4.734714961 9.148525370297186e-06
4.736066193 1.660785544218138e-05
4.737417424 2.7619273452254165e-05
4.738768654999999 2.198691772396992e-05
4.740119887 1.7779585888489176e-05
4.741471118000001 1.6305382096724036e-05
4.74282235 2.5629736925047492e-05
4.744173581 2.3987384888650044e-05
4.745524813 1.5529559369840567e-05
4.7468760439999995 1.3417273604440767e-05
4.748227276 1.4372262908559295e-05
4.749578507 2.176877134626948e-05
4.750929738 1.455624991724113e-05
4.75228097 8.937212981211649e-06
4.753632201 9.541531794674107e-06
4.7549834330000005 1.2443300057225532e-05
4.756334664 2.2981813195199877e-05
4.757685896 1.3987055609025851e-05
4.759037127 1.137956075509869e-05
4.760388358 1.5772942799469948e-05
4.76173959 2.33024012439941e-05
4.763090821 2.8346264292074014e-05
4.764442053 1.569333532354797e-05
4.765793284 1.3602644080648744e-05
4.767144516 1.81205627974437e-05
4.768495747 2.0418574105665968e-05
4.7698469789999995 1.3388523271093212e-05
4.77119821 4.826420117767161e-06
4.772549441 4.831256327106007e-06
4.773900673 1.6024694328996605e-05
4.775251904 1.9733569142706443e-05
4.776603135999999 1.593022751843989e-05
4.777954367 1.0006022741495812e-05
4.779305599000001 1.2360951439896158e-05
4.78065683 2.2131754969944422e-05
4.782008061000001 1.5338393724192773e-05
4.783359293 6.7715745470847946e-06
4.784710524 4.1322530531867675e-06
4.7860617560000005 6.1454029725240015e-06
4.787412987 1.9220232085081414e-05
4.788764219 1.5146403399421528e-05
4.79011545 1.0497679553267314e-05
4.791466682 8.200534585915143e-06
4.7928179129999995 1.1314030695830872e-05
4.7941691440000005 1.846972139502741e-05
4.795520376000001 1.061073707168191e-05
4.796871607 6.684377871009651e-06
4.798222839 4.258542288130517e-06
4.799574069999999 8.905587661570053e-06
4.800925302 1.283213621762457e-05
4.802276533000001 7.824510872516162e-06
4.803627764 7.696765401879254e-06
4.804978996 9.684190419289207e-06
4.806330227 1.6209556318199942e-05
4.807681459 1.4571896697728878e-05
4.80903269 8.729836811137504e-06
4.810383922 8.434903762560372e-06
4.811735153 1.177408734579725e-05
4.813086384999999 1.705966970093471e-05
4.814437616 1.2909959092504026e-05
4.815788846999999 7.872704296002568e-06
4.817140079 8.771969054805214e-06
4.818491310000001 1.5459979327198877e-05
4.819842542 1.812623081062862e-05
4.821193773 9.74854366457153e-06
4.822545005 4.027981963710206e-06
4.8238962359999995 5.369616271832736e-06
4.825247468 1.5567873814557945e-05
4.826598699 1.723963806127397e-05
4.82794993 7.794745218742936e-06
4.829301162 4.854791777719595e-06
4.830652393 5.8510368246726654e-06
4.8320036250000005 1.333729302695728e-05
4.833354856 1.1407055717684014e-05
4.834706088 6.255947416514868e-06
4.836057318999999 4.442723230663718e-06
4.83740855 6.294276936192091e-06
4.838759782 1.8238439994585885e-05
4.840111013 1.5348214472013004e-05
4.841462245 1.054266465585241e-05
4.842813476 6.319243955608936e-06
4.844164708 9.899052431894226e-06
4.845515939 1.829086981558138e-05
4.8468671709999995 9.838911604375438e-06
4.8482184020000005 7.881870010871488e-06
4.849569633 7.779077847504257e-06
4.850920865 1.2162284592915357e-05
4.852272096 2.3288356905815487e-05
4.853623327999999 1.45211822722676e-05
4.854974559 1.1037374388706185e-05
4.856325791000001 1.0462135177874757e-05
4.857677022 1.395557583194005e-05
4.859028253 2.642813127719079e-05
4.860379485 1.438916757750576e-05
4.861730716 1.1192274620942427e-05
4.863081948 1.4492042743973076e-05
4.864433179 1.8998526949456946e-05
4.865784411 2.6875440649731225e-05
4.867135642 8.952442788942751e-06
4.868486874 6.318737179284967e-06
4.8698381049999995 9.17035146550313e-06
4.8711893360000005 1.598810892101304e-05
4.872540568000001 2.388962324653839e-05
4.873891799 1.7635699462687135e-05
4.875243031 1.4034397657723849e-05
4.876594261999999 2.1771966670187777e-05
4.8779454939999995 2.846898159585582e-05
4.879296725000001 2.9371926219572607e-05
4.880647956 1.6186640519934168e-05
4.881999188 1.0264584766234687e-05
4.883350419 1.5461958156926793e-05
4.884701651 2.140109850692913e-05
4.8860528819999995 1.9159143224658283e-05
4.887404114 1.056457878852122e-05
4.888755345 5.816322667891107e-06
4.890106576999999 1.2386789876364482e-05
4.891457808 2.2119848715888512e-05
4.892809038999999 1.9419431037199658e-05
4.894160271 1.3295001424807721e-05
4.895511502000001 7.993321261779301e-06
4.896862734 1.175795427401118e-05
4.898213965 2.1163928760367032e-05
4.899565197 1.5938259391025226e-05
4.900916428 1.401991756768441e-05
4.902267660000001 1.3896332436309736e-05
4.903618891 1.973489397847091e-05
4.904970122 3.6666003651849294e-05
4.906321354 2.2700155691990197e-05
4.907672585 1.6342751015143284e-05
4.9090238170000005 1.3560280780926215e-05
4.910375048 1.60002317781232e-05
4.91172628 2.6526761501945326e-05
4.913077511 1.567506279819559e-05
4.914428742 1.111004518788658e-05
4.915779974 1.1389031099940811e-05
4.917131205 1.3758083372567587e-05
4.918482437 2.0550226973169932e-05
4.919833668 1.3904229771467145e-05
4.9211849 1.0487003124974027e-05
4.922536131 1.2383561932731182e-05
4.9238873629999995 1.9048927561991382e-05
4.9252385940000005 2.3822356445920045e-05
4.926589825 1.995849018702792e-05
4.927941057 1.223354623044917e-05
4.929292288 1.395491906061007e-05
4.930643519999999 2.6446810059557177e-05
4.931994751 2.9637039171567487e-05
4.933345983000001 2.256404429548195e-05
4.934697214 1.3612758982812977e-05
4.936048445 1.3723199124446197e-05
4.937399677 2.073620508611042e-05
4.938750908 2.2254049168145288e-05
4.94010214 1.996250619252892e-05
4.941453371 1.2279902395750205e-05
4.942804603 1.1009284641886297e-05
4.944155834 1.9046348034673096e-05
4.945507066 2.616776674853871e-05
4.9468582969999995 2.342390374016853e-05
4.9482095280000005 1.4065414237630237e-05
4.949560760000001 1.155611020259948e-05
4.950911991 1.6197488663809305e-05
4.952263223 2.3416299143756323e-05
4.953614453999999 1.8761208695857906e-05
4.9549656859999995 1.4891871309458615e-05
4.9563169170000005 1.1403714718519623e-05
4.957668148 1.581117983083436e-05
4.95901938 2.8125181639672256e-05
4.960370611 1.9434515462213187e-05
4.961721843 1.7081155127145583e-05
4.9630730739999995 1.6679976584122778e-05
4.964424306 1.9067168920231012e-05
4.965775537000001 2.6969547463989004e-05
4.967126769 1.771780828679215e-05
4.968478 1.1028002624633197e-05
4.969829230999999 1.0705272126046701e-05
4.971180463 1.3205844073611146e-05
4.972531694000001 2.1002143642434295e-05
4.973882926 1.8417180596435674e-05
4.975234157 1.2035052250173662e-05
4.976585389 1.2447704165889699e-05
4.97793662 1.510947344655388e-05
4.979287852000001 1.9679290830073087e-05
4.980639083 2.1547816592893404e-05
4.981990314 1.2139657629423984e-05
4.983341545999999 1.0889432373886989e-05
4.984692777 1.5939879241849318e-05
4.986044009 2.2908376319021448e-05
4.98739524 2.855853124911251e-05
4.988746472 1.5550094645050954e-05
4.990097703 1.1153628181102523e-05
4.991448934 1.60774470822329e-05
4.992800166 2.3337059696540914e-05
4.9941513969999995 2.472141026401199e-05
4.995502629 2.0379178654264812e-05
4.99685386 1.4908992093763465e-05
4.998205092 1.7110083401706796e-05
4.999556323 2.3415627459193024e-05
5.0009075549999995 2.0816183056356354e-05
5.0022587860000005 1.8330381948209926e-05
5.003610017 1.3829888714847483e-05
5.004961249 1.3953518736224365e-05
5.006312479999999 2.1304425248104896e-05
5.007663711999999 2.1752671157022022e-05
5.009014943 1.8114447158328438e-05
5.010366175 1.3359617335713092e-05
5.011717406 1.0164556386017563e-05
5.013068637 1.6323671378888918e-05
5.014419869 2.3106388397356098e-05
5.0157711 2.050222546196777e-05
5.017122332 1.9480984177326918e-05
5.018473563 1.930655105131947e-05
5.019824795000001 2.2579208652748618e-05
5.021176026 3.077229464271157e-05
5.022527258 2.2363389999902987e-05
5.0238784889999994 1.7583100772488184e-05
5.0252297200000005 1.6980855903196757e-05
5.026580952000001 1.74468219316647e-05
5.027932183 2.1832038744063185e-05
5.029283415 1.9485688448662377e-05
5.030634646 1.2974459657461482e-05
5.031985878 1.2253955204827956e-05
5.033337109 1.3976135271186018e-05
5.034688341 1.734753887606628e-05
5.036039572 2.3953069261104246e-05
5.037390803 1.2323595592549704e-05
5.038742035 8.871409343811448e-06
5.0400932659999995 1.1612058411880464e-05
5.041444498 1.694491044200133e-05
5.042795729000001 2.1407461656311568e-05
5.044146961 1.5897462543991526e-05
5.045498192 1.115544345605053e-05
5.046849422999999 1.359083583085424e-05
5.048200655 2.1069932850832863e-05
5.049551886000001 2.2394023717512495e-05
5.050903118 2.067817144721609e-05
5.052254349 1.239679856767331e-05
5.053605581 1.081255496971262e-05
5.054956812 1.7107008118693405e-05
5.056308044000001 2.218575375069383e-05
5.057659275 2.1941340357050028e-05
5.059010506 1.6855032457943428e-05
5.060361737999999 1.1676567230738808e-05
5.061712969 1.4414300953992519e-05
5.063064201 2.028386509879535e-05
5.064415432 1.6904994463421336e-05
5.065766664 1.2867943334783806e-05
5.067117895 7.449756882811623e-06
5.068469126 6.901162283979343e-06
5.069820358 1.3636303661846212e-05
5.0711715889999995 1.9967189739075716e-05
5.072522821 1.6892215639993136e-05
5.073874052 1.3647981213448535e-05
5.075225284 1.151762622000134e-05
5.076576515 1.5075063691018658e-05
5.0779277469999995 2.3379412226394954e-05
5.0792789780000005 1.6111916548582224e-05
5.080630209 1.289013273195272e-05
5.081981441 1.2510897002506875e-05
5.083332671999999 1.3667349778690739e-05
5.084683904 1.9020985368813892e-05
5.086035135 1.8504667655253638e-05
5.087386367 1.3387010717729437e-05
5.088737598 1.269348385172886e-05
5.090088829 1.4389802323387123e-05
5.091440061 1.886804918488048e-05
5.092791292 2.5546456909637657e-05
5.094142524 1.5622113503911277e-05
5.095493755000001 1.1213460644123895e-05
5.096844987000001 1.3372690239131386e-05
5.098196218 1.6945775076999857e-05
5.09954745 2.1688434655226606e-05
