microns throughput
2.0004663860000003 1.4389100845839458e-15
2.002074478 9.409443264287796e-16
2.00368257 6.543615717901938e-16
2.005290662 4.071358224180224e-16
2.006898754 3.3466468749567635e-16
2.008506846 3.5963256482697334e-16
2.010114938 1.8229372694679368e-16
2.01172303 3.608088680200638e-17
2.013331122 1.7616612461241436e-17
2.014939214 5.883316577814239e-17
2.016547306 7.660860555410601e-17
2.018155398 1.9145469922398597e-17
2.01976349 1.944339043651181e-17
2.021371582 6.967849049641957e-17
2.022979674 9.422623474122275e-17
2.0245877660000002 6.584466943793766e-17
2.026195858 3.0625063204229226e-17
2.027803949 2.0467751673833275e-17
2.029412041 9.07877460349508e-18
2.031020133 7.737077660190505e-18
2.032628225 5.602172148673491e-18
2.034236317 9.531681256421892e-18
2.035844409 1.2406341979717155e-18
2.037452501 3.781378295007494e-18
2.039060593 1.2895407750339515e-18
2.040668685 1.6773354121604967e-19
2.042276777 7.431108895245586e-19
2.0438848689999998 1.3910449899861396e-17
2.045492961 2.6125791454301156e-17
2.047101053 3.116114907680634e-17
2.0487091449999997 5.083142745005086e-17
2.0503172370000002 8.062660253119396e-17
2.0519253290000004 1.612258157309065e-17
2.053533421 3.7898206209492746e-18
2.055141513 1.7879384163877082e-18
2.056749605 2.0613325653757204e-18
2.058357697 5.606071929493573e-19
2.059965788 5.787147752794694e-20
2.06157388 9.545409618450745e-20
2.0631819719999998 2.0715813193671857e-18
2.064790064 2.081491527012415e-18
2.066398156 3.011993476133795e-18
2.068006248 4.955391322410987e-18
2.06961434 8.6517303243526e-18
2.071222432 4.887805559646916e-17
2.072830524 5.262070465044575e-17
2.074438616 3.779777970482702e-17
2.076046708 1.9279520291013255e-17
2.0776548 1.7585076817618494e-17
2.079262892 2.336098075550417e-17
2.080870984 2.0126646930961342e-17
2.0824790760000003 8.964869898255041e-19
2.084087168 1.608931950281472e-19
2.08569526 1.6544591507551764e-18
2.0873033519999997 6.137733368189081e-17
2.088911444 2.1567221880002203e-18
2.090519536 2.671769378880298e-19
2.092127627 2.583331663251558e-18
2.0937357189999997 1.0684702989067781e-16
2.0953438110000002 6.422694691870917e-17
2.0969519030000003 1.6256496260899922e-16
2.098559995 1.5983996953579624e-16
2.100168087 9.202601242306143e-17
2.101776179 4.538069268287801e-17
2.103384271 2.5161506942941916e-16
2.104992363 1.1331171326072219e-16
2.1066004549999997 1.675843758087606e-17
2.1082085470000003 5.340199646059104e-17
2.109816639 2.3609306475010257e-16
2.111424731 6.846601835502694e-16
2.113032823 2.2444259331236087e-17
2.114640915 2.4903123741803097e-18
2.116249007 4.834856979070786e-18
2.1178570989999996 1.0810228624877922e-17
2.1194651909999997 5.159837978733634e-17
2.1210732830000003 6.4694423898147175e-16
2.122681375 7.343038243331762e-16
2.124289466 1.0086928866508895e-15
2.125897558 1.4444760790018242e-15
2.1275056500000002 2.279177816090783e-15
2.129113742 4.744682677133278e-16
2.130721834 1.1468468634786975e-17
2.1323299259999997 2.828182225385214e-18
2.133938018 7.940631379592317e-17
2.1355461100000004 1.1814677745477447e-15
2.137154202 2.975243168776267e-17
2.138762294 2.0992036061332123e-18
2.140370386 6.316694189804072e-18
2.141978478 2.832304685919198e-17
2.14358657 4.254911435276224e-17
2.1451946619999998 1.4140980974481175e-16
2.146802754 2.1534297875347278e-16
2.1484108460000004 3.6299771598918153e-16
2.150018938 1.2572464171183246e-15
2.15162703 1.21208182035892e-15
2.153235122 9.743054503477041e-16
2.154843214 2.330324913015664e-16
2.156451305 1.1013310433348995e-16
2.158059397 2.3641169646073853e-17
2.159667489 9.17245955423678e-18
2.161275581 5.42795026414583e-18
2.1628836729999996 2.2837361685644836e-18
2.164491765 4.906336286809661e-18
2.1660998570000003 1.1669942033018043e-16
2.167707949 1.4728327872585946e-15
2.169316041 2.8339787771695427e-16
2.170924133 3.470932966297261e-16
2.172532225 7.731103241291067e-17
2.174140317 7.527771073913362e-16
2.1757484089999997 2.6372192278071955e-15
2.177356501 3.014437852343019e-15
2.1789645930000003 4.009642765253334e-15
2.180572685 2.6608424363711905e-15
2.182180777 1.7478415617952989e-15
2.183788869 7.05979564288961e-16
2.185396961 8.488177587113841e-16
2.187005053 3.3055158959536724e-16
2.1886131449999997 1.773542820178239e-16
2.1902212359999997 3.6370979980464997e-16
2.191829328 6.555374412305865e-16
2.1934374200000004 1.2115808090729803e-15
2.195045512 1.205531863427381e-15
2.196653604 2.0771259444642024e-15
2.198261696 3.0027928991058947e-16
2.199869788 1.2932487985428067e-15
2.20147788 3.4714027447316716e-15
2.203085972 3.1475994358452883e-15
2.204694064 3.8953426327610094e-15
2.206302156 1.2495063554832394e-15
2.207910248 8.432186816045484e-16
2.2095183400000002 5.360983266955229e-16
2.211126432 1.811202848932287e-15
2.212734524 3.974054864451072e-15
2.2143426159999997 2.830203759561293e-15
2.215950708 2.2156122025722566e-15
2.2175588 3.698773422506206e-16
2.219166892 1.594721964619344e-16
2.220774984 8.357397014101555e-17
2.222383075 4.213349183817239e-17
2.2239911670000003 4.1255823226507026e-17
2.225599259 1.1092747058526838e-16
2.227207351 2.7907283860108643e-16
2.228815443 1.333913017614492e-15
2.230423535 1.398241876126303e-14
2.232031627 1.8746431763415434e-14
2.2336397189999997 2.071749770862789e-14
2.2352478110000003 1.996460640401738e-14
2.236855903 2.8782244525773015e-14
2.238463995 9.56904596326806e-14
2.240072087 3.481767245906829e-14
2.241680179 1.5797517204656815e-14
2.243288271 6.361827029138574e-15
2.2448963629999996 1.4844757766497373e-15
2.2465044549999997 8.732942461600914e-16
2.2481125470000003 3.17884366834347e-16
2.249720639 1.3897061185697246e-16
2.251328731 2.104102292500382e-16
2.252936823 6.716960373521241e-16
2.2545449140000002 1.3523468161733006e-15
2.256153006 5.310960666007685e-16
2.257761098 2.8407126493298885e-16
2.2593691899999997 5.344878831322788e-16
2.260977282 2.73261373468151e-15
2.262585374 1.727257888068561e-14
2.264193466 1.0742324384287082e-13
2.265801558 8.945766853841999e-13
2.2674096500000003 6.195559632097261e-13
2.269017742 4.643346810529198e-13
2.270625834 2.9940735953176115e-13
2.2722339259999997 2.632956280590545e-13
2.273842018 5.488609331228712e-13
2.2754501100000004 9.248097857866015e-14
2.277058202 3.245798521814288e-14
2.278666294 2.04170945231051e-14
2.280274386 9.775219376248606e-15
2.281882478 9.338599702302249e-15
2.28349057 2.3903539375081542e-14
2.285098662 1.5164264302599925e-13
2.286706753 3.39188187640217e-13
2.288314845 3.495021555765308e-13
2.2899229369999996 7.907829557880577e-13
2.291531029 9.522698750068988e-13
2.2931391210000003 1.6345526996494637e-12
2.294747213 1.2685173825968195e-12
2.296355305 5.827306772726705e-13
2.297963397 5.932695911218724e-13
2.299571489 7.346199405751998e-13
2.301179581 9.65499803990976e-13
2.3027876729999996 3.821688545217682e-13
2.304395765 5.124138743594935e-14
2.3060038570000003 4.1007739624453234e-13
2.307611949 1.262380733418835e-13
2.309220041 3.3902586101158576e-14
2.310828133 7.901758865109482e-14
2.312436225 5.958406697406909e-13
2.314044317 6.449938224821873e-12
2.3156524089999997 3.311706059187331e-12
2.3172605010000003 4.834819256852133e-13
2.318868592 1.8622226271445584e-13
2.3204766840000004 1.840545703934753e-12
2.322084776 2.877523502681126e-11
2.323692868 3.116654392312649e-11
2.32530096 7.258148101176265e-12
2.326909052 4.823107543639446e-12
2.328517144 5.759011001542294e-12
2.3301252359999998 1.231791177929466e-11
2.331733328 4.478476453786332e-11
2.33334142 1.0974881710810686e-10
2.334949512 4.42708333446984e-10
2.3365576040000002 1.1639309080785061e-10
2.338165696 9.96308899900497e-12
2.339773788 1.7593192247804865e-12
2.3413818799999997 2.5316082074380058e-11
2.342989972 4.59321156115872e-10
2.344598064 5.525705384301953e-10
2.346206156 3.5577842321333744e-11
2.347814248 2.7560168016951435e-12
2.3494223400000003 1.662339785135406e-11
2.3510304310000003 2.4527368430444135e-10
2.352638523 1.3851368576738344e-09
2.354246615 1.0901965288362864e-10
2.3558547069999998 9.010270242836778e-12
2.357462799 7.593039429597062e-12
2.359070891 7.580844885537278e-11
2.3606789829999997 9.133016418957101e-10
2.3622870750000002 1.0965550606819909e-09
2.363895167 1.2262538249957549e-09
2.365503259 1.9289032402399967e-09
2.367111351 2.2893603848375661e-10
2.368719443 3.101428357439105e-11
2.370327535 5.234143557435329e-11
2.371935627 9.145910703676005e-10
2.3735437189999997 1.635556497309981e-08
2.3751518110000003 4.1029879694808966e-09
2.376759903 3.4680956381644247e-10
2.378367995 4.641956285629193e-11
2.379976087 6.403917502154101e-10
2.381584179 1.0020476317404265e-08
2.383192271 2.4172917887664576e-08
2.384800362 2.2534760745572288e-09
2.3864084539999997 2.3212856166143814e-10
2.388016546 5.189135310174309e-10
2.389624638 6.9617754146945154e-09
2.39123273 9.940708419877101e-08
2.392840822 6.766451726517191e-08
2.3944489140000003 8.486982767561746e-08
2.396057006 9.530753507768465e-08
2.397665098 9.443043891683724e-09
2.3992731899999997 1.143064093128014e-09
2.400881282 1.2237082073944712e-09
2.4024893740000004 1.8705287301619628e-08
2.404097466 2.8893174496444104e-07
2.405705558 1.72578024480193e-07
2.40731365 1.4588759907223729e-08
2.408921742 1.2556458284630547e-09
2.410529834 8.507532478783478e-09
2.4121379259999998 1.416237459553222e-07
2.413746018 1.8170018879452986e-06
2.41535411 1.3061161810483213e-07
2.416962201 9.87884327348401e-09
2.418570293 2.691145009043592e-09
2.4201783850000003 3.109289783853608e-08
2.421786477 4.4143317352817716e-07
2.423394569 6.351926641463458e-07
2.425002661 5.08466768750342e-08
2.426610753 5.002632503818377e-09
2.428218845 2.4810067109283637e-09
2.4298269369999996 2.614783384226456e-09
2.431435029 2.761460742890093e-09
2.4330431210000003 1.9349202561188367e-08
2.434651213 2.5177451173037506e-07
2.436259305 3.3391273493292637e-06
2.4378673969999998 3.481341330121163e-07
2.439475489 2.8745688598596643e-08
2.441083581 4.4834806055313085e-09
2.4426916729999997 6.245657869343163e-08
2.4442997650000002 8.815839474119909e-07
2.4459078570000004 3.7189473974381455e-06
2.447515949 2.718592848438701e-07
2.44912404 2.0397216472408367e-08
2.450732132 8.419311856150239e-09
2.452340224 9.515735592534773e-08
2.453948316 1.2114869442988407e-06
2.455556408 2.219122367337848e-06
2.4571644999999998 9.103405033242551e-07
2.458772592 5.718063269850129e-07
2.460380684 1.3574585446637963e-07
2.461988776 3.692949260052005e-08
2.463596868 1.5505642126471135e-07
2.46520496 4.044905605950776e-07
2.466813052 7.685446470258829e-07
2.468421144 2.6693894311838046e-06
2.470029236 6.763883008887217e-07
2.471637328 5.995873095776052e-08
2.47324542 5.934662133406203e-09
2.474853512 3.125158209070107e-08
2.4764616040000003 3.859965103425384e-07
2.478069696 4.8477520434740625e-06
2.479677788 7.261922391257399e-07
2.481285879 5.9179701131856823e-08
2.4828939709999998 4.934589778056919e-09
2.484502063 3.94518889222335e-08
2.486110155 4.775761247961531e-07
2.4877182469999997 5.978728522117079e-06
2.489326339 1.28748647318156e-06
2.4909344310000003 5.80203505899888e-07
2.492542523 3.648227223441152e-07
2.494150615 5.073028035539269e-07
2.495758707 9.17473728094736e-07
2.497366799 3.6355685933521835e-06
2.498974891 3.104128124223554e-06
2.499778162 2.2064984391284897e-06
2.5011293930000003 1.01804823290336e-06
2.502480624 1.2163579158818403e-06
2.5038318559999997 1.6327771085225747e-06
2.505183087 7.127904112869627e-07
2.506534319 9.18089261703657e-07
2.50788555 1.0516700836554513e-06
2.509236782 5.516140706764272e-07
2.510588013 8.498481953792799e-08
2.511939244 8.479843969836315e-07
2.5132904760000003 1.2533319613048655e-06
2.514641707 1.3768117164034882e-06
2.515992939 1.3723459257735696e-06
2.51734417 5.672225689154789e-07
2.5186954019999996 9.354634798369248e-07
2.5200466329999998 1.4303455281283002e-06
2.521397865 4.527712121538663e-07
2.522749096 6.079658966307905e-07
2.524100327 1.993489696734344e-06
2.525451559 1.200371712080778e-06
2.52680279 9.11485210624403e-07
2.5281540220000003 6.325479756682694e-07
2.529505253 5.1224570739803975e-08
2.5308564849999997 8.196867780419385e-07
2.532207716 4.4817270603758893e-07
2.533558948 2.372620215461048e-06
2.534910179 1.446609066113861e-06
2.5362614100000003 1.071426076745601e-06
2.537612642 1.159223873881186e-06
2.538963873 1.1525242594388772e-06
2.5403151050000004 1.3715509403596121e-06
2.5416663359999996 3.487458947145287e-06
2.5430175680000002 2.7063656815716722e-06
2.544368799 2.057507334919247e-06
2.54572003 1.5861359556512214e-06
2.547071262 4.331151178256999e-07
2.548422493 8.535307724207897e-07
2.549773725 1.0883731755995499e-06
2.551124956 1.3941590167372292e-06
2.552476188 5.124840376675454e-08
2.553827419 1.3427471092340953e-06
2.5551786510000003 2.0991571760756877e-06
2.556529882 2.0545767340437174e-06
2.557881113 1.941409854935319e-06
2.559232345 3.258145337137946e-06
2.560583576 2.4705388742897777e-07
2.561934808 3.278046628497727e-07
2.5632860390000003 1.3831518879034767e-06
2.564637271 1.5394924385561336e-06
2.565988502 2.737036353379082e-06
2.567339733 3.7255980722935847e-06
2.5686909649999996 1.1527257248405764e-06
2.5700421959999997 1.4638558697179468e-06
2.571393428 1.43355686230819e-06
2.572744659 1.2851479049615509e-06
2.574095891 1.0093007622669132e-06
2.575447122 1.6198171110061305e-06
2.576798354 1.3343759094219739e-06
2.5781495850000002 1.5479521889335953e-06
2.5795008160000004 3.0527349897500013e-06
2.580852048 3.410144857360213e-06
2.582203279 2.2056233460064344e-06
2.583554511 2.1745126939044574e-06
2.584905742 2.84803525935995e-06
2.586256974 3.792912830321006e-06
2.587608205 1.5043283628542034e-06
2.588959437 1.874566501974966e-06
2.590310668 2.6470300828778644e-06
2.591661899 2.672294869438645e-06
2.593013131 2.2752630520982256e-06
2.594364362 1.7243362424634623e-06
2.5957155939999996 3.6492010689974455e-06
2.5970668249999997 2.9248162753786417e-06
2.598418057 1.8434713178384996e-06
2.599769288 2.0064118892793834e-06
2.601120519 1.6468640322914035e-06
2.602471751 1.113206412355109e-06
2.603822982 1.1638213913622397e-06
2.6051742140000003 4.153266249574785e-06
2.6065254450000004 1.7468375621713023e-06
2.607876677 2.2760381096328822e-06
2.609227908 2.225587624843411e-06
2.61057914 4.523645909963755e-06
2.611930371 2.0509610895568214e-06
2.613281602 1.5947378059135487e-06
2.614632834 6.572479526916492e-07
2.615984065 4.83428391067605e-08
2.617335297 1.0557118009226066e-06
2.618686528 2.313841069510532e-06
2.62003776 4.5173348627001424e-08
2.621388991 7.12529473910807e-07
2.622740222 4.155369089120308e-09
2.6240914539999998 5.638977747346969e-07
2.625442685 2.2882457976738244e-06
2.626793917 1.2694572033730284e-06
2.628145148 1.0062381931547067e-06
2.62949638 8.28930256738414e-07
2.630847611 5.323192760951052e-07
2.6321988430000003 1.7564135784263703e-06
2.6335500740000004 4.394726280803712e-07
2.634901305 1.5942344170818458e-06
2.636252537 1.2769913203414712e-06
2.637603768 1.639069428271847e-07
2.6389549999999997 1.464926511025806e-06
2.640306231 6.964834739099715e-07
2.641657463 7.376969767086993e-07
2.643008694 1.5895681941989062e-06
2.6443599250000003 3.066102352185754e-06
2.645711157 3.1950480189056944e-06
2.6470623879999997 9.562289205989825e-07
2.64841362 1.5883309608907642e-06
2.649764851 1.3808125402073185e-06
2.651116083 1.5530861050625285e-06
2.652467314 1.9148272303998992e-06
2.653818546 3.409021890026488e-06
2.6551697770000002 3.4354904083229295e-06
2.6565210080000004 1.2914572495768056e-06
2.65787224 3.120195997142604e-06
2.659223471 3.832477733049342e-07
2.6605747030000004 4.93185196930515e-07
2.6619259339999997 3.9042188817513055e-06
2.663277166 3.2377381910199287e-06
2.664628397 1.6899692367625718e-06
2.6659796289999997 2.8086085584214675e-07
2.66733086 8.099600322290717e-07
2.668682091 1.4287181908837632e-06
2.670033323 6.171049091363749e-07
2.6713845540000003 1.1914032426300077e-06
2.672735786 9.713272196509013e-07
2.6740870169999997 4.216512143749638e-07
2.675438249 1.9969924260404856e-06
2.67678948 2.5111960543034505e-06
2.678140711 1.6950821362953516e-06
2.679491943 1.1191594157266224e-06
2.680843174 1.3330339728410158e-06
2.6821944060000003 1.3046907073782723e-06
2.6835456370000004 1.7782912234407185e-06
2.684896869 2.037753412499472e-06
2.6862481 3.202339057188809e-06
2.6875993319999996 2.0473069285075756e-06
2.6889505629999997 1.3308351314160373e-06
2.690301794 4.607483000638938e-07
2.691653026 1.6108473652389322e-06
2.693004257 2.0185018355456703e-06
2.694355489 2.5126504612027596e-06
2.69570672 4.5125223755819575e-07
2.697057952 1.7117156708863551e-06
2.6984091830000003 2.073563863007482e-06
2.699760414 1.854131325761997e-06
2.7011116459999998 1.4533834354209162e-06
2.702462877 1.0121152725306887e-06
2.703814109 4.0942256589566043e-07
2.70516534 1.2163617995878294e-06
2.706516572 1.4653844926052775e-07
2.707867803 1.426295211265183e-06
2.7092190350000003 9.740577588966085e-07
2.7105702660000004 9.423514986145078e-07
2.7119214969999996 1.4737248612387323e-06
2.713272729 1.803738349042454e-06
2.71462396 1.5676128345140188e-06
2.7159751919999997 1.2864680147281333e-06
2.717326423 8.258642931918372e-07
2.718677655 1.3933181275158815e-06
2.720028886 7.014464738240016e-08
2.7213801170000003 3.3742010600179563e-07
2.722731349 5.846799929519797e-07
2.7240825799999997 1.3498017727320803e-06
2.7254338120000003 7.74789522945996e-07
2.726785043 2.172478088714862e-06
2.7281362749999998 1.3174373345035892e-06
2.729487506 7.386304110829837e-07
2.730838738 1.8333385381546834e-06
2.732189969 2.1201769530355e-06
2.7335412000000003 2.7024859930024376e-06
2.734892432 2.7830498750024586e-06
2.736243663 1.7465859737463512e-06
2.737594895 5.511543641286382e-07
2.7389461259999996 2.8090080672767864e-07
2.740297358 3.849866207989616e-07
2.741648589 2.474289729040858e-06
2.7429998209999997 2.8684753795634585e-06
2.744351052 1.9414682957843854e-06
2.745702283 1.292333367050517e-06
2.747053515 1.524829558290213e-07
2.7484047460000003 4.141086187880767e-09
2.749755978 4.139235189053133e-09
2.7511072089999997 2.88491550067011e-07
2.7524584410000004 5.246025016989599e-09
2.753809672 9.191787212754977e-07
2.755160903 1.2794062381131015e-06
2.756512135 5.883315385650181e-07
2.757863366 5.20558285678435e-07
2.7592145980000002 3.834600612588549e-07
2.760565829 4.888174958108863e-07
2.761917061 2.0849451796436822e-07
2.7632682920000002 1.2333753160662957e-06
2.764619524 1.9616745171016922e-06
2.7659707549999997 1.0269400413861974e-06
2.767321986 4.191587118377102e-09
2.768673218 3.0116354451095306e-07
2.770024449 1.447608010623833e-06
2.771375681 2.040845218738954e-06
2.772726912 2.206566217261706e-06
2.774078144 2.5999138789749316e-06
2.7754293750000003 1.5537457716596684e-06
2.776780606 8.068022269639866e-07
2.7781318379999997 3.5629488463076087e-06
2.779483069 3.841883347117881e-06
2.780834301 2.485777324778825e-06
2.782185532 3.0562933626512524e-06
2.783536764 3.806439652373811e-06
2.784887995 4.061546611690981e-06
2.786239227 3.939895495205846e-06
2.787590458 3.709793499263844e-06
2.788941689 3.130123792505243e-06
2.7902929210000003 3.5938491194468533e-06
2.791644152 1.6440329154403507e-06
2.7929953839999997 2.0947645142694184e-06
2.794346615 1.3750261706536405e-06
2.795697847 1.7229962347891526e-06
2.797049078 1.5891782328362547e-06
2.7984003090000003 2.082105995569132e-06
2.799751541 1.5279921454546708e-06
2.801102772 1.5729939952764374e-06
2.8024540040000003 1.6916079305967802e-06
2.803805235 8.899729239624421e-09
2.8051564669999998 4.434888699641384e-07
2.806507698 1.5020899279576522e-06
2.80785893 9.131456739712397e-07
2.8092101609999998 1.6877256543664557e-06
2.810561392 1.8713370931283094e-06
2.811912624 5.566311303494603e-07
2.813263855 7.293182592002625e-07
2.814615087 4.909316973181822e-07
2.8159663179999996 4.2019772755223455e-09
2.8173175500000003 6.304622604622831e-07
2.818668781 8.221083719728596e-07
2.8200200129999997 4.6436611017623086e-07
2.821371244 6.16444757491672e-08
2.822722475 9.98874804093586e-07
2.824073707 1.5818601808292423e-06
2.8254249380000003 8.04232991462661e-07
2.82677617 5.199840957027579e-09
2.828127401 4.014241416668866e-07
2.8294786330000004 2.8009991359658546e-06
2.830829864 2.691824534857165e-06
2.8321810949999997 1.586308806577939e-06
2.833532327 8.022250304739468e-07
2.834883558 1.1020711937763402e-06
2.83623479 3.275507853702412e-06
2.837586021 2.0334196430690007e-06
2.838937253 1.4544086114304266e-06
2.8402884840000002 9.217860754254866e-07
2.841639716 1.1670690339993725e-06
2.8429909469999997 3.1446087613570204e-06
2.8443421779999998 2.506799629231714e-06
2.84569341 1.9004706462609623e-06
2.847044641 3.9820174306184646e-06
2.848395873 3.6202813784891047e-06
2.849747104 2.263745175502419e-06
2.851098336 1.942454327062735e-06
2.8524495670000003 3.2144197289752624e-06
2.8538007980000004 2.607716192912791e-06
2.85515203 1.809449708909658e-06
2.856503261 4.5492740511203945e-06
2.8578544929999996 5.409073299725282e-06
2.8592057239999997 4.359110110374715e-06
2.860556956 6.045003969095343e-06
2.861908187 5.477754755439969e-06
2.863259419 6.017945704132048e-06
2.86461065 4.488887178734665e-06
2.865961881 3.364990650064625e-06
2.8673131130000002 4.046568086018392e-06
2.868664344 4.478883507926126e-06
2.8700155759999997 5.2185837900749575e-06
2.871366807 3.651813697140614e-06
2.872718039 2.017187740799799e-06
2.87406927 2.0908677976110688e-06
2.8754205010000002 4.512516810882232e-06
2.876771733 4.38376126854809e-06
2.878122964 5.381909755795589e-06
2.8794741960000003 5.644086849925909e-06
2.8808254270000004 2.458678729185976e-06
2.882176659 3.6393807476532513e-06
2.88352789 3.693348421076394e-06
2.8848791219999996 2.94630230231179e-06
2.8862303529999997 3.250304425265797e-06
2.887581584 1.1313485479106236e-06
2.888932816 2.6481066151642398e-06
2.890284047 2.817387917038898e-06
2.891635279 2.40862569745428e-06
2.89298651 2.4451113168909923e-06
2.8943377420000003 1.2474542391783483e-06
2.895688973 1.4472054423571745e-06
2.8970402049999997 1.542890218327341e-06
2.898391436 1.9894578188250464e-06
2.899742667 2.526646741290558e-06
2.901093899 1.4085915904221897e-06
2.9024451300000003 2.9978545045633106e-06
2.903796362 4.6407961214145704e-06
2.905147593 3.7473030762780723e-06
2.9064988250000003 3.945204625959786e-06
2.907850056 3.159210507827848e-06
2.9092012869999997 5.654180034608078e-06
2.910552519 5.170655488806806e-06
2.91190375 3.437892001976129e-06
2.9132549819999998 2.768605182745662e-06
2.914606213 7.81732735514058e-06
2.915957445 8.296622739836602e-06
2.917308676 7.5519561045108285e-06
2.918659908 6.12090900161564e-06
2.920011139 6.826433522036559e-06
2.9213623699999998 9.83657236610182e-06
2.922713602 6.716015513903934e-06
2.924064833 4.550211033786411e-06
2.925416065 6.041407564630464e-06
2.926767296 8.643565905306822e-06
2.928118528 1.035729999125426e-05
2.9294697590000003 1.0793507762702354e-05
2.93082099 1.0865300353245867e-05
2.932172222 8.150281553242362e-06
2.933523453 7.564545528038911e-06
2.934874685 7.068086502567083e-06
2.9362259159999997 5.869346694274275e-06
2.937577148 6.7196743436465115e-06
2.938928379 7.762088001654064e-06
2.940279611 9.221624103897372e-06
2.941630842 5.482336161414479e-06
2.942982073 6.6698705444499805e-06
2.9443333050000002 6.4607505941136745e-06
2.9456845360000004 4.734386227906136e-06
2.947035768 5.859522194449006e-06
2.948386999 6.489558130811373e-06
2.949738231 6.235857188270959e-06
2.951089462 4.17577332458864e-06
2.952440694 7.204916424903895e-06
2.953791925 5.08919852371937e-06
2.955143156 4.118586590291401e-06
2.956494388 2.5713527377716085e-06
2.957845619 1.387059465711151e-06
2.959196851 1.9677159740878576e-06
2.960548082 2.611855502845233e-06
2.9618993139999996 2.5495310158399525e-06
2.9632505449999997 1.793315287161461e-06
2.964601776 2.3598279004325524e-06
2.965953008 2.166330231279417e-06
2.967304239 2.5899897836384e-06
2.968655471 1.730045428924976e-06
2.970006702 5.278416029286365e-07
2.9713579340000003 8.151721572269364e-07
2.9727091650000004 1.2597914861181327e-06
2.974060397 2.054200520705212e-06
2.975411628 1.8134989269849039e-06
2.976762859 1.0585814558995918e-06
2.978114091 1.550855843508493e-06
2.979465322 4.1064719744752725e-06
2.980816554 2.6727161945817066e-06
2.982167785 2.466174366342335e-06
2.983519017 3.4459312168548164e-06
2.984870248 5.4494233787776505e-06
2.9862214789999997 2.8981842882869077e-06
2.987572711 1.4973882517704943e-06
2.988923942 1.589124067381055e-06
2.9902751739999998 2.3315030622524056e-06
2.991626405 3.1423543347814314e-06
2.992977637 2.265308689482085e-06
2.994328868 1.2921971451341376e-06
2.9956801 6.127097294075465e-07
2.997031331 8.944334956746883e-07
2.9983825619999998 7.840336708826992e-09
2.9997337940000004 4.987360386581097e-07
3.001085025 2.06223821023898e-06
3.002436257 1.9893333111143312e-06
3.003787488 1.1029273760668545e-06
3.0051387199999997 8.050867531189734e-07
3.006489951 6.826842175815453e-07
3.007841182 9.098024589729506e-07
3.009192414 3.0976334341000754e-06
3.0105436450000003 2.9793950456007915e-06
3.011894877 4.771442504548715e-06
3.0132461079999997 5.486719488415918e-06
3.01459734 6.006613230818799e-06
3.015948571 4.439574919223539e-06
3.017299803 5.370495721827804e-06
3.018651034 5.076929862379461e-06
3.020002265 4.359634374449164e-06
3.021353497 4.6100745576546295e-06
3.0227047280000003 4.62481291358482e-06
3.02405596 7.006063700198747e-06
3.0254071909999998 6.955303689421879e-06
3.0267584230000004 6.618403444359601e-06
3.0281096539999997 5.566317587466785e-06
3.029460886 9.212176255926183e-06
3.030812117 1.1896391839107462e-05
3.032163348 1.1221635675870377e-05
3.03351458 1.0741306151576849e-05
3.034865811 1.2360996175218214e-05
3.036217043 1.0233777120188423e-05
3.0375682740000003 8.984912061011999e-06
3.038919506 9.796832911232937e-06
3.0402707369999997 6.838167485226618e-06
3.041621968 4.2578169540130574e-06
3.0429732 2.8974332838877284e-06
3.044324431 2.7784920288907145e-06
3.045675663 2.5689170068677536e-06
3.047026894 4.153905604547224e-06
3.0483781260000002 2.3733009328095774e-06
3.0497293570000004 2.108442606181251e-06
3.051080589 1.5555519062673857e-06
3.05243182 2.3685080309397885e-06
3.053783051 2.793850071382947e-06
3.0551342829999997 4.054176917731945e-06
3.056485514 2.913264611234909e-06
3.057836746 6.681143259453653e-06
3.059187977 4.987592895044785e-06
3.060539209 6.086933694798332e-06
3.06189044 6.110716119697851e-06
3.063241671 6.99425248124015e-06
3.0645929030000003 6.729553326843372e-06
3.065944134 8.165500885231506e-06
3.0672953659999997 6.467343639612112e-06
3.068646597 6.327626942584664e-06
3.069997829 3.889289669738489e-06
3.07134906 3.567250932994437e-06
3.072700292 4.137002132862685e-06
3.074051523 6.718206829745871e-06
3.075402754 7.247762790231944e-06
3.0767539860000004 5.964797396521243e-06
3.0781052169999996 5.149712253117701e-06
3.079456449 4.5270404703005845e-06
3.08080768 4.828170836467395e-06
3.0821589119999997 3.5187683714609136e-06
3.083510143 4.956494507511884e-06
3.084861374 4.695753711717463e-06
3.086212606 4.947849582047649e-06
3.0875638370000003 3.5043832143014185e-06
3.088915069 4.873774418723949e-06
3.0902662999999997 3.361793748924026e-06
3.0916175320000003 4.586345322605182e-06
3.092968763 5.111837977557793e-06
3.0943199949999998 4.870568723910927e-06
3.095671226 2.5252257010458977e-06
3.097022457 2.703894739239598e-06
3.098373689 2.081784196149625e-06
3.0997249200000003 3.1867893500402894e-06
3.101076152 1.7449285862221996e-06
3.102427383 1.5285333673902265e-06
3.103778615 1.2792890674439613e-06
3.1051298459999996 2.3404881525034794e-06
3.106481078 1.5581612382548372e-06
3.107832309 1.225404552128802e-06
3.10918354 2.0150260735539115e-06
3.110534772 2.880575686524737e-06
3.111886003 1.795863378122877e-06
3.113237235 2.1024672366486065e-06
3.1145884660000003 3.440467098216067e-06
3.115939698 4.575236554774125e-06
3.1172909289999997 7.5251651507721395e-06
3.11864216 1.1703499405279735e-05
3.119993392 1.3395771418758914e-05
3.121344623 1.1365307171037567e-05
3.122695855 8.098813956989742e-06
3.124047086 5.46431588365028e-06
3.1253983180000002 1.4723200358382884e-06
3.126749549 1.2280595104680086e-06
3.128100781 9.948836654442778e-07
3.1294520120000002 1.7243442475929813e-06
3.130803243 1.2281009501177393e-06
3.1321544749999997 6.1540151823222165e-06
3.133505706 7.973081888634982e-06
3.134856938 1.3435955823292548e-05
3.136208169 1.6257635091680116e-05
3.137559401 2.4527939623463513e-05
3.138910632 2.8322963588502214e-05
3.140261863 3.493568827779441e-05
3.1416130950000003 2.933225677242301e-05
3.142964326 2.647227285410174e-05
3.1443155579999997 1.5984922173408373e-05
3.145666789 1.2674052099832357e-05
3.147018021 6.901144428167514e-06
3.148369252 6.641648181734997e-06
3.149720484 5.449055139976247e-06
3.151071715 6.3196507194452084e-06
3.152422946 6.090567333967025e-06
3.153774178 7.894704226015284e-06
3.155125409 8.022248767392272e-06
3.1564766410000002 8.866480043430975e-06
3.157827872 1.0664522561727415e-05
3.1591791039999997 1.1717419261349054e-05
3.160530335 1.1072203699162444e-05
3.161881566 1.044322481327058e-05
3.163232798 1.2515064333905573e-05
3.1645840290000002 1.5753930845117945e-05
3.165935261 2.106956564466195e-05
3.167286492 2.369172550597672e-05
3.1686377240000003 3.285815087222411e-05
3.169988955 3.947760432878269e-05
3.1713401869999998 4.98972738718422e-05
3.172691418 5.236675914544912e-05
3.174042649 5.8571033678254025e-05
3.1753938809999998 5.706954373420067e-05
3.176745112 6.46192570273048e-05
3.178096344 5.931129834189941e-05
3.179447575 6.687032903361404e-05
3.180798807 6.048588996975241e-05
3.182150038 6.854036235801073e-05
3.1835012700000003 6.871826327680745e-05
3.184852501 8.837835290968341e-05
3.186203732 0.000103352690652954
3.187554964 0.00014104847376841562
3.188906195 0.00017373168711131348
3.190257427 0.00022175713600071817
3.1916086580000003 0.00026140164850395846
3.19295989 0.0003183183857192477
3.194311121 0.0003850791569685455
3.195662352 0.00048122013767736113
3.197013584 0.0006085966111515812
3.1983648149999997 0.0007823578672632524
3.199716047 0.001029944962872403
3.201067278 0.0013645582813313177
3.2024185099999998 0.0018548347811029827
3.203769741 0.0025477377904237954
3.205120973 0.0035968248605255694
3.206472204 0.005171287827412211
3.207823435 0.007691314558224769
3.209174667 0.011724323160724224
3.2105258979999998 0.018574764127356
3.21187713 0.030258157389918723
3.213228361 0.05020245079015109
3.214579593 0.08258208877031473
3.215930824 0.12963540535271023
3.217282055 0.1861643846390605
3.2186332870000003 0.23450596840748877
3.2199845180000004 0.26516445069330563
3.22133575 0.2759802881145464
3.222686981 0.2753762580007487
3.2240382129999996 0.27253913759930637
3.2253894439999997 0.27229627538107076
3.226740676 0.27623724255456794
3.228091907 0.2837677380528348
3.229443138 0.2936167850809368
3.23079437 0.30360979621087625
3.232145601 0.31190886180779653
3.2334968330000002 0.3169325625409296
3.234848064 0.3185187763990729
3.2361992959999997 0.31734381486218133
3.237550527 0.3143367169987607
3.238901759 0.3109723723480694
3.24025299 0.3084430398156551
3.2416042210000002 0.3076377587217274
3.242955453 0.30875775423501195
3.244306684 0.3112463744933716
3.2456579160000003 0.3136954804864698
3.2470091470000004 0.3129410028330112
3.248360379 0.3066646078795503
3.24971161 0.2912438347185152
3.251062841 0.2667505524764894
3.2524140729999997 0.23532534540903843
3.253765304 0.19906834436244913
3.255116536 0.16257766719193634
3.256467767 0.1292320519748417
3.257818999 0.10059052278163062
3.25917023 0.07723357189295608
3.2605214620000003 0.05893321668289102
3.261872693 0.04482864743049672
3.263223924 0.03411856218653557
3.264575156 0.026028365393987247
3.265926387 0.019910534024008907
3.267277619 0.015323207768990602
3.2686288500000003 0.011831741780164915
3.269980082 0.009191062788935197
3.271331313 0.007158083356558553
3.272682544 0.005621489566351705
3.274033776 0.004426941216351633
3.2753850069999997 0.0035201521445746946
3.276736239 0.002814388338376109
3.27808747 0.002262019450349634
3.2794387019999998 0.0018353472321784201
3.280789933 0.0014864586433812076
3.282141165 0.00122301644994054
3.283492396 0.0009954604970922598
3.2848436270000003 0.000827934410014999
3.286194859 0.000681360812404601
3.2875460899999998 0.0005739422589531393
3.288897322 0.0004784307358844722
3.290248553 0.00040443807859460654
3.291599785 0.00034445769852441534
3.292951016 0.00028862262399283314
3.294302247 0.0002532349394789095
3.2956534790000003 0.00021566785015812094
3.29700471 0.00019798373550385963
3.298355942 0.0001677488482315808
3.299707173 0.00015255801979455191
3.301058405 0.00013200077568184721
3.3024096359999997 0.00011988869484362441
3.303760868 0.00011230939243288173
3.305112099 0.00010013225955739596
3.30646333 9.630261780344356e-05
3.307814562 8.140336140561027e-05
3.309165793 7.843266858202413e-05
3.3105170250000002 6.801716612147429e-05
3.3118682560000003 6.913204969379684e-05
3.313219488 6.218270987398279e-05
3.3145707189999998 5.62012458624561e-05
3.315921951 5.2674660957507195e-05
3.317273182 4.618870394545961e-05
3.318624413 4.574751662662823e-05
3.319975645 3.82086013309267e-05
3.321326876 4.076923571449828e-05
3.322678108 3.22068829065234e-05
3.324029339 2.930711211287629e-05
3.325380571 2.539540116569766e-05
3.326731802 2.5309888692931288e-05
3.328083033 2.3907367567152334e-05
3.3294342649999997 1.8849639874728573e-05
3.330785496 2.1562253302623686e-05
3.332136728 1.5058699473149234e-05
3.333487959 1.8791892383796795e-05
3.334839191 1.6348956960426737e-05
3.336190422 1.816916942580353e-05
3.3375416540000002 1.8140458096872504e-05
3.3388928850000004 1.6773886748421223e-05
3.340244116 2.2561190983150386e-05
3.341595348 2.202081930636558e-05
3.342946579 2.7403699573242822e-05
3.344297811 2.2016323707089e-05
3.345649042 2.054832248851934e-05
3.347000274 1.8517462968903448e-05
3.348351505 1.90552219530178e-05
3.3497027360000002 2.0335763898976797e-05
3.351053968 1.6254355984143473e-05
3.3524051989999997 1.6441723284982516e-05
3.353756431 9.865523550611438e-06
3.355107662 1.0580887501634423e-05
3.3564588939999997 7.340380814728003e-06
3.357810125 5.2327351209975535e-06
3.359161357 3.983507775868636e-06
3.360512588 3.1245567329612755e-06
3.3618638190000003 7.101332754295435e-06
3.363215051 3.2551118584175423e-06
3.3645662819999997 4.030928277400048e-06
3.3659175140000004 1.9970804303758415e-06
3.367268745 2.2244683882213472e-06
3.368619977 4.344870103885496e-06
3.369971208 3.534073931383775e-06
3.371322439 3.823648736505036e-06
3.372673671 3.6795145630642988e-06
3.374024902 4.850647406253475e-06
3.375376134 5.175734786862852e-06
3.3767273650000003 6.295939575457101e-06
3.378078597 8.380475118706044e-06
3.3794298279999997 8.225207133951447e-06
3.38078106 1.1408185401499366e-05
3.382132291 9.380322981045864e-06
3.383483522 1.0395772952581389e-05
3.384834754 9.02625580302198e-06
3.386185985 9.454186320767562e-06
3.387537217 9.866543456147392e-06
3.3888884480000003 8.191178881945564e-06
3.39023968 9.806651510425591e-06
3.3915909109999998 7.217707441087067e-06
3.3929421430000004 8.371439769810149e-06
3.3942933739999996 1.0019695488331877e-05
3.3956446049999998 1.005421538192077e-05
3.396995837 9.979762878049218e-06
3.398347068 8.672210721643274e-06
3.3996983 8.301082938799042e-06
3.401049531 6.359547461462805e-06
3.402400763 6.072492407883408e-06
3.4037519940000003 5.78141824563697e-06
3.405103225 5.0847457413172354e-06
3.4064544569999997 6.397270453660157e-06
3.407805688 6.503537708432825e-06
3.40915692 8.63167084411266e-06
3.410508151 8.687487970962333e-06
3.411859383 7.613989657202355e-06
3.413210614 7.98859115730513e-06
3.4145618460000002 8.47982387352873e-06
3.4159130770000004 1.2598421741941458e-05
3.4172643079999996 1.5865671862825386e-05
3.41861554 1.7606211448947104e-05
3.419966771 1.7480171965041845e-05
3.4213180029999997 1.7126968931947803e-05
3.422669234 1.6985840768337422e-05
3.424020466 1.5297797811970343e-05
3.425371697 1.4853778886062763e-05
3.4267229280000002 1.1922470091571906e-05
3.42807416 1.0373755037943858e-05
3.429425391 9.41834674416283e-06
3.4307766230000003 7.091411170417562e-06
3.432127854 8.652856943794728e-06
3.4334790859999997 8.709740706810773e-06
3.434830317 6.724955952049668e-06
3.436181549 6.616268733883699e-06
3.43753278 7.168387280398578e-06
3.4388840110000003 9.7325141250952e-06
3.440235243 1.0741117818189679e-05
3.441586474 1.3658855888881117e-05
3.4429377060000004 1.3188247700525249e-05
3.4442889369999996 1.1426146339486954e-05
3.445640169 1.2826406745814483e-05
3.4469914 1.3111072615579486e-05
3.448342631 1.2994756585478146e-05
3.449693863 9.097716239325232e-06
3.451045094 6.456277638544377e-06
3.452396326 6.3493833196434535e-06
3.4537475570000002 4.408754368404211e-06
3.455098789 4.9688371888436e-06
3.45645002 3.011344154230659e-06
3.4578012520000003 3.2974958534773254e-06
3.459152483 3.717442234507415e-06
3.460503714 3.868804497859984e-06
3.461854946 7.089284391080187e-06
3.463206177 6.6574923567987995e-06
3.464557409 7.1657302974800305e-06
3.4659086400000003 7.79721278781284e-06
3.467259872 7.5424326503376735e-06
3.468611103 9.985660604007111e-06
3.469962335 8.466541344860426e-06
3.4713135659999996 1.2254635738729096e-05
3.4726647969999997 1.658205465916839e-05
3.474016029 1.5602819138838696e-05
3.47536726 1.7325721141134486e-05
3.476718492 1.659164572364107e-05
3.478069723 1.76704398645737e-05
3.479420955 1.6637749784275127e-05
3.4807721860000003 1.4386121119445513e-05
3.482123417 1.8591235775894467e-05
3.483474649 1.9155724441523882e-05
3.48482588 1.98407169531257e-05
3.486177112 1.7978688885798194e-05
3.487528343 1.616370951844344e-05
3.488879575 1.6521474777430153e-05
3.490230806 1.308727501319757e-05
3.491582038 1.4608749380736126e-05
3.492933269 1.668796417670551e-05
3.4942845 1.6262401925474796e-05
3.495635732 1.6821765620318853e-05
3.496986963 1.6376030805778684e-05
3.4983381949999997 1.9782277990208274e-05
3.4996894259999998 2.398370936175588e-05
3.501040658 2.5376166241808157e-05
3.502391889 2.9663676486006038e-05
3.50374312 2.9773181977146755e-05
3.505094352 3.077463518607404e-05
3.506445583 3.276082351291669e-05
3.5077968150000003 3.390674140652276e-05
3.509148046 3.688076083989737e-05
3.5104992779999997 3.537516213330599e-05
3.511850509 3.5673489853071174e-05
3.513201741 3.667536621472148e-05
3.514552972 3.5695995418197186e-05
3.515904203 3.6367115800310705e-05
3.517255435 3.349547615964237e-05
3.518606666 3.3160016992512236e-05
3.519957898 3.250556546827495e-05
3.521309129 2.769226604032864e-05
3.5226603610000002 2.723012487296562e-05
3.524011592 2.7555593694575506e-05
3.5253628239999997 2.8125686803459332e-05
3.526714055 2.8954026694325055e-05
3.528065286 2.6462806597309233e-05
3.529416518 2.6546505585519752e-05
3.5307677490000002 2.48429482880005e-05
3.532118981 2.374856638662532e-05
3.533470212 2.385464218893332e-05
3.5348214440000003 2.2075938983807522e-05
3.536172675 2.3550141369754946e-05
3.537523906 2.3567995044414066e-05
3.538875138 2.2888978972916745e-05
3.540226369 2.2874754134393223e-05
3.5415776009999997 1.8510585920151163e-05
3.542928832 1.6709969331858872e-05
3.544280064 1.7131276658506863e-05
3.545631295 1.7763690988264104e-05
3.546982527 1.9180113828031056e-05
3.548333758 1.7042918153582603e-05
3.5496849889999997 1.635934458503654e-05
3.551036221 1.6627714270396676e-05
3.552387452 1.5191331016515157e-05
3.553738684 1.5789672414128773e-05
3.555089915 1.4140300396161984e-05
3.556441147 1.1400207713163343e-05
3.5577923780000003 1.0055096504265558e-05
3.5591436090000004 9.364436947702025e-06
3.560494841 1.085657871638714e-05
3.561846072 9.834703278839503e-06
3.563197304 7.661002893777532e-06
3.5645485349999997 9.053590101334663e-06
3.565899767 8.585366992160279e-06
3.567250998 7.0391324952966656e-06
3.5686022299999998 8.191368916836194e-06
3.569953461 7.408768100441431e-06
3.571304692 6.403780044519529e-06
3.572655924 4.880291649128701e-06
3.574007155 4.614417287640999e-06
3.575358387 5.887488867000061e-06
3.5767096179999998 4.602237290176617e-06
3.57806085 4.588299555649137e-06
3.579412081 4.2081644132128325e-06
3.580763312 2.4280468256690313e-06
3.582114544 2.1689994893949753e-06
3.583465775 1.2571344833154677e-06
3.5848170070000003 1.660316483560337e-06
3.5861682380000004 1.648150115321237e-06
3.58751947 1.0731097176922342e-06
3.588870701 6.354648886821626e-07
3.5902219329999996 1.7918995575841017e-07
3.5915731639999997 3.590881220143602e-07
3.592924395 4.882530663530087e-07
3.594275627 9.374193632944726e-08
3.595626858 5.26362281943442e-07
3.59697809 6.639377907617997e-08
3.598329321 5.04644342390338e-09
3.5996805530000002 1.0257720471755514e-08
3.601031784 1.1129407220836265e-08
3.602383016 5.0507065721278655e-09
3.603734247 8.17116024400238e-08
3.605085478 3.526346771586441e-07
3.60643671 8.175247409558544e-07
3.607787941 8.655623981950611e-07
3.609139173 1.0707959604235303e-07
3.610490404 2.385698373369631e-07
3.6118416360000003 8.645226192012886e-07
3.6131928670000004 1.2749136734022426e-06
3.6145440979999997 1.845536170350196e-06
3.61589533 1.3027047925982065e-06
3.617246561 1.003517540984199e-06
3.6185977929999997 1.0601530621097137e-06
3.619949024 9.93898358716458e-07
3.621300256 1.8340504971083457e-06
3.622651487 2.1315636491480637e-06
3.624002719 1.1438054644201951e-06
3.62535395 1.4448823066428348e-06
3.6267051809999997 1.0340948162490385e-06
3.628056413 2.2210722449897362e-07
3.629407644 4.330478656211808e-07
3.630758876 5.077650934306873e-09
3.632110107 5.078607610409705e-09
3.633461339 5.07941643970009e-09
3.6348125700000002 5.080171314733923e-09
3.6361638010000004 1.7067396115798768e-08
3.637515033 6.431871936581942e-08
3.638866264 5.083045260705097e-09
3.640217496 5.96943901579205e-08
3.6415687269999997 1.1191279841400585e-06
3.642919959 1.0641606580796797e-06
3.64427119 7.35956979904936e-07
3.6456224219999998 1.1027374639036915e-08
3.646973653 2.2109984369278277e-07
3.648324884 1.1956040191345943e-06
3.649676116 2.8393387057612236e-07
3.6510273470000003 8.569581541883158e-07
3.652378579 1.1379829527012873e-06
3.6537298099999997 9.85381170811904e-07
3.655081042 3.1434833311554744e-06
3.656432273 2.559275261338416e-06
3.657783504 1.045298554308646e-06
3.659134736 1.3665809157293929e-06
3.660485967 5.992962830071699e-07
3.6618371990000003 1.6864561369206716e-06
3.66318843 1.791081055332465e-06
3.664539662 1.5942543991154597e-06
3.665890893 1.8044739709445479e-06
3.667242125 1.8795444924534462e-06
3.6685933559999997 1.0636769103483484e-06
3.669944587 4.473151498927375e-07
3.671295819 6.606390931576795e-07
3.67264705 1.1195254884029498e-06
3.673998282 1.4161403310974416e-06
3.675349513 1.1879697629338882e-06
3.676700745 2.372939909707393e-07
3.6780519760000003 6.4212504733029e-09
3.679403208 5.140112612972224e-09
3.6807544389999998 1.255942350370645e-07
3.68210567 4.792898706388888e-07
3.683456902 7.562259388911277e-07
3.684808133 1.4396705702899963e-06
3.686159365 1.242916952189186e-06
3.687510596 3.060600475866261e-07
3.688861828 5.151183874901672e-09
3.690213059 5.924385831178725e-09
3.6915642899999996 1.1730971367871194e-07
3.692915522 9.908720478843541e-07
3.694266753 4.1178605185939214e-07
3.6956179849999997 6.35741306333607e-07
3.696969216 1.2668895401808838e-07
3.698320448 5.159067142627375e-09
3.699671679 9.286259171351302e-09
3.701022911 3.8759714780535324e-07
3.702374142 1.1369878050688752e-06
3.703725373 2.0701165642549885e-06
3.7050766050000004 3.348055715364843e-07
3.706427836 9.110921085338517e-08
3.707779068 2.396493270727196e-07
3.709130299 1.1593767651549598e-06
3.710481531 9.655097151705366e-07
3.711832762 8.824923248886688e-07
3.713183993 1.038022298134278e-06
3.714535225 1.1666811528353265e-06
3.7158864560000002 1.517929078189478e-06
3.717237688 1.0682280245048814e-06
3.7185889189999997 4.4047853164185425e-07
3.719940151 9.183567020792765e-07
3.721291382 1.6800987602736723e-06
3.7226426139999997 2.0396496421034085e-06
3.723993845 2.2056502802874194e-06
3.725345076 5.652907168511392e-07
3.726696308 1.33141468835358e-06
3.7280475390000003 3.678353413955864e-07
3.729398771 2.7012955914956536e-07
3.730750002 5.407750734401659e-07
3.7321012340000004 2.6182512230591125e-06
3.733452465 2.601979069446387e-06
3.7348036959999997 2.2192522734540436e-06
3.736154928 2.315448608277841e-06
3.737506159 1.6137912668706366e-06
3.738857391 1.1779147344806047e-06
3.740208622 5.57294907126887e-07
3.741559854 4.522398601107859e-07
3.7429110850000002 6.201194619357128e-07
3.744262317 1.7161457155098409e-06
3.7456135479999997 3.3128061487501304e-06
3.746964779 5.069619213669201e-06
3.748316011 4.144581882231359e-06
3.749667242 2.474237250985804e-06
3.751018474 1.6024077096683905e-06
3.752369705 1.2024195445690622e-06
3.753720937 1.7126872509560891e-06
3.7550721680000003 1.6216161941025706e-06
3.7564234 2.111177497833967e-06
3.757774631 3.638968464428793e-06
3.759125862 4.311606479609139e-06
3.7604770939999996 3.4300340177123075e-06
3.7618283249999998 2.098257421873179e-06
3.763179557 3.186586349505203e-07
3.764530788 1.3900157693704733e-06
3.76588202 2.691647947700313e-06
3.767233251 3.1941824738416044e-06
3.768584482 1.8176459442739554e-06
3.7699357140000003 1.4265496125519891e-06
3.771286945 1.060973805382076e-06
3.7726381769999997 2.207025913109338e-06
3.773989408 3.67756054776846e-06
3.77534064 3.86436880589866e-06
3.776691871 3.647152958403432e-06
3.778043103 4.404675777432232e-06
3.779394334 4.287931451446927e-06
3.780745565 4.801986848747221e-06
3.7820967970000003 6.653602474776909e-06
3.7834480279999996 5.974443518187131e-06
3.7847992599999998 5.468196421437835e-06
3.786150491 5.6432190981707475e-06
3.7875017229999997 5.146587927578897e-06
3.7888529539999998 5.2624394209402185e-06
3.790204185 4.458251998188386e-06
3.791555417 3.074687402355139e-06
3.792906648 3.3871309567666108e-06
3.79425788 4.272377281923261e-06
3.795609111 4.135523014599888e-06
3.7969603430000003 5.0132225915472545e-06
3.798311574 5.376951283606171e-06
3.7996628059999997 4.828713866278595e-06
3.801014037 5.267767464916304e-06
3.802365268 3.623585405165001e-06
3.8037165 1.4293773294718281e-06
3.8050677310000003 2.7779154773985665e-06
3.806418963 6.200097782577083e-06
3.807770194 7.469390478298712e-06
3.8091214260000004 6.954637539093031e-06
3.8104726569999996 4.4350118647604295e-06
3.811823889 1.5932778880371406e-06
3.81317512 1.5089549464868636e-06
3.814526351 1.6628558016605553e-06
3.815877583 2.551270491531608e-06
3.817228814 3.345077752840961e-06
3.818580046 2.636661191570094e-06
3.8199312770000002 1.3184630150270641e-06
3.821282509 1.2565447541664376e-06
3.82263374 1.565218991691166e-06
3.823984971 2.0438935995980178e-06
3.825336203 2.5898007636545084e-06
3.826687434 2.8646161657866862e-06
3.828038666 2.7792944544006265e-06
3.829389897 3.25058183165177e-06
3.830741129 2.8439824146667608e-06
3.8320923600000003 1.4742399106081685e-06
3.833443592 2.349322389160475e-06
3.834794823 4.086057528350423e-06
3.836146054 4.4938613138837595e-06
3.8374972859999996 6.615713217184721e-06
3.8388485169999997 5.844428418172726e-06
3.840199749 2.3216666492824793e-06
3.84155098 1.8094612159338524e-06
3.842902212 1.7597483099882482e-06
3.844253443 2.804480352960015e-06
3.845604674 3.3518132594301434e-06
3.8469559060000003 3.941624981006638e-06
3.848307137 3.562241876984107e-06
3.849658369 2.4345136863192662e-06
3.8510096 1.1644077696263194e-06
3.852360832 5.803801356372586e-07
3.853712063 1.0198139247691263e-06
3.855063295 1.7354865139141932e-06
3.856414526 9.145095657353421e-07
3.857765757 4.954706664096783e-07
3.859116989 7.332453655141219e-07
3.86046822 3.4898444732822646e-07
3.861819452 5.939398158667963e-07
3.863170683 1.8286347636492319e-06
3.8645219149999996 1.3477559251005919e-06
3.8658731459999998 3.412085366632603e-07
3.867224377 5.340893189900981e-07
3.868575609 1.6432502897183606e-06
3.86992684 3.45464929089535e-06
3.871278072 2.457311642190639e-06
3.872629303 1.5602292945366664e-06
3.8739805350000003 1.878856712131562e-06
3.875331766 2.6535317027396454e-06
3.876682998 3.59517175076824e-06
3.878034229 1.913697713367651e-06
3.87938546 1.6785856676694043e-06
3.880736692 1.6616880158247436e-06
3.882087923 2.6590693665279304e-06
3.883439155 5.957915066801672e-06
3.884790386 5.5843867795616835e-06
3.886141618 3.6520577343761046e-06
3.887492849 3.070084655799108e-06
3.8888440810000002 2.6662173090976985e-06
3.890195312 2.445337295979176e-06
3.891546543 3.569721727051455e-06
3.892897775 5.082842557065874e-06
3.894249006 5.0741382700011574e-06
3.895600238 5.450478719173003e-06
3.8969514690000002 6.355988659577535e-06
3.898302701 6.461484859955707e-06
3.899653932 7.292261611735516e-06
3.9010051629999998 7.676973506185548e-06
3.902356395 7.120380862089217e-06
3.903707626 7.783184015163987e-06
3.905058858 8.538569247540464e-06
3.906410089 7.348247914590547e-06
3.9077613209999997 5.093113665263698e-06
3.909112552 5.8753489262379715e-06
3.910463784 5.887033449675985e-06
3.911815015 5.428240403872493e-06
3.913166246 6.348034847421816e-06
3.914517478 7.3275628699948536e-06
3.9158687089999997 7.895848485071992e-06
3.917219941 8.929636709442787e-06
3.918571172 7.814405508944667e-06
3.919922404 7.790236440323414e-06
3.921273635 9.118692932185111e-06
3.922624866 9.874200642258303e-06
3.9239760980000002 8.531908478617636e-06
3.9253273290000004 7.350591892894058e-06
3.926678561 6.2554184927288185e-06
3.928029792 5.802144156917673e-06
3.929381024 8.006647076296699e-06
3.9307322549999997 1.030674720856588e-05
3.932083487 8.39545200920567e-06
3.933434718 7.358515377622309e-06
3.934785949 7.710507506854849e-06
3.936137181 6.378440486039338e-06
3.937488412 5.262260109051676e-06
3.938839644 4.793640328899148e-06
3.940190875 4.736190859245625e-06
3.941542107 4.661496301738558e-06
3.9428933379999997 5.884415838282643e-06
3.944244569 6.373760366805038e-06
3.945595801 4.443620567414733e-06
3.946947032 2.9898863789910543e-06
3.948298264 2.569291806095323e-06
3.949649495 3.0261900144549155e-06
3.9510007270000003 2.218415534557287e-06
3.9523519580000004 3.0903776632133317e-06
3.95370319 4.1825768026358065e-06
3.955054421 4.278316027859954e-06
3.956405652 3.964896568605468e-06
3.9577568839999997 2.9028306648143716e-06
3.959108115 2.569957965470037e-06
3.960459347 4.365553132469089e-06
3.961810578 5.959296882885456e-06
3.96316181 5.698719177917789e-06
3.964513041 5.0384853643952865e-06
3.965864273 4.225470896038113e-06
3.967215504 2.8029155324385482e-06
3.968566735 1.7054048819598239e-06
3.9699179669999998 1.6824455857473408e-06
3.971269198 1.854893053717486e-06
3.97262043 3.076513003777224e-06
3.973971661 3.515179337832365e-06
3.975322893 3.3301103574423167e-06
3.976674124 4.555839732967445e-06
3.978025355 5.422605517511307e-06
3.9793765870000004 4.377505001940324e-06
3.9807278179999996 3.0235364661449903e-06
3.98207905 2.81982095576558e-06
3.983430281 3.6697842101326777e-06
3.9847815129999997 3.591605726197178e-06
3.986132744 2.3976670949567138e-06
3.987483976 1.7149125280126176e-06
3.988835207 1.5864477636869407e-06
3.9901864380000003 2.913327912483386e-06
3.99153767 4.710028659049031e-06
3.9928889009999997 4.3095858215639955e-06
3.994240133 2.495244517019158e-06
3.995591364 1.2556156802975873e-06
3.996942596 1.7120551954043853e-06
3.998293827 3.1380756581390507e-06
3.999645058 4.163366679604031e-06
4.00099629 4.234357073454825e-06
4.002347521 3.7346067067396213e-06
4.003698753 3.6776398456080017e-06
4.005049984 3.3225785488427854e-06
4.006401216 1.8897959389510168e-06
4.007752447 1.8456800457334838e-06
4.009103679 2.4423711353270014e-06
4.01045491 2.8924709932928353e-06
4.011806141 3.410103340988304e-06
4.013157373 4.035345198581884e-06
4.014508604 3.774688312216149e-06
4.015859836 2.6156732420102562e-06
4.017211067 1.9298995859708573e-06
4.018562299 1.5189126014406094e-06
4.01991353 1.962420914380795e-06
4.021264761 2.4417335216182686e-06
4.022615993 1.8009656334734789e-06
4.023967224 1.0153845927640018e-06
4.025318456 5.061245991029906e-07
4.026669687 9.485009062659016e-07
4.028020919 1.1660539522299931e-06
4.02937215 1.067439869770612e-06
4.030723382 1.2034058377139421e-06
4.032074613 1.6125858163928471e-06
4.033425844 1.84200697596698e-06
4.034777076 1.8313946534659362e-06
4.036128307 1.9582649617484656e-06
4.037479539 1.6976455451216348e-06
4.03883077 1.4323287962398866e-06
4.040182002 1.7194205540564806e-06
4.041533233 1.7328793833740568e-06
4.042884465 1.696972353654355e-06
4.044235696 1.7570091927666857e-06
4.0455869269999996 1.7878766273808551e-06
4.046938159 1.412848952253599e-06
4.04828939 1.3614755391673713e-06
4.049640622 1.3575095724328547e-06
4.050991853 1.2727161403227096e-06
4.052343085 1.0930924804121802e-06
4.053694316 9.455555160940377e-07
4.055045547 9.579817939713087e-07
4.056396779 8.290733241248791e-07
4.05774801 9.235803806035482e-07
4.059099241999999 1.0346715575803212e-06
4.0604504729999995 9.408204212589932e-07
4.061801705 7.665071904633627e-07
4.063152936 7.624657706485109e-07
4.064504168 6.466337959532377e-07
4.065855399 5.578188573964856e-07
4.06720663 6.347819592728779e-07
4.0685578620000005 6.954487286048737e-07
4.069909093000001 6.934352054627138e-07
4.071260325 6.803488775647944e-07
4.072611556 7.010636360729405e-07
4.073962788 5.781837977621015e-07
4.075314019 4.867376291580094e-07
4.07666525 4.5122034552493757e-07
4.078016482 5.495582766031503e-07
4.079367713 5.233146596185664e-07
4.080718945 4.930824797913158e-07
4.082070176 4.34444005629899e-07
4.083421408 2.945328765993091e-07
4.084772639 2.183947301359628e-07
4.086123871 1.6935470362679057e-07
4.087475102 1.9822174763836442e-07
4.088826333 1.8950804977968348e-07
4.090177565 1.6255862005326468e-07
4.091528796 1.719017707358612e-07
4.092880028 2.2276152610061218e-07
4.094231259 2.8327890834859126e-07
4.095582491 2.9155074292965405e-07
4.096933722 2.409624481978744e-07
4.098284953 2.059111203828491e-07
4.0996361850000005 2.0781851946237267e-07
4.100987416 1.8352367098624092e-07
4.102338648 1.5777910087642014e-07
4.103689878999999 1.427941070417393e-07
4.105041110999999 1.4351918558453507e-07
4.106392342 9.808969062819435e-08
4.107743574 6.747735983748636e-08
4.109094805 7.180744789798563e-08
4.110446036 7.468222393876166e-08
4.111797268 6.45394292341543e-08
4.113148499 5.554684104376247e-08
4.1144997309999995 6.068646322597845e-08
4.115850962000001 5.433502395741405e-08
4.117202194000001 5.678699207199753e-08
4.118553425 5.3064144900105025e-08
4.119904657 3.929968851065495e-08
4.121255887999999 2.0639309019522977e-08
4.122607119 1.9803314446330637e-08
4.123958351000001 3.2955961633448155e-08
4.125309582 4.107654752874294e-08
4.126660814 3.103859036788167e-08
4.128012045 2.053854698923288e-08
4.129363277 2.357404539433027e-08
4.130714508 2.2867979665582026e-08
4.132065739 2.5994060719241305e-08
4.133416971 4.039696850958686e-08
4.134768202 3.2850495323987093e-08
4.136119434 1.8256532287622904e-08
4.1374706649999995 1.7200143707099036e-08
4.138821897 2.4252955876895796e-08
4.140173128000001 2.1920994988825366e-08
4.14152436 2.4655236054555798e-08
4.142875591 2.527142199134442e-08
4.144226821999999 1.797981650705459e-08
4.145578054 1.1947428527257552e-08
4.146929285000001 9.199900566596746e-09
4.148280517 1.3032955616364485e-08
4.149631748 2.1436384052688716e-08
4.15098298 2.5800018028326044e-08
4.152334211 2.4776055222988865e-08
4.153685442 1.9267646305930235e-08
4.155036674 1.5463952696683467e-08
4.156387905 1.5425562825669937e-08
4.157739136999999 1.5814017990078615e-08
4.159090368 1.1371718665670577e-08
4.1604416 7.715825080900802e-09
4.161792831 7.811464539565356e-09
4.163144063 7.420838222147885e-09
4.164495294 6.799963327054429e-09
4.165846525 6.082626997335964e-09
4.167197757 5.044737015158684e-09
4.1685489879999995 4.789403609738753e-09
4.169900220000001 5.965394780502401e-09
4.171251451 6.730972725836231e-09
4.172602683 7.9982750233551e-09
4.173953914 8.322070011380706e-09
4.1753051459999995 8.857106202783442e-09
4.1766563770000005 9.770618424101123e-09
4.178007608 1.0047468698440956e-08
4.17935884 1.0047510400833816e-08
4.180710071 1.0897742533804375e-08
4.182061303 9.29258179981659e-09
4.183412534 7.222309801141352e-09
4.184763766 6.397341529135606e-09
4.186114997 6.717728631751803e-09
4.187466228 5.259256359619896e-09
4.18881746 4.406941421584031e-09
4.190168691 4.8077593862664305e-09
4.1915199229999995 5.728725300385641e-09
4.1928711540000005 4.794247659797314e-09
4.194222386000001 4.7157275056275966e-09
4.195573617 5.593745602111809e-09
4.196924849 5.65224993382503e-09
4.198276079999999 4.927034574651121e-09
4.199627311 5.220773306477751e-09
4.200978543 5.966471679312484e-09
4.202329774 4.654806958101445e-09
4.203681006 2.9459823108157435e-09
4.205032237 2.5431010493216233e-09
4.206383469 2.9059231421638707e-09
4.2077347 2.4316656647604867e-09
4.209085931 2.775672155194822e-09
4.210437163 3.19087460848422e-09
4.211788394 3.0655184699658337e-09
4.213139626 1.9358170215061532e-09
4.2144908569999995 2.1696367293189426e-09
4.215842089 2.3069104059594798e-09
4.217193320000001 1.7440136018108553e-09
4.218544552 1.1321234777049599e-09
4.219895783 1.3423022449977354e-09
4.221247013999999 8.468124316557743e-10
4.2225982459999996 4.713831612138848e-10
4.223949477 3.1871925882392094e-10
4.225300709 7.07294701083381e-10
4.22665194 8.053546641475216e-10
4.228003171999999 8.110442466308066e-10
4.229354403 1.0192633399153497e-09
4.2307056339999995 1.3951830285464108e-09
4.232056866 8.556504600759074e-10
4.233408097000001 5.960148513602918e-10
4.234759329 5.967868833726904e-10
4.23611056 8.758634403440954e-10
4.237461792 7.288786110828964e-10
4.238813023 9.041847631191432e-10
4.240164255 1.1789981674981326e-09
4.241515486 9.939033298919235e-10
4.242866717 4.109401672263489e-10
4.244217949 2.1021990025423202e-10
4.24556918 1.3058652942550832e-10
4.246920412000001 3.4592417082028367e-11
4.248271643 2.0798509227622547e-12
4.249622875 3.7376386390685037e-13
4.250974105999999 3.986035690983399e-11
4.2523253379999995 1.8093682726062032e-10
4.2536765690000005 2.0647021546758857e-10
4.2550278 3.2131243491595405e-10
4.256379032 3.9499773815328836e-10
4.257730263 3.0759831014494016e-10
4.259081495 2.550794266938223e-10
4.260432726 1.7312931867688617e-10
4.261783958 1.1644868099445453e-10
4.263135189 1.0757647541799633e-10
4.26448642 1.868307626073056e-10
4.265837652 3.492208354960039e-10
4.267188883 2.750743066808742e-10
4.2685401149999995 1.6130843470552966e-10
4.2698913460000005 1.8177034539656876e-10
4.271242578000001 1.439949181909267e-10
4.272593809 2.963244286872037e-11
4.273945041 3.3993874467731096e-13
4.275296271999999 7.742226846815505e-12
4.276647503 9.259075017686435e-11
4.277998735 9.538935797413343e-11
4.279349966 8.086861577280132e-11
4.280701198 1.4322445636561966e-10
4.282052429 2.1907897572274802e-10
4.283403661 2.75173816586039e-10
4.284754892 3.798051423457574e-10
4.286106123 3.5439015204012244e-10
4.287457355 1.4626574616555807e-10
4.288808586 5.599104046926442e-11
4.290159818 3.5904636830385835e-11
4.2915110489999995 9.509818881717183e-11
4.292862281 1.5126186388339144e-10
4.294213512000001 2.4033667109825475e-10
4.295564744 4.0174883837784483e-10
4.296915975 3.712083852710221e-10
4.298267206 1.1734475878772226e-10
4.299618438 8.631466981028882e-11
4.300969669 8.900512891939547e-11
4.302320901 6.092440713896962e-11
4.303672132 4.3580566008229546e-11
4.305023363999999 6.209391906216107e-11
4.306374595 1.4152508777650423e-10
4.3077258259999995 1.6817515812878697e-10
4.309077058 1.5291959679530596e-10
4.310428289000001 1.7766219312987036e-10
4.311779521 2.4505465773214887e-10
4.313130752 1.248874769444626e-10
4.314481984 6.504949364740724e-11
4.315833215 5.582615009579827e-11
4.317184447 6.001124601218253e-11
4.318535678 3.599110526103045e-11
4.319886909 5.167665627176631e-11
4.321238141 1.1200524049686324e-10
4.322589372 1.9338057598801966e-10
4.323940604000001 1.1448118322107951e-10
4.325291835 1.1091234362539317e-10
4.326643067 1.1818169441100124e-10
4.327994297999999 5.0166791767845036e-11
4.329345529999999 2.7222617621350647e-12
4.3306967610000004 7.050000725243313e-12
4.332047992 2.131629143557895e-12
4.333399224 4.308715901654149e-12
4.334750455 1.8723694078825583e-13
4.336101687 1.9082830030839204e-13
4.337452918 3.3442722289419526e-12
4.33880415 2.113799188009605e-10
4.340155381 2.7317855299064905e-10
4.341506612 3.96643215344225e-10
4.342857844 4.0457057967201444e-10
4.344209075 2.2454836892048393e-10
4.3455603069999995 1.0068137360721145e-10
4.3469115380000005 1.379789924341174e-10
4.34826277 1.9212686499258635e-10
4.349614001 1.977558568954652e-10
4.350965233 1.4894148249362147e-10
4.352316464 1.855764816276251e-10
4.353667695 2.0393471794965258e-10
4.355018927 1.1944005581504912e-10
4.356370158 3.104873933650308e-11
4.35772139 1.4890678126954595e-11
4.359072621 4.2001120659627273e-11
4.360423853 4.212592242139124e-11
4.361775084 4.5860898564312965e-11
4.363126315000001 5.943638726558599e-11
4.364477547000001 1.7131987192936822e-10
4.365828778 1.2339854688237275e-10
4.36718001 1.4042311338859006e-10
4.3685312409999995 1.9731593006802892e-10
4.369882473 1.3842671922315002e-10
4.371233704 1.6513603606815525e-11
4.372584936 1.4192624198609211e-11
4.373936167 5.366188659662941e-11
4.375287398 1.3985969975780416e-10
4.37663863 7.45053407773755e-11
4.377989861 8.4910935293695e-11
4.379341093 1.931233887778074e-10
4.380692324 3.845391091093436e-10
4.382043555999999 1.6090623795479619e-10
4.383394787 1.388954394584902e-10
4.3847460179999995 2.0480886853434509e-10
4.38609725 2.705527016393316e-10
4.387448481000001 1.3922804926352987e-10
4.388799713 1.3583076896633197e-10
4.390150944 2.742181330840644e-10
4.391502176 1.764420008601209e-10
4.392853407 6.240563685050727e-11
4.394204639 6.079363946953052e-11
4.39555587 2.5342985289373744e-10
4.396907101 2.4018701528718074e-10
4.398258332999999 1.6784109453409365e-10
4.399609564 1.3059970231679776e-10
4.400960796000001 2.420262165314257e-10
4.402312027 1.4906738577743306e-10
4.403663259 6.482292793577876e-11
4.405014489999999 3.7325220373422e-11
4.406365721999999 1.4710801462825544e-10
4.407716953 1.4122307344823908e-10
4.409068184 1.1704309619029949e-10
4.410419416 1.0881291574312068e-10
4.411770647 1.2266909421853257e-10
4.413121879 9.381542450665516e-11
4.41447311 5.3170630646651634e-11
4.415824342 7.715420176887603e-11
4.417175573000001 1.569434075541596e-10
4.418526804 1.439925564251621e-10
4.419878036 3.543192341324483e-11
4.421229266999999 7.074591562159419e-11
4.4225804989999995 8.43269747265943e-11
4.4239317300000005 1.3026844128640266e-10
4.425282962 9.017281836887733e-11
4.426634193 1.291034500289006e-10
4.427985425 1.797225987189535e-10
4.429336656 1.8152500020050688e-10
4.430687887 3.820353974697713e-11
4.432039119 5.2688379760077436e-11
4.43339035 1.6243388102350662e-10
4.434741582 9.769385748448059e-11
4.436092813 8.329686568459319e-13
4.437444045 1.8748679572981953e-12
4.438795276 1.0516279660887064e-11
4.440146507000001 2.940147198299812e-13
4.441497739000001 1.0096685634652679e-13
4.44284897 1.0404017302453233e-13
4.444200202 7.450406710603001e-12
4.445551432999999 3.212126960806957e-11
4.446902665 2.642851777856837e-11
4.448253896 1.4384020267478034e-11
4.449605128 3.491096750824471e-11
4.450956359 5.1928413296887255e-11
4.45230759 2.185360633910761e-11
4.453658822 1.6782360255052248e-11
4.455010053 2.965299640174519e-11
4.456361285 2.8062187204462507e-11
4.457712516 1.489977687382856e-11
4.459063747999999 3.79552593062433e-11
4.460414979 9.15296701524664e-11
4.4617662110000005 1.8424936411116987e-10
4.463117442 1.9742730467844262e-11
4.464468673000001 9.40418553017922e-13
4.465819905 1.3227786070353932e-13
4.467171136 1.7097797166141838e-13
4.468522368 8.181543367881345e-14
4.469873599 1.727193421620614e-13
4.471224831000001 2.0565754881089286e-11
4.472576062 6.441211387175876e-11
4.473927293 5.391834798519267e-11
4.475278524999999 2.7427589093184542e-11
4.476629756 7.912335753470736e-11
4.4779809880000006 1.1964151301022512e-10
4.479332219 1.0738207117508586e-10
4.480683451 3.2014088386783246e-11
4.482034682 1.424297906436785e-11
4.483385914 4.987687540007199e-12
4.484737145 2.0946749696726314e-13
4.486088376 1.1039352820696062e-13
4.487439608 4.954587141018793e-13
4.488790839 1.8154416384476992e-10
4.490142071 1.816627422033492e-10
4.491493302 1.4137236902177438e-10
4.492844534 1.0009747611624633e-10
4.494195765000001 1.4210015309180894e-10
4.495546996 1.4761279433624886e-10
4.496898228 1.353749942672622e-10
4.498249458999999 1.0537711640227933e-10
4.4996006909999995 1.2628300989511163e-10
4.5009519220000005 1.9340358274909627e-10
4.502303154 1.383963444383831e-10
4.503654385 1.218034027921329e-10
4.505005617 1.585088484191484e-10
4.506356848 2.2525565772061163e-10
4.507708079 4.4837012088590595e-11
4.509059311 4.753197196478004e-11
4.510410542 1.0764024266928148e-10
4.511761774 1.8723757312045032e-10
4.513113005 1.4780031014658262e-10
4.514464237 1.0838133465001746e-10
4.5158154679999996 1.9228252335215813e-10
4.517166699000001 2.0028643645581144e-10
4.518517931 1.040825317128493e-10
4.519869162 9.488437050428344e-12
4.521220394 4.37362962500261e-12
4.522571624999999 1.0858380714746637e-10
4.523922857 2.1560320028083759e-10
4.525274088 1.4710263996749903e-10
4.52662532 1.360628859197932e-10
4.527976551 2.540775551072481e-10
4.529327782 1.9723478621202806e-10
4.530679014 1.2997233824843386e-10
4.532030245 1.1159497781833633e-10
4.533381477 2.789130336169737e-10
4.534732708 3.7416399722776183e-10
4.53608394 3.09431872423918e-10
4.537435171 1.748526332821818e-10
4.5387864030000005 1.9896934393371876e-10
4.540137634 2.8407383338154876e-10
4.541488865 2.4778787495728194e-10
4.542840097 2.388537642173399e-10
4.544191328 2.0571438101548215e-10
4.5455425599999995 2.8909604893881283e-10
4.5468937910000005 2.0292623434995515e-10
4.548245023000001 1.3851604372768702e-10
4.549596254 1.2440141536655896e-10
4.550947485 1.697995283207786e-10
4.552298716999999 1.9998450447208211e-10
4.553649948 1.2775759191511037e-10
4.5550011800000005 1.6287327123308074e-10
4.556352411 2.476026294598658e-10
4.557703643 4.859398668757125e-10
4.559054874 3.5316523463391364e-10
4.560406106 2.4893319714508504e-10
4.561757337 2.2588957927311772e-10
4.563108568 2.042558064795845e-10
4.5644598 1.4108188499775251e-10
4.565811031 6.951288910664537e-11
4.567162263 8.386066892153268e-11
4.568513493999999 7.834110711917632e-11
4.569864726 5.5707574334319923e-11
4.571215957000001 7.343610865906447e-12
4.572567188 8.549731114372931e-11
4.57391842 3.790007034781907e-10
4.575269650999999 1.473794483585084e-10
4.5766208829999995 8.182007880640175e-11
4.5779721140000005 6.76050407282428e-11
4.579323346 2.0018156699113498e-10
4.580674577 3.4660578814658853e-10
4.582025809 4.0341715611397843e-10
4.58337704 3.3909865844344443e-10
4.584728271 4.199607676209195e-10
4.586079503 6.626620874560715e-10
4.587430734 3.4611693066837544e-10
4.588781966 1.8722695660917415e-11
4.590133197 2.0697296042929538e-13
4.591484429 2.9473315048095847e-13
4.5928356599999995 3.1067263458976897e-13
4.5941868910000005 2.537810592407603e-13
4.595538123 2.588155199735453e-13
4.596889354 1.691878129063288e-12
4.598240586 1.4164318417438535e-10
4.599591817 1.2950511501158875e-10
4.6009430490000005 1.236377130389685e-10
4.60229428 1.2994141574993333e-10
4.603645512 1.6901882295019535e-10
4.604996743 1.1703476982613538e-10
4.606347974 4.927195225501512e-11
4.607699206 2.997723400359041e-11
4.609050437 5.26139699100037e-12
4.610401669 6.8190607550542935e-12
4.611752900000001 3.3831949270076413e-13
4.613104132 2.3957912660816414e-13
4.614455363 1.136124188167066e-12
4.6158065950000005 3.720314360773015e-12
4.617157826 1.7628476201643924e-12
4.618509057 2.759844728148553e-13
4.619860289 5.009579641103306e-12
4.62121152 1.7109618323620293e-10
4.622562751999999 2.815188236342662e-10
4.6239139830000004 1.9934093462114532e-10
4.625265215000001 3.99396957425283e-11
4.626616446 2.40995291913278e-12
4.627967677 4.517204800531915e-13
4.629318908999999 2.616157874988476e-13
4.63067014 1.8636115330510995e-13
4.6320213720000005 1.1431252284810976e-12
4.633372603 4.799922359552963e-11
4.634723835 4.3125850742027395e-11
4.636075066 8.420157970708178e-12
4.637426298 8.503612061459768e-13
4.638777529 1.2629801815757684e-12
4.64012876 1.0671380847713621e-12
4.641479992 1.453308381059684e-13
4.642831223 1.44357184590757e-13
4.644182455 2.1414418347752547e-13
4.645533685999999 8.111155866861967e-12
4.646884918 1.5909020327091127e-12
4.648236149000001 1.1340833264529546e-11
4.64958738 3.228870571057733e-11
4.650938612 2.0303119627916316e-12
4.652289842999999 2.484597128016093e-12
4.6536410749999995 2.098622903290577e-13
4.6549923060000005 7.970714084360674e-13
4.656343538 1.9882982887210434e-11
4.657694769 2.4580448331634247e-11
4.659046001 8.304505647837564e-13
4.660397232 1.156652289246378e-13
4.661748463 2.5412106199008946e-12
4.663099695 2.22684987302064e-11
4.664450926000001 2.2178224562328664e-11
4.665802158 2.0006382517790908e-13
4.667153389 1.5619165529176123e-13
4.668504621 1.786704544324085e-12
4.6698558519999995 3.851652558298823e-12
4.6712070830000005 1.7848660969539078e-12
4.672558315 1.576671027993207e-13
4.673909546 4.11868938445916e-13
4.675260778 3.794862990028466e-12
4.676612009 2.4320498006923735e-13
4.6779632410000005 1.571152484110208e-13
4.679314472 1.1451397110786998e-13
4.680665704 1.844897162736403e-12
4.682016935 1.3180440107999574e-12
4.683368166 1.936792383858928e-13
4.684719398 1.5216588987332125e-13
4.686070629 1.5917600335437207e-13
4.687421861 2.096137995022269e-12
4.688773092 2.9476959780193215e-13
4.690124324 1.7448449254001258e-13
4.691475555 1.4327136170148304e-13
4.6928267869999996 2.7761943733109017e-13
4.694178018 1.0336888904159435e-11
4.695529249 2.4041643278779016e-13
4.696880481 2.1624869271749327e-13
4.698231712 8.33914921982954e-12
4.699582943999999 4.304982901795375e-11
4.700934175 8.77681456392948e-11
4.702285407000001 4.975117436173303e-11
4.703636638 2.8495927330894165e-11
4.704987869 6.718740656745318e-11
4.706339100999999 1.045248617329476e-10
4.707690332 5.91789750172901e-11
4.7090415640000005 2.1673303560845692e-11
4.710392795 7.399111873660082e-12
4.711744027 6.940859487106054e-12
4.713095258 1.850564004842851e-11
4.71444649 3.925510188862607e-12
4.7157977209999995 7.647596698307493e-13
4.717148952 1.8279057148563762e-13
4.718500184000001 2.2302679495363026e-13
4.719851415 2.2273388445019967e-13
4.721202647 1.1595787458334152e-13
4.722553877999999 1.4710447207113064e-13
4.72390511 1.7084226443951057e-11
4.725256341000001 1.4070933649005192e-11
4.726607572 2.458028216986916e-12
4.727958804 1.889953891171088e-12
4.729310035 9.286766005683098e-12
4.730661267 1.8385618877784916e-11
4.7320124980000005 2.23518737388465e-12
4.73336373 1.4117426676064525e-13
4.734714961 9.148576018165488e-14
4.736066193 3.473241623735245e-12
4.737417424 1.295731153377862e-11
4.738768654999999 3.1969755353050923e-13
4.740119887 2.3759504126347007e-13
4.741471118000001 1.0222098630986777e-12
4.74282235 3.422614601023078e-12
4.744173581 5.651170419323502e-13
4.745524813 1.5558243598419163e-13
4.7468760439999995 1.3417273604440768e-13
4.748227276 2.7427186327860356e-13
4.749578507 1.090815716344123e-11
4.750929738 1.3572056489624e-12
4.75228097 9.13718154464494e-14
4.753632201 9.569832786404682e-14
4.7549834330000005 1.2587360539662295e-13
4.756334664 4.107352254308681e-13
4.757685896 2.03851141875544e-12
4.759037127 3.595288732091228e-11
4.760388358 1.0492861778369578e-10
4.76173959 1.7237098064342838e-10
4.763090821 1.4238846644957552e-10
4.764442053 8.566561700207099e-13
4.765793284 1.3620222225368205e-13
4.767144516 1.8284088535690667e-13
4.768495747 7.541792546546411e-13
4.7698469789999995 3.5172500712587964e-12
4.77119821 1.046275364656638e-13
4.772549441 1.2544638330587322e-13
4.773900673 1.4167995196143426e-11
4.775251904 8.519057313977071e-12
4.776603135999999 1.2823918428860767e-12
4.777954367 3.184498848910182e-12
4.779305599000001 2.874174359706064e-11
4.78065683 2.0495822834246443e-10
4.782008061000001 1.0996955157686233e-10
4.783359293 7.09072507668887e-12
4.784710524 8.14583879516542e-14
4.7860617560000005 3.430840723680644e-13
4.787412987 2.4018924327559378e-11
4.788764219 1.2409089430163492e-11
4.79011545 3.4417956305542363e-12
4.791466682 5.880197013076102e-13
4.7928179129999995 1.5912297885491348e-12
4.7941691440000005 2.521176798454587e-11
4.795520376000001 1.278875729058603e-11
4.796871607 1.0265951191909753e-11
4.798222839 9.061843416012782e-12
4.799574069999999 9.366990955596756e-12
4.800925302 8.150873610763104e-12
4.802276533000001 1.8669460059777978e-13
4.803627764 1.080263791658377e-13
4.804978996 2.716727879893828e-12
4.806330227 1.263181266545683e-11
4.807681459 4.7373678626545516e-11
4.80903269 4.318667526600299e-11
4.810383922 3.8592111825246596e-11
4.811735153 3.1400603170451986e-11
4.813086384999999 7.340319105388184e-12
4.814437616 1.0515895041411443e-12
4.815788846999999 1.0423553549299503e-13
4.817140079 1.0374314092725643e-13
4.818491310000001 5.303331384751626e-13
4.819842542 1.1889044322056958e-12
4.821193773 2.400860812989664e-13
4.822545005 1.219263514609818e-12
4.8238962359999995 1.0241573267197932e-11
4.825247468 8.533824103617667e-11
4.826598699 9.746212085088353e-11
4.82794993 4.410577533914643e-11
4.829301162 1.4792243792993752e-11
4.830652393 7.745484326834808e-13
4.8320036250000005 2.3206067926226855e-11
4.833354856 2.8013101236487462e-11
4.834706088 2.8911347006764252e-12
4.836057318999999 7.169693219227801e-14
4.83740855 3.6631698079495577e-13
4.838759782 1.2450778397153332e-11
4.840111013 8.94549673264951e-12
4.841462245 1.023449901693721e-11
4.842813476 9.446175852142994e-12
4.844164708 2.882697548228789e-11
4.845515939 8.531147830345485e-11
4.8468671709999995 2.4907225553531506e-11
4.8482184020000005 1.1345656713499982e-11
4.849569633 8.510561667492039e-12
4.850920865 1.2767051391851207e-11
4.852272096 4.503246913292024e-11
4.853623327999999 3.392504471714622e-11
4.854974559 2.1862784724920345e-11
4.856325791000001 1.801510354471711e-11
4.857677022 2.6150912781681683e-11
4.859028253 6.49654017359757e-11
4.860379485 2.5166599523814388e-11
4.861730716 1.3900820678695361e-11
4.863081948 2.0044348442005924e-11
4.864433179 4.483250587326847e-11
4.865784411 7.101091430930354e-11
4.867135642 1.3858187318106323e-11
4.868486874 6.585005072823959e-12
4.8698381049999995 1.485938765672392e-11
4.8711893360000005 2.4908276821155805e-11
4.872540568000001 3.7320430671400553e-11
4.873891799 1.9943552017107376e-12
4.875243031 5.397771947416669e-12
4.876594261999999 1.2752977426480901e-12
4.8779454939999995 1.9684022877732754e-12
4.879296725000001 1.5947635434830507e-11
4.880647956 1.118545051623921e-12
4.881999188 1.026458476623469e-13
4.883350419 1.5461958156926795e-13
4.884701651 2.7256597008972696e-13
4.8860528819999995 2.2651672881502005e-12
4.887404114 4.809276190047525e-12
4.888755345 4.888610342279674e-12
4.890106576999999 1.0817356482164655e-11
4.891457808 8.636229570828923e-12
4.892809038999999 1.7640188166299352e-12
4.894160271 4.7206264984395196e-12
4.895511502000001 4.80525842043895e-12
4.896862734 1.3845510148283005e-12
4.898213965 3.369011659861395e-11
4.899565197 2.2985522677796647e-11
4.900916428 3.934540752721691e-12
4.902267660000001 2.0566530103754463e-13
4.903618891 1.9734893978470908e-13
4.904970122 3.6785769586340485e-13
4.906321354 7.004358870021197e-13
4.907672585 1.5806452343521747e-12
4.9090238170000005 1.7544901803492267e-13
4.910375048 4.545252182303528e-13
4.91172628 1.6203234196691096e-11
4.913077511 7.816090666843146e-12
4.914428742 4.603959233264556e-12
4.915779974 7.074309256928562e-12
4.917131205 1.4849680910203052e-11
4.918482437 4.0548325783672115e-11
4.919833668 1.3784872230327687e-11
4.9211849 6.090159138121623e-12
4.922536131 7.810616376971596e-13
4.9238873629999995 4.765479120830212e-12
4.9252385940000005 3.603731233763158e-13
4.926589825 1.995849018702792e-13
4.927941057 1.223354623044917e-13
4.929292288 6.533770813514807e-13
4.930643519999999 4.201310610454164e-11
4.931994751 4.4344136879308587e-11
4.933345983000001 1.19277240657725e-11
4.934697214 3.027257946183685e-13
4.936048445 1.3723199124446197e-13
4.937399677 2.0736205086110416e-13
4.938750908 1.5021842728023197e-12
4.94010214 4.076941688203127e-11
4.941453371 2.722701611664046e-11
4.942804603 2.1367779988208887e-11
4.944155834 3.225981308677896e-11
4.945507066 4.603046504439262e-11
4.9468582969999995 2.757827139353652e-11
4.9482095280000005 9.100501389333249e-13
4.949560760000001 1.2390977042672723e-13
4.950911991 3.8280212701845606e-13
4.952263223 8.682819491809247e-13
4.953614453999999 2.056609610345513e-13
4.9549656859999995 2.1100460696526333e-13
4.9563169170000005 3.011994358780548e-12
4.957668148 6.647395488244173e-12
4.95901938 2.125404793654344e-11
4.960370611 4.3770657816512664e-13
4.961721843 1.7081155127145583e-13
4.9630730739999995 1.6679976584122778e-13
4.964424306 5.331948846206555e-13
4.965775537000001 1.7040715675288373e-11
4.967126769 1.6757524414412206e-12
4.968478 1.2278735062675835e-12
4.969829230999999 6.0112042696097116e-12
4.971180463 2.5598181956233038e-11
4.972531694000001 5.177643896127905e-11
4.973882926 4.143935440979979e-11
4.975234157 4.821869123339991e-11
4.976585389 7.14528004637114e-11
4.97793662 1.0547301741566161e-10
4.979287852000001 1.3950549963650482e-10
4.980639083 1.4525735486592576e-10
4.981990314 6.41336494353411e-11
4.983341545999999 1.3953434958425518e-11
4.984692777 1.0460300572713083e-11
4.986044009 1.4561175554357605e-12
4.98739524 2.9804989458391066e-13
4.988746472 1.5550094645050951e-13
4.990097703 1.271434803525356e-13
4.991448934 1.873657156459089e-12
4.992800166 2.093136030923094e-11
4.9941513969999995 2.3497158801803067e-11
4.995502629 1.458861766560696e-11
4.99685386 6.1463634701962565e-12
4.998205092 1.4769106881245824e-11
4.999556323 2.139038461468334e-10
5.0009075549999995 2.2964181743385561e-10
5.0022587860000005 2.373042117260606e-10
5.003610017 1.679798195088906e-10
5.004961249 1.5389328171148035e-10
5.006312479999999 1.9989467651171378e-10
5.007663711999999 1.416829175730038e-10
5.009014943 7.465221606821173e-11
5.010366175 2.4142930138378854e-12
5.011717406 1.0164556386017563e-13
5.013068637 1.6323671378888918e-13
5.014419869 2.31063883973561e-13
5.0157711 2.050222546196777e-13
5.017122332 2.4417049099163477e-13
5.018473563 1.8185839234120044e-12
5.019824795000001 8.496068731249402e-13
5.021176026 3.200593857042427e-13
5.022527258 8.215304285308783e-13
5.0238784889999994 6.99031973431118e-12
5.0252297200000005 1.4329862102807986e-11
5.026580952000001 2.959298264595841e-11
5.027932183 6.208189215036276e-11
5.029283415 8.713419510456113e-11
5.030634646 7.673863501938104e-11
5.031985878 6.095095127806796e-11
5.033337109 4.719197959802883e-11
5.034688341 1.0777494363153703e-11
5.036039572 3.54283782963646e-11
5.037390803 6.603310865180802e-13
5.038742035 8.87140934381145e-14
5.0400932659999995 1.1612058411880463e-13
5.041444498 3.24277778730581e-13
5.042795729000001 9.854923481942945e-12
5.044146961 3.593009816116967e-11
5.045498192 3.470607647190935e-11
5.046849422999999 8.552244238645035e-12
5.048200655 2.4460256802568e-11
5.049551886000001 1.7754879290836993e-11
5.050903118 7.0048649074540966e-12
5.052254349 1.8880468159641128e-13
5.053605581 1.0812554969712619e-13
5.054956812 1.7107008118693404e-13
5.056308044000001 2.2185753750693828e-13
5.057659275 2.194134035705003e-13
5.059010506 6.959539743601583e-13
5.060361737999999 1.737322470336068e-11
5.061712969 3.734254383654544e-11
5.063064201 8.711069353593642e-11
5.064415432 3.9658511441393044e-11
5.065766664 3.07067815512349e-11
5.067117895 1.513963688699703e-11
5.068469126 1.416905781602253e-11
5.069820358 3.6938719050470316e-11
5.0711715889999995 5.386581198874846e-11
5.072522821 3.324082592085843e-11
5.073874052 1.1021863811672933e-11
5.075225284 3.5774752553176403e-12
5.076576515 6.3769867617986866e-12
5.0779277469999995 3.128149136092198e-11
5.0792789780000005 2.087208364677432e-11
5.080630209 1.4542165663593012e-11
5.081981441 1.1138098862346357e-11
5.083332671999999 8.544265519212938e-12
5.084683904 4.07313403589617e-12
5.086035135 5.692442305333235e-13
5.087386367 1.3883230955967122e-13
5.088737598 1.269348385172886e-13
5.090088829 1.4389802323387126e-13
5.091440061 1.8868049184880482e-13
5.092791292 2.5546456909637655e-13
5.094142524 1.995816956376407e-13
5.095493755000001 2.4169717879517665e-13
5.096844987000001 1.6090249548800398e-13
5.098196218 2.1945819459701066e-13
5.09954745 3.4758380586167957e-12
