microns throughput
2.0004663860000003 2.869860652008441e-12
2.002074478 2.9338224183609118e-12
2.00368257 3.276218023011477e-12
2.005290662 2.580557074317952e-12
2.006898754 2.2401008868168674e-12
2.008506846 2.257004521288741e-12
2.010114938 2.1769716039103532e-12
2.01172303 1.7647418869816248e-12
2.013331122 1.4405037455717887e-12
2.014939214 1.1862976970965803e-12
2.016547306 1.1313239363803298e-12
2.018155398 1.3123298104972384e-12
2.01976349 1.4081961023222762e-12
2.021371582 1.2139269432419317e-12
2.022979674 1.1497892272420715e-12
2.0245877660000002 1.215573272340528e-12
2.026195858 9.54880235825283e-13
2.027803949 7.961059266117218e-13
2.029412041 8.663395261494245e-13
2.031020133 1.2749932065749635e-12
2.032628225 1.4638583265468258e-12
2.034236317 1.1547338574483107e-12
2.035844409 8.676454580492426e-13
2.037452501 7.120885235658431e-13
2.039060593 6.955043338763481e-13
2.040668685 7.839139110377014e-13
2.042276777 8.640841484246027e-13
2.0438848689999998 9.522969460186234e-13
2.045492961 1.0550582605799855e-12
2.047101053 1.2474551959036811e-12
2.0487091449999997 1.1153731619504067e-12
2.0503172370000002 8.555008747228457e-13
2.0519253290000004 8.707791688214204e-13
2.053533421 1.2332529414389298e-12
2.055141513 7.494412973911478e-13
2.056749605 8.489598867420764e-13
2.058357697 9.143900010730963e-13
2.059965788 9.374657425301293e-13
2.06157388 9.85348816635802e-13
2.0631819719999998 9.710895339761155e-13
2.064790064 1.1279814929822587e-12
2.066398156 1.5348754110190412e-12
2.068006248 2.5157687842807508e-12
2.06961434 3.2522730735508143e-12
2.071222432 2.4412692653934185e-12
2.072830524 1.5960299026051116e-12
2.074438616 2.0204210469403625e-12
2.076046708 3.368431850780765e-12
2.0776548 4.312418855405746e-12
2.079262892 3.9652029053321364e-12
2.080870984 4.5261641911492985e-12
2.0824790760000003 5.6259860823349034e-12
2.084087168 8.216784196382169e-12
2.08569526 8.147228447963601e-12
2.0873033519999997 8.373709854272445e-12
2.088911444 9.160535124203937e-12
2.090519536 1.1112503553186956e-11
2.092127627 1.301638462536224e-11
2.0937357189999997 1.6030171931385456e-11
2.0953438110000002 1.3293626711232415e-11
2.0969519030000003 1.1391041811038044e-11
2.098559995 1.686394485246444e-11
2.100168087 3.0775244701881455e-11
2.101776179 3.2404955045038876e-11
2.103384271 2.976823858793138e-11
2.104992363 2.7195328065272497e-11
2.1066004549999997 2.5290954568358538e-11
2.1082085470000003 2.544385689842219e-11
2.109816639 3.1817230253415566e-11
2.111424731 3.925315908419671e-11
2.113032823 3.631675149648572e-11
2.114640915 3.7440642408439993e-11
2.116249007 3.62578025003882e-11
2.1178570989999996 4.0112855932923974e-11
2.1194651909999997 3.751624020554366e-11
2.1210732830000003 4.095509258449923e-11
2.122681375 4.98298780023988e-11
2.124289466 6.511459569643778e-11
2.125897558 5.677058208093038e-11
2.1275056500000002 4.3282858138035035e-11
2.129113742 4.131973637032798e-11
2.130721834 5.2404847618788246e-11
2.1323299259999997 7.186107585217751e-11
2.133938018 6.032000269727479e-11
2.1355461100000004 5.4597209219067846e-11
2.137154202 5.799155170974689e-11
2.138762294 6.663259903160083e-11
2.140370386 6.210024370143219e-11
2.141978478 6.772454050266229e-11
2.14358657 6.253738187277691e-11
2.1451946619999998 5.427935647632879e-11
2.146802754 4.6378904703714316e-11
2.1484108460000004 4.125214118302391e-11
2.150018938 4.744617073117775e-11
2.15162703 5.063547409511708e-11
2.153235122 6.116710309935837e-11
2.154843214 7.502801161236095e-11
2.156451305 1.1501434950797479e-10
2.158059397 6.698423591423791e-11
2.159667489 4.4917005969674514e-11
2.161275581 4.358378201399991e-11
2.1628836729999996 5.413135498765556e-11
2.164491765 6.41084715044418e-11
2.1660998570000003 6.984781889718677e-11
2.167707949 9.295461272546769e-11
2.169316041 9.697739817123566e-11
2.170924133 1.0418940908863238e-10
2.172532225 1.220882136927816e-10
2.174140317 1.4819310396985812e-10
2.1757484089999997 1.3184998857934674e-10
2.177356501 1.1773058660436768e-10
2.1789645930000003 1.1995220204466726e-10
2.180572685 1.3270857663482313e-10
2.182180777 1.371856735081749e-10
2.183788869 8.079982034960849e-11
2.185396961 6.423505433270385e-11
2.187005053 6.474890988578563e-11
2.1886131449999997 8.973897763420681e-11
2.1902212359999997 1.614532242669422e-10
2.191829328 1.910347438597136e-10
2.1934374200000004 2.337375382045317e-10
2.195045512 2.5073333208589124e-10
2.196653604 2.7483604898512744e-10
2.198261696 2.8355635358164984e-10
2.199869788 2.9571685899169905e-10
2.20147788 2.52405481766946e-10
2.203085972 2.3681810313860493e-10
2.204694064 2.464512029536948e-10
2.206302156 3.100670686089023e-10
2.207910248 4.1511404243503953e-10
2.2095183400000002 4.1639344191610187e-10
2.211126432 4.035844865632848e-10
2.212734524 4.3656707570743807e-10
2.2143426159999997 5.378518107537365e-10
2.215950708 7.519784644792222e-10
2.2175588 7.44283112002893e-10
2.219166892 8.334834034404269e-10
2.220774984 9.847823829923263e-10
2.222383075 1.2465783587177565e-09
2.2239911670000003 1.6704376929494106e-09
2.225599259 2.2498034355973405e-09
2.227207351 2.931363159364535e-09
2.228815443 2.917210607429903e-09
2.230423535 2.9308400751846617e-09
2.232031627 2.914588849067018e-09
2.2336397189999997 3.0364158866642633e-09
2.2352478110000003 2.7920289167720766e-09
2.236855903 2.2425641973361743e-09
2.238463995 2.1513096555206977e-09
2.240072087 2.6618819834929e-09
2.241680179 3.644792218182821e-09
2.243288271 4.352446153839533e-09
2.2448963629999996 3.988007506087088e-09
2.2465044549999997 4.115411079168712e-09
2.2481125470000003 4.8340666775199964e-09
2.249720639 6.119274431133166e-09
2.251328731 6.638432689789925e-09
2.252936823 7.0317367264311645e-09
2.2545449140000002 7.533759030479242e-09
2.256153006 7.56031826484351e-09
2.257761098 8.039220446539346e-09
2.2593691899999997 1.0803647858253977e-08
2.260977282 1.6025415033469706e-08
2.262585374 1.9913528520457956e-08
2.264193466 1.8462887631846108e-08
2.265801558 1.9063809013489307e-08
2.2674096500000003 1.99415655879609e-08
2.269017742 2.1614907351505818e-08
2.270625834 1.8666040570807816e-08
2.2722339259999997 1.3256905642557528e-08
2.273842018 9.811151211954407e-09
2.2754501100000004 9.476468931834493e-09
2.277058202 1.1079482283311147e-08
2.278666294 1.467489599412101e-08
2.280274386 1.3007518129464228e-08
2.281882478 1.6905566253569507e-08
2.28349057 2.158865416372227e-08
2.285098662 2.8279190416343344e-08
2.286706753 3.024625325037908e-08
2.288314845 3.245396268624839e-08
2.2899229369999996 3.937546949244252e-08
2.291531029 3.010099614532498e-08
2.2931391210000003 2.484448739390831e-08
2.294747213 2.8747674934721916e-08
2.296355305 4.2440240445187135e-08
2.297963397 7.121545621867382e-08
2.299571489 4.114640758742681e-08
2.301179581 2.9566628732228176e-08
2.3027876729999996 2.988862050632436e-08
2.304395765 4.46983245841898e-08
2.3060038570000003 6.849385185428889e-08
2.307611949 3.332835367394019e-08
2.309220041 2.0747427013677264e-08
2.310828133 2.4280743699271155e-08
2.312436225 3.031005485522761e-08
2.314044317 5.4199927132348444e-08
2.3156524089999997 8.839352990490151e-08
2.3172605010000003 1.312188683589622e-07
2.318868592 1.8462318440479308e-07
2.3204766840000004 1.2132372090798695e-07
2.322084776 8.166968994577969e-08
2.323692868 1.0112980634720228e-07
2.32530096 2.0641143452974814e-07
2.326909052 4.1740290850484385e-07
2.328517144 3.440961855999982e-07
2.3301252359999998 3.724900629618171e-07
2.331733328 4.3264398796561295e-07
2.33334142 5.54368899181625e-07
2.334949512 9.599194104186532e-07
2.3365576040000002 1.1161671853963183e-06
2.338165696 9.168500973786653e-07
2.339773788 7.992813703482077e-07
2.3413818799999997 8.79387022195641e-07
2.342989972 1.0960390604672636e-06
2.344598064 1.2915286207055046e-06
2.346206156 1.2389630746977728e-06
2.347814248 1.349490203489103e-06
2.3494223400000003 6.405291683310479e-07
2.3510304310000003 5.084658195473796e-07
2.352638523 5.38707530071611e-07
2.354246615 6.348335328982912e-07
2.3558547069999998 7.906639625071646e-07
2.357462799 4.93669636128034e-07
2.359070891 3.791081510790114e-07
2.3606789829999997 3.858508963598074e-07
2.3622870750000002 5.915393467936244e-07
2.363895167 1.0607306433820978e-06
2.365503259 2.2112161956847004e-06
2.367111351 1.4688109649108423e-06
2.368719443 1.0245332338839266e-06
2.370327535 9.388276573612759e-07
2.371935627 1.1821587882366734e-06
2.3735437189999997 1.6789317648749293e-06
2.3751518110000003 1.7744917542445226e-06
2.376759903 1.7703512969503915e-06
2.378367995 1.7771688859681159e-06
2.379976087 1.2046014282480216e-06
2.381584179 1.0375526066033094e-06
2.383192271 1.021932865847634e-06
2.384800362 1.1404853341117064e-06
2.3864084539999997 1.4836117298024142e-06
2.388016546 1.1199945209671006e-06
2.389624638 6.753666240209933e-07
2.39123273 4.4918964384534983e-07
2.392840822 6.88157270033583e-07
2.3944489140000003 1.1912327797633805e-06
2.396057006 1.7537821817822096e-06
2.397665098 8.000138004838275e-07
2.3992731899999997 5.526935049319088e-07
2.400881282 6.721257789811386e-07
2.4024893740000004 7.739169070452071e-07
2.404097466 1.1615812575028298e-06
2.405705558 1.1595285669867224e-06
2.40731365 8.598752879046465e-07
2.408921742 6.90728095427446e-07
2.410529834 4.5569966983987446e-07
2.4121379259999998 5.016913314429145e-07
2.413746018 6.042918438126138e-07
2.41535411 6.348602211528882e-07
2.416962201 8.743625936851237e-07
2.418570293 1.8599949836007527e-06
2.4201783850000003 1.2117147173589858e-06
2.421786477 8.122143562573915e-07
2.423394569 7.898107482067212e-07
2.425002661 1.3140309726375138e-06
2.426610753 2.251927381641966e-06
2.428218845 1.4762801327636877e-06
2.4298269369999996 7.968121404569747e-07
2.431435029 4.896415365986794e-07
2.4330431210000003 6.794385946436903e-07
2.434651213 1.2003492842275495e-06
2.436259305 2.423498811189617e-06
2.4378673969999998 2.273330590911195e-06
2.439475489 2.1827949452458567e-06
2.441083581 2.2178038955541006e-06
2.4426916729999997 2.6147613827638766e-06
2.4442997650000002 3.088568706438542e-06
2.4459078570000004 3.504482104803586e-06
2.447515949 3.4603893269078406e-06
2.44912404 3.4254977542001375e-06
2.450732132 3.1459453879097268e-06
2.452340224 2.5277255301555907e-06
2.453948316 2.0934667452222398e-06
2.455556408 2.1590117960833108e-06
2.4571644999999998 2.671174224777789e-06
2.458772592 3.386956347425543e-06
2.460380684 3.23832264893533e-06
2.461988776 2.5139097180055727e-06
2.463596868 1.9703448075493136e-06
2.46520496 2.133126235614701e-06
2.466813052 2.731982662920644e-06
2.468421144 3.5373359827844134e-06
2.470029236 2.22659352413071e-06
2.471637328 1.5094187701140477e-06
2.47324542 1.1444256248037936e-06
2.474853512 1.0535732747946848e-06
2.4764616040000003 1.0428512074729384e-06
2.478069696 1.3306258416795144e-06
2.479677788 1.4513223127804863e-06
2.481285879 1.498534511577542e-06
2.4828939709999998 1.5859821094559868e-06
2.484502063 1.8785165784779905e-06
2.486110155 2.2525009652412134e-06
2.4877182469999997 2.7133629772929116e-06
2.489326339 3.3841290223187393e-06
2.4909344310000003 4.240968738345933e-06
2.492542523 5.3332738766209395e-06
2.494150615 3.970366732707504e-06
2.495758707 3.070648453270177e-06
2.497366799 2.4582831005033416e-06
2.498974891 2.9177476188555767e-06
2.499778162 9.718174962694666e-06
2.5011293930000003 9.562256443093592e-06
2.502480624 6.549561321058229e-06
2.5038318559999997 7.52578249879116e-06
2.505183087 9.698577701686867e-06
2.506534319 8.797777096234604e-06
2.50788555 5.990907032708421e-06
2.509236782 8.730939037927206e-06
2.510588013 7.010390690247809e-06
2.511939244 7.760225960668948e-06
2.5132904760000003 5.856958544829701e-06
2.514641707 6.321495670526582e-06
2.515992939 6.592371697025159e-06
2.51734417 6.74209382689346e-06
2.5186954019999996 5.473487043100978e-06
2.5200466329999998 4.619658808930389e-06
2.521397865 3.979186181009763e-06
2.522749096 6.217551082011911e-06
2.524100327 5.599734280548436e-06
2.525451559 5.465627403541772e-06
2.52680279 5.6719591729674994e-06
2.5281540220000003 5.0547274408176905e-06
2.529505253 6.637654247366638e-06
2.5308564849999997 8.531054507138686e-06
2.532207716 6.5915413673261375e-06
2.533558948 5.074514004340378e-06
2.534910179 5.146016515115574e-06
2.5362614100000003 5.1275731433638815e-06
2.537612642 7.447476378135934e-06
2.538963873 1.0038823841184287e-05
2.5403151050000004 6.59642969496503e-06
2.5416663359999996 9.254818170595626e-06
2.5430175680000002 9.05103896758463e-06
2.544368799 6.647977140728165e-06
2.54572003 7.161147587000105e-06
2.547071262 8.779901650116953e-06
2.548422493 8.572711516877794e-06
2.549773725 7.823123171994452e-06
2.551124956 6.137197177189402e-06
2.552476188 5.092824866793977e-06
2.553827419 8.12221589133499e-06
2.5551786510000003 6.5361704249294514e-06
2.556529882 7.180342862621943e-06
2.557881113 8.177172917799728e-06
2.559232345 7.6112622524798325e-06
2.560583576 5.359022592825574e-06
2.561934808 4.942020051378887e-06
2.5632860390000003 8.07975962245433e-06
2.564637271 5.541079987790359e-06
2.565988502 8.613736510083097e-06
2.567339733 5.984025323238859e-06
2.5686909649999996 7.96810711804647e-06
2.5700421959999997 7.618702696695026e-06
2.571393428 5.432843565292849e-06
2.572744659 6.580177754852607e-06
2.574095891 3.847898895381613e-06
2.575447122 3.7006043522096113e-06
2.576798354 5.099251107527903e-06
2.5781495850000002 5.703153758742285e-06
2.5795008160000004 7.704183407314997e-06
2.580852048 7.870425047538322e-06
2.582203279 8.054477016929869e-06
2.583554511 7.674430308546174e-06
2.584905742 8.922173963546222e-06
2.586256974 8.531392859263177e-06
2.587608205 4.502461019710652e-06
2.588959437 5.027777211681073e-06
2.590310668 6.845656131143522e-06
2.591661899 5.5147129092132965e-06
2.593013131 7.3922743750525155e-06
2.594364362 5.899750538172734e-06
2.5957155939999996 4.482806159979506e-06
2.5970668249999997 3.889558317891004e-06
2.598418057 5.028653639341442e-06
2.599769288 5.381664430129231e-06
2.601120519 6.45450695142954e-06
2.602471751 6.825287736843707e-06
2.603822982 4.5167752436425615e-06
2.6051742140000003 3.18787085859942e-06
2.6065254450000004 4.446674870903322e-06
2.607876677 3.977047387933892e-06
2.609227908 6.220466954803181e-06
2.61057914 4.29640535880925e-06
2.611930371 2.6069568169782157e-06
2.613281602 5.738384437569909e-06
2.614632834 5.6040056206173215e-06
2.615984065 2.861371725683926e-06
2.617335297 2.4480619541487095e-06
2.618686528 1.5872156043656329e-06
2.62003776 2.5686709181447925e-06
2.621388991 3.6100527281803918e-06
2.622740222 4.258491419398097e-06
2.6240914539999998 4.5196209077487225e-06
2.625442685 2.3674673088353543e-06
2.626793917 2.2787573935955595e-06
2.628145148 2.0002488888934955e-06
2.62949638 2.614959972897558e-06
2.630847611 2.988862456157008e-06
2.6321988430000003 2.4373051174494223e-06
2.6335500740000004 3.5218867233979178e-06
2.634901305 5.357086484567166e-06
2.636252537 4.486045024366201e-06
2.637603768 3.960224403623654e-06
2.6389549999999997 4.307557657965576e-06
2.640306231 3.4109647421912387e-06
2.641657463 3.6303854053713967e-06
2.643008694 3.928659099353057e-06
2.6443599250000003 1.7696079258647114e-06
2.645711157 2.1847998295647215e-06
2.6470623879999997 2.9726447248567172e-06
2.64841362 4.095416439755236e-06
2.649764851 4.058011052458112e-06
2.651116083 3.563625375851686e-06
2.652467314 2.7371452729845e-06
2.653818546 3.5660780951831415e-06
2.6551697770000002 3.2968122089816144e-06
2.6565210080000004 1.7944858596862824e-06
2.65787224 2.108890948481755e-06
2.659223471 9.961060040451624e-07
2.6605747030000004 2.9333723830895488e-06
2.6619259339999997 2.784240306558541e-06
2.663277166 2.1313518233579814e-06
2.664628397 1.6838198127742946e-06
2.6659796289999997 1.5338011088218645e-06
2.66733086 2.613310925312572e-07
2.668682091 2.253666270309865e-06
2.670033323 2.99232083016557e-06
2.6713845540000003 1.946307113585595e-06
2.672735786 2.298122387812777e-06
2.6740870169999997 2.8853031139755095e-06
2.675438249 9.89829841216721e-07
2.67678948 1.885087519682928e-06
2.678140711 2.1795087757495423e-08
2.679491943 3.193748439866688e-07
2.680843174 5.348910428824357e-07
2.6821944060000003 5.289489908864871e-07
2.6835456370000004 2.4472252035496842e-06
2.684896869 3.2608676825109784e-06
2.6862481 2.3833490511077424e-06
2.6875993319999996 2.199251946144132e-06
2.6889505629999997 2.493548148521091e-06
2.690301794 2.3518566132005227e-06
2.691653026 2.8208584878268967e-06
2.693004257 2.132443316161723e-06
2.694355489 2.1036383575796397e-06
2.69570672 1.5673880237758768e-06
2.697057952 5.180893101756155e-07
2.6984091830000003 4.490492640579037e-07
2.699760414 2.185073096742833e-06
2.7011116459999998 2.0087235948363525e-06
2.702462877 4.917965136433559e-07
2.703814109 3.102173658231508e-06
2.70516534 2.2711520365929904e-06
2.706516572 3.1032482407333678e-06
2.707867803 6.937452198265453e-07
2.7092190350000003 1.839247734577322e-06
2.7105702660000004 2.01500197659091e-06
2.7119214969999996 2.3628471380066362e-06
2.713272729 2.4486570792484905e-06
2.71462396 9.149840647320938e-07
2.7159751919999997 2.649291728409426e-06
2.717326423 2.2498292402798828e-06
2.718677655 2.3805046923323063e-06
2.720028886 1.5060789141906017e-06
2.7213801170000003 2.0805937925187025e-07
2.722731349 1.0292915843829048e-06
2.7240825799999997 9.107812043623113e-07
2.7254338120000003 7.389652544207734e-07
2.726785043 3.101861276063315e-07
2.7281362749999998 6.2889634283994125e-09
2.729487506 6.722905431020164e-07
2.730838738 3.5669271640354545e-07
2.732189969 5.525705696149481e-09
2.7335412000000003 2.14294187755498e-07
2.734892432 1.0898541447646112e-06
2.736243663 5.617524682510657e-07
2.737594895 1.8372550135793696e-07
2.7389461259999996 2.886380732527487e-07
2.740297358 4.5609508907334855e-09
2.741648589 4.565556947036698e-09
2.7429998209999997 1.0551165925842026e-07
2.744351052 4.56550707817314e-09
2.745702283 4.562920561526798e-09
2.747053515 1.3369949472027642e-08
2.7484047460000003 4.564644650482572e-09
2.749755978 4.565508898786652e-09
2.7511072089999997 4.5625721231078464e-09
2.7524584410000004 4.556372210920864e-09
2.753809672 4.549759880379383e-09
2.755160903 4.5460713379008724e-09
2.756512135 4.539703001236088e-09
2.757863366 4.533514006454535e-09
2.7592145980000002 4.531082757514693e-09
2.760565829 4.531818933299258e-09
2.761917061 4.523942460356321e-09
2.7632682920000002 4.5246644327625476e-09
2.764619524 4.525297095199696e-09
2.7659707549999997 4.526079405327578e-09
2.767321986 4.521731676870238e-09
2.768673218 4.522856468509327e-09
2.770024449 4.524002443182428e-09
2.771375681 4.519720916064243e-09
2.772726912 4.520783679551151e-09
2.774078144 4.522009275311316e-09
2.7754293750000003 4.521125990884791e-09
2.776780606 4.51963593560878e-09
2.7781318379999997 4.5220104284601655e-09
2.779483069 4.5283156825639085e-09
2.780834301 4.525915271764388e-09
2.782185532 4.527254886469112e-09
2.783536764 4.529592514756602e-09
2.784887995 4.532022494803367e-09
2.786239227 4.5291959590743806e-09
2.787590458 4.53178423330292e-09
2.788941689 4.534425449334303e-09
2.7902929210000003 4.535633773827709e-09
2.791644152 4.53497510400293e-09
2.7929953839999997 4.538113581957574e-09
2.794346615 4.5393832899781675e-09
2.795697847 4.538979961211715e-09
2.797049078 4.542046109431569e-09
2.7984003090000003 4.5471132204157644e-09
2.799751541 4.549093948393452e-09
2.801102772 4.549976774336156e-09
2.8024540040000003 4.551946586732694e-09
2.803805235 4.553807123031831e-09
2.8051564669999998 4.550137851188743e-09
2.806507698 4.5517166063288364e-09
2.80785893 4.553153058292708e-09
2.8092101609999998 4.553284286885337e-09
2.810561392 4.5501625552264885e-09
2.811912624 4.551217115406024e-09
2.813263855 4.552075531046712e-09
2.814615087 4.549426112963095e-09
2.8159663179999996 4.5478453625098874e-09
2.8173175500000003 4.548137982287756e-09
2.818668781 4.5516978521613845e-09
2.8200200129999997 4.5479217372850986e-09
2.821371244 4.547012774181058e-09
2.822722475 4.545942417949994e-09
2.824073707 4.544710579810067e-09
2.8254249380000003 4.5433086276322145e-09
2.82677617 4.5417702639246035e-09
2.828127401 4.5400962818156516e-09
2.8294786330000004 4.5382928957098515e-09
2.830829864 4.536043867827327e-09
2.8321810949999997 4.5334806441444175e-09
2.833532327 4.530835316084723e-09
2.834883558 4.528129392070155e-09
2.83623479 4.5241063588642805e-09
2.837586021 4.517195207043444e-09
2.838937253 4.514389680309596e-09
2.8402884840000002 4.5130559032915155e-09
2.841639716 4.513901081817233e-09
2.8429909469999997 4.511139533401195e-09
2.8443421779999998 4.508424055481551e-09
2.84569341 4.5057603834781795e-09
2.847044641 4.503160634001773e-09
2.848395873 4.50064738475372e-09
2.849747104 4.4982177663314875e-09
2.851098336 4.493241551076388e-09
2.8524495670000003 4.487771996053482e-09
2.8538007980000004 4.482409684447775e-09
2.85515203 4.477169501081964e-09
2.856503261 4.472059036780329e-09
2.8578544929999996 4.467067535443705e-09
2.8592057239999997 4.462210944083412e-09
2.860556956 4.455086084776527e-09
2.861908187 4.449486241416037e-09
2.863259419 4.446376895615737e-09
2.86461065 4.446453369765767e-09
2.865961881 4.4455274055228745e-09
2.8673131130000002 4.442770416805152e-09
2.868664344 4.440114243240487e-09
2.8700155759999997 4.4375578448639945e-09
2.871366807 4.435704664433109e-09
2.872718039 4.4339260252690705e-09
2.87406927 4.432215626830833e-09
2.8754205010000002 4.430569466437213e-09
2.876771733 4.428967140115757e-09
2.878122964 4.4274001791276415e-09
2.8794741960000003 4.4258570776848e-09
2.8808254270000004 4.4242845478064495e-09
2.882176659 4.422684099623219e-09
2.88352789 2.073448369665752e-07
2.8848791219999996 7.4260220259860446e-09
2.8862303529999997 4.412455354236144e-09
2.887581584 4.410707692735323e-09
2.888932816 4.408895121401907e-09
2.890284047 4.407276770406399e-09
2.891635279 4.406633112542502e-09
2.89298651 4.4107971572716385e-09
2.8943377420000003 4.4099914557756075e-09
2.895688973 4.4089989778175865e-09
2.8970402049999997 4.4078766509308e-09
2.898391436 4.406594565992424e-09
2.899742667 4.405170132724855e-09
2.901093899 4.402630985903322e-09
2.9024451300000003 4.399690298878469e-09
2.903796362 4.3965928765228975e-09
2.905147593 4.3933223590433475e-09
2.9064988250000003 4.389871792817678e-09
2.907850056 5.504762607080683e-08
2.9092012869999997 4.382469480076836e-09
2.910552519 4.3758942186604385e-09
2.91190375 4.37011748711178e-09
2.9132549819999998 4.3665092696286305e-09
2.914606213 6.786632023797658e-07
2.915957445 7.511064434960488e-07
2.917308676 4.9312855305274085e-08
2.918659908 8.240719334671202e-09
2.920011139 1.7780890624578856e-07
2.9213623699999998 7.127759255861344e-08
2.922713602 8.72557209486928e-07
2.924064833 7.674634186382916e-07
2.925416065 1.1642991170202734e-06
2.926767296 1.2943914695316395e-06
2.928118528 1.4339738256107944e-06
2.9294697590000003 1.428697148797761e-06
2.93082099 2.0896901823270155e-06
2.932172222 3.2350976292441927e-06
2.933523453 4.4773222696176925e-06
2.934874685 4.721570919828028e-06
2.9362259159999997 4.771301349548106e-06
2.937577148 3.9511019023177395e-06
2.938928379 4.210311628012051e-06
2.940279611 4.741820886579004e-06
2.941630842 4.642680126629902e-06
2.942982073 5.426327684484677e-06
2.9443333050000002 6.90112744561014e-06
2.9456845360000004 6.488512995602888e-06
2.947035768 5.380630796810726e-06
2.948386999 8.411671844203222e-06
2.949738231 8.17799904206783e-06
2.951089462 9.040602872506137e-06
2.952440694 1.1131426634509702e-05
2.953791925 1.2303714763847672e-05
2.955143156 1.244343570356384e-05
2.956494388 1.1766443466508546e-05
2.957845619 1.2084142899084504e-05
2.959196851 1.4675589768336524e-05
2.960548082 1.5446516737346577e-05
2.9618993139999996 1.593840861401516e-05
2.9632505449999997 1.6170151774493194e-05
2.964601776 1.8269471168324196e-05
2.965953008 1.9151497102017075e-05
2.967304239 2.1142690875472857e-05
2.968655471 2.169482666958221e-05
2.970006702 2.2900878302731265e-05
2.9713579340000003 2.2414737427899004e-05
2.9727091650000004 2.3149225257135303e-05
2.974060397 2.4332721597312326e-05
2.975411628 2.7728745501207936e-05
2.976762859 2.836327527362725e-05
2.978114091 3.166497042287184e-05
2.979465322 3.416365778431759e-05
2.980816554 3.5835685683405506e-05
2.982167785 3.917778831033618e-05
2.983519017 3.875730987408342e-05
2.984870248 3.9954785992860136e-05
2.9862214789999997 3.947035075084189e-05
2.987572711 4.1194325512023076e-05
2.988923942 4.344818476103263e-05
2.9902751739999998 4.688493516842448e-05
2.991626405 5.184569463887469e-05
2.992977637 5.771500646088196e-05
2.994328868 6.196666605542094e-05
2.9956801 6.240456706588395e-05
2.997031331 6.565281838032903e-05
2.9983825619999998 6.843994226551643e-05
2.9997337940000004 7.172898749299146e-05
3.001085025 7.579079398332561e-05
3.002436257 8.13861243216754e-05
3.003787488 8.385985400485858e-05
3.0051387199999997 8.255039508364424e-05
3.006489951 7.787590525535623e-05
3.007841182 8.180032390298327e-05
3.009192414 8.918819910234147e-05
3.0105436450000003 9.098758683543429e-05
3.011894877 9.194715116354803e-05
3.0132461079999997 9.460287435090442e-05
3.01459734 9.610406620322927e-05
3.015948571 9.437714369113845e-05
3.017299803 9.509436574164448e-05
3.018651034 9.564940017918077e-05
3.020002265 9.358308366476521e-05
3.021353497 9.079978080689263e-05
3.0227047280000003 9.156557006613978e-05
3.02405596 8.945355131008314e-05
3.0254071909999998 9.410743923166074e-05
3.0267584230000004 9.907535593532369e-05
3.0281096539999997 0.00010340714460760965
3.029460886 0.0001092834627867235
3.030812117 0.0001135671283975193
3.032163348 0.00011569076812590118
3.03351458 0.00011831051177669405
3.034865811 0.00012200428251270623
3.036217043 0.00012675676971115647
3.0375682740000003 0.00013252602803824222
3.038919506 0.0001356792648298232
3.0402707369999997 0.00014194498278475193
3.041621968 0.0001464140261669345
3.0429732 0.00015471601458915156
3.044324431 0.00016117911866428305
3.045675663 0.00017145855633563033
3.047026894 0.00018111588199940453
3.0483781260000002 0.0001928416224250688
3.0497293570000004 0.000201595312400175
3.051080589 0.00021162099873585453
3.05243182 0.0002231823569114238
3.053783051 0.00023656313676572317
3.0551342829999997 0.00025035054464664526
3.056485514 0.0002628286630365769
3.057836746 0.00027680512607106806
3.059187977 0.0002938846133615509
3.060539209 0.00031203972287784586
3.06189044 0.000330380006136578
3.063241671 0.0003515389940566627
3.0645929030000003 0.00037386397610727297
3.065944134 0.00039822005607458857
3.0672953659999997 0.000419385929495822
3.068646597 0.00044346906366288317
3.069997829 0.00046632188074481845
3.07134906 0.0004934768811797761
3.072700292 0.000521087549286022
3.074051523 0.0005514048932298562
3.075402754 0.0005802499422966759
3.0767539860000004 0.0006155820651911542
3.0781052169999996 0.000649161704491272
3.079456449 0.0006865158398934215
3.08080768 0.0007241619700177484
3.0821589119999997 0.0007644616021186814
3.083510143 0.0008042250061196968
3.084861374 0.0008523498600403491
3.086212606 0.0009012270749290917
3.0875638370000003 0.0009530443110311232
3.088915069 0.0010044924415747308
3.0902662999999997 0.0010632699835513321
3.0916175320000003 0.0011256341590794206
3.092968763 0.0011948087312459376
3.0943199949999998 0.0012659908813003947
3.095671226 0.0013417650040236817
3.097022457 0.0014237343262406086
3.098373689 0.0015170399402137527
3.0997249200000003 0.0016211480935242211
3.101076152 0.0017301107642151209
3.102427383 0.0018415708963711174
3.103778615 0.001967744149504394
3.1051298459999996 0.0021045400702068887
3.106481078 0.0022517206786859143
3.107832309 0.0024166517701636157
3.10918354 0.0025992916108082916
3.110534772 0.002800142401555547
3.111886003 0.0030204461910616556
3.113237235 0.003262561193603718
3.1145884660000003 0.0035391968198504285
3.115939698 0.00384765400819413
3.1172909289999997 0.004189032201772436
3.11864216 0.004566088428682161
3.119993392 0.004986223399915088
3.121344623 0.005469019556607825
3.122695855 0.0060058118772194705
3.124047086 0.006605001273446661
3.1253983180000002 0.007282664939511597
3.126749549 0.008043630483621866
3.128100781 0.008899398906048671
3.1294520120000002 0.009861715704721951
3.130803243 0.010945709493283478
3.1321544749999997 0.012171549480012919
3.133505706 0.013558479070971585
3.134856938 0.015121988946375996
3.136208169 0.016894096660237327
3.137559401 0.018895725151266356
3.138910632 0.021162408924847526
3.140261863 0.02372020437643654
3.1416130950000003 0.02661841409892557
3.142964326 0.029883256862674172
3.1443155579999997 0.03356261052879291
3.145666789 0.03768377168029246
3.147018021 0.0422917159550516
3.148369252 0.04746205726398137
3.149720484 0.05313934296051669
3.151071715 0.05935931030443389
3.152422946 0.06615418838432567
3.153774178 0.07350225495359079
3.155125409 0.08137692087240768
3.1564766410000002 0.08975723902031216
3.157827872 0.09852108146257703
3.1591791039999997 0.10764765163255849
3.160530335 0.11701554738021559
3.161881566 0.12651725879452613
3.163232798 0.1361575673799233
3.1645840290000002 0.14569591317721695
3.165935261 0.15523011089357996
3.167286492 0.16462425410155185
3.1686377240000003 0.17385447604404564
3.169988955 0.18297312905084284
3.1713401869999998 0.19197606812632936
3.172691418 0.20104459540341754
3.174042649 0.20989855334896995
3.1753938809999998 0.21853459254634866
3.176745112 0.22711443567232625
3.178096344 0.23553375108939426
3.179447575 0.24387772122102797
3.180798807 0.2520730077461726
3.182150038 0.2600752031287577
3.1835012700000003 0.2679781207927353
3.184852501 0.2756912822791414
3.186203732 0.2832316349181222
3.187554964 0.2906140603924802
3.188906195 0.29772550159129235
3.190257427 0.30463435546921974
3.1916086580000003 0.3113127306627852
3.19295989 0.31771186375840077
3.194311121 0.3238792699025589
3.195662352 0.32975616529669327
3.197013584 0.33537617508436135
3.1983648149999997 0.3411551904547687
3.199716047 0.3462333460961061
3.201067278 0.35104653007200437
3.2024185099999998 0.35560179716737583
3.203769741 0.35988001332507313
3.205120973 0.363940098603279
3.206472204 0.36776311685050456
3.207823435 0.3713584000057567
3.209174667 0.3747573757554533
3.2105258979999998 0.3779227354568917
3.21187713 0.38089238278919413
3.213228361 0.38327057388393093
3.214579593 0.38587391011101807
3.215930824 0.38833432217900404
3.217282055 0.3906330044290107
3.2186332870000003 0.3927716761592349
3.2199845180000004 0.3947801572632101
3.22133575 0.39695124822726013
3.222686981 0.39915625503681385
3.2240382129999996 0.4009542288165764
3.2253894439999997 0.4026403689313143
3.226740676 0.40421731775318614
3.228091907 0.4057189441965221
3.229443138 0.4071462862397416
3.23079437 0.4083650438876263
3.232145601 0.40941946465547674
3.2334968330000002 0.41041801527120353
3.234848064 0.4113556826780991
3.2361992959999997 0.4122578074513684
3.237550527 0.413097484908725
3.238901759 0.4138976059008142
3.24025299 0.41463736038655163
3.2416042210000002 0.4152939540255012
3.242955453 0.41591351772407825
3.244306684 0.4166618566496647
3.2456579160000003 0.41757101320922607
3.2470091470000004 0.4181061326729967
3.248360379 0.41861253868132553
3.24971161 0.41907370360825397
3.251062841 0.4196149151915691
3.2524140729999997 0.4201716067628375
3.253765304 0.42072756570659564
3.255116536 0.42126250051884984
3.256467767 0.4217884932192504
3.257818999 0.42229550157493534
3.25917023 0.422810216823737
3.2605214620000003 0.4232889178704823
3.261872693 0.4237112665350945
3.263223924 0.42412890434322825
3.264575156 0.4245365050197636
3.265926387 0.42495248154495413
3.267277619 0.4255106717154358
3.2686288500000003 0.42629940466516525
3.269980082 0.426725096735162
3.271331313 0.4270547628030803
3.272682544 0.4273726123204484
3.274033776 0.4276966502252598
3.2753850069999997 0.42802871969506434
3.276736239 0.4283766297383363
3.27808747 0.42874045511876835
3.2794387019999998 0.4291110042322489
3.280789933 0.42949111031947873
3.282141165 0.42986896666369007
3.283492396 0.43025768383454954
3.2848436270000003 0.4306466128949622
3.286194859 0.4310582177216543
3.2875460899999998 0.43147086034403115
3.288897322 0.4318926491483953
3.290248553 0.43283191559111683
3.291599785 0.43327056701789046
3.292951016 0.43371396092431747
3.294302247 0.4341510244208103
3.2956534790000003 0.4345933848496237
3.29700471 0.435025558822135
3.298355942 0.4354791383177974
3.299707173 0.43591971026196796
3.301058405 0.43624437635435476
3.3024096359999997 0.4365426312953744
3.303760868 0.43684816076997335
3.305112099 0.4371527964270141
3.30646333 0.43744575801152685
3.307814562 0.4377414136161634
3.309165793 0.43802452925074853
3.3105170250000002 0.4382918075350475
3.3118682560000003 0.4389714901274657
3.313219488 0.43928333972003925
3.3145707189999998 0.4395237402225458
3.315921951 0.4397597323569602
3.317273182 0.4400000565209898
3.318624413 0.440235262124278
3.319975645 0.44047438537626077
3.321326876 0.44065244997904607
3.322678108 0.44084201095060155
3.324029339 0.4410426328403381
3.325380571 0.44125935155465634
3.326731802 0.4414897914474648
3.328083033 0.4417220956428747
3.3294342649999997 0.4419564871645081
3.330785496 0.44186163335490114
3.332136728 0.4415532540704056
3.333487959 0.4412600865309895
3.334839191 0.4414262764544217
3.336190422 0.4412459052423925
3.3375416540000002 0.44098890571291505
3.3388928850000004 0.4407487717091982
3.340244116 0.4403023033933957
3.341595348 0.43891006347746475
3.342946579 0.4375077673920571
3.344297811 0.4361205452574183
3.345649042 0.4347488556151141
3.347000274 0.43338729138121207
3.348351505 0.43203088996830996
3.3497027360000002 0.430672763490755
3.351053968 0.4277781279440731
3.3524051989999997 0.42443848493610437
3.353756431 0.42109968968179
3.355107662 0.41774562439861546
3.3564588939999997 0.41438238265207716
3.357810125 0.4110135454814726
3.359161357 0.40763811244151543
3.360512588 0.40574753442658623
3.3618638190000003 0.40626819663629865
3.363215051 0.4067746951190138
3.3645662819999997 0.40726521629900647
3.3659175140000004 0.40774395641474703
3.367268745 0.40821409851460766
3.368619977 0.40867361972240257
3.369971208 0.4091263098217606
3.371322439 0.4129305365844126
3.372673671 0.41711718726108815
3.374024902 0.42162203086763106
3.375376134 0.425471657257938
3.3767273650000003 0.42930941462607186
3.378078597 0.4331374623129721
3.3794298279999997 0.436964010928805
3.38078106 0.43922600292782127
3.382132291 0.4403506837112184
3.383483522 0.4414744576874875
3.384834754 0.4426020157021401
3.386185985 0.4437209683037636
3.387537217 0.44482981721327264
3.3888884480000003 0.4459417664527471
3.39023968 0.44679046199726846
3.3915909109999998 0.44645581104317644
3.3929421430000004 0.4461235513407682
3.3942933739999996 0.44579349017457814
3.3956446049999998 0.44546586887948775
3.396995837 0.4451314806434508
3.398347068 0.4448009486042454
3.3996983 0.4444767722038951
3.401049531 0.4441292311581831
3.402400763 0.44377758867304096
3.4037519940000003 0.44343082578245296
3.405103225 0.4430987186974346
3.4064544569999997 0.44277358093545033
3.407805688 0.44246750533924994
3.40915692 0.4422529804985676
3.410508151 0.4424684774645221
3.411859383 0.44237374587670997
3.413210614 0.44228380513933874
3.4145618460000002 0.4421977711171001
3.4159130770000004 0.44256086525894156
3.4172643079999996 0.4425162697220508
3.41861554 0.44242905683064576
3.419966771 0.44233230135871493
3.4213180029999997 0.44259258902513887
3.422669234 0.44285095513445283
3.424020466 0.44309581903049666
3.425371697 0.44332115709363923
3.4267229280000002 0.4435289109355685
3.42807416 0.4437341751489363
3.429425391 0.44392624076569154
3.4307766230000003 0.44402261623799133
3.432127854 0.44406408830778676
3.4334790859999997 0.44409586266964485
3.434830317 0.44406652161159976
3.436181549 0.44394350374125197
3.43753278 0.4437497362806909
3.4388840110000003 0.443535331908357
3.440235243 0.44327183735175735
3.441586474 0.4428330904906741
3.4429377060000004 0.4423792010680708
3.4442889369999996 0.4424281801122719
3.445640169 0.44194747292515957
3.4469914 0.44144710119832875
3.448342631 0.4411084464221382
3.449693863 0.44092639984125903
3.451045094 0.4406208099673453
3.452396326 0.4403829164670594
3.4537475570000002 0.4401530932101271
3.455098789 0.4399465476653236
3.45645002 0.43977298544134114
3.4578012520000003 0.4396338835475465
3.459152483 0.439530764025147
3.460503714 0.4396017630533299
3.461854946 0.43995941963254037
3.463206177 0.44037236745600716
3.464557409 0.4408426330307639
3.4659086400000003 0.44137825164710265
3.467259872 0.44197497777829275
3.468611103 0.44264025845537314
3.469962335 0.44337105373380964
3.4713135659999996 0.44386789180582376
3.4726647969999997 0.44442531474629315
3.474016029 0.4450352737247327
3.47536726 0.4456991351898951
3.476718492 0.446780362987124
3.478069723 0.4476704080009992
3.479420955 0.4486563460104074
3.4807721860000003 0.4499122286551174
3.482123417 0.4510146031756614
3.483474649 0.4520805753831188
3.48482588 0.45308908278234034
3.486177112 0.45401942387369176
3.487528343 0.45482820447591465
3.488879575 0.45549760207006507
3.490230806 0.45598407051784395
3.491582038 0.4563534768549539
3.492933269 0.45647592059843095
3.4942845 0.4563027397144688
3.495635732 0.45580621278381916
3.496986963 0.4549252282144618
3.4983381949999997 0.4536199204882252
3.4996894259999998 0.4518250049252336
3.501040658 0.4494680472547836
3.502391889 0.44657750764933957
3.50374312 0.44313806875804906
3.505094352 0.4391209294368194
3.506445583 0.4345337147189826
3.5077968150000003 0.4297402628034076
3.509148046 0.42397799618111204
3.5104992779999997 0.4177718676439435
3.511850509 0.4110045426077967
3.513201741 0.4034786553069081
3.514552972 0.3954658305726238
3.515904203 0.3870446908830255
3.517255435 0.3782782353681208
3.518606666 0.36911763801397657
3.519957898 0.3596062345156125
3.521309129 0.3497549885772274
3.5226603610000002 0.3396779014263296
3.524011592 0.3294474838849114
3.5253628239999997 0.3191071542602198
3.526714055 0.30873669345105953
3.528065286 0.29837141392769356
3.529416518 0.28803262977701793
3.5307677490000002 0.2777931593085705
3.532118981 0.2676772681066394
3.533470212 0.25774487892379166
3.5348214440000003 0.24826364973141934
3.536172675 0.23881725168018303
3.537523906 0.22958712263646086
3.538875138 0.22061396618337553
3.540226369 0.2119095468573417
3.5415776009999997 0.20345063559966647
3.542928832 0.19548344699280162
3.544280064 0.18762983488172325
3.545631295 0.180054470319539
3.546982527 0.17277050049017367
3.548333758 0.16578019812710887
3.5496849889999997 0.15905706770452677
3.551036221 0.15260834950278468
3.552387452 0.146575499573692
3.553738684 0.14061292618307927
3.555089915 0.13490100917273146
3.556441147 0.129411076935875
3.5577923780000003 0.12414256949453009
3.5591436090000004 0.11908829491526454
3.560494841 0.11422971672256768
3.561846072 0.10957372948889016
3.563197304 0.1050853036848079
3.5645485349999997 0.1007563188013771
3.565899767 0.09659189287919301
3.567250998 0.09256708194740479
3.5686022299999998 0.08875089816026752
3.569953461 0.08504302678351587
3.571304692 0.08140254364542338
3.572655924 0.07788786218548567
3.574007155 0.07448336783137624
3.575358387 0.07119387477030378
3.5767096179999998 0.06801752356881882
3.57806085 0.06500456825165657
3.579412081 0.06201994209229244
3.580763312 0.05912455826449303
3.582114544 0.05631930259849664
3.583465775 0.0536194252091889
3.5848170070000003 0.05105524907662066
3.5861682380000004 0.04854141079048038
3.58751947 0.046108962873663895
3.588870701 0.04376037019188676
3.5902219329999996 0.041506410235586544
3.5915731639999997 0.03933417771938896
3.592924395 0.037247936541455216
3.594275627 0.03525469513709379
3.595626858 0.03333928860927568
3.59697809 0.03151257649718696
3.598329321 0.029772224734294923
3.5996805530000002 0.02810769445459467
3.601031784 0.02652730108187901
3.602383016 0.025023451403415237
3.603734247 0.023616522669310976
3.605085478 0.022273045935785295
3.60643671 0.020987705950176905
3.607787941 0.019777684198779795
3.609139173 0.01863646661012832
3.610490404 0.017549983222361374
3.6118416360000003 0.016532313868782546
3.6131928670000004 0.015573656430412558
3.6145440979999997 0.01467107434477716
3.61589533 0.013826669301726041
3.617246561 0.013028331811356549
3.6185977929999997 0.012281891711027317
3.619949024 0.011594676057587072
3.621300256 0.010931797762733956
3.622651487 0.010313528473847457
3.624002719 0.009732809747027758
3.62535395 0.009189208139208656
3.6267051809999997 0.008686478355216944
3.628056413 0.008205757873884346
3.629407644 0.007754955102074409
3.630758876 0.007340285439740224
3.632110107 0.006947619966721284
3.633461339 0.006583554740257748
3.6348125700000002 0.006241802667982138
3.6361638010000004 0.0059159652066878045
3.637515033 0.0056129612826787256
3.638866264 0.005328192447550534
3.640217496 0.005065881234547686
3.6415687269999997 0.004824005432045326
3.642919959 0.004588040257736299
3.64427119 0.004367600153949477
3.6456224219999998 0.004163908850861105
3.646973653 0.00396872658237396
3.648324884 0.0037892092968264896
3.649676116 0.0036209037399445015
3.6510273470000003 0.0034583311400239567
3.652378579 0.0033106710022044513
3.6537298099999997 0.0031672856901424663
3.655081042 0.003033342281822245
3.656432273 0.002911507496423476
3.657783504 0.002789893538160523
3.659134736 0.002677925095951218
3.660485967 0.0025761702248472745
3.6618371990000003 0.0024764721975558132
3.66318843 0.00238400750336251
3.664539662 0.0022938328244341845
3.665890893 0.0022063878016585275
3.667242125 0.0021283128107948877
3.6685933559999997 0.0020516531230508764
3.669944587 0.001981376855102554
3.671295819 0.001916935437710645
3.67264705 0.0018511209011654452
3.673998282 0.001788937326641597
3.675349513 0.001730709078582255
3.676700745 0.0016720109235887136
3.6780519760000003 0.0016212047079994193
3.679403208 0.0015732659769043338
3.6807544389999998 0.0015241624304064352
3.68210567 0.0014814927411289506
3.683456902 0.001438430686559456
3.684808133 0.0013972879275945642
3.686159365 0.001362598322070096
3.687510596 0.001320226068395226
3.688861828 0.0012777625777558345
3.690213059 0.001244016259277903
3.6915642899999996 0.0012106448658750313
3.692915522 0.0011806439667021414
3.694266753 0.0011533324004769213
3.6956179849999997 0.0011213120409448373
3.696969216 0.0010932588700998684
3.698320448 0.0010654647369215129
3.699671679 0.0010349244053985502
3.701022911 0.0010085073040915823
3.702374142 0.0009821368665404366
3.703725373 0.0009551287120677822
3.7050766050000004 0.0009315898775694655
3.706427836 0.0009072123326690014
3.707779068 0.0008840909662296575
3.709130299 0.0008627844774891391
3.710481531 0.0008375946375517241
3.711832762 0.0008131067396758266
3.713183993 0.0007903012651145854
3.714535225 0.0007661466215061678
3.7158864560000002 0.0007460079184742345
3.717237688 0.0007277609877350414
3.7185889189999997 0.0007071459520789018
3.719940151 0.0006878163765309088
3.721291382 0.0006683584999061193
3.7226426139999997 0.0006489942686198468
3.723993845 0.0006309043329435217
3.725345076 0.0006094148556481042
3.726696308 0.0005885373133226986
3.7280475390000003 0.0005709532125510461
3.729398771 0.0005507598892613348
3.730750002 0.0005313666835463099
3.7321012340000004 0.000513970259231017
3.733452465 0.0004942002047687369
3.7348036959999997 0.00047685612440483756
3.736154928 0.0004610091913906782
3.737506159 0.0004415929258778519
3.738857391 0.0004257166969839467
3.740208622 0.0004106896907631169
3.741559854 0.00039185834595906584
3.7429110850000002 0.0003746746231807202
3.744262317 0.00035848210117705857
3.7456135479999997 0.0003423217461836075
3.746964779 0.0003295397576021399
3.748316011 0.0003145024664238464
3.749667242 0.0002982092890737119
3.751018474 0.00028636617609628065
3.752369705 0.00027355778455593824
3.753720937 0.00026036069929823104
3.7550721680000003 0.00025006738295013913
3.7564234 0.0002365649034959929
3.757774631 0.0002227574986246819
3.759125862 0.0002136648202859671
3.7604770939999996 0.00020362310727973737
3.7618283249999998 0.00019335583949438165
3.763179557 0.0001849648669073063
3.764530788 0.00017515259440596876
3.76588202 0.0001669693912202761
3.767233251 0.000160571883208465
3.768584482 0.00015101278021727575
3.7699357140000003 0.00014229279602662734
3.771286945 0.0001365205380674587
3.7726381769999997 0.0001299638000841419
3.773989408 0.0001250318030031077
3.77534064 0.00012143505032976007
3.776691871 0.00011533531844850214
3.778043103 0.0001097104219081399
3.779394334 0.00010298381969845013
3.780745565 9.608514637060776e-05
3.7820967970000003 9.323952342242799e-05
3.7834480279999996 9.248956761891872e-05
3.7847992599999998 8.944125597233129e-05
3.786150491 8.676273833901583e-05
3.7875017229999997 8.404751052563096e-05
3.7888529539999998 7.940572361960223e-05
3.790204185 7.700474735743986e-05
3.791555417 7.495938193058256e-05
3.792906648 7.004030017640234e-05
3.79425788 6.760313754883584e-05
3.795609111 6.699441512305571e-05
3.7969603430000003 6.481543455442666e-05
3.798311574 6.592169991157903e-05
3.7996628059999997 6.710559680827671e-05
3.801014037 6.396375041321752e-05
3.802365268 6.275347926774568e-05
3.8037165 6.184818334195873e-05
3.8050677310000003 5.984492613284692e-05
3.806418963 6.080233154226671e-05
3.807770194 5.941642387916972e-05
3.8091214260000004 5.503534190531909e-05
3.8104726569999996 5.425010556653761e-05
3.811823889 5.369890088379275e-05
3.81317512 5.14131830096196e-05
3.814526351 5.00981508355356e-05
3.815877583 4.8424834272893e-05
3.817228814 4.647508834377254e-05
3.818580046 4.598673528047807e-05
3.8199312770000002 4.5418348328599415e-05
3.821282509 4.451854342346791e-05
3.82263374 4.457347468537317e-05
3.823984971 4.5482325110690806e-05
3.825336203 4.575904187904493e-05
3.826687434 4.7301416018888385e-05
3.828038666 4.835243888294173e-05
3.829389897 4.741128737799167e-05
3.830741129 4.695910072453858e-05
3.8320923600000003 4.641051910507099e-05
3.833443592 4.5372380208038385e-05
3.834794823 4.739670030777668e-05
3.836146054 4.751894835351274e-05
3.8374972859999996 4.2746514879566785e-05
3.8388485169999997 4.0186072021829585e-05
3.840199749 3.967213595198052e-05
3.84155098 3.895521689133136e-05
3.842902212 4.09864770668773e-05
3.844253443 4.04574797177289e-05
3.845604674 3.7587911825563965e-05
3.8469559060000003 3.7013492314105504e-05
3.848307137 3.61460768412407e-05
3.849658369 3.519880727974345e-05
3.8510096 3.647709385347759e-05
3.852360832 3.826997324269321e-05
3.853712063 3.572938409519144e-05
3.855063295 3.5558086857645134e-05
3.856414526 3.7029103115536144e-05
3.857765757 3.6862260414485115e-05
3.859116989 3.608230043693337e-05
3.86046822 3.6300592398277705e-05
3.861819452 3.3235764800841475e-05
3.863170683 3.3374877152823536e-05
3.8645219149999996 3.588401427563648e-05
3.8658731459999998 3.5523097172540744e-05
3.867224377 3.530805114649426e-05
3.868575609 3.59490927530239e-05
3.86992684 3.484279929221682e-05
3.871278072 3.398862232971187e-05
3.872629303 3.392667713913444e-05
3.8739805350000003 3.2821003398859044e-05
3.875331766 3.272015682169476e-05
3.876682998 3.324208269633995e-05
3.878034229 3.132990399641989e-05
3.87938546 2.924853389508354e-05
3.880736692 3.1267898064872255e-05
3.882087923 3.3113033023900285e-05
3.883439155 3.230024790989327e-05
3.884790386 3.129969559613138e-05
3.886141618 2.864919055445451e-05
3.887492849 2.5840987405006303e-05
3.8888440810000002 2.5341690451452506e-05
3.890195312 2.6698768972874804e-05
3.891546543 2.8615953941679474e-05
3.892897775 3.160133717248972e-05
3.894249006 3.489680479204933e-05
3.895600238 3.543177024098138e-05
3.8969514690000002 3.558690336068959e-05
3.898302701 3.4682680494154655e-05
3.899653932 3.2435081388547374e-05
3.9010051629999998 3.293489693183832e-05
3.902356395 3.228146562634796e-05
3.903707626 3.040130776762427e-05
3.905058858 3.1136449981832084e-05
3.906410089 3.231080225027557e-05
3.9077613209999997 3.286451962736438e-05
3.909112552 3.5381522964021635e-05
3.910463784 3.781242889752207e-05
3.911815015 3.651803399326221e-05
3.913166246 3.514346559915275e-05
3.914517478 3.761196915441308e-05
3.9158687089999997 3.679090671746077e-05
3.917219941 3.427200311007219e-05
3.918571172 3.6781034826452966e-05
3.919922404 3.835020730008821e-05
3.921273635 3.8810541417310185e-05
3.922624866 3.971860627507039e-05
3.9239760980000002 3.898382417504897e-05
3.9253273290000004 3.782671257286786e-05
3.926678561 3.8236390577399204e-05
3.928029792 3.9456148498965765e-05
3.929381024 3.820774073177547e-05
3.9307322549999997 3.8008042634672966e-05
3.932083487 3.728607022707108e-05
3.933434718 3.5308708791453015e-05
3.934785949 3.668045262344154e-05
3.936137181 3.999894996511347e-05
3.937488412 4.3016139489838946e-05
3.938839644 4.57748025012612e-05
3.940190875 4.790008634640112e-05
3.941542107 4.774321251815052e-05
3.9428933379999997 4.60521885531067e-05
3.944244569 4.56387921817169e-05
3.945595801 4.4522312732157856e-05
3.946947032 4.408993722718146e-05
3.948298264 4.576049776526097e-05
3.949649495 4.496443788152946e-05
3.9510007270000003 4.392664692999773e-05
3.9523519580000004 4.549709752141193e-05
3.95370319 4.841975532544951e-05
3.955054421 4.965022485953079e-05
3.956405652 5.096697151216552e-05
3.9577568839999997 5.313135307972242e-05
3.959108115 5.197852787917102e-05
3.960459347 5.215784522489124e-05
3.961810578 5.313492894847776e-05
3.96316181 5.158297160820545e-05
3.964513041 5.094103443462811e-05
3.965864273 5.26221218317161e-05
3.967215504 5.4129675377941625e-05
3.968566735 5.33952915641517e-05
3.9699179669999998 5.427850266476042e-05
3.971269198 5.523194338561466e-05
3.97262043 5.3621639788631464e-05
3.973971661 5.599665140942468e-05
3.975322893 5.837674747954364e-05
3.976674124 5.715325427695332e-05
3.978025355 5.50624314189796e-05
3.9793765870000004 5.4759766340948634e-05
3.9807278179999996 5.500930743424268e-05
3.98207905 5.443686275109388e-05
3.983430281 5.673704342516861e-05
3.9847815129999997 5.812772370062355e-05
3.986132744 5.8408292936836017e-05
3.987483976 5.9772967069379135e-05
3.988835207 5.993178397435069e-05
3.9901864380000003 5.7799343554442856e-05
3.99153767 5.5967426168238334e-05
3.9928889009999997 5.7416943624868016e-05
3.994240133 5.9294301381244605e-05
3.995591364 5.998881769112276e-05
3.996942596 5.954807473967118e-05
3.998293827 5.771168441095166e-05
3.999645058 5.723867235193926e-05
4.00099629 5.81814400464068e-05
4.002347521 5.7825597902523074e-05
4.003698753 5.496183848649061e-05
4.005049984 5.3920009323681704e-05
4.006401216 5.411545040643476e-05
4.007752447 5.4099726093901135e-05
4.009103679 5.687591487363579e-05
4.01045491 5.968841604484144e-05
4.011806141 5.970104530627212e-05
4.013157373 5.808575879331599e-05
4.014508604 5.8556359575401484e-05
4.015859836 5.7353419758151236e-05
4.017211067 5.3155053671459355e-05
4.018562299 5.1863999030493824e-05
4.01991353 5.0353069407333305e-05
4.021264761 4.8111701281649776e-05
4.022615993 4.742437400410383e-05
4.023967224 4.999759721099258e-05
4.025318456 5.2078429977825756e-05
4.026669687 5.1966234011556955e-05
4.028020919 5.2392978829588396e-05
4.02937215 5.1807912015516236e-05
4.030723382 5.1896377091913304e-05
4.032074613 5.345359948187453e-05
4.033425844 5.489001419097575e-05
4.034777076 5.337349077165116e-05
4.036128307 5.403545680555274e-05
4.037479539 5.859534718966755e-05
4.03883077 6.143978877150283e-05
4.040182002 6.235612311594556e-05
4.041533233 6.157096338004687e-05
4.042884465 5.910823411661816e-05
4.044235696 5.5843024649647145e-05
4.0455869269999996 5.691292955890545e-05
4.046938159 5.940145654886086e-05
4.04828939 6.033609016495756e-05
4.049640622 6.193421919925915e-05
4.050991853 6.37609541337157e-05
4.052343085 6.436464421189076e-05
4.053694316 6.382823441951291e-05
4.055045547 6.533034037460883e-05
4.056396779 6.442699081389657e-05
4.05774801 6.238365284882035e-05
4.059099241999999 6.188308181479427e-05
4.0604504729999995 6.201042305611158e-05
4.061801705 6.060123495059499e-05
4.063152936 5.894446095624509e-05
4.064504168 6.094905971190317e-05
4.065855399 6.16583737553341e-05
4.06720663 6.198561649980761e-05
4.0685578620000005 6.27082313346464e-05
4.069909093000001 6.316512269097616e-05
4.071260325 6.20091511707559e-05
4.072611556 6.275422879829688e-05
4.073962788 6.493914461207451e-05
4.075314019 6.405304189980294e-05
4.07666525 6.250221571716656e-05
4.078016482 6.168440824053273e-05
4.079367713 6.1117854985817e-05
4.080718945 5.906981510074886e-05
4.082070176 6.066240786184013e-05
4.083421408 6.264765258339098e-05
4.084772639 6.198169890200924e-05
4.086123871 6.069011824709259e-05
4.087475102 6.069983364253445e-05
4.088826333 6.107501316580737e-05
4.090177565 5.990338272327301e-05
4.091528796 6.126717952189696e-05
4.092880028 6.249089346179255e-05
4.094231259 6.250532450741951e-05
4.095582491 6.182100624979277e-05
4.096933722 6.231823799424083e-05
4.098284953 6.149370713007277e-05
4.0996361850000005 6.1287690300298e-05
4.100987416 6.319933667893482e-05
4.102338648 6.431427483259487e-05
4.103689878999999 6.321419934246291e-05
4.105041110999999 6.130114085242002e-05
4.106392342 6.145145942865882e-05
4.107743574 5.957638124573675e-05
4.109094805 5.841282575265089e-05
4.110446036 5.889917633827197e-05
4.111797268 5.9855134689436486e-05
4.113148499 5.8208406686205487e-05
4.1144997309999995 5.7090833737748705e-05
4.115850962000001 5.732688178713473e-05
4.117202194000001 5.60322464154652e-05
4.118553425 5.480756739757899e-05
4.119904657 5.544156187563306e-05
4.121255887999999 5.8055615056837355e-05
4.122607119 5.8387967884390184e-05
4.123958351000001 5.9631364929780004e-05
4.125309582 6.09357429058016e-05
4.126660814 6.141307151701466e-05
4.128012045 6.033266275126561e-05
4.129363277 5.986558638047553e-05
4.130714508 5.7975603813918813e-05
4.132065739 5.573999871833551e-05
4.133416971 5.517309286228184e-05
4.134768202 5.581774162732266e-05
4.136119434 5.476354328253192e-05
4.1374706649999995 5.1854120501993e-05
4.138821897 5.2107880071117044e-05
4.140173128000001 5.307491904248438e-05
4.14152436 5.3761144699165846e-05
4.142875591 5.368098377625941e-05
4.144226821999999 5.362162768852623e-05
4.145578054 5.121578338427125e-05
4.146929285000001 4.983844542497451e-05
4.148280517 5.020611804183367e-05
4.149631748 5.139027765248212e-05
4.15098298 5.096135264316831e-05
4.152334211 5.18357149787821e-05
4.153685442 5.361914621814075e-05
4.155036674 5.3433904449890824e-05
4.156387905 5.184354692507621e-05
4.157739136999999 5.075548821174048e-05
4.159090368 5.1367897370544787e-05
4.1604416 5.12130247870936e-05
4.161792831 5.1625669215966206e-05
4.163144063 5.2039315652174166e-05
4.164495294 5.1652400035737106e-05
4.165846525 5.031063404651434e-05
4.167197757 5.1513866292922955e-05
4.1685489879999995 5.209649141423785e-05
4.169900220000001 5.1179329759365436e-05
4.171251451 4.9722804561661214e-05
4.172602683 5.0638624311437615e-05
4.173953914 5.1240045646843026e-05
4.1753051459999995 5.097813162420911e-05
4.1766563770000005 5.062329507276163e-05
4.178007608 5.005308190009566e-05
4.17935884 4.7550582202263766e-05
4.180710071 4.659954808279204e-05
4.182061303 4.847779286480136e-05
4.183412534 4.99784302331388e-05
4.184763766 4.9595304378079885e-05
4.186114997 4.8199875830163796e-05
4.187466228 4.758063900732591e-05
4.18881746 4.5082457440703677e-05
4.190168691 4.328317684869739e-05
4.1915199229999995 4.34331195406894e-05
4.1928711540000005 4.627332639630079e-05
4.194222386000001 4.631851843198408e-05
4.195573617 4.5784147723416155e-05
4.196924849 4.5099174753675014e-05
4.198276079999999 4.407294192002411e-05
4.199627311 4.1761837274485836e-05
4.200978543 4.2233285861315224e-05
4.202329774 4.4094010149378166e-05
4.203681006 4.6000346830564316e-05
4.205032237 4.663245186554156e-05
4.206383469 4.680241643779601e-05
4.2077347 4.457034889852203e-05
4.209085931 4.170127248830065e-05
4.210437163 3.998550838594766e-05
4.211788394 4.07778369200501e-05
4.213139626 4.123228026423355e-05
4.2144908569999995 4.100143002738254e-05
4.215842089 4.234124267025773e-05
4.217193320000001 4.4515729262186354e-05
4.218544552 4.605891792761884e-05
4.219895783 4.6891026936344006e-05
4.221247013999999 4.806108044794652e-05
4.2225982459999996 4.7632741982882545e-05
4.223949477 4.54575495869719e-05
4.225300709 4.36935776051299e-05
4.22665194 4.417841463129104e-05
4.228003171999999 4.3150566528023656e-05
4.229354403 4.1493532712182835e-05
4.2307056339999995 4.049543495783167e-05
4.232056866 4.109594986772889e-05
4.233408097000001 3.945755932125522e-05
4.234759329 3.785493975128372e-05
4.23611056 3.710838202851033e-05
4.237461792 3.7537540898546754e-05
4.238813023 3.7604383336416986e-05
4.240164255 3.912615485105204e-05
4.241515486 4.033388251518915e-05
4.242866717 3.9997343037332145e-05
4.244217949 3.693992016809266e-05
4.24556918 3.6244298993792534e-05
4.246920412000001 3.610491668918869e-05
4.248271643 3.602194886640549e-05
4.249622875 3.545530129979351e-05
4.250974105999999 3.81112454759502e-05
4.2523253379999995 3.932044178525363e-05
4.2536765690000005 3.839340984706335e-05
4.2550278 3.617011504177076e-05
4.256379032 3.585245183859347e-05
4.257730263 3.517687741852331e-05
4.259081495 3.44813199774526e-05
4.260432726 3.432254182643696e-05
4.261783958 3.5822617607878634e-05
4.263135189 3.454177880435739e-05
4.26448642 3.296128038507522e-05
4.265837652 3.261601416299757e-05
4.267188883 3.414166924965246e-05
4.2685401149999995 3.3708138527085524e-05
4.2698913460000005 3.2615104456154215e-05
4.271242578000001 3.146568152711341e-05
4.272593809 3.05197218259419e-05
4.273945041 2.8193518290698844e-05
4.275296271999999 2.8093737898253666e-05
4.276647503 2.9506809313041807e-05
4.277998735 3.08981106782152e-05
4.279349966 2.9897727273092703e-05
4.280701198 2.932796104141375e-05
4.282052429 2.9348588814817505e-05
4.283403661 2.9267473855737e-05
4.284754892 2.8255939114730082e-05
4.286106123 2.8682049192588633e-05
4.287457355 2.9026666471173872e-05
4.288808586 2.869984718388755e-05
4.290159818 2.7712979152050206e-05
4.2915110489999995 2.7738910925835086e-05
4.292862281 2.629533288073936e-05
4.294213512000001 2.436878056327572e-05
4.295564744 2.4205997766480226e-05
4.296915975 2.662697671234971e-05
4.298267206 2.789808240325477e-05
4.299618438 2.7470667531282623e-05
4.300969669 2.635234048213179e-05
4.302320901 2.7002008166385245e-05
4.303672132 2.671773168447084e-05
4.305023363999999 2.5757360694545308e-05
4.306374595 2.5175658951670724e-05
4.3077258259999995 2.5754331695038895e-05
4.309077058 2.500504862844898e-05
4.310428289000001 2.591321386858818e-05
4.311779521 2.848281705769732e-05
4.313130752 3.26867737217687e-05
4.314481984 3.162704867922592e-05
4.315833215 2.8896942079215246e-05
4.317184447 2.574143720841258e-05
4.318535678 2.4207193394814466e-05
4.319886909 2.2364884497383306e-05
4.321238141 2.1626292423131417e-05
4.322589372 2.135839810138503e-05
4.323940604000001 2.2218724393133615e-05
4.325291835 2.1328153966474115e-05
4.326643067 2.1260615883389596e-05
4.327994297999999 2.2149828893704526e-05
4.329345529999999 2.255900565721112e-05
4.3306967610000004 1.9545364349207207e-05
4.332047992 1.7764863719720875e-05
4.333399224 1.6801833538337993e-05
4.334750455 1.724873643607876e-05
4.336101687 1.816281008868483e-05
4.337452918 1.981465583487193e-05
4.33880415 2.1200737900359763e-05
4.340155381 1.936411490851658e-05
4.341506612 1.6422522465974397e-05
4.342857844 1.626020595159989e-05
4.344209075 1.8414421190949007e-05
4.3455603069999995 2.0800607205295156e-05
4.3469115380000005 2.2018045287127914e-05
4.34826277 2.3584238283891967e-05
4.349614001 2.4660237436328395e-05
4.350965233 2.35664196104845e-05
4.352316464 2.205637541595448e-05
4.353667695 2.1643507571158886e-05
4.355018927 2.1857874240275385e-05
4.356370158 2.0255432151925175e-05
4.35772139 1.8215832034122797e-05
4.359072621 1.7211727231521437e-05
4.360423853 1.7067771001365465e-05
4.361775084 1.5366877683877092e-05
4.363126315000001 1.4889936948811621e-05
4.364477547000001 1.3834303628763044e-05
4.365828778 1.2374358381339369e-05
4.36718001 1.0687207085833874e-05
4.3685312409999995 1.264789124239667e-05
4.369882473 1.3750316799015347e-05
4.371233704 1.4976087178226488e-05
4.372584936 1.3385852025338281e-05
4.373936167 1.1610780857239307e-05
4.375287398 1.04766894674307e-05
4.37663863 1.055060999191084e-05
4.377989861 1.1502053333803073e-05
4.379341093 1.3889381420653862e-05
4.380692324 1.5054174885658684e-05
4.382043555999999 1.2695192194035494e-05
4.383394787 1.1755624034106197e-05
4.3847460179999995 1.185001569455828e-05
4.38609725 1.3452265138365794e-05
4.387448481000001 1.4507488731853151e-05
4.388799713 1.545859908135989e-05
4.390150944 1.6457716386597757e-05
4.391502176 1.6387700473596926e-05
4.392853407 1.4035514470405947e-05
4.394204639 1.154719360816223e-05
4.39555587 9.871988920086527e-06
4.396907101 1.0649126046303534e-05
4.398258332999999 1.1584717127524623e-05
4.399609564 1.2771724947869998e-05
4.400960796000001 1.3932472432436387e-05
4.402312027 1.3806346930384567e-05
4.403663259 1.2449878609951035e-05
4.405014489999999 1.0010034188391251e-05
4.406365721999999 8.425549764640436e-06
4.407716953 9.045584832244018e-06
4.409068184 1.0227296390448397e-05
4.410419416 1.0994592948059701e-05
4.411770647 1.1434661544639984e-05
4.413121879 1.1553320697441384e-05
4.41447311 1.2359721432077871e-05
4.415824342 1.059673482291127e-05
4.417175573000001 9.664819517739993e-06
4.418526804 1.0435606255280997e-05
4.419878036 1.2570851021322453e-05
4.421229266999999 1.3003483886082154e-05
4.4225804989999995 1.3338437714247646e-05
4.4239317300000005 1.3245659559546765e-05
4.425282962 1.250216627872617e-05
4.426634193 1.0630907388225868e-05
4.427985425 9.059407331255811e-06
4.429336656 8.269172523028517e-06
4.430687887 7.809742095206675e-06
4.432039119 8.221976628510805e-06
4.43339035 9.038023124719496e-06
4.434741582 1.000372791429211e-05
4.436092813 1.0917822159555206e-05
4.437444045 1.1494270160264897e-05
4.438795276 1.2517802663267619e-05
4.440146507000001 1.3419034890837513e-05
4.441497739000001 1.3171246353301504e-05
4.44284897 1.2158978311134566e-05
4.444200202 1.1167836228792981e-05
4.445551432999999 1.0897117882534676e-05
4.446902665 1.1543992604126446e-05
4.448253896 1.1588387466805234e-05
4.449605128 9.793291060592761e-06
4.450956359 9.030312803036552e-06
4.45230759 8.76898000553371e-06
4.453658822 8.888742695563166e-06
4.455010053 9.286012366187347e-06
4.456361285 9.553049214340416e-06
4.457712516 9.434046663781568e-06
4.459063747999999 8.876807459407577e-06
4.460414979 9.203971206892557e-06
4.4617662110000005 1.061579984869608e-05
4.463117442 1.0593889269309676e-05
4.464468673000001 9.008076101089039e-06
4.465819905 7.227187634017346e-06
4.467171136 6.631169688860173e-06
4.468522368 6.536305263052962e-06
4.469873599 6.4795263602850955e-06
4.471224831000001 6.404699444224343e-06
4.472576062 7.498969053631939e-06
4.473927293 8.086625489875305e-06
4.475278524999999 7.922460540493655e-06
4.476629756 7.171779841962368e-06
4.4779809880000006 8.232300465529429e-06
4.479332219 9.437047323582283e-06
4.480683451 9.298971689271366e-06
4.482034682 9.15158841903166e-06
4.483385914 9.382609554996963e-06
4.484737145 1.0926794619766498e-05
4.486088376 1.1812800580105537e-05
4.487439608 1.313982666749353e-05
4.488790839 1.3405579689237518e-05
4.490142071 1.1113022216368497e-05
4.491493302 9.912996662907912e-06
4.492844534 9.802260734335081e-06
4.494195765000001 1.053829323048852e-05
4.495546996 1.1179335249966005e-05
4.496898228 1.1638614285069097e-05
4.498249458999999 9.748097983324026e-06
4.4996006909999995 8.83146329762236e-06
4.5009519220000005 7.998376904518153e-06
4.502303154 7.946020044668333e-06
4.503654385 6.5625666198661215e-06
4.505005617 6.364648868790438e-06
4.506356848 7.982533235890638e-06
4.507708079 1.0020783854266511e-05
4.509059311 1.1534222383930618e-05
4.510410542 1.2384967356131744e-05
4.511761774 1.3124898691127306e-05
4.513113005 1.2183154690774298e-05
4.514464237 1.0286491196356904e-05
4.5158154679999996 7.139783764547966e-06
4.517166699000001 6.7068829702718476e-06
4.518517931 8.627809275952157e-06
4.519869162 1.1545528943474722e-05
4.521220394 1.3054801966198016e-05
4.522571624999999 1.4026635039380465e-05
4.523922857 1.5201957625179169e-05
4.525274088 1.5235547732086275e-05
4.52662532 1.3913264976528709e-05
4.527976551 1.2639653476728457e-05
4.529327782 1.0932461503606618e-05
4.530679014 1.0554728368182306e-05
4.532030245 1.1026907153340477e-05
4.533381477 1.1724327369861047e-05
4.534732708 1.2343177205029467e-05
4.53608394 1.3167664248077069e-05
4.537435171 1.2621616480768225e-05
4.5387864030000005 1.284003507225555e-05
4.540137634 1.5718764641513214e-05
4.541488865 1.707608780722236e-05
4.542840097 1.5300129021037377e-05
4.544191328 1.2611144885149527e-05
4.5455425599999995 1.0658820335524223e-05
4.5468937910000005 9.193967118674625e-06
4.548245023000001 7.375791342234689e-06
4.549596254 5.972839059798673e-06
4.550947485 5.439467178608508e-06
4.552298716999999 5.3471673524663335e-06
4.553649948 5.184923620683165e-06
4.5550011800000005 4.090568788208227e-06
4.556352411 4.211446778242254e-06
4.557703643 5.321000238651735e-06
4.559054874 6.7677028550004475e-06
4.560406106 7.760494268006673e-06
4.561757337 7.4303272681219635e-06
4.563108568 7.690379474310782e-06
4.5644598 7.786431535516627e-06
4.565811031 7.524714649144199e-06
4.567162263 6.679459763914211e-06
4.568513493999999 6.994977816172631e-06
4.569864726 8.95505852283928e-06
4.571215957000001 8.575010205563355e-06
4.572567188 6.604259346307836e-06
4.57391842 4.939905605912261e-06
4.575269650999999 4.950342718517654e-06
4.5766208829999995 5.579620691213528e-06
4.5779721140000005 6.426760374264207e-06
4.579323346 6.780077923617375e-06
4.580674577 6.948414033106658e-06
4.582025809 8.09525964951467e-06
4.58337704 6.498847218277108e-06
4.584728271 5.935122177175737e-06
4.586079503 6.33762213224154e-06
4.587430734 6.415928196079341e-06
4.588781966 6.690809916643187e-06
4.590133197 5.863119556566317e-06
4.591484429 4.3911860387986165e-06
4.5928356599999995 4.717405816385122e-06
4.5941868910000005 5.0675377894943275e-06
4.595538123 4.000323851311643e-06
4.596889354 4.314591544177741e-06
4.598240586 6.0951461438325035e-06
4.599591817 4.931106948561642e-06
4.6009430490000005 3.6115091487561813e-06
4.60229428 2.5235937935818342e-06
4.603645512 1.660088236892589e-06
4.604996743 2.8473962564858242e-06
4.606347974 3.716122369142217e-06
4.607699206 2.831461773267935e-06
4.609050437 2.3135840994402367e-06
4.610401669 2.20834445427044e-06
4.611752900000001 1.816093503829231e-06
4.613104132 1.8208643119706039e-06
4.614455363 1.2995950643910854e-06
4.6158065950000005 1.2491414290791242e-06
4.617157826 2.3990325779217524e-06
4.618509057 4.079558254677445e-06
4.619860289 4.18102162492036e-06
4.62121152 2.4961777345178605e-06
4.622562751999999 3.018357090070486e-06
4.6239139830000004 3.2448839598769196e-06
4.625265215000001 3.0309150746186063e-06
4.626616446 2.547955795450598e-06
4.627967677 3.5895925301604544e-06
4.629318908999999 6.264191837107266e-06
4.63067014 7.183593982355679e-06
4.6320213720000005 7.173961547176165e-06
4.633372603 6.815591940888006e-06
4.634723835 7.1037543686211624e-06
4.636075066 6.567667162373234e-06
4.637426298 5.412979006830608e-06
4.638777529 4.6351735152905576e-06
4.64012876 4.836506263003229e-06
4.641479992 6.170178585167104e-06
4.642831223 5.065917239916313e-06
4.644182455 4.263044061013096e-06
4.645533685999999 4.998672329888256e-06
4.646884918 6.298166310663666e-06
4.648236149000001 6.968015657854846e-06
4.64958738 6.740021263404608e-06
4.650938612 6.888780551526124e-06
4.652289842999999 6.674754844502327e-06
4.6536410749999995 6.420884973718753e-06
4.6549923060000005 5.156402341487965e-06
4.656343538 5.674603769758529e-06
4.657694769 6.4308073714619845e-06
4.659046001 6.505162370110964e-06
4.660397232 6.436006136042582e-06
4.661748463 4.869719770909127e-06
4.663099695 4.28212938160745e-06
4.664450926000001 4.40978855467349e-06
4.665802158 4.4581313458231214e-06
4.667153389 4.8160322451415325e-06
4.668504621 4.610623163951339e-06
4.6698558519999995 5.074433384638867e-06
4.6712070830000005 5.8050305635080905e-06
4.672558315 6.4236074796707225e-06
4.673909546 5.935297615225238e-06
4.675260778 6.304347588850201e-06
4.676612009 6.97710727536315e-06
4.6779632410000005 7.07974554450616e-06
4.679314472 6.764251875202112e-06
4.680665704 5.536514250539315e-06
4.682016935 4.779910847804825e-06
4.683368166 5.4398625996519585e-06
4.684719398 5.365255069323188e-06
4.686070629 4.462499802085555e-06
4.687421861 4.067029699105624e-06
4.688773092 4.178832942207569e-06
4.690124324 3.952050506613124e-06
4.691475555 3.090619110013201e-06
4.6928267869999996 2.494771681091599e-06
4.694178018 2.0054525427635927e-06
4.695529249 1.9005623220244638e-06
4.696880481 3.2550877356594385e-06
4.698231712 3.570071060007959e-06
4.699582943999999 4.189498629847554e-06
4.700934175 4.276752775956275e-06
4.702285407000001 5.43469311289891e-06
4.703636638 5.896375200179405e-06
4.704987869 6.033640512253534e-06
4.706339100999999 6.436942048399348e-06
4.707690332 5.734052979700213e-06
4.7090415640000005 4.496056153359949e-06
4.710392795 9.85820635017306e-07
4.711744027 4.5538746786986554e-07
4.713095258 2.654393051409922e-07
4.71444649 3.5086832404461923e-07
4.7157977209999995 5.991280322470756e-07
4.717148952 7.518915528988513e-07
4.718500184000001 1.2420414079382668e-06
4.719851415 2.414230361061219e-06
4.721202647 2.490508307290483e-06
4.722553877999999 2.19375513610696e-06
4.72390511 2.474696496882943e-06
4.725256341000001 2.18933319793566e-06
4.726607572 1.6888975099469695e-06
4.727958804 1.3434931412388408e-06
4.729310035 1.136589277225298e-06
4.730661267 1.325218001922364e-06
4.7320124980000005 1.7387776229146758e-06
4.73336373 1.9483328326039935e-06
4.734714961 1.9649968655820838e-06
4.736066193 1.769657322970415e-06
4.737417424 1.9016007863873414e-06
4.738768654999999 2.205831449713269e-06
4.740119887 1.5599565822413552e-06
4.741471118000001 1.4939135523017466e-06
4.74282235 2.322224486726435e-06
4.744173581 3.4435369326131653e-06
4.745524813 4.7362744757558885e-06
4.7468760439999995 3.980883871840644e-06
4.748227276 3.206743062317801e-06
4.749578507 2.5161041030438256e-06
4.750929738 2.336938896174202e-06
4.75228097 2.661242250579363e-06
4.753632201 2.3952183663927335e-06
4.7549834330000005 1.6359463501221185e-06
4.756334664 2.0280158831399383e-06
4.757685896 2.117933733649152e-06
4.759037127 2.2741573394549928e-06
4.760388358 1.5692739057330639e-06
4.76173959 1.0834978536642325e-06
4.763090821 7.368956310924798e-07
4.764442053 4.4181479340446764e-07
4.765793284 5.908603571912093e-07
4.767144516 5.424706133190899e-07
4.768495747 2.5125262735891765e-08
4.7698469789999995 5.211126072382853e-09
4.77119821 1.5051946819458763e-08
4.772549441 1.0830506315527527e-07
4.773900673 1.054882082022073e-06
4.775251904 1.2639099799034866e-06
4.776603135999999 9.411662364778739e-07
4.777954367 3.3137604912794545e-07
4.779305599000001 2.6069264898921737e-08
4.78065683 4.7369299713309875e-09
4.782008061000001 4.733224816096654e-09
4.783359293 4.729532870124568e-09
4.784710524 4.725849835913613e-09
4.7860617560000005 4.722175964274997e-09
4.787412987 5.541943124710634e-09
4.788764219 1.2739543484096395e-07
4.79011545 7.123297389325293e-07
4.791466682 3.899672412439643e-07
4.7928179129999995 1.7827275193130463e-08
4.7941691440000005 4.700403220294177e-09
4.795520376000001 4.696813345357647e-09
4.796871607 4.693228059351553e-09
4.798222839 4.689648706914347e-09
4.799574069999999 6.173968569749708e-08
4.800925302 9.045566809352944e-07
4.802276533000001 1.5226944984814677e-06
4.803627764 1.090715139734522e-06
4.804978996 1.2140272546626154e-06
4.806330227 1.3728604231177644e-06
4.807681459 1.5731715511890119e-06
4.80903269 1.8452151335300786e-06
4.810383922 1.53258225938014e-06
4.811735153 8.361508288191698e-07
4.813086384999999 1.4514269524355064e-08
4.814437616 4.652171769046926e-09
4.815788846999999 4.648551762955509e-09
4.817140079 4.644928750989291e-09
4.818491310000001 5.160967347867759e-09
4.819842542 1.1691674845800048e-07
4.821193773 1.5342767327212394e-06
4.822545005 2.318746619542299e-06
4.8238962359999995 2.016615095652874e-06
4.825247468 1.4782554519437025e-06
4.826598699 8.044048668110397e-07
4.82794993 9.626217702842233e-08
4.829301162 5.598068211624032e-09
4.830652393 4.6091098766312316e-09
4.8320036250000005 4.605457008450306e-09
4.833354856 4.601793921465998e-09
4.834706088 4.598119905612084e-09
4.836057318999999 4.594434463115952e-09
4.83740855 4.590736925836783e-09
4.838759782 5.604168121324307e-09
4.840111013 1.0795434569856222e-07
4.841462245 8.96588879837258e-07
4.842813476 1.588967005057672e-06
4.844164708 2.037204753640674e-06
4.845515939 2.298702284667122e-06
4.8468671709999995 2.0550365859631504e-06
4.8482184020000005 1.293635558719195e-06
4.849569633 5.182757654646186e-07
4.850920865 2.8889628856809557e-08
4.852272096 4.7820076292682385e-09
4.853623327999999 2.813959138669148e-08
4.854974559 5.01908900826363e-08
4.856325791000001 5.746496033672235e-09
4.857677022 4.533911835695746e-09
4.859028253 4.629952652813564e-09
4.860379485 4.357759247852937e-08
4.861730716 1.319837040658694e-07
4.863081948 6.710020300823734e-09
4.864433179 4.514316820445412e-09
4.865784411 4.510326657531512e-09
4.867135642 3.439464945704973e-08
4.868486874 4.714744873377506e-07
4.8698381049999995 6.61893898937778e-07
4.8711893360000005 4.3611726108939176e-07
4.872540568000001 8.650254712136229e-07
4.873891799 6.410879556819901e-07
4.875243031 2.202270745594534e-07
4.876594261999999 8.98000184782076e-09
4.8779454939999995 4.47788774813979e-09
4.879296725000001 4.47179023119232e-09
4.880647956 4.46562422329942e-09
4.881999188 4.870652672278527e-09
4.883350419 7.333656562347162e-08
4.884701651 9.614330317537309e-07
4.8860528819999995 1.5726703927244774e-06
4.887404114 1.9399971773601697e-06
4.888755345 2.1136212821642006e-06
4.890106576999999 1.9983148083859878e-06
4.891457808 1.8961092460148826e-06
4.892809038999999 1.9441354304043584e-06
4.894160271 1.9239233684127477e-06
4.895511502000001 1.3220006616064059e-06
4.896862734 4.658860231987897e-08
4.898213965 4.383798929226429e-09
4.899565197 4.3773429323868625e-09
4.900916428 4.370859462910892e-09
4.902267660000001 4.36435007507783e-09
4.903618891 4.357819575175414e-09
4.904970122 4.3512686703409015e-09
4.906321354 4.344694939904442e-09
4.907672585 4.3381007393738836e-09
4.9090238170000005 4.331486195439841e-09
4.910375048 1.1970392574123054e-08
4.91172628 5.119348852159778e-07
4.913077511 9.641030816817163e-07
4.914428742 5.849984509428892e-07
4.915779974 1.2910983578111073e-08
4.917131205 4.291465954395959e-09
4.918482437 4.284726423558018e-09
4.919833668 4.277967788838223e-09
4.9211849 4.271150896530708e-09
4.922536131 4.2643088990681324e-09
4.9238873629999995 4.257448475177258e-09
4.9252385940000005 4.250568226309063e-09
4.926589825 4.243669220686198e-09
4.927941057 4.236752409977371e-09
4.929292288 4.229816138957202e-09
4.930643519999999 4.22285720104197e-09
4.931994751 4.215875728725979e-09
4.933345983000001 4.208875288954769e-09
4.934697214 4.201858212088277e-09
4.936048445 4.194824471169008e-09
4.937399677 4.187772867147276e-09
4.938750908 4.180705394189046e-09
4.94010214 4.173624138626652e-09
4.941453371 4.1686156237810065e-09
4.942804603 4.1640078918141315e-09
4.944155834 4.156900684028644e-09
4.945507066 1.0862988071652738e-08
4.9468582969999995 3.64836192138525e-07
4.9482095280000005 3.009553919860078e-08
4.949560760000001 4.128320828850156e-09
4.950911991 4.1211457287230265e-09
4.952263223 4.113958807443102e-09
4.953614453999999 4.106758355928607e-09
4.9549656859999995 4.09954496596747e-09
4.9563169170000005 4.092317724482548e-09
4.957668148 4.085077957839853e-09
4.95901938 4.077825955274364e-09
4.960370611 4.070559691034535e-09
4.961721843 5.234197641646665e-09
4.9630730739999995 3.6319515095720154e-08
4.964424306 1.8809270728496474e-07
4.965775537000001 4.471074671880658e-07
4.967126769 6.769354326008948e-07
4.968478 1.2223403878652865e-06
4.969829230999999 6.162610030481565e-07
4.971180463 4.979524654178025e-07
4.972531694000001 6.173261252343674e-07
4.973882926 9.497538080190868e-07
4.975234157 1.5805358520081734e-06
4.976585389 1.6078821601543287e-06
4.97793662 1.415706427248166e-06
4.979287852000001 1.0840601101928182e-06
4.980639083 8.831142712977182e-07
4.981990314 8.975491044661332e-07
4.983341545999999 1.1751760048843238e-06
4.984692777 1.1821312350868842e-06
4.986044009 1.3352396587858734e-06
4.98739524 1.652157339331707e-06
4.988746472 6.537683303985929e-07
4.990097703 3.407005540165609e-07
4.991448934 2.2521450314632202e-07
4.992800166 2.377098459594466e-07
4.9941513969999995 5.215883236393257e-07
4.995502629 5.275568965796697e-07
4.99685386 7.785692309034158e-07
4.998205092 2.5995314643467753e-07
4.999556323 5.671407473387155e-08
5.0009075549999995 1.09963031082152e-07
5.0022587860000005 4.2697489999791996e-07
5.003610017 5.731308507730052e-07
5.004961249 1.5652800771698987e-07
5.006312479999999 7.36054357562676e-09
5.007663711999999 3.81492365066666e-09
5.009014943 3.8121027719845716e-09
5.010366175 6.692022464410837e-09
5.011717406 2.58926793009131e-08
5.013068637 8.826210611370135e-08
5.014419869 2.624919678295122e-07
5.0157711 4.528931471391341e-07
5.017122332 6.303359816394103e-07
5.018473563 6.872235312816172e-07
5.019824795000001 7.243907919736889e-07
5.021176026 7.511387893222338e-07
5.022527258 5.185573560856821e-07
5.0238784889999994 6.657059811325365e-07
5.0252297200000005 2.1271703564775557e-08
5.026580952000001 3.7204931285337602e-09
5.027932183 3.713374083275229e-09
5.029283415 3.7062439241484066e-09
5.030634646 3.69910291947177e-09
5.031985878 3.6919510692404305e-09
5.033337109 3.6847875429857203e-09
5.034688341 3.6776128466552337e-09
5.036039572 3.764756044839728e-09
5.037390803 1.547652626064536e-08
5.038742035 1.306550011217001e-07
5.0400932659999995 3.375553338256737e-07
5.041444498 6.795283869590412e-07
5.042795729000001 1.0266630170805067e-06
5.044146961 9.880622787273892e-07
5.045498192 7.63527350460268e-07
5.046849422999999 3.841882554511437e-08
5.048200655 3.682556007844101e-09
5.049551886000001 3.597887606387943e-09
5.050903118 3.733345379807261e-09
5.052254349 6.437512250652934e-09
5.053605581 8.932619015721887e-09
5.054956812 4.186015043667755e-09
5.056308044000001 3.561105599874429e-09
5.057659275 3.55370512507013e-09
5.059010506 3.546289945923087e-09
5.060361737999999 3.538858304855436e-09
5.061712969 1.4771912850612035e-08
5.063064201 3.063723645519232e-07
5.064415432 4.3664159180097826e-07
5.065766664 2.831818350368824e-07
5.067117895 9.939334146247085e-09
5.068469126 3.49841481927074e-09
5.069820358 3.49196449222885e-09
5.0711715889999995 4.84131760858658e-09
5.072522821 2.6370294024100822e-08
5.073874052 1.1638075812252207e-08
5.075225284 3.671521659165518e-09
5.076576515 3.4593730228617604e-09
5.0779277469999995 3.456271522299735e-09
5.0792789780000005 3.4499236494905878e-09
5.080630209 3.4432805381962417e-09
5.081981441 3.436613952396854e-09
5.083332671999999 4.1331888418945675e-09
5.084683904 2.1662985918173893e-08
5.086035135 2.3472172835080887e-08
5.087386367 1.0081411144702716e-08
5.088737598 4.5412533321562014e-08
5.090088829 3.0890322217030715e-07
5.091440061 6.6901671621225e-07
5.092791292 1.064488868919227e-06
5.094142524 9.621483800737372e-07
5.095493755000001 5.884146072422707e-07
5.096844987000001 1.2881449250906749e-08
5.098196218 3.354600691223221e-09
5.09954745 3.3475911536556647e-09
