microns throughput
2.0004663860000003 1.1102774759505503e-10
2.002610509 8.751898742720774e-11
2.004754632 6.887814147926196e-11
2.006898754 5.3991219230365844e-11
2.009042877 4.2920065198543824e-11
2.011186999 3.3952746651232496e-11
2.013331122 2.6988731479402308e-11
2.015475245 2.170853010090371e-11
2.017619367 1.7244150217420458e-11
2.01976349 1.3804049903010922e-11
2.021907612 1.1454791934955742e-11
2.024051735 9.422241513261808e-12
2.026195858 7.872993759042986e-12
2.02833998 6.797927784602161e-12
2.030484103 6.028199491383177e-12
2.032628225 5.387098591871916e-12
2.034772348 4.803376282180622e-12
2.036916471 4.358557520514876e-12
2.039060593 3.847370821988571e-12
2.0412047159999998 3.558657736096959e-12
2.043348838 3.294979072978868e-12
2.045492961 2.966491895956249e-12
2.0476370839999998 2.710520140756381e-12
2.049781206 2.622256514562461e-12
2.0519253290000004 2.664185633564914e-12
2.0540694509999997 2.8196416743311425e-12
2.056213574 3.1223647703959535e-12
2.058357697 3.6122371169419356e-12
2.060501819 4.074369706091938e-12
2.062645942 4.352409835752497e-12
2.064790064 4.571713799409748e-12
2.0669341869999998 4.7041616013470626e-12
2.06907831 4.617476688361355e-12
2.071222432 4.572891086918729e-12
2.073366555 5.127758667022947e-12
2.075510677 5.859226742003193e-12
2.0776548 7.062428948930819e-12
2.079798923 8.914072297913114e-12
2.081943045 1.1105792336981787e-11
2.084087168 1.3459406387289035e-11
2.08623129 1.5478356434519997e-11
2.088375413 1.860169696872455e-11
2.090519536 2.2041909443263468e-11
2.0926636579999998 2.530546035036865e-11
2.094807781 3.046869850648334e-11
2.0969519030000003 3.699304545768701e-11
2.0990960260000002 4.408586863752682e-11
2.101240149 5.2886888383394166e-11
2.103384271 6.764916956215592e-11
2.105528394 8.83570453071032e-11
2.107672516 1.0987228261772857e-10
2.109816639 1.377659615592905e-10
2.1119607620000003 1.7152238986111138e-10
2.114104884 1.9612498074006562e-10
2.116249007 2.0310826360542763e-10
2.118393129 1.9559435266674394e-10
2.120537252 1.8207521909640094e-10
2.122681375 1.6480344395947925e-10
2.124825497 1.481645185455604e-10
2.1269696199999997 1.346858110694685e-10
2.129113742 1.2388922204479545e-10
2.1312578650000003 1.139221711038353e-10
2.133401988 1.097029319023398e-10
2.1355461100000004 1.1213417751825288e-10
2.137690233 1.1197146890433769e-10
2.139834355 1.0725682439097023e-10
2.141978478 1.0143327247543207e-10
2.144122601 9.693192963534437e-11
2.146266723 8.898509259556097e-11
2.1484108460000004 8.169393483097316e-11
2.150554968 8.129978479297024e-11
2.152699091 8.685154846867233e-11
2.154843214 9.443076734690806e-11
2.1569873360000003 1.0242083600172936e-10
2.159131459 1.1463668569815137e-10
2.161275581 1.298604887047351e-10
2.163419704 1.343810717520657e-10
2.165563827 1.2640163245979776e-10
2.167707949 1.1105586926253778e-10
2.1698520720000003 9.807937685346442e-11
2.1719961939999997 9.156240441672255e-11
2.174140317 8.835069423490977e-11
2.17628444 9.174256013135807e-11
2.178428562 9.790308646370333e-11
2.180572685 1.0462457153792525e-10
2.182716807 1.1478359766655743e-10
2.1848609299999997 1.335787912371393e-10
2.187005053 1.5229948240394438e-10
2.189149175 1.6159071096516203e-10
2.191293298 1.699923417930887e-10
2.1934374200000004 1.900019688703961e-10
2.195581543 2.1238188625050155e-10
2.1977256659999997 2.2432809208382938e-10
2.199869788 2.3249360903595723e-10
2.202013911 2.7502406272680455e-10
2.204158033 3.564964293238166e-10
2.206302156 4.5939886184579333e-10
2.208446279 5.873113065041209e-10
2.210590401 7.470405972878802e-10
2.212734524 9.478669228796776e-10
2.2148786460000003 1.1530384697775329e-09
2.217022769 1.4031841354662625e-09
2.219166892 1.750602057451807e-09
2.221311014 2.3016238487281165e-09
2.2234551369999997 2.9414556506181646e-09
2.225599259 3.5320883453946325e-09
2.2277433820000003 4.200621357363129e-09
2.229887505 4.741136420384322e-09
2.232031627 5.07943106761518e-09
2.23417575 5.2454245024125645e-09
2.236319872 5.586252749104299e-09
2.238463995 5.9252716900515326e-09
2.240608118 6.20181754507258e-09
2.2427522399999997 6.678697954489081e-09
2.2448963629999996 7.895931577818697e-09
2.247040485 1.0020132833892206e-08
2.249184608 1.250019812636952e-08
2.251328731 1.5557110843582678e-08
2.2534728530000003 1.9110416774088843e-08
2.2556169759999998 2.3250792186694966e-08
2.257761098 2.726776425218578e-08
2.259905221 3.112675530665258e-08
2.2620493440000002 3.4684554642007225e-08
2.264193466 3.9046229574576576e-08
2.2663375890000004 4.287537573740299e-08
2.2684817109999997 4.328732292400131e-08
2.270625834 4.27726171508326e-08
2.272769957 4.4562077684336725e-08
2.274914079 4.794390897237154e-08
2.277058202 4.946855900333765e-08
2.279202324 5.098232264602603e-08
2.2813464469999998 5.322806405274232e-08
2.28349057 5.615079516217975e-08
2.285634692 5.999046071154388e-08
2.2877788150000002 6.133373742150164e-08
2.2899229369999996 6.224212772628315e-08
2.29206706 6.580208575712658e-08
2.294211183 7.041990123392755e-08
2.296355305 7.267525023320047e-08
2.298499428 7.49722378511876e-08
2.3006435499999998 8.948780734362139e-08
2.3027876729999996 1.1216734354792711e-07
2.304931796 1.3898452837609619e-07
2.307075918 1.7216839856666448e-07
2.309220041 2.1838375052722287e-07
2.3113641630000004 2.8907389561004306e-07
2.3135082860000002 3.7564979441682115e-07
2.3156524089999997 4.775492746558232e-07
2.317796531 6.163742242632844e-07
2.319940654 8.087148766131715e-07
2.322084776 1.0608378018133309e-06
2.3242288990000004 1.2826197832527905e-06
2.3263730220000003 1.4632281908632551e-06
2.328517144 1.6590713537780134e-06
2.330661267 1.9464178860651644e-06
2.3328053890000002 2.1630665777222547e-06
2.334949512 2.2316528300234962e-06
2.337093635 2.3327872037375304e-06
2.339237757 2.3617586061441243e-06
2.3413818799999997 2.2966575591476796e-06
2.343526002 2.1050742445558193e-06
2.3456701250000003 1.9879393101625983e-06
2.347814248 1.9964342715959707e-06
2.34995837 2.2252433338502524e-06
2.352102493 2.5486727764921204e-06
2.354246615 2.765836617493575e-06
2.356390738 2.851876165345064e-06
2.358534861 2.97458795122666e-06
2.3606789829999997 3.0936845036230913e-06
2.362823106 2.9064574471354096e-06
2.364967228 2.5871512811537146e-06
2.367111351 2.418626441832738e-06
2.369255474 2.414980575007356e-06
2.3713995960000003 2.3159037506238613e-06
2.3735437189999997 2.2120525428809655e-06
2.375687841 2.308019090036316e-06
2.377831964 2.5688740912405457e-06
2.379976087 2.9728424427147215e-06
2.382120209 3.456364764021378e-06
2.3842643320000003 3.7688224788871237e-06
2.3864084539999997 3.8662559488297895e-06
2.388552577 3.852557678206371e-06
2.3906967 4.007927551174667e-06
2.392840822 4.194693445854512e-06
2.394984945 4.1779072632850054e-06
2.397129067 4.323292492980183e-06
2.3992731899999997 4.651820303839401e-06
2.401417313 4.81605257277228e-06
2.403561435 4.686824278903051e-06
2.405705558 4.4746499597044536e-06
2.40784968 4.3994218475016755e-06
2.409993803 4.330516831801443e-06
2.4121379259999998 4.1570278623451674e-06
2.414282048 3.975495912972261e-06
2.416426171 3.732595386522435e-06
2.418570293 3.436542898805422e-06
2.4207144159999996 3.3685269656377924e-06
2.422858539 3.391601451717191e-06
2.425002661 3.228427277752903e-06
2.427146784 2.987684489079757e-06
2.4292909060000003 3.134622257328771e-06
2.431435029 3.764695687879362e-06
2.4335791519999996 4.148512391620389e-06
2.435723274 4.293657859573831e-06
2.4378673969999998 4.371054885949901e-06
2.440011519 4.370312258804071e-06
2.4421556420000003 4.2273305687817675e-06
2.4442997650000002 3.82395474878693e-06
2.446443887 3.5491536725797215e-06
2.44858801 3.397990328289636e-06
2.450732132 3.3359437750870773e-06
2.452876255 3.6232887257449085e-06
2.455020378 4.118792337104367e-06
2.4571644999999998 4.572696838823719e-06
2.459308623 4.883553460628232e-06
2.461452745 5.336176357083474e-06
2.463596868 5.922053870260612e-06
2.465740991 5.905581699158292e-06
2.467885113 5.533762348159784e-06
2.470029236 5.156017240844729e-06
2.472173358 4.9718321909737724e-06
2.474317481 4.759582474057586e-06
2.4764616040000003 4.3608577993643774e-06
2.4786057259999996 4.187960106884151e-06
2.480749849 4.057940665668268e-06
2.4828939709999998 3.910122736910912e-06
2.485038094 3.767301106744984e-06
2.487182217 3.7043780063607493e-06
2.489326339 3.4610116783947836e-06
2.491470462 3.0335263739968143e-06
2.493614584 2.6543673262447864e-06
2.495758707 2.4406320635251383e-06
2.49790283 3.3939533335876258e-06
2.500046952 4.2290520366609194e-06
2.5021910750000003 5.563621083936509e-06
2.5038318559999997 7.292156878406209e-06
2.505183087 8.69836162343371e-06
2.506534319 9.932245495388447e-06
2.50788555 1.0741556686933246e-05
2.509236782 1.1937136923500388e-05
2.510588013 1.1975865580464405e-05
2.511939244 1.1934931787778652e-05
2.5132904760000003 1.208691504628181e-05
2.514641707 1.2174666279459084e-05
2.515992939 1.2093776910165528e-05
2.51734417 1.1910320484960716e-05
2.5186954019999996 1.2447931292467203e-05
2.5200466329999998 1.262270132771824e-05
2.521397865 1.2526430068601286e-05
2.522749096 1.236276964955697e-05
2.524100327 1.2632947522043877e-05
2.525451559 1.2239686835090134e-05
2.52680279 1.1956301713982852e-05
2.5281540220000003 1.2384258852826411e-05
2.529505253 1.262864827834086e-05
2.5308564849999997 1.2535510874105912e-05
2.532207716 1.2849211364856426e-05
2.533558948 1.3559058806863693e-05
2.534910179 1.3370006930142164e-05
2.5362614100000003 1.3260666393810937e-05
2.537612642 1.3645598612859582e-05
2.538963873 1.3859473872856225e-05
2.5403151050000004 1.4121701215278762e-05
2.5416663359999996 1.4416512236127052e-05
2.5430175680000002 1.4754839987091226e-05
2.544368799 1.4884879665149667e-05
2.54572003 1.5125453614475245e-05
2.547071262 1.58790032626216e-05
2.548422493 1.6402433988881775e-05
2.549773725 1.6217369449742626e-05
2.551124956 1.6210088266304814e-05
2.552476188 1.6597736929374542e-05
2.553827419 1.6401244246892962e-05
2.5551786510000003 1.6026392896956484e-05
2.556529882 1.573166876622471e-05
2.557881113 1.4884577030104795e-05
2.559232345 1.465459145383025e-05
2.560583576 1.4655815711740407e-05
2.561934808 1.421407774434098e-05
2.5632860390000003 1.3722272524451878e-05
2.564637271 1.342346997547625e-05
2.565988502 1.3561874071671181e-05
2.567339733 1.3988615373790369e-05
2.5686909649999996 1.450933141315641e-05
2.5700421959999997 1.4419526624994904e-05
2.571393428 1.4729063911596036e-05
2.572744659 1.526710514207501e-05
2.574095891 1.5538046515543552e-05
2.575447122 1.6118768018845668e-05
2.576798354 1.5885427658771407e-05
2.5781495850000002 1.558933679864211e-05
2.5795008160000004 1.593059822957239e-05
2.580852048 1.6322729470326863e-05
2.582203279 1.6494822681508442e-05
2.583554511 1.638163932853502e-05
2.584905742 1.6354420077029964e-05
2.586256974 1.575131574841625e-05
2.587608205 1.556078036120827e-05
2.588959437 1.534935818805183e-05
2.590310668 1.4692258467217946e-05
2.591661899 1.4232594814701517e-05
2.593013131 1.3379576497705822e-05
2.594364362 1.2113813441299735e-05
2.5957155939999996 1.0640100745396707e-05
2.5970668249999997 1.0158026453416562e-05
2.598418057 9.754432204952798e-06
2.599769288 8.97922892771475e-06
2.601120519 8.282093332626207e-06
2.602471751 7.32995723231391e-06
2.603822982 7.0113659384689355e-06
2.6051742140000003 6.918587597434895e-06
2.6065254450000004 7.168507406594297e-06
2.607876677 6.858404638960231e-06
2.609227908 6.384261595704905e-06
2.61057914 6.55410028683351e-06
2.611930371 6.436752945425035e-06
2.613281602 6.050391812616963e-06
2.614632834 5.571172853826112e-06
2.615984065 5.519599356188646e-06
2.617335297 5.279508002528543e-06
2.618686528 5.7548958967996754e-06
2.62003776 6.244773649064403e-06
2.621388991 6.092303001978211e-06
2.622740222 6.139346910248472e-06
2.6240914539999998 6.833779816204396e-06
2.625442685 7.26854234368328e-06
2.626793917 7.372196413177241e-06
2.628145148 7.726609759346263e-06
2.62949638 7.616962535739262e-06
2.630847611 7.398640260248714e-06
2.6321988430000003 7.285628951361323e-06
2.6335500740000004 7.089058031710589e-06
2.634901305 6.716969842235655e-06
2.636252537 6.5131043615797276e-06
2.637603768 6.476756899683394e-06
2.6389549999999997 6.379296162137613e-06
2.640306231 6.034499852664166e-06
2.641657463 5.793402940140163e-06
2.643008694 5.628770877921176e-06
2.6443599250000003 5.522555103870793e-06
2.645711157 5.446474226853204e-06
2.6470623879999997 5.34105017028257e-06
2.64841362 5.162325338354485e-06
2.649764851 5.085924011867382e-06
2.651116083 4.993400752052294e-06
2.652467314 4.804517769481139e-06
2.653818546 4.678293589972451e-06
2.6551697770000002 4.572864941289491e-06
2.6565210080000004 4.030261587154395e-06
2.65787224 3.80816845288823e-06
2.659223471 4.295310766478364e-06
2.6605747030000004 4.40577062354361e-06
2.6619259339999997 4.464708076653052e-06
2.663277166 4.835136434018978e-06
2.664628397 5.169509015439562e-06
2.6659796289999997 5.377320911487628e-06
2.66733086 5.953178320372226e-06
2.668682091 6.245247652391914e-06
2.670033323 5.473648899787178e-06
2.6713845540000003 4.960901350240761e-06
2.672735786 4.918964518118748e-06
2.6740870169999997 4.4579569485542234e-06
2.675438249 3.8447455679717785e-06
2.67678948 3.3182681042438675e-06
2.678140711 2.9676781346364293e-06
2.679491943 2.3882807408565478e-06
2.680843174 2.1773161634006828e-06
2.6821944060000003 2.0667174326115664e-06
2.6835456370000004 1.6559687882274745e-06
2.684896869 1.575459764541207e-06
2.6862481 1.7177533993611322e-06
2.6875993319999996 1.8903875123886777e-06
2.6889505629999997 1.7587158697559588e-06
2.690301794 1.6135450148042731e-06
2.691653026 1.5417973480264892e-06
2.693004257 1.7239245506640192e-06
2.694355489 1.5890100545596698e-06
2.69570672 1.3258605159694757e-06
2.697057952 1.2721103693293824e-06
2.6984091830000003 1.1204027978829162e-06
2.699760414 1.0729758858953102e-06
2.7011116459999998 1.310925319684728e-06
2.702462877 1.3008204499956972e-06
2.703814109 9.850917019740385e-07
2.70516534 9.383247008623879e-07
2.706516572 9.291003108573925e-07
2.707867803 7.014821162804573e-07
2.7092190350000003 5.922583886890957e-07
2.7105702660000004 4.369951704939119e-07
2.7119214969999996 2.123114664447739e-07
2.713272729 2.1230317754762488e-07
2.71462396 2.1051340281486642e-07
2.7159751919999997 4.962054427314752e-07
2.717326423 4.920591707507265e-07
2.718677655 5.475091392597103e-07
2.720028886 5.470302721493708e-07
2.7213801170000003 5.627400900962746e-07
2.722731349 5.639152100646152e-07
2.7240825799999997 5.634530156987684e-07
2.7254338120000003 4.771221372517288e-07
2.726785043 1.254718792266484e-07
2.7281362749999998 1.2523819818374985e-07
2.729487506 7.249960154169942e-08
2.730838738 1.4923984966385555e-07
2.732189969 3.1127614540854703e-07
2.7335412000000003 2.9960799707021983e-07
2.734892432 3.071822651504059e-07
2.736243663 3.072699642086318e-07
2.737594895 3.4508423896313727e-07
2.7389461259999996 4.602415766476088e-07
2.740297358 4.5726601769478335e-07
2.741648589 5.166621266549921e-07
2.7429998209999997 3.4019883408722385e-07
2.744351052 3.382083327448009e-07
2.745702283 3.30551697905964e-07
2.747053515 4.309019021910504e-07
2.7484047460000003 4.2985497386923775e-07
2.749755978 5.737136293848134e-07
2.7511072089999997 7.978252079828724e-07
2.7524584410000004 7.278362909956873e-07
2.753809672 7.251080414244168e-07
2.755160903 7.97285061071048e-07
2.756512135 9.434290592876518e-07
2.757863366 9.445610251232315e-07
2.7592145980000002 1.0271978228684436e-06
2.760565829 8.053283641937458e-07
2.761917061 7.953952019942695e-07
2.7632682920000002 1.152693815485602e-06
2.764619524 1.3533995544971659e-06
2.7659707549999997 1.4445826396456883e-06
2.767321986 1.5740776316798263e-06
2.768673218 1.713884807495594e-06
2.770024449 1.8404759441841494e-06
2.771375681 1.8042102589137492e-06
2.772726912 1.5975859481644496e-06
2.774078144 1.2688355334464055e-06
2.7754293750000003 1.2770645115236946e-06
2.776780606 1.4176850396640876e-06
2.7781318379999997 1.3079411341460295e-06
2.779483069 1.3608790765289849e-06
2.780834301 1.2909212363517956e-06
2.782185532 1.4587631217645955e-06
2.783536764 1.8550108133961804e-06
2.784887995 2.0907571536227186e-06
2.786239227 2.0592772625362504e-06
2.787590458 2.040196088751056e-06
2.788941689 2.1074676005899025e-06
2.7902929210000003 2.1129100318540335e-06
2.791644152 2.3615129038623296e-06
2.7929953839999997 2.6140297160603597e-06
2.794346615 2.5998569165016776e-06
2.795697847 2.728654475494457e-06
2.797049078 2.9627205741754988e-06
2.7984003090000003 3.263463098420716e-06
2.799751541 3.5088394405071064e-06
2.801102772 3.448878742069941e-06
2.8024540040000003 3.1647919952288565e-06
2.803805235 2.956526977015537e-06
2.8051564669999998 2.884460305068261e-06
2.806507698 2.6889954539344894e-06
2.80785893 2.650480033035987e-06
2.8092101609999998 2.31906830314924e-06
2.810561392 2.21720842312966e-06
2.811912624 2.394156869278545e-06
2.813263855 2.5898255682746836e-06
2.814615087 2.8070092496151233e-06
2.8159663179999996 2.7714539087712397e-06
2.8173175500000003 2.684014839224299e-06
2.818668781 2.5547447870941996e-06
2.8200200129999997 2.839826583613344e-06
2.821371244 2.879694231358731e-06
2.822722475 2.9415627611879984e-06
2.824073707 2.8724886880670614e-06
2.8254249380000003 2.9151896779235782e-06
2.82677617 3.2083153280835094e-06
2.828127401 3.3570461177058356e-06
2.8294786330000004 3.5136115375449797e-06
2.830829864 3.378127979350393e-06
2.8321810949999997 3.220128735664574e-06
2.833532327 3.0144792301723678e-06
2.834883558 2.930997827938914e-06
2.83623479 2.6213181983526164e-06
2.837586021 2.497942755293465e-06
2.838937253 2.55649133462874e-06
2.8402884840000002 2.660133347027967e-06
2.841639716 2.7302195858851028e-06
2.8429909469999997 3.053836903572672e-06
2.8443421779999998 3.306487367420219e-06
2.84569341 3.5737496577873533e-06
2.847044641 3.831044254165098e-06
2.848395873 3.399885668967215e-06
2.849747104 3.246615666260604e-06
2.851098336 3.399234951922993e-06
2.8524495670000003 3.4944984509081856e-06
2.8538007980000004 3.118761728852675e-06
2.85515203 2.7951387506037514e-06
2.856503261 2.687595352628248e-06
2.8578544929999996 2.5277504179314705e-06
2.8592057239999997 2.6784423024357925e-06
2.860556956 2.8099867320772104e-06
2.861908187 2.4531491405058386e-06
2.863259419 1.9742423009863485e-06
2.86461065 1.8599581262600198e-06
2.865961881 2.1540650365475327e-06
2.8673131130000002 2.09727323202019e-06
2.868664344 1.9853576194333723e-06
2.8700155759999997 2.054777986615488e-06
2.871366807 1.8519254658189963e-06
2.872718039 1.682195488398646e-06
2.87406927 1.876107377575185e-06
2.8754205010000002 1.8809871817417417e-06
2.876771733 1.5898217938800553e-06
2.878122964 1.4811353600056737e-06
2.8794741960000003 1.6634966418283216e-06
2.8808254270000004 1.7974135813161823e-06
2.882176659 1.920567866862072e-06
2.88352789 2.0620749164781253e-06
2.8848791219999996 2.1844650977496664e-06
2.8862303529999997 2.5318208419917347e-06
2.887581584 2.7215483515401934e-06
2.888932816 2.7130679817940283e-06
2.890284047 2.8637324229634816e-06
2.891635279 2.847908331079571e-06
2.89298651 2.7814491715970353e-06
2.8943377420000003 2.608500242587119e-06
2.895688973 2.5020609032203064e-06
2.8970402049999997 2.5341057773383517e-06
2.898391436 2.578989710416163e-06
2.899742667 3.401411071648323e-06
2.901093899 3.828559991739336e-06
2.9024451300000003 3.9357657504520404e-06
2.903796362 4.350723418624092e-06
2.905147593 4.894053812411579e-06
2.9064988250000003 5.323649537236537e-06
2.907850056 5.4493345119063464e-06
2.9092012869999997 5.522285211994095e-06
2.910552519 5.188325999314796e-06
2.91190375 5.149808342939112e-06
2.9132549819999998 5.860112631186241e-06
2.914606213 6.416276408688925e-06
2.915957445 6.865967922743584e-06
2.917308676 7.17638924067163e-06
2.918659908 7.690740792836573e-06
2.920011139 8.10448502394455e-06
2.9213623699999998 8.405693209923357e-06
2.922713602 8.68921753280132e-06
2.924064833 8.636691978839102e-06
2.925416065 8.795733057120183e-06
2.926767296 9.082026727590278e-06
2.928118528 9.438532696375189e-06
2.9294697590000003 9.574823741976125e-06
2.93082099 1.0006090205501389e-05
2.932172222 1.0393469162119836e-05
2.933523453 1.0612092830310417e-05
2.934874685 1.0501910617431297e-05
2.9362259159999997 1.0293976716018873e-05
2.937577148 1.0278046229416957e-05
2.938928379 1.0147978755783726e-05
2.940279611 1.0399638840436414e-05
2.941630842 1.0710637177212137e-05
2.942982073 1.081480829523402e-05
2.9443333050000002 1.093041259858154e-05
2.9456845360000004 1.1313700417923788e-05
2.947035768 1.1592971115742729e-05
2.948386999 1.1825370423133704e-05
2.949738231 1.2782597542500439e-05
2.951089462 1.3594011692460936e-05
2.952440694 1.4297163300509724e-05
2.953791925 1.4963318695090082e-05
2.955143156 1.5725061175447665e-05
2.956494388 1.6624994614846137e-05
2.957845619 1.746561466255619e-05
2.959196851 1.8663508744612217e-05
2.960548082 1.9508146763565632e-05
2.9618993139999996 2.067763999853937e-05
2.9632505449999997 2.2004180600290214e-05
2.964601776 2.3701544863125256e-05
2.965953008 2.5398189208235417e-05
2.967304239 2.769337603352089e-05
2.968655471 3.0164857937548503e-05
2.970006702 3.21514702599343e-05
2.9713579340000003 3.459592376804601e-05
2.9727091650000004 3.693344642938387e-05
2.974060397 3.913981617633124e-05
2.975411628 4.155002898716268e-05
2.976762859 4.4153724794820274e-05
2.978114091 4.658417399753128e-05
2.979465322 4.970765486114116e-05
2.980816554 5.330993472364544e-05
2.982167785 5.65244343544992e-05
2.983519017 6.021247345666114e-05
2.984870248 6.497306486274704e-05
2.9862214789999997 7.005114452488949e-05
2.987572711 7.547833726471688e-05
2.988923942 8.147002789952102e-05
2.9902751739999998 8.724804888336372e-05
2.991626405 9.345779525279566e-05
2.992977637 0.00010055167887260118
2.994328868 0.00010812521626941337
2.9956801 0.00011561805405587778
2.997031331 0.00012324587443291084
2.9983825619999998 0.0001319488183261055
2.9997337940000004 0.00014122372999528904
3.001085025 0.00015134081870418832
3.002436257 0.0001621014523644065
3.003787488 0.0001730299999608224
3.0051387199999997 0.00018446944603123372
3.006489951 0.0001972625729311301
3.007841182 0.00021129710629374203
3.009192414 0.0002258642848647597
3.0105436450000003 0.0002411444580893433
3.011894877 0.00025754845341154206
3.0132461079999997 0.0002750962538200505
3.01459734 0.0002939220232600677
3.015948571 0.00031443003974740115
3.017299803 0.0003356022257680883
3.018651034 0.00035805380582678605
3.020002265 0.00038185035549159356
3.021353497 0.00040721809525270393
3.0227047280000003 0.00043385446251234224
3.02405596 0.00046229738020527305
3.0254071909999998 0.0004927232752772009
3.0267584230000004 0.0005245041876876843
3.0281096539999997 0.0005586894464338609
3.029460886 0.0005959541166729228
3.030812117 0.0006359923459402202
3.032163348 0.0006788762953356722
3.03351458 0.0007250877950558192
3.034865811 0.0007744750396460751
3.036217043 0.0008274670168969759
3.0375682740000003 0.0008854309907863542
3.038919506 0.000947131488320612
3.0402707369999997 0.0010135006137225028
3.041621968 0.0010858591240007491
3.0429732 0.0011638893004288415
3.044324431 0.0012486748626689475
3.045675663 0.001340312016370181
3.047026894 0.0014396692512171603
3.0483781260000002 0.0015476593414602332
3.0497293570000004 0.0016652368848342977
3.051080589 0.0017905584891022724
3.05243182 0.00192658948524818
3.053783051 0.002074410909351987
3.0551342829999997 0.002235035611097074
3.056485514 0.0024099116672466952
3.057836746 0.0026000810963362313
3.059187977 0.002807110974432862
3.060539209 0.003033980966872459
3.06189044 0.00328360037536002
3.063241671 0.0035559588983433326
3.0645929030000003 0.003853247819542512
3.065944134 0.004182000533365606
3.0672953659999997 0.004536690782315894
3.068646597 0.004927831391604428
3.069997829 0.005353929169838277
3.07134906 0.005813812463497624
3.072700292 0.006317089239016576
3.074051523 0.006867350955865027
3.075402754 0.007469336059622243
3.0767539860000004 0.00812755827932323
3.0781052169999996 0.008847919624843933
3.079456449 0.009635894493739068
3.08080768 0.010504237134735486
3.0821589119999997 0.01145887396037788
3.083510143 0.01250374689085629
3.084861374 0.013647097432869328
3.086212606 0.01489799538232986
3.0875638370000003 0.016265516064076935
3.088915069 0.017759160229129586
3.0902662999999997 0.01939134008533345
3.0916175320000003 0.02117863784635768
3.092968763 0.023128692639002836
3.0943199949999998 0.025284112958451246
3.095671226 0.027601042546469317
3.097022457 0.03012131128425273
3.098373689 0.032861566366833836
3.0997249200000003 0.03583671396670242
3.101076152 0.03904551198483873
3.102427383 0.04251285854507329
3.103778615 0.04625856351057639
3.1051298459999996 0.05029926318733402
3.106481078 0.05464969835355736
3.107832309 0.05932522183734852
3.10918354 0.06433813775251576
3.110534772 0.06971171215256132
3.111886003 0.07546535258045294
3.113237235 0.08159389140045827
3.1145884660000003 0.08810452617412289
3.115939698 0.0949966861779641
3.1172909289999997 0.10227348757182
3.11864216 0.10992452049256343
3.119993392 0.11794518321676725
3.121344623 0.1265724790377867
3.122695855 0.13540935617806604
3.124047086 0.14457151913040317
3.1253983180000002 0.15402824083482147
3.126749549 0.16375221325424416
3.128100781 0.17369890634707075
3.1294520120000002 0.18383775243194658
3.130803243 0.194074604604137
3.1321544749999997 0.20437513474479502
3.133505706 0.2147165670947113
3.134856938 0.22504436548307702
3.136208169 0.23531564556921597
3.137559401 0.24545967216148157
3.138910632 0.25543815667861
3.140261863 0.2652039580953923
3.1416130950000003 0.2747779688398653
3.142964326 0.28403455784883996
3.1443155579999997 0.2929197958517671
3.145666789 0.30140242603567213
3.147018021 0.3094411663381893
3.148369252 0.31738025100780615
3.149720484 0.32446879600187695
3.151071715 0.3310480800070233
3.152422946 0.33712079103668136
3.153774178 0.3426822640637037
3.155125409 0.347755630599494
3.1564766410000002 0.3523498811475978
3.157827872 0.35649323844045244
3.1591791039999997 0.3602120356669215
3.160530335 0.3635086785203693
3.161881566 0.36641064349799757
3.163232798 0.3689780136720262
3.1645840290000002 0.37125445688979997
3.165935261 0.3732672964905388
3.167286492 0.37505138620602624
3.1686377240000003 0.37663565509764974
3.169988955 0.3780457553273384
3.1713401869999998 0.37954818637895993
3.172691418 0.3812462798372502
3.174042649 0.38267033983561083
3.1753938809999998 0.38387401050704867
3.176745112 0.3850089393657221
3.178096344 0.38609330282131576
3.179447575 0.3871365331942524
3.180798807 0.38807686511851786
3.182150038 0.3889401318599691
3.1835012700000003 0.38978648553370704
3.184852501 0.3906183427083315
3.186203732 0.39144368952000475
3.187554964 0.39226522832478905
3.188906195 0.3930809252026375
3.190257427 0.39389132376934644
3.1916086580000003 0.39470596620082216
3.19295989 0.39552235050918827
3.194311121 0.3963384289622193
3.195662352 0.39715413838156305
3.197013584 0.39797212064342946
3.1983648149999997 0.3992486751067351
3.199716047 0.40005724328990167
3.201067278 0.4008258410618406
3.2024185099999998 0.4015765864767115
3.203769741 0.40232399641274685
3.205120973 0.40306396653902815
3.206472204 0.4038007935433816
3.207823435 0.40452761343239574
3.209174667 0.4052493092347236
3.2105258979999998 0.4059596501408085
3.21187713 0.4066628477426084
3.213228361 0.4069036561946402
3.214579593 0.40759802682554647
3.215930824 0.4082874530980058
3.217282055 0.4089771958547181
3.2186332870000003 0.40967093670102683
3.2199845180000004 0.4103657772683608
3.22133575 0.4113413134937619
3.222686981 0.41247468927808517
3.2240382129999996 0.4132878792914728
3.2253894439999997 0.4141018382030861
3.226740676 0.41492249215460614
3.228091907 0.41574069194929947
3.229443138 0.4165613657948668
3.23079437 0.41724433760540325
3.232145601 0.4178377751710593
3.2334968330000002 0.4184343085213504
3.234848064 0.41903660964588385
3.2361992959999997 0.4196393207810944
3.237550527 0.42024635178829084
3.238901759 0.42085942470927595
3.24025299 0.4214641524189424
3.2416042210000002 0.4220233898976589
3.242955453 0.422581886324966
3.244306684 0.42329677442581226
3.2456579160000003 0.4242007744749601
3.2470091470000004 0.4247589830426286
3.248360379 0.4253095154870735
3.24971161 0.4258612344536432
3.251062841 0.4265024993921618
3.2524140729999997 0.4271669963762194
3.253765304 0.4278278837544208
3.255116536 0.42848944882391005
3.256467767 0.4291530696037935
3.257818999 0.42981611085936755
3.25917023 0.43048151976864824
3.2605214620000003 0.43111275489330575
3.261872693 0.4316974365706958
3.263223924 0.43227581983946
3.264575156 0.4328563611566988
3.265926387 0.43343040679422795
3.267277619 0.4341488285947099
3.2686288500000003 0.43509318969688837
3.269980082 0.43566603762883144
3.271331313 0.43612305099142923
3.272682544 0.43658221473354525
3.274033776 0.43704657637529787
3.2753850069999997 0.43751098581896636
3.276736239 0.43798048755055674
3.27808747 0.4384478079605245
3.2794387019999998 0.4389242987177706
3.280789933 0.4394053802191998
3.282141165 0.4398969903804693
3.283492396 0.4403921052910498
3.2848436270000003 0.44089296197520067
3.286194859 0.4414012489565215
3.2875460899999998 0.4419179202489041
3.288897322 0.4424478535374673
3.290248553 0.44350780412245816
3.291599785 0.44406006037936857
3.292951016 0.4446179832605051
3.294302247 0.44519238357282476
3.2956534790000003 0.4457744737167908
3.29700471 0.446366345377614
3.298355942 0.44696606104654246
3.299707173 0.44757288350260194
3.301058405 0.44808410304553364
3.3024096359999997 0.44857165252926084
3.303760868 0.4490701221520215
3.305112099 0.449571781105953
3.30646333 0.45008675904788475
3.307814562 0.4506092844016867
3.309165793 0.4511449480444637
3.3105170250000002 0.4516643637879344
3.3118682560000003 0.4526143853873217
3.313219488 0.4531831227380612
3.3145707189999998 0.45368495560759914
3.315921951 0.45419273284351686
3.317273182 0.4546977055195549
3.318624413 0.45520494225637814
3.319975645 0.455707744593304
3.321326876 0.4561661057243438
3.322678108 0.45662111273280703
3.324029339 0.4570720069150015
3.325380571 0.45752185207369145
3.326731802 0.45796491138003415
3.328083033 0.4584086557147268
3.3294342649999997 0.4588474928735051
3.330785496 0.458947982259548
3.332136728 0.45879684293759615
3.333487959 0.4586400465950717
3.334839191 0.45892989794605976
3.336190422 0.4588473978819301
3.3375416540000002 0.4586764503759001
3.3388928850000004 0.458495256109674
3.340244116 0.4580909219912096
3.341595348 0.4566785720280493
3.342946579 0.45526043117474824
3.344297811 0.45383425689925394
3.345649042 0.4523993634343975
3.347000274 0.450957289002895
3.348351505 0.4495038072747529
3.3497027360000002 0.44804923574332145
3.351053968 0.4449845502999835
3.3524051989999997 0.4414614069311895
3.353756431 0.43792744499294317
3.355107662 0.4343845599781485
3.3564588939999997 0.4308354048433982
3.357810125 0.4272784698967951
3.359161357 0.4237171808795701
3.360512588 0.4216867933464328
3.3618638190000003 0.4221804598132016
3.363215051 0.4226709943186328
3.3645662819999997 0.4231613333475129
3.3659175140000004 0.42365278253388217
3.367268745 0.4241414684732707
3.368619977 0.4246325614688105
3.369971208 0.4251225705697117
3.371322439 0.42911324540099904
3.372673671 0.4335123676627117
3.374024902 0.43826586346341734
3.375376134 0.4423565420306587
3.3767273650000003 0.44645031802949076
3.378078597 0.45055381214439993
3.3794298279999997 0.4546610470993265
3.38078106 0.4571534111631921
3.382132291 0.45846201780930285
3.383483522 0.4597738433727303
3.384834754 0.4610888703291386
3.386185985 0.46240325861112025
3.387537217 0.4637225828099011
3.3888884480000003 0.46503757026673953
3.39023968 0.4660831403298319
3.3915909109999998 0.46587991464566264
3.3929421430000004 0.46566882620130085
3.3942933739999996 0.46545042630199307
3.3956446049999998 0.4652205820666881
3.396995837 0.4649855830508838
3.398347068 0.4647377715211545
3.3996983 0.464482828058146
3.401049531 0.4641717621013248
3.402400763 0.4638379897507195
3.4037519940000003 0.4634997233579366
3.405103225 0.4631530539126236
3.4064544569999997 0.46280367120801735
3.407805688 0.46244554569781504
3.40915692 0.46216622704496274
3.410508151 0.4623256604697527
3.411859383 0.46214033324363446
3.413210614 0.46195054019856524
3.4145618460000002 0.4617511681403096
3.4159130770000004 0.4620214031512213
3.4172643079999996 0.4618565639902567
3.41861554 0.46164060559670056
3.419966771 0.4614210148078336
3.4213180029999997 0.46157167259724885
3.422669234 0.4617305636260919
3.424020466 0.46188341037781494
3.425371697 0.46203480355715276
3.4267229280000002 0.4621860440230932
3.42807416 0.46233648732859356
3.429425391 0.4624908642810101
3.4307766230000003 0.4625384020632939
3.432127854 0.46250589641285433
3.4334790859999997 0.46246379275857474
3.434830317 0.4624139064451863
3.436181549 0.46236043111282654
3.43753278 0.46229808418940077
3.4388840110000003 0.4622321895705723
3.440235243 0.4621249369128533
3.441586474 0.4618491353807513
3.4429377060000004 0.4615767677629352
3.4442889369999996 0.4618481855373959
3.445640169 0.4615862879132623
3.4469914 0.46132601405763535
3.448342631 0.4612466393725848
3.449693863 0.4613312940007721
3.451045094 0.4612844991527524
3.452396326 0.4613047678811394
3.4537475570000002 0.4613269083847822
3.455098789 0.4613552636445343
3.45645002 0.46138669022198586
3.4578012520000003 0.46141989709932874
3.459152483 0.46145862941723503
3.460503714 0.4616439620784565
3.461854946 0.4620790552906589
3.463206177 0.462516269212939
3.464557409 0.46295606614839
3.4659086400000003 0.4633994764012793
3.467259872 0.4638428492297463
3.468611103 0.46429011169979106
3.469962335 0.4647380941304785
3.4713135659999996 0.46487381907694764
3.4726647969999997 0.4650033922586416
3.474016029 0.46513314441263065
3.47536726 0.4652683446559255
3.476718492 0.465797855394354
3.478069723 0.46609160057309784
3.479420955 0.46645505962989153
3.4807721860000003 0.4670882832662485
3.482123417 0.4675618507689958
3.483474649 0.4680346694782208
3.48482588 0.4685062627749393
3.486177112 0.4689767493254843
3.487528343 0.4694429213268244
3.488879575 0.4699087043907668
3.490230806 0.4703947891013719
3.491582038 0.47099481207054805
3.492933269 0.4715932380312909
3.4942845 0.47218682303886406
3.495635732 0.4727788378073733
3.496986963 0.47336600814346763
3.4983381949999997 0.4739504061898112
3.4996894259999998 0.4745349942128528
3.501040658 0.47506044246789
3.502391889 0.4755684559300797
3.50374312 0.47607282295416353
3.505094352 0.47657323915614513
3.506445583 0.4770713398164901
3.5077968150000003 0.4780108253879656
3.509148046 0.4786200013970513
3.5104992779999997 0.47941023307456193
3.511850509 0.4802436246209031
3.513201741 0.48080325941547786
3.514552972 0.48135328899925195
3.515904203 0.48189959659877957
3.517255435 0.48244236637767357
3.518606666 0.48298162823336543
3.519957898 0.4835146190247981
3.521309129 0.48396442099491765
3.5226603610000002 0.48440321111913964
3.524011592 0.484839408938179
3.5253628239999997 0.48527565848474924
3.526714055 0.4857138976520132
3.528065286 0.4861500616483433
3.529416518 0.4865850816937195
3.5307677490000002 0.4869846460044782
3.532118981 0.4873569248097118
3.533470212 0.48773019877049006
3.5348214440000003 0.4885709943080344
3.536172675 0.4890459046007577
3.537523906 0.4894194723516439
3.538875138 0.4897921396045051
3.540226369 0.4901406158777251
3.5415776009999997 0.49036387947949656
3.542928832 0.49109856455657896
3.544280064 0.49136633234119026
3.545631295 0.49159741966018766
3.546982527 0.491831619948759
3.548333758 0.49206743693190186
3.5496849889999997 0.492304177767779
3.551036221 0.49252535850117574
3.552387452 0.49327106284979283
3.553738684 0.49346716051322137
3.555089915 0.4936663347553454
3.556441147 0.4938681018927992
3.5577923780000003 0.4940743717471101
3.5591436090000004 0.49428456596647774
3.560494841 0.49452332892046424
3.561846072 0.4948084467836721
3.563197304 0.4950951826486215
3.5645485349999997 0.49538475831344486
3.565899767 0.4956777584387704
3.567250998 0.495974794808566
3.5686022299999998 0.49662450037776434
3.569953461 0.49715956256953076
3.571304692 0.4974019186542785
3.572655924 0.49764440430219214
3.574007155 0.4978879426797054
3.575358387 0.49813408117830105
3.5767096179999998 0.4983819480249343
3.57806085 0.4991875562832453
3.579412081 0.4994377051325576
3.580763312 0.49965310274759794
3.582114544 0.49984255767719044
3.583465775 0.5000338804030444
3.5848170070000003 0.5007030891983875
3.5861682380000004 0.5010041105953458
3.58751947 0.5011975828406845
3.588870701 0.5013900802182414
3.5902219329999996 0.5015720229026923
3.5915731639999997 0.5016963430256084
3.592924395 0.5018210838482712
3.594275627 0.5019464006211443
3.595626858 0.5020718730913936
3.59697809 0.5021981586782504
3.598329321 0.5023267126042126
3.5996805530000002 0.502457700048989
3.601031784 0.5025896021281558
3.602383016 0.5027211029846803
3.603734247 0.5032813253850388
3.605085478 0.5035677737764617
3.60643671 0.5036990169309483
3.607787941 0.5038311228568682
3.609139173 0.5039635174229126
3.610490404 0.5040731130879232
3.6118416360000003 0.5041433326521707
3.6131928670000004 0.5042136532467185
3.6145440979999997 0.504283793593135
3.61589533 0.504353666529921
3.617246561 0.5044242187867078
3.6185977929999997 0.5044940940099825
3.619949024 0.5050978529701213
3.621300256 0.5051868247591058
3.622651487 0.5052483064610078
3.624002719 0.5053115448787721
3.62535395 0.5053749140878412
3.6267051809999997 0.5054389339255653
3.628056413 0.5055025919382587
3.629407644 0.5055647388343619
3.630758876 0.505667146466946
3.632110107 0.5058008945050037
3.633461339 0.5059327612063254
3.6348125700000002 0.5060645208867545
3.6361638010000004 0.5061972494386122
3.637515033 0.5063295441223721
3.638866264 0.5064623512824489
3.640217496 0.5066058904984865
3.6415687269999997 0.506805360279703
3.642919959 0.5070044031549454
3.64427119 0.5072023791151651
3.6456224219999998 0.5073998994969097
3.646973653 0.5075958561335571
3.648324884 0.5077908915155058
3.649676116 0.5083855693273893
3.6510273470000003 0.5088261924155232
3.652378579 0.509091129229688
3.6537298099999997 0.5093552374330192
3.655081042 0.5096168196202784
3.656432273 0.5098763453441756
3.657783504 0.5101348514735703
3.659134736 0.5103893412328095
3.660485967 0.5106147622974869
3.6618371990000003 0.5107932114740974
3.66318843 0.5109699807430936
3.664539662 0.5111456753558351
3.665890893 0.5113190161076032
3.667242125 0.5114890176982404
3.6685933559999997 0.5116562386583394
3.669944587 0.5123590517930874
3.671295819 0.5126201035953284
3.67264705 0.5128491055248166
3.673998282 0.5130740214686214
3.675349513 0.5132963412444664
3.676700745 0.5135158421279209
3.6780519760000003 0.5137325857995348
3.679403208 0.5139485459842622
3.6807544389999998 0.5141598679781428
3.68210567 0.5143680754402831
3.683456902 0.514575980497683
3.684808133 0.5147803278613909
3.686159365 0.5149817078982101
3.687510596 0.5151822107461711
3.688861828 0.5153806821262202
3.690213059 0.5155570343924563
3.6915642899999996 0.5156169995918479
3.692915522 0.5156748336942807
3.694266753 0.516330241044471
3.6956179849999997 0.5163877578085782
3.696969216 0.5164445381678844
3.698320448 0.516501738685983
3.699671679 0.5165577391774266
3.701022911 0.5166135079917429
3.702374142 0.5166695506860495
3.703725373 0.5167256455874412
3.7050766050000004 0.5167832249147138
3.706427836 0.5168432156471365
3.707779068 0.5169036870275727
3.709130299 0.516965290372932
3.710481531 0.5170523249142458
3.711832762 0.5171829099237579
3.713183993 0.5173150959941746
3.714535225 0.517447298655469
3.7158864560000002 0.5175777248026459
3.717237688 0.5177087070197897
3.7185889189999997 0.5178402651181166
3.719940151 0.5179726330819969
3.721291382 0.5181088824401785
3.7226426139999997 0.5182458285935807
3.723993845 0.5183829806963989
3.725345076 0.5185216326303577
3.726696308 0.5186598756754095
3.7280475390000003 0.5187980318058912
3.729398771 0.5189364171968591
3.730750002 0.5190754980236076
3.7321012340000004 0.519216139645607
3.733452465 0.5193564719141482
3.7348036959999997 0.519494237138318
3.736154928 0.5202330632619733
3.737506159 0.520367779839066
3.738857391 0.5204975253373454
3.740208622 0.5207332679838055
3.741559854 0.5212398232029682
3.7429110850000002 0.521280961277479
3.744262317 0.5213172520629505
3.7456135479999997 0.521347681635687
3.746964779 0.5213715488257256
3.748316011 0.5213911228004616
3.749667242 0.5214053344396156
3.751018474 0.5214123426679065
3.752369705 0.5214138258940848
3.753720937 0.5214077995917834
3.7550721680000003 0.5213939599275025
3.7564234 0.5213731499799287
3.757774631 0.5213433332038124
3.759125862 0.5213051067841962
3.7604770939999996 0.5212598039726908
3.7618283249999998 0.5212062104276185
3.763179557 0.521145337914876
3.764530788 0.5210788546467993
3.76588202 0.5210050455357124
3.767233251 0.5209254465850257
3.768584482 0.5208405432823269
3.7699357140000003 0.5207478094022282
3.771286945 0.5206412441323889
3.7726381769999997 0.520528087358533
3.773989408 0.5204070508261266
3.77534064 0.5202802523647874
3.776691871 0.520565883649333
3.778043103 0.5206156963880758
3.779394334 0.520477651508742
3.780745565 0.5203823055486638
3.7820967970000003 0.5203201479908492
3.7834480279999996 0.5202578441161472
3.7847992599999998 0.5201957898137239
3.786150491 0.5201321460230455
3.7875017229999997 0.5200687226277676
3.7888529539999998 0.5200052987158714
3.790204185 0.5199198783180388
3.791555417 0.519717246308227
3.792906648 0.5195195482984158
3.79425788 0.5193265712307358
3.795609111 0.519141675190561
3.7969603430000003 0.5189630674561871
3.798311574 0.5187892978350417
3.7996628059999997 0.5186241071066604
3.801014037 0.5185754786353467
3.802365268 0.5185692325006739
3.8037165 0.5185725700665782
3.8050677310000003 0.5185839080762816
3.806418963 0.5186033285865872
3.807770194 0.5186360736465534
3.8091214260000004 0.5186816267153342
3.8104726569999996 0.5187117312468803
3.811823889 0.5187054253507559
3.81317512 0.5187102648594197
3.814526351 0.5187254243206054
3.815877583 0.5187530176290149
3.817228814 0.5189266170475308
3.818580046 0.5194327097160567
3.8199312770000002 0.5194859830625913
3.821282509 0.519555736735499
3.82263374 0.5196350168059874
3.823984971 0.5197256466025943
3.825336203 0.5198247790656023
3.826687434 0.5199312457832115
3.828038666 0.5200459258462391
3.829389897 0.5201651051190852
3.830741129 0.5202858539716273
3.8320923600000003 0.5204091074726328
3.833443592 0.5205318537969817
3.834794823 0.5206525541108897
3.836146054 0.520771870955545
3.8374972859999996 0.5208872704158324
3.8388485169999997 0.5214902909951381
3.840199749 0.5216860675068303
3.84155098 0.5217835330162792
3.842902212 0.5218705563484882
3.844253443 0.5219482684281269
3.845604674 0.5220140777928319
3.8469559060000003 0.5220663479893684
3.848307137 0.5221042261475657
3.849658369 0.5221234379638715
3.8510096 0.5221178355121467
3.852360832 0.5220930179237998
3.853712063 0.5220487432030922
3.855063295 0.5219825067875032
3.856414526 0.5218952844678806
3.857765757 0.5222450995855005
3.859116989 0.5222476008505077
3.86046822 0.5220858219942619
3.861819452 0.5219003908243884
3.863170683 0.521684819194527
3.8645219149999996 0.5214412295074626
3.8658731459999998 0.5211690751097615
3.867224377 0.5208667023489069
3.868575609 0.52053778119306
3.86992684 0.5201835421628405
3.871278072 0.5197897101183253
3.872629303 0.5193702998685059
3.8739805350000003 0.518925116573597
3.875331766 0.5184509700682469
3.876682998 0.5179502507851952
3.878034229 0.5174250066312024
3.87938546 0.5168740688675372
3.880736692 0.5163081423547631
3.882087923 0.5157282137506863
3.883439155 0.5151282394312475
3.884790386 0.5145119003661185
3.886141618 0.5138831557981127
3.887492849 0.5132411030647808
3.8888440810000002 0.5125864758607077
3.890195312 0.511921621834974
3.891546543 0.5112399784445227
3.892897775 0.5105481428249529
3.894249006 0.5098501330803509
3.895600238 0.5091439414397154
3.8969514690000002 0.5084297679536309
3.898302701 0.5082975086760226
3.899653932 0.5075743630810893
3.9010051629999998 0.5068415995384375
3.902356395 0.506105528887953
3.903707626 0.5053664389199722
3.905058858 0.5046212515309545
3.906410089 0.5038712604639601
3.9077613209999997 0.5031147486289902
3.909112552 0.50234652925802
3.910463784 0.501570768861205
3.911815015 0.500788867049451
3.913166246 0.4999858320748267
3.914517478 0.49944675643826586
3.9158687089999997 0.49886019300145434
3.917219941 0.49797211611548975
3.918571172 0.4970451025232666
3.919922404 0.4960735311315692
3.921273635 0.4950500328402644
3.922624866 0.49396255696123204
3.9239760980000002 0.49280418248723745
3.9253273290000004 0.4915637814105729
3.926678561 0.4902300651221674
3.928029792 0.48879329140259553
3.929381024 0.487238505401006
3.9307322549999997 0.48554780176119994
3.932083487 0.4837109558783175
3.933434718 0.48171833650867524
3.934785949 0.47955501242914417
3.936137181 0.47720871104736196
3.937488412 0.4749329160822754
3.938839644 0.4724542310748718
3.940190875 0.4694820438323625
3.941542107 0.46633057564196834
3.9428933379999997 0.4629222340175609
3.944244569 0.45924558754792977
3.945595801 0.4552897397438644
3.946947032 0.4510430906873016
3.948298264 0.44649717080511975
3.949649495 0.4416463270197734
3.9510007270000003 0.43643163257018447
3.9523519580000004 0.4308842215503319
3.95370319 0.42502838795418213
3.955054421 0.4188621095449159
3.956405652 0.4123833871934226
3.9577568839999997 0.40559868312855885
3.959108115 0.3985148901079153
3.960459347 0.39114276529705727
3.961810578 0.3834965948464114
3.96316181 0.37558775964792473
3.964513041 0.3674314617366249
3.965864273 0.3590485846127176
3.967215504 0.35046228587051886
3.968566735 0.34168698350422216
3.9699179669999998 0.3330849092158793
3.971269198 0.32403087709179834
3.97262043 0.3148286553158708
3.973971661 0.3055324140391912
3.975322893 0.29616743390321315
3.976674124 0.2867588440292422
3.978025355 0.2776518205445156
3.9793765870000004 0.2682253893987824
3.9807278179999996 0.258826099852713
3.98207905 0.24947713362504462
3.983430281 0.24020431866800868
3.9847815129999997 0.2310287839030918
3.986132744 0.22196987033636228
3.987483976 0.2130458405411208
3.988835207 0.20427402312594314
3.9901864380000003 0.19567156026867275
3.99153767 0.1872525554467756
3.9928889009999997 0.1790299347914927
3.994240133 0.17101391466323074
3.995591364 0.1632139573599988
3.996942596 0.15563825670422068
3.998293827 0.148293013829384
3.999645058 0.14118272945034532
4.00099629 0.13431004976347538
4.002347521 0.12768040538547376
4.003698753 0.12129517520020852
4.005049984 0.11515447179139654
4.006401216 0.10925674505957698
4.007752447 0.10359953705896925
4.009103679 0.0981803254501176
4.01045491 0.09300049829740985
4.011806141 0.08805798260744697
4.013157373 0.08333943763762067
4.014508604 0.07884020580516425
4.015859836 0.07455420064585942
4.017211067 0.07047511204675858
4.018562299 0.06663963329314003
4.01991353 0.06298410102607276
4.021264761 0.05954010188902314
4.022615993 0.056206912297151274
4.023967224 0.05304881523106418
4.025318456 0.05005754012929174
4.026669687 0.04722603908451091
4.028020919 0.044547827985708735
4.02937215 0.04201613749957743
4.030723382 0.03962356577104871
4.032074613 0.03736401424312782
4.033425844 0.03523048617247206
4.034777076 0.033215947623310496
4.036128307 0.031315537487188544
4.037479539 0.029524020998392984
4.03883077 0.027835332037305233
4.040182002 0.02624379626304217
4.041533233 0.024747196507293748
4.042884465 0.023336875805870363
4.044235696 0.022008341935039165
4.0455869269999996 0.020758011676894526
4.046938159 0.019581032985223998
4.04828939 0.018472318534079542
4.049640622 0.017427770406619893
4.050991853 0.01644315413559938
4.052343085 0.015515611334537275
4.053694316 0.01464263577049265
4.055045547 0.01382168403600456
4.056396779 0.013049303514081498
4.05774801 0.01232196510904218
4.059099241999999 0.011637103852357996
4.0604504729999995 0.010998537961065008
4.061801705 0.010397746509141846
4.063152936 0.009825479705462282
4.064504168 0.009286817442725507
4.065855399 0.008779403841368461
4.06720663 0.008301097633838659
4.0685578620000005 0.007850949330123033
4.069909093000001 0.007427548295347459
4.071260325 0.007029171568853564
4.072611556 0.006658382267907949
4.073962788 0.006307408594611539
4.075314019 0.005974160185773911
4.07666525 0.0056603203637779565
4.078016482 0.005365354991829205
4.079367713 0.005087212188839497
4.080718945 0.004823951816340583
4.082070176 0.004575420955117673
4.083421408 0.004341293732630157
4.084772639 0.004120187958464802
4.086123871 0.003910779482083195
4.087475102 0.003712701108777348
4.088826333 0.003524855405543259
4.090177565 0.0033472551733376393
4.091528796 0.0031799444872631947
4.092880028 0.0030224962806196494
4.094231259 0.002873679667921506
4.095582491 0.0027333045546920065
4.096933722 0.0026011907044254145
4.098284953 0.0024761502625420305
4.0996361850000005 0.002357683713840465
4.100987416 0.0022455433936382284
4.102338648 0.0021395778121731106
4.103689878999999 0.0020403393536544624
4.105041110999999 0.0019454593594665026
4.106392342 0.0018549131875741673
4.107743574 0.0017689549676717848
4.109094805 0.0016873462966851762
4.110446036 0.0016107826926480592
4.111797268 0.0015386393856330275
4.113148499 0.0014698372662456604
4.1144997309999995 0.0014046060751955465
4.115850962000001 0.0013427467577496854
4.117202194000001 0.0012838292305449707
4.118553425 0.0012284003559342427
4.119904657 0.001176130124864303
4.121255887999999 0.0011256640388528853
4.122607119 0.0010772711025503266
4.123958351000001 0.0010311673882156948
4.125309582 0.000987710697011368
4.126660814 0.0009461475418866708
4.128012045 0.0009063693102171007
4.129363277 0.0008686939505759206
4.130714508 0.0008327275049456299
4.132065739 0.0007984858335812186
4.133416971 0.0007663920742967444
4.134768202 0.0007363333037807255
4.136119434 0.0007073194642132516
4.1374706649999995 0.0006796177476998358
4.138821897 0.0006535551792362734
4.140173128000001 0.0006288064819870031
4.14152436 0.0006043304037438512
4.142875591 0.0005804510181696072
4.144226821999999 0.0005574883373580098
4.145578054 0.0005357577951575406
4.146929285000001 0.0005153594284604969
4.148280517 0.0004969987578951856
4.149631748 0.0004789421960625504
4.15098298 0.0004614810050891434
4.152334211 0.00044547940253701526
4.153685442 0.00043070980243686043
4.155036674 0.00041601847379758833
4.156387905 0.00040088025692794945
4.157739136999999 0.0003862866691558346
4.159090368 0.0003724188866239589
4.1604416 0.0003594348283766658
4.161792831 0.0003469166797799353
4.163144063 0.0003349470370470973
4.164495294 0.00032323147320298206
4.165846525 0.00031222439384075206
4.167197757 0.00030231267314851843
4.1685489879999995 0.0002932843108636472
4.169900220000001 0.0002843346659001991
4.171251451 0.00027555258868258215
4.172602683 0.0002674004572143793
4.173953914 0.00025938847465469564
4.1753051459999995 0.00025132037745856004
4.1766563770000005 0.00024382559394372377
4.178007608 0.0002370689510283206
4.17935884 0.0002302407086030964
4.180710071 0.00022337970006901172
4.182061303 0.00021666156916525637
4.183412534 0.00021029825204027367
4.184763766 0.00020409112540417852
4.186114997 0.00019855099920152862
4.187466228 0.0001933548587630886
4.18881746 0.0001881059433323495
4.190168691 0.00018260643686688
4.1915199229999995 0.0001776314788471545
4.1928711540000005 0.0001731588552000107
4.194222386000001 0.00016892558224554133
4.195573617 0.00016443845646439405
4.196924849 0.00016034233208215177
4.198276079999999 0.00015625006112499886
4.199627311 0.00015200406661502065
4.200978543 0.00014799386908760485
4.202329774 0.0001443602474765003
4.203681006 0.00014090762673494181
4.205032237 0.00013755149757400237
4.206383469 0.00013475462104964883
4.2077347 0.0001322534214020357
4.209085931 0.00012981252021623043
4.210437163 0.0001276786466400444
4.211788394 0.00012616419330330165
4.213139626 0.0001246741960098684
4.2144908569999995 0.00012286269609629172
4.215842089 0.00012074526826712266
4.217193320000001 0.00011873263703892088
4.218544552 0.00011660636036416687
4.219895783 0.00011464707442382622
4.221247013999999 0.00011282111118725279
4.2225982459999996 0.00011085173897214664
4.223949477 0.00010841772015042156
4.225300709 0.00010603433482032172
4.22665194 0.00010397990253475247
4.228003171999999 0.00010202060959566182
4.229354403 0.0001002018352616345
4.2307056339999995 9.875590153560408e-05
4.232056866 9.75861697971046e-05
4.233408097000001 9.618243072921078e-05
4.234759329 9.46794485222467e-05
4.23611056 9.361384401413866e-05
4.237461792 9.265342494036599e-05
4.238813023 9.104260049808797e-05
4.240164255 8.849258784919772e-05
4.241515486 8.583254021336779e-05
4.242866717 8.336543462177725e-05
4.244217949 8.144650919614328e-05
4.24556918 8.029459255506995e-05
4.246920412000001 7.95020983798135e-05
4.248271643 7.864674707255712e-05
4.249622875 7.779374816556418e-05
4.250974105999999 7.734414122933225e-05
4.2523253379999995 7.678803369474027e-05
4.2536765690000005 7.554389635658082e-05
4.2550278 7.369772053461793e-05
4.256379032 7.153912800835337e-05
4.257730263 6.921445761407657e-05
4.259081495 6.682516312707897e-05
4.260432726 6.484576472341788e-05
4.261783958 6.338037001756285e-05
4.263135189 6.22403100503209e-05
4.26448642 6.131708991801702e-05
4.265837652 6.086724221613774e-05
4.267188883 6.0697811609486884e-05
4.2685401149999995 6.0362840274905295e-05
4.2698913460000005 5.972357543684142e-05
4.271242578000001 5.8918397450994595e-05
4.272593809 5.7855168920588916e-05
4.273945041 5.6401258200998415e-05
4.275296271999999 5.4930674495977765e-05
4.276647503 5.362325595722961e-05
4.277998735 5.2240309648012995e-05
4.279349966 5.0733007222451095e-05
4.280701198 4.9791842374868534e-05
4.282052429 4.968256339098488e-05
4.283403661 4.98877685254176e-05
4.284754892 5.025113453371605e-05
4.286106123 5.087588816242458e-05
4.287457355 5.168265587964075e-05
4.288808586 5.2335774112111e-05
4.290159818 5.279247094668106e-05
4.2915110489999995 5.301475234309045e-05
4.292862281 5.281424934346772e-05
4.294213512000001 5.22274025809217e-05
4.295564744 5.1356777552130186e-05
4.296915975 5.044916747942427e-05
4.298267206 4.942542804181892e-05
4.299618438 4.81063116844527e-05
4.300969669 4.687933248771551e-05
4.302320901 4.57793383509964e-05
4.303672132 4.4632440910184735e-05
4.305023363999999 4.355275215510546e-05
4.306374595 4.266225681635699e-05
4.3077258259999995 4.1855844833148404e-05
4.309077058 4.094617565052292e-05
4.310428289000001 4.03291906035364e-05
4.311779521 3.9895977494158435e-05
4.313130752 3.9901916707372815e-05
4.314481984 3.998793617372972e-05
4.315833215 4.016510466345499e-05
4.317184447 4.04600758862411e-05
4.318535678 4.087847899428342e-05
4.319886909 4.105184394348001e-05
4.321238141 4.122108776443482e-05
4.322589372 4.15384637560066e-05
4.323940604000001 4.155082198935677e-05
4.325291835 4.1113961619211896e-05
4.326643067 4.0451041973201834e-05
4.327994297999999 3.9701415874766825e-05
4.329345529999999 3.896731337838179e-05
4.3306967610000004 3.8184616430824095e-05
4.332047992 3.735344293730648e-05
4.333399224 3.657541516352295e-05
4.334750455 3.619532454215044e-05
4.336101687 3.623279480697963e-05
4.337452918 3.662113730069436e-05
4.33880415 3.710256799584383e-05
4.340155381 3.733319528701599e-05
4.341506612 3.7208963330128124e-05
4.342857844 3.702429345566094e-05
4.344209075 3.670294132737846e-05
4.3455603069999995 3.616682940107924e-05
4.3469115380000005 3.520936250960575e-05
4.34826277 3.392837172976869e-05
4.349614001 3.244066196518718e-05
4.350965233 3.129915094095057e-05
4.352316464 3.0686313008764365e-05
4.353667695 3.0502557695900678e-05
4.355018927 3.059689744115836e-05
4.356370158 3.0752375801177e-05
4.35772139 3.1024488057150954e-05
4.359072621 3.154612201576801e-05
4.360423853 3.230717086795948e-05
4.361775084 3.264106776408421e-05
4.363126315000001 3.2435517386142234e-05
4.364477547000001 3.1772948536055284e-05
4.365828778 3.0956425970828224e-05
4.36718001 3.001460182892689e-05
4.3685312409999995 2.9299382034124535e-05
4.369882473 2.8745121313929873e-05
4.371233704 2.833008022004253e-05
4.372584936 2.778262335826846e-05
4.373936167 2.7457948476973534e-05
4.375287398 2.739982047094099e-05
4.37663863 2.771244481182057e-05
4.377989861 2.8076593791034565e-05
4.379341093 2.8443589418473324e-05
4.380692324 2.8560669774503096e-05
4.382043555999999 2.8385792025733132e-05
4.383394787 2.8277434071643857e-05
4.3847460179999995 2.8374047142899532e-05
4.38609725 2.849995120653755e-05
4.387448481000001 2.8309105422782404e-05
4.388799713 2.7906621434040586e-05
4.390150944 2.7349290220472514e-05
4.391502176 2.683037322838941e-05
4.392853407 2.6244373274539914e-05
4.394204639 2.557533528522918e-05
4.39555587 2.483152827362535e-05
4.396907101 2.4449525660752437e-05
4.398258332999999 2.444407923156994e-05
4.399609564 2.4760776940121783e-05
4.400960796000001 2.496737419319359e-05
4.402312027 2.502616747712753e-05
4.403663259 2.519714979534374e-05
4.405014489999999 2.5411702615819595e-05
4.406365721999999 2.545748391973955e-05
4.407716953 2.5196172488795125e-05
4.409068184 2.475008651538186e-05
4.410419416 2.4348539277880724e-05
4.411770647 2.420331534743695e-05
4.413121879 2.456220364477133e-05
4.41447311 2.5071202992117413e-05
4.415824342 2.5614140183131104e-05
4.417175573000001 2.5888929447613038e-05
4.418526804 2.5865390368829686e-05
4.419878036 2.5585054248550598e-05
4.421229266999999 2.501610323193457e-05
4.4225804989999995 2.4339839221145185e-05
4.4239317300000005 2.3370191728072297e-05
4.425282962 2.2531437826052582e-05
4.426634193 2.1830828263747484e-05
4.427985425 2.1816151582417783e-05
4.429336656 2.2203515875575758e-05
4.430687887 2.295931189082147e-05
4.432039119 2.3829808422799364e-05
4.43339035 2.4800211744603574e-05
4.434741582 2.578371925050557e-05
4.436092813 2.671473692011476e-05
4.437444045 2.7851007578953132e-05
4.438795276 2.9018872885202787e-05
4.440146507000001 3.0183590808262033e-05
4.441497739000001 3.0939570374730346e-05
4.44284897 3.151376369757554e-05
4.444200202 3.170702108442203e-05
4.445551432999999 3.19109301834824e-05
4.446902665 3.176480724419175e-05
4.448253896 3.117651286762485e-05
4.449605128 2.9919116881555733e-05
4.450956359 2.845271127401998e-05
4.45230759 2.723352497945751e-05
4.453658822 2.6436443333726784e-05
4.455010053 2.613604768105255e-05
4.456361285 2.6013881827293745e-05
4.457712516 2.6441330600390474e-05
4.459063747999999 2.697132439845537e-05
4.460414979 2.7749164870240498e-05
4.4617662110000005 2.8242685711591446e-05
4.463117442 2.8744777482536666e-05
4.464468673000001 2.8951662697981276e-05
4.465819905 2.8849801675598638e-05
4.467171136 2.8209001290093714e-05
4.468522368 2.724854269615241e-05
4.469873599 2.6565884156636713e-05
4.471224831000001 2.6278697461992242e-05
4.472576062 2.625095193648715e-05
4.473927293 2.58852055405705e-05
4.475278524999999 2.559292691391274e-05
4.476629756 2.518310742799477e-05
4.4779809880000006 2.5156811268079317e-05
4.479332219 2.5166601975605366e-05
4.480683451 2.5358625454370658e-05
4.482034682 2.5077421943876446e-05
4.483385914 2.450701071686068e-05
4.484737145 2.398602233855243e-05
4.486088376 2.3610969488047563e-05
4.487439608 2.3670251407488898e-05
4.488790839 2.34604641053764e-05
4.490142071 2.318302699967483e-05
4.491493302 2.2735190145940637e-05
4.492844534 2.263854274580483e-05
4.494195765000001 2.2537839002965252e-05
4.495546996 2.254928541436426e-05
4.496898228 2.2534003328973176e-05
4.498249458999999 2.2575328074702093e-05
4.4996006909999995 2.250179581631595e-05
4.5009519220000005 2.2000905414833483e-05
4.502303154 2.1232801935094633e-05
4.503654385 2.0244194297256816e-05
4.505005617 1.9398730194562265e-05
4.506356848 1.8687446968951708e-05
4.507708079 1.8114281706020198e-05
4.509059311 1.7477814741635908e-05
4.510410542 1.710324337084014e-05
4.511761774 1.7161713730688314e-05
4.513113005 1.7585177915560833e-05
4.514464237 1.8497416269038085e-05
4.5158154679999996 1.9494801461245535e-05
4.517166699000001 2.0379871393250447e-05
4.518517931 2.116462518432992e-05
4.519869162 2.2221544268751748e-05
4.521220394 2.3068283271287462e-05
4.522571624999999 2.3532785347608364e-05
4.523922857 2.3578662247140285e-05
4.525274088 2.3497407024410435e-05
4.52662532 2.3445527252813627e-05
4.527976551 2.3158795628287955e-05
4.529327782 2.2755628362926224e-05
4.530679014 2.214371178133546e-05
4.532030245 2.1959165050800207e-05
4.533381477 2.191043239891283e-05
4.534732708 2.2043989218113973e-05
4.53608394 2.2119050677331116e-05
4.537435171 2.20675179894005e-05
4.5387864030000005 2.16538904153797e-05
4.540137634 2.0958842803920937e-05
4.541488865 2.0183054393329636e-05
4.542840097 1.920871247096144e-05
4.544191328 1.8306972126945678e-05
4.5455425599999995 1.7367479807339877e-05
4.5468937910000005 1.6605648801469924e-05
4.548245023000001 1.6369367927683483e-05
4.549596254 1.674380433265742e-05
4.550947485 1.725646449740074e-05
4.552298716999999 1.773206906384808e-05
4.553649948 1.8391092904989014e-05
4.5550011800000005 1.8957603707725112e-05
4.556352411 1.951998034986178e-05
4.557703643 1.9841755635742883e-05
4.559054874 2.0037144408654158e-05
4.560406106 2.013699312127074e-05
4.561757337 2.0104412396716456e-05
4.563108568 1.994792563338261e-05
4.5644598 1.9672219167824745e-05
4.565811031 1.9692069077122834e-05
4.567162263 1.949856276163409e-05
4.568513493999999 1.9221274276088252e-05
4.569864726 1.869637169083174e-05
4.571215957000001 1.8353391998312827e-05
4.572567188 1.8213621270181503e-05
4.57391842 1.789921334448732e-05
4.575269650999999 1.723610188431308e-05
4.5766208829999995 1.6368624706184836e-05
4.5779721140000005 1.5793415882099713e-05
4.579323346 1.53802278200043e-05
4.580674577 1.5240834055289006e-05
4.582025809 1.5299958656564448e-05
4.58337704 1.5261181271786835e-05
4.584728271 1.517833359572484e-05
4.586079503 1.5045981393571849e-05
4.587430734 1.5184896379086807e-05
4.588781966 1.548007499226536e-05
4.590133197 1.5835013509002226e-05
4.591484429 1.5548658002737686e-05
4.5928356599999995 1.4846377256801942e-05
4.5941868910000005 1.4620776354605066e-05
4.595538123 1.4885859050700987e-05
4.596889354 1.557238782004163e-05
4.598240586 1.592425073626814e-05
4.599591817 1.607713915133465e-05
4.6009430490000005 1.606577316013138e-05
4.60229428 1.6286430600393767e-05
4.603645512 1.6541453293580805e-05
4.604996743 1.6615877945724424e-05
4.606347974 1.6822323596101686e-05
4.607699206 1.675814681045168e-05
4.609050437 1.65440370046561e-05
4.610401669 1.6103973745456576e-05
4.611752900000001 1.5686471839482594e-05
4.613104132 1.5259294881838522e-05
4.614455363 1.4467556611403563e-05
4.6158065950000005 1.3446763856372477e-05
4.617157826 1.2190872251256949e-05
4.618509057 1.1470555484609794e-05
4.619860289 1.097627061961559e-05
4.62121152 1.058792382171342e-05
4.622562751999999 1.0229763399287188e-05
4.6239139830000004 1.0005967977459818e-05
4.625265215000001 1.001697788836479e-05
4.626616446 9.827123272668062e-06
4.627967677 9.641336412764297e-06
4.629318908999999 9.40131975223088e-06
4.63067014 9.457340307174987e-06
4.6320213720000005 9.651796312006196e-06
4.633372603 9.703767175853379e-06
4.634723835 9.801360871593704e-06
4.636075066 1.0089882704395703e-05
4.637426298 1.0754788019229304e-05
4.638777529 1.1137866320354836e-05
4.64012876 1.1213059715042426e-05
4.641479992 1.1098142605812375e-05
4.642831223 1.0854145739974903e-05
4.644182455 1.060615995990852e-05
4.645533685999999 1.0254378527909067e-05
4.646884918 9.922510595332744e-06
4.648236149000001 9.48628343386972e-06
4.64958738 9.178572068809535e-06
4.650938612 8.900018590929133e-06
4.652289842999999 8.59279080971418e-06
4.6536410749999995 8.624853105823733e-06
4.6549923060000005 8.837799677937033e-06
4.656343538 9.306542467020548e-06
4.657694769 9.69154305654055e-06
4.659046001 1.0099405413400297e-05
4.660397232 1.062642236157409e-05
4.661748463 1.0705992550523992e-05
4.663099695 1.0623057566597383e-05
4.664450926000001 1.0214200379992297e-05
4.665802158 9.81313260768354e-06
4.667153389 9.28438497795462e-06
4.668504621 8.613482767327176e-06
4.6698558519999995 8.01938475454172e-06
4.6712070830000005 7.544628211154179e-06
4.672558315 7.715973734526412e-06
4.673909546 7.965495397376205e-06
4.675260778 8.097220490755205e-06
4.676612009 8.135649663798572e-06
4.6779632410000005 8.236786639354277e-06
4.679314472 8.765766565145907e-06
4.680665704 9.221917471814174e-06
4.682016935 9.606567871116132e-06
4.683368166 1.0107751784504456e-05
4.684719398 1.0558055570936343e-05
4.686070629 1.0982975513401267e-05
4.687421861 1.1212102971483367e-05
4.688773092 1.1463310354821597e-05
4.690124324 1.1778071540758006e-05
4.691475555 1.2322355878294344e-05
4.6928267869999996 1.3067346184995162e-05
4.694178018 1.3468527480795998e-05
4.695529249 1.400644000449605e-05
4.696880481 1.460533713728726e-05
4.698231712 1.5065455665857777e-05
4.699582943999999 1.4729977247605667e-05
4.700934175 1.381320151033773e-05
4.702285407000001 1.2773909278196856e-05
4.703636638 1.1599034709618286e-05
4.704987869 1.0642371655516347e-05
4.706339100999999 9.817974038846012e-06
4.707690332 9.335337818521042e-06
4.7090415640000005 9.526913476588848e-06
4.710392795 1.0165147990668834e-05
4.711744027 1.084633319367077e-05
4.713095258 1.1308904130462888e-05
4.71444649 1.1698242155059026e-05
4.7157977209999995 1.2181993357451817e-05
4.717148952 1.2374162948478682e-05
4.718500184000001 1.2313222702047168e-05
4.719851415 1.1962298633731605e-05
4.721202647 1.1880649877723617e-05
4.722553877999999 1.2250982303036427e-05
4.72390511 1.2739530728787266e-05
4.725256341000001 1.3256546008288953e-05
4.726607572 1.3623057254500621e-05
4.727958804 1.4089947682784449e-05
4.729310035 1.4446156243479875e-05
4.730661267 1.4576499122045991e-05
4.7320124980000005 1.4729118177474453e-05
4.73336373 1.4727380053428644e-05
4.734714961 1.4793992956697416e-05
4.736066193 1.453117439576539e-05
4.737417424 1.3920310685039345e-05
4.738768654999999 1.3319038625427014e-05
4.740119887 1.2838405738285526e-05
4.741471118000001 1.250184356139816e-05
4.74282235 1.19335179910223e-05
4.744173581 1.1246760032487187e-05
4.745524813 1.0684618606682087e-05
4.7468760439999995 1.0479407311203063e-05
4.748227276 1.0520625851759671e-05
4.749578507 1.0528605739476471e-05
4.750929738 1.0644680316800683e-05
4.75228097 1.1044585563171849e-05
4.753632201 1.1502076357094177e-05
4.7549834330000005 1.1948336678755713e-05
4.756334664 1.2216030548460854e-05
4.757685896 1.2398458384292695e-05
4.759037127 1.269459302961842e-05
4.760388358 1.2595230186038662e-05
4.76173959 1.2155274719418427e-05
4.763090821 1.1423046414650192e-05
4.764442053 1.0946560561355236e-05
4.765793284 1.0820960652736307e-05
4.767144516 1.0608241484077513e-05
4.768495747 1.0219224879844306e-05
4.7698469789999995 9.599950922148272e-06
4.77119821 9.283524018655363e-06
4.772549441 9.139941604550548e-06
4.773900673 8.822871020945318e-06
4.775251904 8.368016475678798e-06
4.776603135999999 7.812286157247048e-06
4.777954367 7.617349919923551e-06
4.779305599000001 7.713244076328046e-06
4.78065683 7.80686620154371e-06
4.782008061000001 7.983579480360403e-06
4.783359293 8.204352136223302e-06
4.784710524 8.524208980702897e-06
4.7860617560000005 8.726631250778446e-06
4.787412987 8.571616211280654e-06
4.788764219 8.340387533726289e-06
4.79011545 8.186075682344207e-06
4.791466682 8.108673432722375e-06
4.7928179129999995 7.729672021039812e-06
4.7941691440000005 7.185174290538004e-06
4.795520376000001 6.7755266016774536e-06
4.796871607 6.472891047276507e-06
4.798222839 6.384885212918103e-06
4.799574069999999 6.0536182014788246e-06
4.800925302 5.430660618397456e-06
4.802276533000001 4.912835427073125e-06
4.803627764 4.974745732501063e-06
4.804978996 5.136003331949986e-06
4.806330227 5.029816721449557e-06
4.807681459 4.816879983981587e-06
4.80903269 4.639804183146216e-06
4.810383922 4.6492924607044365e-06
4.811735153 4.701291878941378e-06
4.813086384999999 4.637315019601702e-06
4.814437616 4.3243001952984065e-06
4.815788846999999 4.277907079525241e-06
4.817140079 4.662410031916271e-06
4.818491310000001 5.068187126220265e-06
4.819842542 5.304103818098158e-06
4.821193773 5.317190125160888e-06
4.822545005 5.32646621938605e-06
4.8238962359999995 5.1769947406767765e-06
4.825247468 4.882359076691555e-06
4.826598699 4.4317206707043774e-06
4.82794993 3.860070227711942e-06
4.829301162 3.395461235658921e-06
4.830652393 3.0861051577014377e-06
4.8320036250000005 2.8546384834307862e-06
4.833354856 2.779061828229541e-06
4.834706088 3.153352329291345e-06
4.836057318999999 3.819116418733986e-06
4.83740855 4.565826887155383e-06
4.838759782 5.246436510701401e-06
4.840111013 5.96651504116453e-06
4.841462245 6.767921750277976e-06
4.842813476 7.691005776443844e-06
4.844164708 8.628976380739517e-06
4.845515939 9.18388244253197e-06
4.8468671709999995 9.54141801024943e-06
4.8482184020000005 9.829380562560589e-06
4.849569633 1.0061684679043415e-05
4.850920865 1.0155056881204106e-05
4.852272096 1.0067674688776079e-05
4.853623327999999 1.000293063877684e-05
4.854974559 1.0111555393908249e-05
4.856325791000001 1.0352683039470768e-05
4.857677022 1.0607070919832776e-05
4.859028253 1.0738991823348146e-05
4.860379485 1.0960346083113856e-05
4.861730716 1.131009056116471e-05
4.863081948 1.1572881549265962e-05
4.864433179 1.1628467293247045e-05
4.865784411 1.1352399999445061e-05
4.867135642 1.1082550941086213e-05
4.868486874 1.0928411388015428e-05
4.8698381049999995 1.0675562005585118e-05
4.8711893360000005 1.0252709711451716e-05
4.872540568000001 9.77487310151976e-06
4.873891799 9.574759054267988e-06
4.875243031 9.733225720633268e-06
4.876594261999999 9.778639608147975e-06
4.8779454939999995 9.618802731308539e-06
4.879296725000001 9.215628840627539e-06
4.880647956 8.979774640393502e-06
4.881999188 9.022877786967383e-06
4.883350419 9.016047584022141e-06
4.884701651 8.764583132560356e-06
4.8860528819999995 8.30972742938546e-06
4.887404114 8.109249888075001e-06
4.888755345 8.180933677635198e-06
4.890106576999999 8.238870481639703e-06
4.891457808 8.246416239702113e-06
4.892809038999999 8.174165324196102e-06
4.894160271 8.201768543564565e-06
4.895511502000001 8.304758667594026e-06
4.896862734 8.170572436521966e-06
4.898213965 7.880070038483093e-06
4.899565197 7.542871777914746e-06
4.900916428 7.636917393963136e-06
4.902267660000001 7.722320999583239e-06
4.903618891 7.631523915045564e-06
4.904970122 7.314219237111987e-06
4.906321354 7.071070335930958e-06
4.907672585 7.307864869554269e-06
4.9090238170000005 7.530233933096032e-06
4.910375048 7.585440518465589e-06
4.91172628 7.109277507653729e-06
4.913077511 6.649806286029318e-06
4.914428742 6.312440977514577e-06
4.915779974 6.172138924714956e-06
4.917131205 6.060375877677217e-06
4.918482437 5.655385137072979e-06
4.919833668 5.3439581894406094e-06
4.9211849 5.199988695689763e-06
4.922536131 5.37560677385607e-06
4.9238873629999995 5.54572708931248e-06
4.9252385940000005 5.724067398574908e-06
4.926589825 5.8804726482322985e-06
4.927941057 6.160629126054216e-06
4.929292288 6.467335389909228e-06
4.930643519999999 6.687063006396536e-06
4.931994751 6.7499489665807405e-06
4.933345983000001 6.633909470599924e-06
4.934697214 6.574315057897657e-06
4.936048445 6.711746076719347e-06
4.937399677 6.644416679758379e-06
4.938750908 6.288593194181322e-06
4.94010214 6.008824794098409e-06
4.941453371 5.9408508492550645e-06
4.942804603 6.1089119714151634e-06
4.944155834 6.093893419706926e-06
4.945507066 6.040568497358132e-06
4.9468582969999995 5.734423167093497e-06
4.9482095280000005 5.730937274540349e-06
4.949560760000001 5.874828031291945e-06
4.950911991 5.6239343397864114e-06
4.952263223 5.160450500454281e-06
4.953614453999999 4.601093994209103e-06
4.9549656859999995 4.386625507710025e-06
4.9563169170000005 4.278642327699346e-06
4.957668148 4.2920938818941255e-06
4.95901938 4.154428064650734e-06
4.960370611 3.971383171275295e-06
4.961721843 4.181040249723991e-06
4.9630730739999995 4.5489671432948e-06
4.964424306 4.901524429060456e-06
4.965775537000001 4.97302431259784e-06
4.967126769 4.861000911718636e-06
4.968478 4.66134769650467e-06
4.969829230999999 4.509551170982991e-06
4.971180463 4.397590311841201e-06
4.972531694000001 4.183217625733126e-06
4.973882926 3.890703101013724e-06
4.975234157 3.666556330764776e-06
4.976585389 3.7036004900181586e-06
4.97793662 3.7421311610312e-06
4.979287852000001 3.4162780203360037e-06
4.980639083 3.0318597660758756e-06
4.981990314 2.631595251149742e-06
4.983341545999999 2.311751034052637e-06
4.984692777 1.946781809441904e-06
4.986044009 1.6199172848342683e-06
4.98739524 1.3080834019735137e-06
4.988746472 1.2297132037618384e-06
4.990097703 1.6351740002522762e-06
4.991448934 2.1352697933290995e-06
4.992800166 2.5976350930105393e-06
4.9941513969999995 2.8822664009124616e-06
4.995502629 3.2449741796126978e-06
4.99685386 3.455659286094558e-06
4.998205092 3.543653629207386e-06
4.999556323 3.423824784514579e-06
5.0009075549999995 3.234479668294125e-06
5.0022587860000005 3.1004557338842635e-06
5.003610017 2.993239676435686e-06
5.004961249 3.1477034643185795e-06
5.006312479999999 3.171340169463195e-06
5.007663711999999 3.112129096732586e-06
5.009014943 3.0207346619046337e-06
5.010366175 3.1014702830067434e-06
5.011717406 3.2237918612520566e-06
5.013068637 3.086550674768147e-06
5.014419869 2.8744364148482723e-06
5.0157711 2.4960797954137686e-06
5.017122332 2.230477240926452e-06
5.018473563 2.086024204519159e-06
5.019824795000001 2.045113422130988e-06
5.021176026 1.7832473272175758e-06
5.022527258 1.5486780888357607e-06
5.0238784889999994 1.616862373279934e-06
5.0252297200000005 1.7877240299227764e-06
5.026580952000001 1.819929832229301e-06
5.027932183 1.6004074838124195e-06
5.029283415 1.3685242188029725e-06
5.030634646 1.1450501223448211e-06
5.031985878 1.2377344090285402e-06
5.033337109 1.3053334610424285e-06
5.034688341 1.3938823940880798e-06
5.036039572 1.4323834759871817e-06
5.037390803 1.5809958041685445e-06
5.038742035 1.910866042049092e-06
5.0400932659999995 2.171778216915898e-06
5.041444498 2.3823167753619067e-06
5.042795729000001 2.4117958770815347e-06
5.044146961 2.4026129451258652e-06
5.045498192 2.2522759758472314e-06
5.046849422999999 2.0973743848884747e-06
5.048200655 1.8282591060019416e-06
5.049551886000001 1.501515725846112e-06
5.050903118 1.2372356044887524e-06
5.052254349 1.0194499956834805e-06
5.053605581 8.222436411313237e-07
5.054956812 6.069179850069259e-07
5.056308044000001 3.69133707038053e-07
5.057659275 1.337482484110242e-07
5.059010506 2.2764283305801756e-08
5.060361737999999 7.097067620891188e-09
5.061712969 4.106797251220163e-08
5.063064201 4.1596263490177085e-08
5.064415432 4.148877736366918e-08
5.065766664 4.1380979465954864e-08
5.067117895 4.1272859004920315e-08
5.068469126 4.116440454962073e-08
5.069820358 4.104899314839318e-08
5.0711715889999995 3.779918514669786e-08
5.072522821 4.113007673588693e-09
5.073874052 3.4724786677215005e-09
5.075225284 3.4659374965199686e-09
5.076576515 3.5134550694715174e-09
5.0779277469999995 8.070758704106378e-09
5.0792789780000005 5.9217631712306493e-08
5.080630209 1.1069223534082046e-07
5.081981441 1.9106063528002061e-07
5.083332671999999 2.763848750399933e-07
5.084683904 3.3638439138869605e-07
5.086035135 3.683126838157646e-07
5.087386367 4.104391949483316e-07
5.088737598 4.764331233932944e-07
5.090088829 4.2789436436787907e-07
5.091440061 3.766800583285165e-07
5.092791292 3.008219812405889e-07
5.094142524 3.2147918010832713e-07
5.095493755000001 4.364313197659062e-07
5.096844987000001 6.31164102407656e-07
5.098196218 7.868834694773368e-07
5.09954745 7.600823932362437e-07
