microns throughput
2.0004663860000003 3.407102940112512e-12
2.002074478 3.030973667494527e-12
2.00368257 2.6893176011327684e-12
2.005290662 2.2621811078026778e-12
2.006898754 1.9617124968749504e-12
2.008506846 1.844577287064906e-12
2.010114938 1.6707222746953042e-12
2.01172303 1.3584045047075728e-12
2.013331122 1.1354068330443905e-12
2.014939214 1.4996107856676115e-12
2.016547306 1.7120940057041825e-12
2.018155398 1.5373815143191692e-12
2.01976349 1.0319784490818729e-12
2.021371582 7.660009615622575e-13
2.022979674 6.894569619980466e-13
2.0245877660000002 7.009888888605638e-13
2.026195858 5.765731690948965e-13
2.027803949 4.790612797242458e-13
2.029412041 3.2828017647585626e-13
2.031020133 2.1327031486181475e-13
2.032628225 1.0662587745418078e-13
2.034236317 5.956998818412272e-14
2.035844409 1.2548977654178409e-14
2.037452501 8.382493133345733e-14
2.039060593 2.3385595806496984e-13
2.040668685 2.428763198504468e-13
2.042276777 2.560073614810481e-14
2.0438848689999998 2.4536869179014817e-15
2.045492961 5.083928731716662e-15
2.047101053 1.1163640946114846e-13
2.0487091449999997 3.7907107027528534e-13
2.0503172370000002 5.616357932865889e-13
2.0519253290000004 8.870455278362295e-13
2.053533421 1.283128708976862e-12
2.055141513 9.544580762291678e-13
2.056749605 7.958258355025155e-13
2.058357697 7.430184118848065e-13
2.059965788 7.954337175374666e-13
2.06157388 9.243390024145603e-13
2.0631819719999998 1.0965425297959489e-12
2.064790064 1.1230618518918595e-12
2.066398156 1.0181853028765047e-12
2.068006248 7.344860094460816e-13
2.06961434 5.673219038659082e-13
2.071222432 6.055026067891491e-13
2.072830524 8.902214942394584e-13
2.074438616 8.975644970055804e-13
2.076046708 8.964620967084347e-13
2.0776548 1.7199904137174144e-12
2.079262892 2.0868372117888852e-12
2.080870984 2.4992450152480202e-12
2.0824790760000003 2.5500306098636483e-12
2.084087168 2.2706557666266606e-12
2.08569526 2.34616895145168e-12
2.0873033519999997 2.603712210697813e-12
2.088911444 3.287449074444549e-12
2.090519536 4.187414505003172e-12
2.092127627 4.382723978066053e-12
2.0937357189999997 4.625546817159627e-12
2.0953438110000002 3.1422802441558393e-12
2.0969519030000003 2.5952997900501865e-12
2.098559995 5.9254864883053015e-12
2.100168087 1.0834815361985444e-11
2.101776179 1.461224671201244e-11
2.103384271 1.730353360013291e-11
2.104992363 2.1202779687864498e-11
2.1066004549999997 2.5817255641010875e-11
2.1082085470000003 2.6545527204857183e-11
2.109816639 1.880549091540272e-11
2.111424731 9.337517925218231e-12
2.113032823 3.7959941134069565e-12
2.114640915 3.69604036174926e-12
2.116249007 4.902018815468441e-12
2.1178570989999996 4.2924566318194e-12
2.1194651909999997 2.3088921445827973e-12
2.1210732830000003 4.3959935942894773e-13
2.122681375 2.7447774563379956e-13
2.124289466 9.361999223024575e-13
2.125897558 5.345431712930082e-13
2.1275056500000002 1.8552196925789647e-13
2.129113742 1.4359949147120604e-13
2.130721834 1.3947464824465205e-13
2.1323299259999997 1.4388683837326758e-13
2.133938018 1.890434538306482e-13
2.1355461100000004 2.6028498126947876e-13
2.137154202 1.6198219484687758e-13
2.138762294 1.240338537610063e-13
2.140370386 1.2116235481258664e-13
2.141978478 1.1927149109615416e-13
2.14358657 1.181500130542842e-13
2.1451946619999998 1.1731343985947065e-13
2.146802754 1.6992161804041416e-13
2.1484108460000004 8.832000858198031e-13
2.150018938 1.9201045013418792e-12
2.15162703 1.185194944409306e-12
2.153235122 1.7858111287559819e-12
2.154843214 1.6683817647240086e-12
2.156451305 6.094638960906921e-13
2.158059397 1.9068621367796563e-13
2.159667489 1.4816803041771579e-13
2.161275581 2.1759258147070295e-13
2.1628836729999996 5.44285877571828e-13
2.164491765 5.78470394226905e-13
2.1660998570000003 6.299690833294209e-13
2.167707949 1.0087286658605595e-12
2.169316041 2.306307516004471e-12
2.170924133 1.5865979883006942e-12
2.172532225 3.66941148535205e-13
2.174140317 1.6394311253895023e-13
2.1757484089999997 2.5982005681853166e-13
2.177356501 1.0146535441287869e-12
2.1789645930000003 2.1525028995925566e-12
2.180572685 3.3974740328049446e-12
2.182180777 1.238314604771445e-12
2.183788869 3.6240181022489505e-13
2.185396961 2.708258030136425e-13
2.187005053 7.410102799775709e-13
2.1886131449999997 7.67629591563733e-12
2.1902212359999997 1.4606788805850154e-11
2.191829328 1.6995995761771685e-11
2.1934374200000004 2.0960461758080855e-11
2.195045512 2.700891941309815e-11
2.196653604 2.769749740465463e-11
2.198261696 2.6488685177991116e-11
2.199869788 2.6845311779783003e-11
2.20147788 1.6404376157122155e-11
2.203085972 7.355032462950304e-12
2.204694064 1.470039228752284e-12
2.206302156 5.214889856727548e-13
2.207910248 5.707453036252197e-13
2.2095183400000002 6.370174661874771e-13
2.211126432 7.353243807205263e-13
2.212734524 8.82184979248539e-13
2.2143426159999997 1.2626751173337616e-12
2.215950708 2.0209114784565985e-12
2.2175588 3.845759510141819e-12
2.219166892 7.421479922016045e-12
2.220774984 2.166802273363084e-11
2.222383075 6.793166777757475e-11
2.2239911670000003 1.2177337985367495e-10
2.225599259 1.7473975528045613e-10
2.227207351 4.708835339110094e-10
2.228815443 4.830226746049101e-10
2.230423535 3.636426809005159e-10
2.232031627 2.683306260244441e-10
2.2336397189999997 2.394158772826471e-10
2.2352478110000003 2.621048750706451e-10
2.236855903 3.8983271724914295e-10
2.238463995 6.76028736501473e-10
2.240072087 7.407426047464358e-10
2.241680179 8.638086491869473e-10
2.243288271 1.0224508405237562e-09
2.2448963629999996 1.193913581885147e-09
2.2465044549999997 1.1601484961252957e-09
2.2481125470000003 1.213227315931813e-09
2.249720639 1.2216219546807983e-09
2.251328731 1.0537968634627837e-09
2.252936823 1.1515448277134808e-09
2.2545449140000002 1.4299451833699773e-09
2.256153006 1.543835473753528e-09
2.257761098 1.1480675120500402e-09
2.2593691899999997 8.747894528627048e-10
2.260977282 6.505405252718548e-10
2.262585374 4.710707294249796e-10
2.264193466 3.321571328030207e-10
2.265801558 2.445900931778033e-10
2.2674096500000003 2.1152869741159076e-10
2.269017742 1.11145951374367e-09
2.270625834 1.6692296314699116e-09
2.2722339259999997 1.700264950295706e-10
2.273842018 3.0505990201668045e-10
2.2754501100000004 2.3923854549738635e-09
2.277058202 8.453305838480488e-09
2.278666294 1.1919353093975863e-08
2.280274386 1.044621078608773e-08
2.281882478 8.208213386934353e-09
2.28349057 7.1405094273684774e-09
2.285098662 1.026979315208575e-08
2.286706753 1.6410309701810613e-08
2.288314845 2.2064135501456195e-08
2.2899229369999996 3.82941086471392e-08
2.291531029 2.9046479396034878e-08
2.2931391210000003 2.6052303974461842e-08
2.294747213 2.2001981672514466e-08
2.296355305 2.1925961926879356e-08
2.297963397 2.675328211988121e-08
2.299571489 3.6328174105501926e-08
2.301179581 4.6449203527889604e-08
2.3027876729999996 5.314647991104671e-08
2.304395765 6.178660706353122e-08
2.3060038570000003 5.4296536328067035e-08
2.307611949 4.130878114484718e-08
2.309220041 3.345567424033245e-08
2.310828133 3.194670091549724e-08
2.312436225 3.800084484292204e-08
2.314044317 5.062445977001416e-08
2.3156524089999997 6.882520851392448e-08
2.3172605010000003 9.490094683504128e-08
2.318868592 1.1028254380883097e-07
2.3204766840000004 1.256676628140491e-07
2.322084776 1.517514034759088e-07
2.323692868 2.3224223672580014e-07
2.32530096 3.283062420512169e-07
2.326909052 4.5235926099298517e-07
2.328517144 6.168156336415939e-07
2.3301252359999998 6.543971870529846e-07
2.331733328 6.888041086908687e-07
2.33334142 7.38454261492925e-07
2.334949512 9.040272661398764e-07
2.3365576040000002 1.0213656332156714e-06
2.338165696 1.042224700564937e-06
2.339773788 1.077131535931225e-06
2.3413818799999997 1.1251238148573564e-06
2.342989972 1.1617654722603738e-06
2.344598064 1.3021894863794076e-06
2.346206156 1.5411975345560057e-06
2.347814248 1.8362444463964101e-06
2.3494223400000003 1.7475530684160003e-06
2.3510304310000003 1.6431818665192501e-06
2.352638523 1.6334991055754582e-06
2.354246615 1.6071440657364093e-06
2.3558547069999998 1.6249566956315345e-06
2.357462799 1.295334300976589e-06
2.359070891 1.1073792060055033e-06
2.3606789829999997 9.235418917770299e-07
2.3622870750000002 8.865287488148339e-07
2.363895167 8.758662658868538e-07
2.365503259 8.903252550314578e-07
2.367111351 9.291045894938269e-07
2.368719443 9.666422057758543e-07
2.370327535 9.698320149172478e-07
2.371935627 9.50847690323187e-07
2.3735437189999997 9.407154395039615e-07
2.3751518110000003 9.308578134540869e-07
2.376759903 1.020037183200623e-06
2.378367995 1.1904537178987022e-06
2.379976087 1.3842585844980998e-06
2.381584179 1.6114176470397569e-06
2.383192271 1.7833564435476898e-06
2.384800362 1.930593656729144e-06
2.3864084539999997 2.0940762660352134e-06
2.388016546 1.853183392363688e-06
2.389624638 1.7807857567941e-06
2.39123273 1.7622475876484528e-06
2.392840822 1.7581030591027143e-06
2.3944489140000003 1.8111340258926162e-06
2.396057006 1.920213698750004e-06
2.397665098 2.1048829336574053e-06
2.3992731899999997 2.432170890091821e-06
2.400881282 2.7798924861420393e-06
2.4024893740000004 2.81829412589351e-06
2.404097466 2.8366037080902323e-06
2.405705558 2.674180970606738e-06
2.40731365 2.5265952350138454e-06
2.408921742 2.437030015706254e-06
2.410529834 2.4355583009703245e-06
2.4121379259999998 2.4731079352891188e-06
2.413746018 2.4910334184587944e-06
2.41535411 2.21644939498444e-06
2.416962201 2.1380256650156294e-06
2.418570293 2.05260165628999e-06
2.4201783850000003 2.0426485658939425e-06
2.421786477 2.1452087493628402e-06
2.423394569 2.374548787747064e-06
2.425002661 2.808722169953295e-06
2.426610753 3.1405451480572214e-06
2.428218845 3.286691374839156e-06
2.4298269369999996 2.882921421892459e-06
2.431435029 2.5240675964102357e-06
2.4330431210000003 2.247335499268227e-06
2.434651213 2.1046279553328827e-06
2.436259305 2.816190042517528e-06
2.4378673969999998 2.864956240654789e-06
2.439475489 3.0202966168198264e-06
2.441083581 3.2912854366910885e-06
2.4426916729999997 3.6046916107496625e-06
2.4442997650000002 3.547486586077704e-06
2.4459078570000004 3.5197107469378994e-06
2.447515949 3.1863316164166235e-06
2.44912404 3.0108557649313037e-06
2.450732132 2.5433649961105214e-06
2.452340224 2.37299087359085e-06
2.453948316 2.5827249432084466e-06
2.455556408 2.839112084255889e-06
2.4571644999999998 2.8991695469770656e-06
2.458772592 3.201409895747679e-06
2.460380684 2.684724406333818e-06
2.461988776 2.1371156343358816e-06
2.463596868 2.132943677830333e-06
2.46520496 2.2387720007112473e-06
2.466813052 2.4947099410048967e-06
2.468421144 2.8827275023822545e-06
2.470029236 2.6525000838945113e-06
2.471637328 2.5736687779114385e-06
2.47324542 3.133395883330022e-06
2.474853512 3.933749901569802e-06
2.4764616040000003 4.72885838017012e-06
2.478069696 6.113010117267677e-06
2.479677788 6.233251694736769e-06
2.481285879 6.273146958450192e-06
2.4828939709999998 6.570534171523483e-06
2.484502063 5.280929632735954e-06
2.486110155 5.150896123197399e-06
2.4877182469999997 5.085174245763336e-06
2.489326339 5.033823709824905e-06
2.4909344310000003 5.006370193452502e-06
2.492542523 4.991373504602032e-06
2.494150615 4.508613212582395e-06
2.495758707 4.2346428055826784e-06
2.497366799 4.6657472903294334e-06
2.498974891 4.4941355035319e-06
2.499778162 3.029662923858318e-06
2.5011293930000003 3.9211685299125225e-06
2.502480624 3.88845311336772e-06
2.5038318559999997 5.496276518557255e-06
2.505183087 1.313352126809989e-06
2.506534319 3.516415915339358e-06
2.50788555 3.863716901522409e-06
2.509236782 3.6675801164362424e-06
2.510588013 4.104215709282994e-06
2.511939244 4.628649962189613e-06
2.5132904760000003 3.496316645658397e-06
2.514641707 3.5719908509264867e-06
2.515992939 3.873603031018165e-06
2.51734417 3.7820255686652444e-06
2.5186954019999996 6.433767667198587e-06
2.5200466329999998 5.939543757302823e-06
2.521397865 5.582377992403965e-06
2.522749096 3.93946437382825e-06
2.524100327 4.617606551145084e-06
2.525451559 5.12798498864286e-06
2.52680279 5.549419943857663e-06
2.5281540220000003 2.704420871876314e-06
2.529505253 4.054817625552446e-06
2.5308564849999997 1.990153726090588e-06
2.532207716 3.688591903788235e-06
2.533558948 3.564625893497325e-06
2.534910179 5.311833936606086e-06
2.5362614100000003 4.857882487993054e-06
2.537612642 5.2316733013297735e-06
2.538963873 6.139018773974428e-06
2.5403151050000004 1.2672907470578724e-06
2.5416663359999996 1.6697874601302657e-06
2.5430175680000002 3.344386805569939e-06
2.544368799 4.749942809276108e-06
2.54572003 1.4627612154005234e-06
2.547071262 3.495609370729869e-06
2.548422493 2.0062957634741124e-06
2.549773725 4.850881969719811e-06
2.551124956 6.34121675628099e-06
2.552476188 3.7459394440657403e-06
2.553827419 4.337261650991167e-06
2.5551786510000003 3.342249740594775e-06
2.556529882 3.4336839157981486e-06
2.557881113 4.380618755117067e-06
2.559232345 5.536223574675724e-06
2.560583576 3.729471409907826e-06
2.561934808 6.508894556706722e-06
2.5632860390000003 5.3121230353086945e-06
2.564637271 3.2264566961032046e-06
2.565988502 3.978264396533502e-06
2.567339733 5.208265025266393e-06
2.5686909649999996 3.78584852893907e-06
2.5700421959999997 2.540979799850354e-06
2.571393428 2.6474882335309427e-06
2.572744659 3.5676571611299836e-06
2.574095891 3.650296841354415e-06
2.575447122 3.3052028110659536e-06
2.576798354 4.042515915334196e-06
2.5781495850000002 4.758544967513338e-06
2.5795008160000004 4.2058997796815185e-06
2.580852048 3.901050577054047e-06
2.582203279 6.497730202181671e-06
2.583554511 4.013263957170055e-06
2.584905742 2.992527018092911e-06
2.586256974 4.366739355833584e-06
2.587608205 3.385127336236585e-06
2.588959437 4.678687778075468e-06
2.590310668 6.316995819443567e-06
2.591661899 4.94754678435771e-06
2.593013131 3.0228380902829425e-06
2.594364362 2.405078480157476e-06
2.5957155939999996 5.22616361497153e-06
2.5970668249999997 4.030187188219301e-06
2.598418057 4.519640462674887e-06
2.599769288 2.8975364739959962e-06
2.601120519 3.153532540044682e-06
2.602471751 2.281435186285018e-06
2.603822982 4.895544442585945e-06
2.6051742140000003 3.5065187484332968e-06
2.6065254450000004 1.9676611864022164e-06
2.607876677 2.680302036543117e-06
2.609227908 2.0319044241504495e-06
2.61057914 4.265596540509042e-06
2.611930371 4.7878238681514265e-06
2.613281602 3.4025379713614097e-06
2.614632834 3.5966966970700657e-06
2.615984065 4.0335244159987575e-06
2.617335297 3.401114552503752e-06
2.618686528 3.867231588523674e-06
2.62003776 4.419266944827318e-06
2.621388991 3.7894000683281926e-06
2.622740222 3.3541565948271335e-06
2.6240914539999998 3.5065737050893825e-06
2.625442685 3.0226898505170913e-06
2.626793917 4.405920406279644e-06
2.628145148 6.506984931439742e-06
2.62949638 7.459174052539157e-06
2.630847611 4.823862110816544e-06
2.6321988430000003 5.913620824201935e-06
2.6335500740000004 5.592934915136043e-06
2.634901305 4.977760184918817e-06
2.636252537 5.114944502916542e-06
2.637603768 6.1104978953791335e-06
2.6389549999999997 4.377298678625505e-06
2.640306231 2.2581513321048304e-06
2.641657463 2.0380978686034575e-06
2.643008694 5.123167458393176e-06
2.6443599250000003 5.037238457106069e-06
2.645711157 6.4122403068128896e-06
2.6470623879999997 5.010001031197899e-06
2.64841362 5.260041044536644e-06
2.649764851 3.897484141734917e-06
2.651116083 1.9779949715322014e-06
2.652467314 3.691049756542639e-06
2.653818546 3.0296040817149674e-06
2.6551697770000002 1.9013245129580594e-06
2.6565210080000004 1.8363685242480554e-06
2.65787224 3.5725105681998217e-06
2.659223471 5.709433965304322e-06
2.6605747030000004 3.623833347155389e-06
2.6619259339999997 3.1981189366570485e-06
2.663277166 4.617736411636176e-06
2.664628397 4.742884050128028e-06
2.6659796289999997 5.2320758377785094e-06
2.66733086 4.8049642417256005e-06
2.668682091 3.987343023487097e-06
2.670033323 2.9358354603153413e-06
2.6713845540000003 3.021757805648812e-06
2.672735786 3.974843931094261e-06
2.6740870169999997 4.554287072868397e-06
2.675438249 5.793408627589019e-06
2.67678948 5.7200804401821035e-06
2.678140711 5.198582273740793e-06
2.679491943 4.656743254811089e-06
2.680843174 3.912888986649826e-06
2.6821944060000003 6.115115914120311e-06
2.6835456370000004 5.401752468731066e-06
2.684896869 3.76530220445105e-06
2.6862481 4.193741694653727e-06
2.6875993319999996 3.758111923971956e-06
2.6889505629999997 4.82344423476025e-06
2.690301794 2.4048917405053786e-06
2.691653026 3.966928570465126e-06
2.693004257 3.6642224692036713e-06
2.694355489 4.2778069131686255e-06
2.69570672 3.887225608792166e-06
2.697057952 2.5955538852774703e-06
2.6984091830000003 3.1793124802226203e-06
2.699760414 3.2504009892986345e-06
2.7011116459999998 4.183599148283966e-06
2.702462877 4.327419726721421e-06
2.703814109 4.545089597965368e-06
2.70516534 3.611156422724713e-06
2.706516572 2.325705705692404e-06
2.707867803 3.6637059195969797e-06
2.7092190350000003 5.646173549661619e-06
2.7105702660000004 3.829400471890869e-06
2.7119214969999996 3.374693538855368e-06
2.713272729 3.7914007335404628e-06
2.71462396 2.456110842669108e-06
2.7159751919999997 1.836099197362386e-06
2.717326423 3.1668648824839946e-06
2.718677655 4.592677397731641e-06
2.720028886 3.1637669376307993e-06
2.7213801170000003 2.2043580702564906e-06
2.722731349 3.8009845605458505e-06
2.7240825799999997 3.990282466483253e-06
2.7254338120000003 4.045811271629221e-06
2.726785043 5.545166201133395e-06
2.7281362749999998 2.7739463034623756e-06
2.729487506 3.537834941202418e-06
2.730838738 3.704224162835572e-06
2.732189969 1.0064150075818357e-06
2.7335412000000003 1.0085382418925054e-06
2.734892432 1.0401828424512916e-06
2.736243663 2.2810540139688833e-06
2.737594895 3.1316216720959727e-06
2.7389461259999996 2.391054668614385e-06
2.740297358 1.6658086483889972e-06
2.741648589 1.773947272855525e-06
2.7429998209999997 4.908486302802461e-06
2.744351052 2.916979527944913e-06
2.745702283 2.5109252298543732e-06
2.747053515 3.479567040412597e-06
2.7484047460000003 2.8951915577247553e-06
2.749755978 3.85442176678155e-06
2.7511072089999997 4.252479347444809e-06
2.7524584410000004 2.5235064297197103e-06
2.753809672 1.5555356444960279e-06
2.755160903 2.2286002165110417e-06
2.756512135 2.6445449651867744e-06
2.757863366 1.6477543765167867e-06
2.7592145980000002 2.2638252832603205e-06
2.760565829 2.873465129763791e-06
2.761917061 2.961207714030126e-06
2.7632682920000002 2.4319837772114682e-06
2.764619524 1.5767080523844681e-06
2.7659707549999997 2.1904628982661224e-06
2.767321986 1.6856621543122955e-06
2.768673218 1.0903919451391555e-06
2.770024449 3.2286573170126244e-06
2.771375681 1.3616251892366932e-06
2.772726912 1.0455182340374105e-06
2.774078144 1.878388372050583e-07
2.7754293750000003 1.262472510949e-06
2.776780606 2.4311305875425098e-06
2.7781318379999997 4.6354259187754377e-07
2.779483069 1.3716680364795476e-08
2.780834301 1.1713959754165957e-08
2.782185532 2.495858887428916e-06
2.783536764 3.663599305691963e-07
2.784887995 3.025365632654118e-07
2.786239227 1.599238296352912e-06
2.787590458 1.2108813262074705e-06
2.788941689 1.65498272346295e-06
2.7902929210000003 7.577257948423977e-07
2.791644152 2.3078379096304598e-07
2.7929953839999997 7.426488959400923e-07
2.794346615 6.07602047593437e-08
2.795697847 1.1273193474896684e-06
2.797049078 2.0131443325095023e-06
2.7984003090000003 3.41160377685114e-07
2.799751541 2.529140658203529e-07
2.801102772 4.549976774336156e-09
2.8024540040000003 3.2191340935483436e-07
2.803805235 5.078091477353444e-07
2.8051564669999998 1.8711481035729389e-06
2.806507698 1.443145277222637e-06
2.80785893 1.6834807109040706e-06
2.8092101609999998 1.8513219790836536e-06
2.810561392 7.716288019627094e-07
2.811912624 4.479638322038838e-07
2.813263855 1.2894885040054415e-06
2.814615087 1.2816321852274302e-06
2.8159663179999996 1.1316446941402621e-06
2.8173175500000003 5.130431425104445e-07
2.818668781 1.6892752818003636e-06
2.8200200129999997 6.10950784113119e-07
2.821371244 5.737281898433104e-09
2.822722475 4.545942417949994e-09
2.824073707 6.390338921418248e-07
2.8254249380000003 9.185437984142919e-07
2.82677617 1.541415776843704e-06
2.828127401 8.348922212515049e-07
2.8294786330000004 8.189766016834564e-07
2.830829864 2.0440367453135636e-06
2.8321810949999997 1.74381181464256e-06
2.833532327 3.10656859079188e-07
2.834883558 7.272187779674048e-07
2.83623479 1.676446158379077e-06
2.837586021 1.5282910353466345e-06
2.838937253 2.4439052186540757e-08
2.8402884840000002 5.904626479036908e-07
2.841639716 4.943630101452168e-07
2.8429909469999997 7.557330088203931e-07
2.8443421779999998 7.230723892660443e-07
2.84569341 7.651671416709767e-07
2.847044641 4.806671537059385e-09
2.848395873 6.652512741864834e-08
2.849747104 3.019692996476777e-08
2.851098336 1.9984604972826172e-07
2.8524495670000003 6.603755524735468e-07
2.8538007980000004 8.851818865303215e-07
2.85515203 9.186376938410479e-08
2.856503261 4.472059036780329e-09
2.8578544929999996 4.467067535443705e-09
2.8592057239999997 2.3664109534453518e-08
2.860556956 1.5591094420849576e-07
2.861908187 4.449486241416037e-09
2.863259419 4.446376895615737e-09
2.86461065 6.179024780421993e-09
2.865961881 4.478423973519968e-09
2.8673131130000002 4.442770416805152e-09
2.868664344 4.440114243240487e-09
2.8700155759999997 4.9583827005498344e-09
2.871366807 5.863645708445377e-09
2.872718039 2.1799182172442985e-08
2.87406927 1.7505813489232283e-07
2.8754205010000002 2.1364815436746685e-08
2.876771733 4.428967140115757e-09
2.878122964 4.4274001791276415e-09
2.8794741960000003 2.8857065896866984e-07
2.8808254270000004 4.4242845478064495e-09
2.882176659 4.422684099623219e-09
2.88352789 4.421066082749557e-09
2.8848791219999996 4.419419716909532e-09
2.8862303529999997 1.2991808287599651e-08
2.887581584 4.410707692735323e-09
2.888932816 4.408895121401907e-09
2.890284047 4.407276770406399e-09
2.891635279 6.58984297142345e-07
2.89298651 9.095647690409869e-07
2.8943377420000003 3.3241288102778873e-07
2.895688973 4.338512690079307e-08
2.8970402049999997 4.4078766509308e-09
2.898391436 4.406594565992424e-09
2.899742667 3.6771214084193596e-07
2.901093899 5.914629241111399e-09
2.9024451300000003 4.399690298878469e-09
2.903796362 4.3965928765228975e-09
2.905147593 4.3933223590433475e-09
2.9064988250000003 1.072093250094662e-08
2.907850056 4.3862601974209805e-09
2.9092012869999997 4.382469480076836e-09
2.910552519 4.3758942186604385e-09
2.91190375 4.7525380570280255e-09
2.9132549819999998 1.2625692434031225e-07
2.914606213 4.209044808046549e-07
2.915957445 1.6048372795057133e-06
2.917308676 1.2960901438234924e-08
2.918659908 4.350617461924628e-09
2.920011139 4.34631139785361e-09
2.9213623699999998 4.340039520780344e-09
2.922713602 3.036245565337964e-07
2.924064833 8.125444608125143e-07
2.925416065 1.1952562920436767e-06
2.926767296 1.0625904468520161e-06
2.928118528 1.0306172087813878e-06
2.9294697590000003 3.387190911777665e-07
2.93082099 4.557724743969113e-09
2.932172222 7.658992462914902e-07
2.933523453 2.165517783208636e-06
2.934874685 1.473489525566665e-06
2.9362259159999997 2.532963953688326e-06
2.937577148 1.0248914365277909e-06
2.938928379 7.134485506560678e-07
2.940279611 1.7745401491973457e-06
2.941630842 3.265813787694406e-06
2.942982073 8.994544582773719e-07
2.9443333050000002 7.31715931219033e-07
2.9456845360000004 9.393064980515827e-07
2.947035768 1.3521090485965195e-06
2.948386999 1.117430190415522e-06
2.949738231 1.5138867804536612e-06
2.951089462 2.6782360653497555e-06
2.952440694 2.4406557180264057e-06
2.953791925 8.589455896542182e-07
2.955143156 1.4452941501295064e-06
2.956494388 1.9283758163275646e-06
2.957845619 1.0475529879470374e-06
2.959196851 8.669535914888594e-07
2.960548082 1.5101489717995204e-06
2.9618993139999996 1.953139575376006e-06
2.9632505449999997 1.4948644355640053e-06
2.964601776 7.423446852392503e-07
2.965953008 1.7109170620961362e-06
2.967304239 1.8690626775341585e-06
2.968655471 1.707186175627205e-06
2.970006702 1.3648949396966497e-06
2.9713579340000003 2.5934961075180985e-06
2.9727091650000004 1.4816078624345962e-06
2.974060397 8.286826827341135e-07
2.975411628 5.979072990649045e-07
2.976762859 1.4136363091811628e-06
2.978114091 1.4627222924962408e-06
2.979465322 2.716445599106309e-07
2.980816554 4.149032406854076e-07
2.982167785 1.5782851063906497e-06
2.983519017 5.270448211269779e-07
2.984870248 7.714622269825924e-08
2.9862214789999997 1.777102626676843e-08
2.987572711 1.290453250833436e-06
2.988923942 2.76310754022611e-06
2.9902751739999998 2.8849556845099944e-06
2.991626405 3.273013855501292e-06
2.992977637 3.755991150057377e-06
2.994328868 2.589444811682386e-06
2.9956801 1.1751913844322996e-06
2.997031331 7.274152340557086e-07
2.9983825619999998 1.3806343169772263e-06
2.9997337940000004 2.065310257281493e-06
3.001085025 2.6630778517309917e-06
3.002436257 2.8912057758185115e-06
3.003787488 3.4670063650214144e-06
3.0051387199999997 2.6025530442338266e-06
3.006489951 1.3263130120644347e-06
3.007841182 3.9536304574636154e-07
3.009192414 1.7096108562431697e-06
3.0105436450000003 2.926206792206596e-06
3.011894877 3.2123691219069458e-06
3.0132461079999997 3.086344887168808e-06
3.01459734 3.175030376125532e-06
3.015948571 3.5230753473812197e-06
3.017299803 3.4014292759013025e-06
3.018651034 3.003397199474623e-06
3.020002265 2.9098108722249738e-06
3.021353497 2.7598625498246853e-06
3.0227047280000003 2.2028020481873143e-06
3.02405596 1.309436041911386e-06
3.0254071909999998 1.8459168163072923e-06
3.0267584230000004 2.875983033846431e-06
3.0281096539999997 3.354552393021093e-06
3.029460886 2.920992973225841e-06
3.030812117 1.8424594327184999e-06
3.032163348 1.4589449296738432e-06
3.03351458 2.3097377896452314e-06
3.034865811 2.042599668123541e-06
3.036217043 1.3191233590695263e-06
3.0375682740000003 1.8744306938239266e-06
3.038919506 2.365384619796974e-06
3.0402707369999997 2.199356708063643e-06
3.041621968 2.7598724231359594e-06
3.0429732 3.126656584926561e-06
3.044324431 2.9478352231567383e-06
3.045675663 2.544868305291722e-06
3.047026894 2.5013508341812227e-06
3.0483781260000002 4.075597678633414e-06
3.0497293570000004 3.2197143231740515e-06
3.051080589 3.20153926061064e-06
3.05243182 2.3835625218264088e-06
3.053783051 2.4267546981775372e-06
3.0551342829999997 2.791081168964514e-06
3.056485514 2.773529983429263e-06
3.057836746 3.404399709949962e-06
3.059187977 3.1010849978265474e-06
3.060539209 3.392536980518665e-06
3.06189044 4.176526798449876e-06
3.063241671 4.422361650925943e-06
3.0645929030000003 3.988705298145287e-06
3.065944134 2.7776322864623033e-06
3.0672953659999997 2.1253749011555033e-06
3.068646597 2.5612700287197117e-06
3.069997829 2.9847431952501895e-06
3.07134906 3.1040723149336537e-06
3.072700292 3.0345441374159963e-06
3.074051523 3.276020692238703e-06
3.075402754 2.9585757003066377e-06
3.0767539860000004 3.912776916036522e-06
3.0781052169999996 4.6769026681910474e-06
3.079456449 4.525637551348366e-06
3.08080768 4.101896840379666e-06
3.0821589119999997 3.873477822191128e-06
3.083510143 3.7329776415452616e-06
3.084861374 5.127119035346703e-06
3.086212606 4.5105717100774854e-06
3.0875638370000003 5.015691636651541e-06
3.088915069 5.3015217437657565e-06
3.0902662999999997 5.0273860546875095e-06
3.0916175320000003 5.230039967365133e-06
3.092968763 6.196097430806731e-06
3.0943199949999998 5.966788572279646e-06
3.095671226 6.151885600169254e-06
3.097022457 7.163266908779774e-06
3.098373689 5.840433124361922e-06
3.0997249200000003 5.716418971941656e-06
3.101076152 8.242179487568446e-06
3.102427383 9.627273086562831e-06
3.103778615 9.103024223504717e-06
3.1051298459999996 7.801239848856334e-06
3.106481078 8.14921268588926e-06
3.107832309 8.974960656193506e-06
3.10918354 8.165151234100188e-06
3.110534772 8.975894450148389e-06
3.111886003 1.1926640937628333e-05
3.113237235 1.1293821930224072e-05
3.1145884660000003 9.770526108863361e-06
3.115939698 9.18835387990056e-06
3.1172909289999997 1.0096007695637933e-05
3.11864216 1.1799130549321448e-05
3.119993392 1.063640757842636e-05
3.121344623 9.387655992298281e-06
3.122695855 1.2792972732651662e-05
3.124047086 1.340225244441813e-05
3.1253983180000002 1.317784527806666e-05
3.126749549 1.2521954418625147e-05
3.128100781 1.3252680793542388e-05
3.1294520120000002 1.6738115774802785e-05
3.130803243 1.7867971307150477e-05
3.1321544749999997 1.907238420355771e-05
3.133505706 2.0125800429853442e-05
3.134856938 2.1579603898883487e-05
3.136208169 2.3424891454523265e-05
3.137559401 2.2114502150964902e-05
3.138910632 2.4623870437398657e-05
3.140261863 2.7331290530264404e-05
3.1416130950000003 2.8352711431711572e-05
3.142964326 2.8915056786809155e-05
3.1443155579999997 3.0975706044036625e-05
3.145666789 3.232016053536673e-05
3.147018021 3.166330971906468e-05
3.148369252 3.1729640257802146e-05
3.149720484 3.467097715356785e-05
3.151071715 3.6667402880978856e-05
3.152422946 3.7193440375150565e-05
3.153774178 3.781984057949908e-05
3.155125409 4.032203170280741e-05
3.1564766410000002 4.244262046891343e-05
3.157827872 4.331152085211847e-05
3.1591791039999997 4.338053827507085e-05
3.160530335 4.5287554411221523e-05
3.161881566 4.8841420115735754e-05
3.163232798 4.9546118354255287e-05
3.1645840290000002 4.997966098777203e-05
3.165935261 5.2277120497044e-05
3.167286492 5.5121091561279395e-05
3.1686377240000003 5.565515742311718e-05
3.169988955 5.8070291986841137e-05
3.1713401869999998 6.000413217957504e-05
3.172691418 5.920464501930443e-05
3.174042649 5.922730730218605e-05
3.1753938809999998 5.9975372266479206e-05
3.176745112 6.146859644686283e-05
3.178096344 6.514670143900134e-05
3.179447575 6.678913794327872e-05
3.180798807 6.578290618707049e-05
3.182150038 6.684773929265705e-05
3.1835012700000003 6.872050028573872e-05
3.184852501 6.684656901209118e-05
3.186203732 6.353842430341223e-05
3.187554964 6.530104147141494e-05
3.188906195 6.766955913165334e-05
3.190257427 6.764758991246531e-05
3.1916086580000003 6.66320321310011e-05
3.19295989 6.470594488525627e-05
3.194311121 6.700264735165403e-05
3.195662352 6.83230404319924e-05
3.197013584 6.905216196795042e-05
3.1983648149999997 6.878645080882193e-05
3.199716047 6.58331788566705e-05
3.201067278 6.430084274774693e-05
3.2024185099999998 6.519875854770499e-05
3.203769741 6.55225845264228e-05
3.205120973 6.458712916757773e-05
3.206472204 6.549315402293161e-05
3.207823435 6.85353688354446e-05
3.209174667 7.107549213055108e-05
3.2105258979999998 7.223306085184813e-05
3.21187713 7.285157051200162e-05
3.213228361 7.134665771997572e-05
3.214579593 7.180842384371338e-05
3.215930824 7.229836995732e-05
3.217282055 7.286314873336059e-05
3.2186332870000003 7.371033003799387e-05
3.2199845180000004 7.501210151174384e-05
3.22133575 7.598407833732363e-05
3.222686981 7.672777789405265e-05
3.2240382129999996 7.653983298506164e-05
3.2253894439999997 7.619395660800497e-05
3.226740676 7.675547343333753e-05
3.228091907 8.001377355377229e-05
3.229443138 8.531367492068613e-05
3.23079437 8.649573629764582e-05
3.232145601 8.649894769924068e-05
3.2334968330000002 8.658945801436138e-05
3.234848064 8.858714510536705e-05
3.2361992959999997 8.962423265863421e-05
3.237550527 9.18902615004401e-05
3.238901759 9.545060486978295e-05
3.24025299 9.839152982538959e-05
3.2416042210000002 9.99565592693878e-05
3.242955453 0.00010090234349531351
3.244306684 0.00010699736253585091
3.2456579160000003 0.00011165133879376719
3.2470091470000004 0.00011406979668968431
3.248360379 0.00011575994467833309
3.24971161 0.00011701375469575382
3.251062841 0.00012236136850714968
3.2524140729999997 0.00013051353170446772
3.253765304 0.00013661931106355408
3.255116536 0.00013967515183190032
3.256467767 0.00014465770430903332
3.257818999 0.0001506727025460015
3.25917023 0.00015603085230620433
3.2605214620000003 0.00016393996574043935
3.261872693 0.0001744869053451065
3.263223924 0.0001856683349592581
3.264575156 0.00019670569008753587
3.265926387 0.00020713207609879226
3.267277619 0.00021701115234931112
3.2686288500000003 0.00022933761568728417
3.269980082 0.00024477901652555315
3.271331313 0.000260921413072688
3.272682544 0.0002759903176453381
3.274033776 0.0002927681210498311
3.2753850069999997 0.0003135079186008798
3.276736239 0.00033540529036939286
3.27808747 0.0003603601160464082
3.2794387019999998 0.0003878153555429473
3.280789933 0.0004171021967209854
3.282141165 0.00045087280373822664
3.283492396 0.0004893772607846903
3.2848436270000003 0.0005314192773088736
3.286194859 0.0005761011883948712
3.2875460899999998 0.0006259343865124981
3.288897322 0.0006838642472830193
3.290248553 0.0007503910232563298
3.291599785 0.0008207743881776908
3.292951016 0.0008975369821204002
3.294302247 0.0009859847092074327
3.2956534790000003 0.0010836997951293704
3.29700471 0.0011902829119877537
3.298355942 0.0013093659474318774
3.299707173 0.001440744406672182
3.301058405 0.0015834202578680434
3.3024096359999997 0.0017383032192213135
3.303760868 0.0019074466111756473
3.305112099 0.002092925143745733
3.30646333 0.002291041286744708
3.307814562 0.0024978668400433075
3.309165793 0.0027189389948447545
3.3105170250000002 0.0029524364802260674
3.3118682560000003 0.00319654227745065
3.313219488 0.0034453392118493336
3.3145707189999998 0.003699511332321493
3.315921951 0.003952822930801679
3.317273182 0.004203166240511303
3.318624413 0.004452794381641369
3.319975645 0.004698647972279131
3.321326876 0.004935862148579228
3.322678108 0.005157960519269089
3.324029339 0.005367879897822323
3.325380571 0.005565860644798577
3.326731802 0.0057524693801193055
3.328083033 0.005927262687202424
3.3294342649999997 0.006091136054793819
3.330785496 0.006240054951813595
3.332136728 0.006378470508229344
3.333487959 0.0065113988346086156
3.334839191 0.006643062379938791
3.336190422 0.0067628426216774645
3.3375416540000002 0.006878736970224772
3.3388928850000004 0.006998297431056961
3.340244116 0.007117873280251862
3.341595348 0.007225941131896145
3.342946579 0.0073404365165831
3.344297811 0.007461244317458584
3.345649042 0.007589145305090302
3.347000274 0.00772254061871795
3.348351505 0.007868080806650997
3.3497027360000002 0.008028702825861666
3.351053968 0.008174451063975949
3.3524051989999997 0.008325746079761717
3.353756431 0.00849459560520617
3.355107662 0.008677137102258065
3.3564588939999997 0.00887091282792681
3.357810125 0.009081498198927066
3.359161357 0.009313626244251937
3.360512588 0.009601158826753702
3.3618638190000003 0.009972302553248638
3.363215051 0.010373923297764723
3.3645662819999997 0.01080967761212076
3.3659175140000004 0.011283811533579002
3.367268745 0.011800617827139238
3.368619977 0.012357202524961322
3.369971208 0.012959555483387113
3.371322439 0.013728055148239687
3.372673671 0.01457732900155968
3.374024902 0.015516555192872542
3.375376134 0.016515038597809124
3.3767273650000003 0.01760425763867026
3.378078597 0.018793798155656044
3.3794298279999997 0.020095078189189333
3.38078106 0.021442106852212456
3.382132291 0.022858964600402785
3.383483522 0.024407077703667852
3.384834754 0.026096416384019418
3.386185985 0.027945048761235793
3.387537217 0.02996788090172551
3.3888884480000003 0.03218794984506104
3.39023968 0.03460163263574949
3.3915909109999998 0.03714498467277857
3.3929421430000004 0.03992873415894527
3.3942933739999996 0.04298101343899609
3.3956446049999998 0.04631858182477076
3.396995837 0.04996178895122384
3.398347068 0.053942393520217305
3.3996983 0.05829045202129135
3.401049531 0.06303336584286934
3.402400763 0.0681994152329101
3.4037519940000003 0.0738228976803745
3.405103225 0.07994387010596096
3.4064544569999997 0.0865920646271269
3.407805688 0.09379749630715481
3.40915692 0.10160644177175138
3.410508151 0.11012713505112902
3.411859383 0.11920358995139944
3.413210614 0.12890994068221176
3.4145618460000002 0.13923611388997992
3.4159130770000004 0.1503293255982548
3.4172643079999996 0.16187793060422334
3.41861554 0.17394979838161773
3.419966771 0.1864591884673456
3.4213180029999997 0.19946442921779822
3.422669234 0.21275875907281933
3.424020466 0.22621923571443572
3.425371697 0.23971007918334333
3.4267229280000002 0.25304586889313607
3.42807416 0.2660256178544247
3.429425391 0.27858966139315344
3.4307766230000003 0.29055259548139784
3.432127854 0.3018244671040563
3.4334790859999997 0.3123724668978586
3.434830317 0.32201610810502146
3.436181549 0.3308291669948673
3.43753278 0.3387720206970857
3.4388840110000003 0.3458198485632361
3.440235243 0.35197015202366
3.441586474 0.3571097560008336
3.4429377060000004 0.36147065454533356
3.4442889369999996 0.36559498550426883
3.445640169 0.36869189809167646
3.4469914 0.37126460476893086
3.448342631 0.3735324868487577
3.449693863 0.3755072305313065
3.451045094 0.37707627687134204
3.452396326 0.3784415738097622
3.4537475570000002 0.3796120394014986
3.455098789 0.380635354966873
3.45645002 0.3815506250176053
3.4578012520000003 0.3824094576524746
3.459152483 0.38322976891350413
3.460503714 0.384168205964203
3.461854946 0.38532501781048556
3.463206177 0.3865102361140643
3.464557409 0.38775733687148983
3.4659086400000003 0.3890659420396785
3.467259872 0.39045055362776976
3.468611103 0.39191266123137014
3.469962335 0.39345492175718944
3.4713135659999996 0.39481506124531407
3.4726647969999997 0.396240820993582
3.474016029 0.39775542384839624
3.47536726 0.3993397068063266
3.476718492 0.4013230353162717
3.478069723 0.40316809179256685
3.479420955 0.4051295237421436
3.4807721860000003 0.40739441599352566
3.482123417 0.40956624280458087
3.483474649 0.4117738173336971
3.48482588 0.41402188081758073
3.486177112 0.4162959219672244
3.487528343 0.4185916522635904
3.488879575 0.4208877988509342
3.490230806 0.42319215917940867
3.491582038 0.4255842761693084
3.492933269 0.42793446066185215
3.4942845 0.43024950641251325
3.495635732 0.432516643270761
3.496986963 0.43472569537729244
3.4983381949999997 0.43687151033351024
3.4996894259999998 0.43892308600495034
3.501040658 0.44084969139844865
3.502391889 0.4426722410069308
3.50374312 0.44440257700748986
3.505094352 0.44604535416000557
3.506445583 0.4475859054559522
3.5077968150000003 0.44945580862987233
3.509148046 0.45090369265470504
3.5104992779999997 0.4524185377191513
3.511850509 0.45387621739993766
3.513201741 0.45495770777782113
3.514552972 0.4559338841872032
3.515904203 0.4568078116618908
3.517255435 0.457587745057165
3.518606666 0.4582922985191786
3.519957898 0.4588959091872532
3.521309129 0.45934836754462993
3.5226603610000002 0.4597327380960302
3.524011592 0.4600579662180515
3.5253628239999997 0.4603229228120652
3.526714055 0.46051540006165725
3.528065286 0.46065135870071994
3.529416518 0.46074307272659065
3.5307677490000002 0.46074647746990927
3.532118981 0.4607009630372101
3.533470212 0.46063427267304324
3.5348214440000003 0.4609916482299551
3.536172675 0.46099658211638883
3.537523906 0.4608948273023017
3.538875138 0.46079861668704947
3.540226369 0.46068298478514874
3.5415776009999997 0.46046375918551574
3.542928832 0.46075602577204267
3.544280064 0.4606330542201529
3.545631295 0.4605143896376956
3.546982527 0.4604351737430486
3.548333758 0.4603913412373387
3.5496849889999997 0.4604002706717424
3.551036221 0.46043758583450844
3.552387452 0.4610202555246705
3.553738684 0.4611384175003246
3.555089915 0.46130368075055755
3.556441147 0.461540672491642
3.5577923780000003 0.461839830881972
3.5591436090000004 0.46219619568717846
3.560494841 0.4626386267782976
3.561846072 0.46319739256647763
3.563197304 0.4638256614350713
3.5645485349999997 0.4645176973980979
3.565899767 0.465259972654573
3.567250998 0.4660529810201427
3.5686022299999998 0.46720856505473457
3.569953461 0.4683005530758331
3.571304692 0.46916335670045795
3.572655924 0.47005421445802287
3.574007155 0.470978485899905
3.575358387 0.47192059259075997
3.5767096179999998 0.4728775044082887
3.57806085 0.4743884581572386
3.579412081 0.47536580281317276
3.580763312 0.476313001490028
3.582114544 0.4772338321931931
3.583465775 0.47813523997952956
3.5848170070000003 0.4794840890913431
3.5861682380000004 0.4804588518251664
3.58751947 0.48130219542113917
3.588870701 0.48211730800361197
3.5902219329999996 0.4828728576147081
3.5915731639999997 0.4835283409336538
3.592924395 0.4841271155306902
3.594275627 0.4846623299524715
3.595626858 0.48515606418691104
3.59697809 0.48558385330674536
3.598329321 0.4859452107353752
3.5996805530000002 0.4862474994657181
3.601031784 0.486500128375283
3.602383016 0.4867097829594687
3.603734247 0.4872593108277605
3.605085478 0.4874620615431009
3.60643671 0.48745474135732314
3.607787941 0.48737386858118376
3.609139173 0.48722156017771723
3.610490404 0.4869844324735013
3.6118416360000003 0.48663647604336346
3.6131928670000004 0.48623456714396746
3.6145440979999997 0.4857733267492623
3.61589533 0.48524813662519195
3.617246561 0.4846833700232413
3.6185977929999997 0.4840706587512189
3.619949024 0.48392488433376557
3.621300256 0.48325317779467813
3.622651487 0.48251277454002606
3.624002719 0.4817543882754971
3.62535395 0.4809848294907503
3.6267051809999997 0.48019391827078217
3.628056413 0.47940119613568877
3.629407644 0.4785979466965072
3.630758876 0.4778247348773858
3.632110107 0.4770987269063563
3.633461339 0.4763791504912006
3.6348125700000002 0.4756763965688069
3.6361638010000004 0.47499901505700337
3.637515033 0.47433822621423816
3.638866264 0.47371144270132876
3.640217496 0.47313263647904624
3.6415687269999997 0.47266701501126557
3.642919959 0.4722674873789988
3.64427119 0.4719009076394959
3.6456224219999998 0.4715782675356326
3.646973653 0.471313064042683
3.648324884 0.4710908868651768
3.649676116 0.4712979001488702
3.6510273470000003 0.47142218843904937
3.652378579 0.47142628914524376
3.6537298099999997 0.47149852590141605
3.655081042 0.4716296271547121
3.656432273 0.4718128179477892
3.657783504 0.47206483399278143
3.659134736 0.47236957891364495
3.660485967 0.47269845161048185
3.6618371990000003 0.473038937919385
3.66318843 0.47342207672225517
3.664539662 0.4738616510983078
3.665890893 0.47435680739614383
3.667242125 0.47489323004460937
3.6685933559999997 0.47547938656525385
3.669944587 0.4766013724774999
3.671295819 0.4773430592771112
3.67264705 0.4780993418473088
3.673998282 0.478882997067878
3.675349513 0.47969460475758374
3.676700745 0.4805389342051767
3.6780519760000003 0.48139382870800007
3.679403208 0.4822654225459933
3.6807544389999998 0.4831531703261078
3.68210567 0.48403882485685124
3.683456902 0.4849804969705024
3.684808133 0.48592810291535665
3.686159365 0.48685704066937885
3.687510596 0.487786165206357
3.688861828 0.4886981216625723
3.690213059 0.4895708481115767
3.6915642899999996 0.4903328055912114
3.692915522 0.491072622512027
3.694266753 0.49235644422731184
3.6956179849999997 0.4930575927824734
3.696969216 0.49372187674865187
3.698320448 0.4943547514955783
3.699671679 0.4949614269689478
3.701022911 0.49552878285991514
3.702374142 0.49606569418779756
3.703725373 0.49656957978841615
3.7050766050000004 0.49703239019402323
3.706427836 0.4974687949417523
3.707779068 0.4978695886611825
3.709130299 0.49822987258933604
3.710481531 0.4985871896359473
3.711832762 0.4989507987686952
3.713183993 0.49927586411218733
3.714535225 0.4995738227334362
3.7158864560000002 0.49983592032521107
3.717237688 0.5000720369609526
3.7185889189999997 0.5002861345415911
3.719940151 0.5004685410423158
3.721291382 0.5006362038997907
3.7226426139999997 0.5007875820243535
3.723993845 0.5009075753766353
3.725345076 0.5010361630131914
3.726696308 0.5011618133300212
3.7280475390000003 0.501258562652527
3.729398771 0.5013454040068392
3.730750002 0.5014263848158909
3.7321012340000004 0.5014948350006079
3.733452465 0.5015555399859467
3.7348036959999997 0.5016002894497125
3.736154928 0.5022169014997024
3.737506159 0.5022520806480302
3.738857391 0.5022620977251375
3.740208622 0.5023553983497104
3.741559854 0.5027024777511799
3.7429110850000002 0.502578369699477
3.744262317 0.5024309026679208
3.7456135479999997 0.502261523419935
3.746964779 0.5020543984005613
3.748316011 0.5018186597541087
3.749667242 0.5015484405558603
3.751018474 0.5012158445762033
3.752369705 0.5008275720421123
3.753720937 0.5003764020100856
3.7550721680000003 0.49984556993288976
3.7564234 0.49923868761789103
3.757774631 0.4985352887715262
3.759125862 0.4977123842437043
3.7604770939999996 0.4967781166982884
3.7618283249999998 0.49571683807161016
3.763179557 0.4945056379500402
3.764530788 0.4931449828776846
3.76588202 0.4916106551668192
3.767233251 0.4898793514477943
3.768584482 0.4879578897242312
3.7699357140000003 0.48581955036965885
3.771286945 0.4834282806220098
3.7726381769999997 0.4807874567077429
3.773989408 0.4778751643042435
3.77534064 0.47466903263505555
3.776691871 0.4715415599284074
3.778043103 0.4678825261467787
3.779394334 0.46372268521348803
3.780745565 0.45926759199980716
3.7820967970000003 0.4544904931099558
3.7834480279999996 0.4493453346699946
3.7847992599999998 0.4438310894436705
3.786150491 0.4379302284401906
3.7875017229999997 0.43164441469252973
3.7888529539999998 0.42499061562337115
3.790204185 0.41794575371537995
3.791555417 0.41043567192859176
3.792906648 0.40257678055173074
3.79425788 0.394367810532936
3.795609111 0.38583024140126004
3.7969603430000003 0.37699314322208877
3.798311574 0.36786060736984894
3.7996628059999997 0.35845948666963545
3.801014037 0.34889850047250515
3.802365268 0.33912763006423285
3.8037165 0.3291495184962969
3.8050677310000003 0.3190192077489529
3.806418963 0.3087619601172493
3.807770194 0.2984190771561428
3.8091214260000004 0.28802255867852844
3.8104726569999996 0.27757951217442145
3.811823889 0.2671192005481801
3.81317512 0.2567014803671178
3.814526351 0.2463532001113094
3.815877583 0.23611166805209785
3.817228814 0.2260646095783525
3.818580046 0.21630189494533203
3.8199312770000002 0.2065219435239259
3.821282509 0.19695512912438978
3.82263374 0.1876139172429293
3.823984971 0.1785166478708983
3.825336203 0.16968112075036546
3.826687434 0.1611170240899602
3.828038666 0.1528344681635206
3.829389897 0.1448442733955925
3.830741129 0.1371471375481788
3.8320923600000003 0.12974506339276773
3.833443592 0.12264552012424071
3.834794823 0.11584998855712161
3.836146054 0.10935395651075716
3.8374972859999996 0.1031489219693546
3.8388485169999997 0.09732674159252286
3.840199749 0.09171285171035212
3.84155098 0.08636400622536763
3.842902212 0.08128657459563216
3.844253443 0.0764744594768558
3.845604674 0.07192029576743804
3.8469559060000003 0.06761223683366599
3.848307137 0.06353809243105406
3.849658369 0.05968950625191623
3.8510096 0.056058632681295545
3.852360832 0.05263767625399378
3.853712063 0.04941728738068512
3.855063295 0.04638749967217743
3.856414526 0.04353818656561602
3.857765757 0.040893298068131745
3.859116989 0.038375410761378154
3.86046822 0.035999535666998664
3.861819452 0.033771636003519664
3.863170683 0.03167986868377312
3.8645219149999996 0.029715007581868427
3.8658731459999998 0.027872820315067964
3.867224377 0.02614621106214925
3.868575609 0.02452633156131737
3.86992684 0.02300744657592073
3.871278072 0.021583640360123314
3.872629303 0.02024830645705227
3.8739805350000003 0.01899576475785971
3.875331766 0.017822979034078548
3.876682998 0.01672624181860744
3.878034229 0.015698900043482095
3.87938546 0.014733994089288464
3.880736692 0.013827255042386723
3.882087923 0.012977545896805259
3.883439155 0.012183192434553774
3.884790386 0.011438404889087192
3.886141618 0.010741379364692438
3.887492849 0.01009215931551318
3.8888440810000002 0.009484785028862994
3.890195312 0.00891207475438157
3.891546543 0.008372172038411348
3.892897775 0.007866413726357258
3.894249006 0.007394198248263681
3.895600238 0.006952347331427352
3.8969514690000002 0.0065372902327265735
3.898302701 0.006153665029407264
3.899653932 0.005786817186810514
3.9010051629999998 0.005444867405838051
3.902356395 0.005125351402490052
3.903707626 0.004825339895442491
3.905058858 0.004541958235179599
3.906410089 0.004273078459116288
3.9077613209999997 0.004019137126168493
3.909112552 0.0037808012463003164
3.910463784 0.0035581041234765158
3.911815015 0.003351289354650662
3.913166246 0.0031599842330692933
3.914517478 0.0029825770661644603
3.9158687089999997 0.0028131638546686835
3.917219941 0.0026509703372059636
3.918571172 0.002498598011245222
3.919922404 0.0023558419541756387
3.921273635 0.0022223085952212136
3.922624866 0.0020958759123755983
3.9239760980000002 0.0019756398854175864
3.9253273290000004 0.0018623002886326411
3.926678561 0.001755871485636616
3.928029792 0.0016553739193191036
3.929381024 0.0015610424459666556
3.9307322549999997 0.0014735160550705556
3.932083487 0.0013904846463886256
3.933434718 0.0013117915744415682
3.934785949 0.0012381435017244184
3.936137181 0.0011678555024299457
3.937488412 0.0011018361117738425
3.938839644 0.0010402840690980689
3.940190875 0.000982343681597933
3.941542107 0.0009282656607336231
3.9428933379999997 0.0008778714610929798
3.944244569 0.0008297288031356767
3.945595801 0.0007820843187699032
3.946947032 0.000738468686439445
3.948298264 0.0006984448062745182
3.949649495 0.0006589533700085664
3.9510007270000003 0.0006211816395071152
3.9523519580000004 0.0005863489148317707
3.95370319 0.000553792326537087
3.955054421 0.0005228484733115039
3.956405652 0.0004940117319104814
3.9577568839999997 0.00046666221676583907
3.959108115 0.0004401027439601068
3.960459347 0.00041625722147117165
3.961810578 0.00039287752921820596
3.96316181 0.0003686448300733204
3.964513041 0.0003454922107415587
3.965864273 0.0003244982058601697
3.967215504 0.00030554419647542354
3.968566735 0.00028839229058500457
3.9699179669999998 0.0002731847424354702
3.971269198 0.0002570393417579267
3.97262043 0.00023978888886363146
3.973971661 0.00022345005400178377
3.975322893 0.00020753480447592446
3.976674124 0.00019298556563804303
3.978025355 0.00018088862283025518
3.9793765870000004 0.00016981812738088386
3.9807278179999996 0.00015815811283872815
3.98207905 0.00014657287634471623
3.983430281 0.0001372959599515073
3.9847815129999997 0.00012877438028634152
3.986132744 0.00011982162231183916
3.987483976 0.0001104543466164574
3.988835207 0.00010239431095490379
3.9901864380000003 9.593765894940336e-05
3.99153767 9.059428344785834e-05
3.9928889009999997 8.483943898239386e-05
3.994240133 7.925212109331157e-05
3.995591364 7.366452952287363e-05
3.996942596 6.726121893141222e-05
3.998293827 6.130635970472228e-05
3.999645058 5.729997633198567e-05
4.00099629 5.434351124069209e-05
4.002347521 5.104807241997212e-05
4.003698753 4.7659197782994584e-05
4.005049984 4.621239176196672e-05
4.006401216 4.452179175805089e-05
4.007752447 4.060020857754061e-05
4.009103679 3.588015059662458e-05
4.01045491 3.14486439747829e-05
4.011806141 2.8337144916175546e-05
4.013157373 2.6906701412279345e-05
4.014508604 2.6372042543279383e-05
4.015859836 2.426208848915126e-05
4.017211067 2.1766246995560406e-05
4.018562299 2.0387669349067478e-05
4.01991353 1.8466661518161368e-05
4.021264761 1.5681172520277914e-05
4.022615993 1.253534107541218e-05
4.023967224 1.0606104556816824e-05
4.025318456 9.634754138795378e-06
4.026669687 1.093327931487367e-05
4.028020919 1.2827921025063231e-05
4.02937215 1.2303899618790688e-05
4.030723382 1.0091156154104633e-05
4.032074613 8.710984390963046e-06
4.033425844 8.740348619047851e-06
4.034777076 8.456146262178935e-06
4.036128307 7.1927799004368745e-06
4.037479539 5.641695636842757e-06
4.03883077 4.393364384256369e-06
4.040182002 4.262290781650273e-06
4.041533233 4.741994295536731e-06
4.042884465 4.4459393540112125e-06
4.044235696 2.992266452672063e-06
4.0455869269999996 2.2653594455191665e-06
4.046938159 3.2079325472337017e-06
4.04828939 3.6837282458074874e-06
4.049640622 2.8813063511790896e-06
4.050991853 1.9185720168749006e-06
4.052343085 1.0511518814354897e-06
4.053694316 1.2092645050228787e-06
4.055045547 2.047246652765328e-06
4.056396779 3.045713687348585e-06
4.05774801 3.402863411033444e-06
4.059099241999999 2.4323787798570123e-06
4.0604504729999995 1.282327771083054e-06
4.061801705 7.332028265742229e-07
4.063152936 8.907465581440406e-07
4.064504168 1.8688277547112304e-06
4.065855399 2.567328508480618e-06
4.06720663 2.996709839825516e-06
4.0685578620000005 2.955397713810658e-06
4.069909093000001 2.3068112514385745e-06
4.071260325 1.1880200759956324e-06
4.072611556 7.927654725473686e-07
4.073962788 5.886431755695334e-07
4.075314019 7.52846558418566e-07
4.07666525 1.2360397761642835e-06
4.078016482 1.7590860145386063e-06
4.079367713 1.7251333375893278e-06
4.080718945 1.4273425367436168e-06
4.082070176 1.3086939193503795e-06
4.083421408 1.34716794833429e-06
4.084772639 1.5117885192733327e-06
4.086123871 1.5785601596109924e-06
4.087475102 1.6608039143128148e-06
4.088826333 1.3532995954283456e-06
4.090177565 1.2731166957976495e-06
4.091528796 1.5922157075551629e-06
4.092880028 1.676801187829378e-06
4.094231259 1.919869480465369e-06
4.095582491 2.658248986272111e-06
4.096933722 3.6323389053890396e-06
4.098284953 4.156772677408367e-06
4.0996361850000005 4.706110922429981e-06
4.100987416 4.96723201108911e-06
4.102338648 4.809247253007025e-06
4.103689878999999 4.475091902577735e-06
4.105041110999999 4.320384668310476e-06
4.106392342 3.663328800544634e-06
4.107743574 2.5395807703664825e-06
4.109094805 2.393058121313334e-06
4.110446036 2.919048711038997e-06
4.111797268 3.728461498384295e-06
4.113148499 4.016032951617701e-06
4.1144997309999995 4.4260553947430195e-06
4.115850962000001 4.839225681042059e-06
4.117202194000001 4.9425390864030016e-06
4.118553425 4.9445829402061505e-06
4.119904657 5.089331747212905e-06
4.121255887999999 5.330476551249601e-06
4.122607119 5.411834384122667e-06
4.123958351000001 5.510669416883179e-06
4.125309582 5.206991495136762e-06
4.126660814 4.313425060631694e-06
4.128012045 3.1897410382979046e-06
4.129363277 2.675186784220051e-06
4.130714508 3.4619295787507187e-06
4.132065739 4.689881085186773e-06
4.133416971 5.707581633990945e-06
4.134768202 5.940977610889501e-06
4.136119434 5.578377462067466e-06
4.1374706649999995 5.729564565541647e-06
4.138821897 6.065715381902757e-06
4.140173128000001 6.055117982269156e-06
4.14152436 5.968275337347947e-06
4.142875591 6.252824625136246e-06
4.144226821999999 7.057232539051751e-06
4.145578054 7.059535947995499e-06
4.146929285000001 6.5784655172184735e-06
4.148280517 6.183232153926857e-06
4.149631748 6.107781910362731e-06
4.15098298 6.3042916450673645e-06
4.152334211 6.50166146081286e-06
4.153685442 6.340529326220253e-06
4.155036674 5.671395830722272e-06
4.156387905 4.744175963843021e-06
4.157739136999999 3.950162767520882e-06
4.159090368 3.8815817929538635e-06
4.1604416 4.378581182071492e-06
4.161792831 4.82297234121559e-06
4.163144063 4.919962195794551e-06
4.164495294 4.675389195439367e-06
4.165846525 4.5716394920042175e-06
4.167197757 4.398676092383168e-06
4.1685489879999995 3.562897527205257e-06
4.169900220000001 2.616281758836684e-06
4.171251451 2.0707474759946736e-06
4.172602683 2.4402516008436282e-06
4.173953914 2.889318587411244e-06
4.1753051459999995 2.9870964155144586e-06
4.1766563770000005 2.768352441790155e-06
4.178007608 2.3869622394433024e-06
4.17935884 1.982122408025044e-06
4.180710071 2.0557380200545323e-06
4.182061303 2.278784650180453e-06
4.183412534 2.4571171167967408e-06
4.184763766 2.6049859206695806e-06
4.186114997 3.1428063878947025e-06
4.187466228 3.927571494998171e-06
4.18881746 4.368749817229963e-06
4.190168691 4.4837377511599505e-06
4.1915199229999995 4.239028723944531e-06
4.1928711540000005 3.460794739845405e-06
4.194222386000001 1.7581890530852678e-06
4.195573617 9.498091442235532e-07
4.196924849 8.848410795603845e-07
4.198276079999999 1.3802738128319484e-06
4.199627311 1.4544969015275549e-06
4.200978543 1.4042135052057706e-06
4.202329774 1.5675913172097992e-06
4.203681006 1.581891232335185e-06
4.205032237 1.0907117196448994e-06
4.206383469 3.5482970897666907e-07
4.2077347 9.62574337123738e-09
4.209085931 5.6083723479911655e-09
4.210437163 1.0631998980816618e-08
4.211788394 6.250914141814073e-07
4.213139626 1.2328073899793629e-06
4.2144908569999995 1.110401278161278e-06
4.215842089 1.6611867059721268e-07
4.217193320000001 4.1797300024476344e-08
4.218544552 4.4154649699096706e-07
4.219895783 1.0601899022335067e-06
4.221247013999999 7.94921287278877e-07
4.2225982459999996 5.22382958406709e-08
4.223949477 5.597303759990643e-09
4.225300709 5.596129940867e-09
4.22665194 5.594946673063506e-09
4.228003171999999 5.593754699585428e-09
4.229354403 5.592554052350055e-09
4.2307056339999995 5.591368877592048e-09
4.232056866 5.590197756316586e-09
4.233408097000001 5.589020363375103e-09
4.234759329 5.587837561439965e-09
4.23611056 5.5866499627018496e-09
4.237461792 5.585458302359909e-09
4.238813023 5.584263098763455e-09
4.240164255 5.583052380492163e-09
4.241515486 5.5817476691809814e-09
4.242866717 5.585968841665765e-09
4.244217949 5.5855102429555675e-09
4.24556918 1.830711137645201e-08
4.246920412000001 1.313112790245677e-08
4.248271643 8.513911731222504e-09
4.249622875 4.9025993908463e-07
4.250974105999999 1.2142089875928133e-07
4.2523253379999995 3.136907317518064e-07
4.2536765690000005 7.266107910239976e-08
4.2550278 1.6137666925919134e-06
4.256379032 2.5456020633108914e-06
4.257730263 3.057862365074632e-06
4.259081495 3.911387346610751e-06
4.260432726 4.3083271543397465e-06
4.261783958 4.665599879648571e-06
4.263135189 3.6572011060896977e-06
4.26448642 3.148786294799788e-06
4.265837652 2.8542369460257436e-06
4.267188883 2.8267733037272244e-06
4.2685401149999995 2.2716013219460037e-06
4.2698913460000005 2.336247414173658e-06
4.271242578000001 3.0426962431995306e-06
4.272593809 4.3942603256587235e-06
4.273945041 5.3379708563923615e-06
4.275296271999999 6.409246022422428e-06
4.276647503 7.098179758246344e-06
4.277998735 7.1718497787222375e-06
4.279349966 6.6559066865501996e-06
4.280701198 7.152688047766718e-06
4.282052429 8.946348405649182e-06
4.283403661 9.415683938521678e-06
4.284754892 9.486195684661062e-06
4.286106123 1.0333887838194037e-05
4.287457355 1.0908731251174279e-05
4.288808586 1.130307332940783e-05
4.290159818 1.1981165437076272e-05
4.2915110489999995 1.3084495803242016e-05
4.292862281 1.315008395312032e-05
4.294213512000001 1.308494795606658e-05
4.295564744 1.3198509899665571e-05
4.296915975 1.4251303265560472e-05
4.298267206 1.3847075032010852e-05
4.299618438 1.3167111820965818e-05
4.300969669 1.3702272364895583e-05
4.302320901 1.584102316884907e-05
4.303672132 1.728619100285457e-05
4.305023363999999 1.715941544393507e-05
4.306374595 1.564728486300417e-05
4.3077258259999995 1.3773633865426007e-05
4.309077058 1.3449244622141678e-05
4.310428289000001 1.4583184875789684e-05
4.311779521 1.6902444418559996e-05
4.313130752 1.9468556602674484e-05
4.314481984 2.100295058198968e-05
4.315833215 2.2382023910506743e-05
4.317184447 2.3823049388952243e-05
4.318535678 2.498445236405058e-05
4.319886909 2.6127438109024904e-05
4.321238141 2.7045457558549652e-05
4.322589372 2.6054354457224868e-05
4.323940604000001 2.3920304459685966e-05
4.325291835 2.2345098632594686e-05
4.326643067 2.2634304522110362e-05
4.327994297999999 2.3190953661441198e-05
4.329345529999999 2.4473390357212938e-05
4.3306967610000004 2.61539238697651e-05
4.332047992 2.7190801873240872e-05
4.333399224 2.8376010913563714e-05
4.334750455 2.742556913738707e-05
4.336101687 2.6396284108616705e-05
4.337452918 2.6399524834177873e-05
4.33880415 2.6819995368521742e-05
4.340155381 2.6474399920260652e-05
4.341506612 2.7015724852886885e-05
4.342857844 2.7761003996699738e-05
4.344209075 2.7813099122901618e-05
4.3455603069999995 2.599651010330555e-05
4.3469115380000005 2.5665194071778842e-05
4.34826277 2.6836279293005063e-05
4.349614001 2.8155178093076223e-05
4.350965233 2.7431608506838256e-05
4.352316464 2.6099529211020426e-05
4.353667695 2.4731796984633936e-05
4.355018927 2.3925469643193027e-05
4.356370158 2.42257343979097e-05
4.35772139 2.6022638911764087e-05
4.359072621 2.8062744453082137e-05
4.360423853 2.9184422130465874e-05
4.361775084 2.760962597574276e-05
4.363126315000001 2.656748441796171e-05
4.364477547000001 2.625023441550244e-05
4.365828778 2.6226066893870627e-05
4.36718001 2.671475461164732e-05
4.3685312409999995 2.9126250154364354e-05
4.369882473 3.1859766902508337e-05
4.371233704 3.215283241078357e-05
4.372584936 2.9588070582955196e-05
4.373936167 2.7409445464300702e-05
4.375287398 2.6177251659482963e-05
4.37663863 2.647298538230336e-05
4.377989861 2.8079655486261003e-05
4.379341093 3.0213914868893516e-05
4.380692324 3.248398128508613e-05
4.382043555999999 3.0574390145195056e-05
4.383394787 2.980528641300333e-05
4.3847460179999995 2.9269562953188823e-05
4.38609725 3.078421334336772e-05
4.387448481000001 3.1821696909278406e-05
4.388799713 3.2241039723778003e-05
4.390150944 3.228556761820227e-05
4.391502176 3.274847201845421e-05
4.392853407 3.259539783093715e-05
4.394204639 3.23836121079526e-05
4.39555587 3.237140403671617e-05
4.396907101 3.233000221207893e-05
4.398258332999999 3.1282466186788645e-05
4.399609564 3.1081143168839607e-05
4.400960796000001 3.140480746601836e-05
4.402312027 3.1669001817705855e-05
4.403663259 3.158021264043266e-05
4.405014489999999 3.0599174602280506e-05
4.406365721999999 2.9642561262979796e-05
4.407716953 2.953588231085044e-05
4.409068184 2.882042109215456e-05
4.410419416 2.9167365614586777e-05
4.411770647 2.8814053821069508e-05
4.413121879 2.853223558865241e-05
4.41447311 2.842096030527481e-05
4.415824342 2.8254242377165993e-05
4.417175573000001 2.8901464589532752e-05
4.418526804 3.044812653845457e-05
4.419878036 3.2631342146712024e-05
4.421229266999999 3.261979504302937e-05
4.4225804989999995 3.1699152221619643e-05
4.4239317300000005 3.0441330092073608e-05
4.425282962 2.991387859807624e-05
4.426634193 3.022811270697131e-05
4.427985425 3.07155417114085e-05
4.429336656 3.114538757251085e-05
4.430687887 3.0682818583677515e-05
4.432039119 3.017970477963559e-05
4.43339035 2.9954597731327777e-05
4.434741582 3.0425804836173707e-05
4.436092813 3.0392411875791577e-05
4.437444045 2.932556813805839e-05
4.438795276 2.763330448802183e-05
4.440146507000001 2.6719076356795476e-05
4.441497739000001 2.735456581917113e-05
4.44284897 2.887273743695003e-05
4.444200202 3.1520426421565386e-05
4.445551432999999 3.323710629551786e-05
4.446902665 3.299275857503047e-05
4.448253896 3.204132547935512e-05
4.449605128 3.266071202358523e-05
4.450956359 3.2864537409116397e-05
4.45230759 3.2154520796344314e-05
4.453658822 2.8972665312837452e-05
4.455010053 2.7539809939052463e-05
4.456361285 2.7379484773747684e-05
4.457712516 2.771886032852556e-05
4.459063747999999 2.7336310441402284e-05
4.460414979 2.7190245542350303e-05
4.4617662110000005 2.8250872047953816e-05
4.463117442 2.927769509495135e-05
4.464468673000001 2.937605180540679e-05
4.465819905 2.9104993039727642e-05
4.467171136 2.7021717414328733e-05
4.468522368 2.5840599161080366e-05
4.469873599 2.6766777161135658e-05
4.471224831000001 2.916535059577535e-05
4.472576062 3.181958185512679e-05
4.473927293 3.3600606053344795e-05
4.475278524999999 3.406657034180987e-05
4.476629756 3.292402426998513e-05
4.4779809880000006 3.182342923753496e-05
4.479332219 3.0801216147050466e-05
4.480683451 3.01106512106755e-05
4.482034682 3.0058712580715093e-05
4.483385914 3.0344004910910338e-05
4.484737145 3.0858532647584874e-05
4.486088376 3.0461317670686247e-05
4.487439608 2.97086585983287e-05
4.488790839 2.853807974538366e-05
4.490142071 2.7632963165653796e-05
4.491493302 2.7117949415070722e-05
4.492844534 2.8416588540041294e-05
4.494195765000001 2.885021644302272e-05
4.495546996 2.9278621946072714e-05
4.496898228 2.796605657159157e-05
4.498249458999999 2.83282960918276e-05
4.4996006909999995 3.016993031697803e-05
4.5009519220000005 3.211394639842882e-05
4.502303154 3.255929130448624e-05
4.503654385 3.081533658491088e-05
4.505005617 2.8822610846789047e-05
4.506356848 2.741563864966525e-05
4.507708079 2.717732826083714e-05
4.509059311 2.7597237029490213e-05
4.510410542 2.851567117796507e-05
4.511761774 2.9706320972306262e-05
4.513113005 2.951333096458709e-05
4.514464237 2.941596208345056e-05
4.5158154679999996 2.8781735231951873e-05
4.517166699000001 2.829338876711279e-05
4.518517931 2.7453205606195504e-05
4.519869162 2.704606186191297e-05
4.521220394 2.8009214975735986e-05
4.522571624999999 2.9157507184283848e-05
4.523922857 2.9872466583916005e-05
4.525274088 2.8506668712499177e-05
4.52662532 2.7906234195825137e-05
4.527976551 2.8627485341128332e-05
4.529327782 2.975083797012571e-05
4.530679014 3.162946736491661e-05
4.532030245 3.255294994623542e-05
4.533381477 3.1100246504650205e-05
4.534732708 2.92504503126208e-05
4.53608394 2.7571879672105487e-05
4.537435171 2.690671018266711e-05
4.5387864030000005 2.7448423923981373e-05
4.540137634 2.8746128516331053e-05
4.541488865 2.954768500533086e-05
4.542840097 2.8501777293563225e-05
4.544191328 2.754908577866751e-05
4.5455425599999995 2.7083584136018078e-05
4.5468937910000005 2.7614798201562474e-05
4.548245023000001 2.8478394180786435e-05
4.549596254 2.9524615402700103e-05
4.550947485 3.0101357421353502e-05
4.552298716999999 3.009493826755299e-05
4.553649948 2.9693025940237803e-05
4.5550011800000005 2.865431081390891e-05
4.556352411 2.77385748914554e-05
4.557703643 2.7231077951528e-05
4.559054874 2.710706690467998e-05
4.560406106 2.716307420546197e-05
4.561757337 2.8707628486385298e-05
4.563108568 3.00155748892279e-05
4.5644598 3.0596055529714775e-05
4.565811031 3.0368022837055094e-05
4.567162263 2.9359353416307526e-05
4.568513493999999 2.8746676605012136e-05
4.569864726 2.8695549217515497e-05
4.571215957000001 2.9612850039776564e-05
4.572567188 3.0877863349687574e-05
4.57391842 3.2786512346182984e-05
4.575269650999999 3.3462959622699364e-05
4.5766208829999995 3.3246776974143444e-05
4.5779721140000005 3.215721047311071e-05
4.579323346 3.187919752440973e-05
4.580674577 3.158784654707238e-05
4.582025809 3.125166225797217e-05
4.58337704 2.9386178303946253e-05
4.584728271 2.82329028760629e-05
4.586079503 2.7705725479895484e-05
4.587430734 2.8044038203301963e-05
4.588781966 2.7685255216424163e-05
4.590133197 2.6691638006594773e-05
4.591484429 2.620891061533652e-05
4.5928356599999995 2.707194701568986e-05
4.5941868910000005 2.8965586701462537e-05
4.595538123 2.9149023242798377e-05
4.596889354 2.889572973186591e-05
4.598240586 2.869417806010052e-05
4.599591817 2.7995779568713272e-05
4.6009430490000005 2.7422266146040464e-05
4.60229428 2.7260872362687072e-05
4.603645512 2.770437251968195e-05
4.604996743 2.6915969426114865e-05
4.606347974 2.6654367556376475e-05
4.607699206 2.6079515556298688e-05
4.609050437 2.5929322276930032e-05
4.610401669 2.6529845570705753e-05
4.611752900000001 2.709840486344359e-05
4.613104132 2.7540315232152404e-05
4.614455363 2.683854322300552e-05
4.6158065950000005 2.6091541832074326e-05
4.617157826 2.5760235382718583e-05
4.618509057 2.5143151970167075e-05
4.619860289 2.4830211671075908e-05
4.62121152 2.523978066714467e-05
4.622562751999999 2.702751784305957e-05
4.6239139830000004 2.828019703340452e-05
4.625265215000001 2.9707297894035674e-05
4.626616446 2.970299607535752e-05
4.627967677 2.9081009519515105e-05
4.629318908999999 2.7922927327973414e-05
4.63067014 2.54735407902035e-05
4.6320213720000005 2.3709087264634652e-05
4.633372603 2.3106580732458506e-05
4.634723835 2.3872872644662197e-05
4.636075066 2.4501536082374782e-05
4.637426298 2.544561188190804e-05
4.638777529 2.5051022310049446e-05
4.64012876 2.479386601769448e-05
4.641479992 2.540687892593488e-05
4.642831223 2.728462227335581e-05
4.644182455 2.8984350027541557e-05
4.645533685999999 3.032653195501371e-05
4.646884918 2.9496840504604443e-05
4.648236149000001 2.8379340176205e-05
4.64958738 2.7372105246017926e-05
4.650938612 2.7535918853706094e-05
4.652289842999999 2.7548397755876224e-05
4.6536410749999995 2.797958825194464e-05
4.6549923060000005 2.7442302622018623e-05
4.656343538 2.6474193547683737e-05
4.657694769 2.519249404201161e-05
4.659046001 2.4522092055704124e-05
4.660397232 2.4148025211314668e-05
4.661748463 2.4704435665583666e-05
4.663099695 2.5766293645191188e-05
4.664450926000001 2.7078491272366704e-05
4.665802158 2.702092951054018e-05
4.667153389 2.6911146593851902e-05
4.668504621 2.6771835833895997e-05
4.6698558519999995 2.7902755102548165e-05
4.6712070830000005 2.9221090566581768e-05
4.672558315 3.0825641036963946e-05
4.673909546 3.0491036312611836e-05
4.675260778 2.8483535615875754e-05
4.676612009 2.5514943114722952e-05
4.6779632410000005 2.30789374360323e-05
4.679314472 2.1205204416107703e-05
4.680665704 2.1030821551759077e-05
4.682016935 2.114371066427854e-05
4.683368166 2.1639669210712935e-05
4.684719398 2.1429473842520296e-05
4.686070629 2.1909791296744254e-05
4.687421861 2.2865420366846162e-05
4.688773092 2.3708123291463645e-05
4.690124324 2.4206914477962266e-05
4.691475555 2.3508977009227823e-05
4.6928267869999996 2.341211664836745e-05
4.694178018 2.3843244313978813e-05
4.695529249 2.5402505791194922e-05
4.696880481 2.7010198299865105e-05
4.698231712 2.8313441380219434e-05
4.699582943999999 2.793940037680827e-05
4.700934175 2.791437113459151e-05
4.702285407000001 2.8958521975980345e-05
4.703636638 2.9968707727701928e-05
4.704987869 3.062039968674048e-05
4.706339100999999 3.000329004932473e-05
4.707690332 2.7817860709592718e-05
4.7090415640000005 2.6620923401275442e-05
4.710392795 2.6278309146106502e-05
4.711744027 2.661824390074292e-05
4.713095258 2.7665865042320442e-05
4.71444649 2.8384046922949306e-05
4.7157977209999995 2.8679197365755955e-05
4.717148952 2.8236054502996238e-05
4.718500184000001 2.736419767081913e-05
4.719851415 2.6976852148572816e-05
4.721202647 2.718288648532722e-05
4.722553877999999 2.7910003913433066e-05
4.72390511 2.8621918799693872e-05
4.725256341000001 2.839945804791287e-05
4.726607572 2.8371582314760064e-05
4.727958804 2.7994601918308494e-05
4.729310035 2.832605431806102e-05
4.730661267 2.9036267224873283e-05
4.7320124980000005 2.8950406174765075e-05
4.73336373 2.7424143182215464e-05
4.734714961 2.573226976327094e-05
4.736066193 2.4419602727263035e-05
4.737417424 2.3824386454908196e-05
4.738768654999999 2.3581604431762074e-05
4.740119887 2.372163235540365e-05
4.741471118000001 2.4571822964509642e-05
4.74282235 2.6879704048909445e-05
4.744173581 2.894664443598252e-05
4.745524813 3.0432222538937272e-05
4.7468760439999995 2.8878136064698723e-05
4.748227276 2.79956149029315e-05
4.749578507 2.6893330027078062e-05
4.750929738 2.6607401470053448e-05
4.75228097 2.6482314492223108e-05
4.753632201 2.5918448892636737e-05
4.7549834330000005 2.5973681831844528e-05
4.756334664 2.647314367724185e-05
4.757685896 2.689386144587797e-05
4.759037127 2.698907728461549e-05
4.760388358 2.6409509474059712e-05
4.76173959 2.5859565111290263e-05
4.763090821 2.5379948420014164e-05
4.764442053 2.554355524499836e-05
4.765793284 2.5983550684514917e-05
4.767144516 2.6971039498744888e-05
4.768495747 2.7556842184774557e-05
4.7698469789999995 2.7782003113688146e-05
4.77119821 2.58359031207519e-05
4.772549441 2.359668482509423e-05
4.773900673 2.1976310997965866e-05
4.775251904 2.2181730758094407e-05
4.776603135999999 2.2947011480457527e-05
4.777954367 2.4188483525429737e-05
4.779305599000001 2.5505859651025695e-05
4.78065683 2.6828931708843298e-05
4.782008061000001 2.687443612977342e-05
4.783359293 2.659612503216065e-05
4.784710524 2.579639007959339e-05
4.7860617560000005 2.60429713161838e-05
4.787412987 2.6680524575569014e-05
4.788764219 2.745851949551381e-05
4.79011545 2.6895343201980882e-05
4.791466682 2.5649357572414357e-05
4.7928179129999995 2.5074426080522685e-05
4.7941691440000005 2.5086670166261152e-05
4.795520376000001 2.6148927378022548e-05
4.796871607 2.663806104411281e-05
4.798222839 2.696817295876626e-05
4.799574069999999 2.4678588357276747e-05
4.800925302 2.328862994296758e-05
4.802276533000001 2.232876534329069e-05
4.803627764 2.2319946677742993e-05
4.804978996 2.3160336907509434e-05
4.806330227 2.4644452278285898e-05
4.807681459 2.629024670672881e-05
4.80903269 2.806993193869836e-05
4.810383922 2.8876107064620068e-05
4.811735153 2.9103710186168848e-05
4.813086384999999 2.6870369308538312e-05
4.814437616 2.4082419523345077e-05
4.815788846999999 2.0895340544660412e-05
4.817140079 1.949915685504378e-05
4.818491310000001 1.9419865961449065e-05
4.819842542 2.1162707230794034e-05
4.821193773 2.282814462140441e-05
4.822545005 2.3775584527777796e-05
4.8238962359999995 2.406121051794534e-05
4.825247468 2.4272240434933946e-05
4.826598699 2.4915666327850475e-05
4.82794993 2.5560147439791603e-05
4.829301162 2.56013350838229e-05
4.830652393 2.4649680224630723e-05
4.8320036250000005 2.3155055871829303e-05
4.833354856 2.2254704247440353e-05
4.834706088 2.2108253416055375e-05
4.836057318999999 2.2312705127926377e-05
4.83740855 2.270635163204694e-05
4.838759782 2.3069126665545164e-05
4.840111013 2.307931644493574e-05
4.841462245 2.299153569847915e-05
4.842813476 2.2408217171180785e-05
4.844164708 2.1811943074179593e-05
4.845515939 2.1214000084104978e-05
4.8468671709999995 2.060735124885041e-05
4.8482184020000005 1.9620448461786788e-05
4.849569633 1.8743258478178914e-05
4.850920865 1.7732865974757037e-05
4.852272096 1.670463801075116e-05
4.853623327999999 1.4826883459003448e-05
4.854974559 1.3462379197333443e-05
4.856325791000001 1.2951760197515941e-05
4.857677022 1.2623933948774767e-05
4.859028253 1.2175693101446922e-05
4.860379485 1.1143172441604505e-05
4.861730716 1.0667096662768852e-05
4.863081948 1.0959336312574123e-05
4.864433179 1.2135568619273765e-05
4.865784411 1.4637812206745977e-05
4.867135642 1.5305322617892087e-05
4.868486874 1.5734725280353037e-05
4.8698381049999995 1.5126911563286965e-05
4.8711893360000005 1.4628997974593863e-05
4.872540568000001 1.4328242469184126e-05
4.873891799 1.4062078306962225e-05
4.875243031 1.4136964164333831e-05
4.876594261999999 1.301105943259717e-05
4.8779454939999995 1.2307655310078475e-05
4.879296725000001 1.2066640117613127e-05
4.880647956 1.2361489468273042e-05
4.881999188 1.3592752049076355e-05
4.883350419 1.3464658010196571e-05
4.884701651 1.2134504148975412e-05
4.8860528819999995 1.0665599682918686e-05
4.887404114 9.812027017035575e-06
4.888755345 9.152651762981621e-06
4.890106576999999 9.085246608858282e-06
4.891457808 9.17211626090404e-06
4.892809038999999 9.301963442173022e-06
4.894160271 9.71279729244354e-06
4.895511502000001 1.0656928165026788e-05
4.896862734 1.1806873044602309e-05
4.898213965 1.2565457475130116e-05
4.899565197 1.1430085218935672e-05
4.900916428 1.045279033413311e-05
4.902267660000001 9.864822285351505e-06
4.903618891 1.0139045190216478e-05
4.904970122 1.0795303158693784e-05
4.906321354 1.084450693718039e-05
4.907672585 1.0744464894690833e-05
4.9090238170000005 1.0282606750966457e-05
4.910375048 1.006185761218608e-05
4.91172628 9.857787601404087e-06
4.913077511 9.51177383870681e-06
4.914428742 9.523796700555344e-06
4.915779974 9.22164449782988e-06
4.917131205 8.884831545580003e-06
4.918482437 8.382359272042733e-06
4.919833668 7.409585100102616e-06
4.9211849 6.604751211107228e-06
4.922536131 5.675264367372505e-06
4.9238873629999995 7.191340225431225e-06
4.9252385940000005 8.190752842520195e-06
4.926589825 8.712267026402923e-06
4.927941057 9.050520820235009e-06
4.929292288 9.355781556146902e-06
4.930643519999999 9.527480993158708e-06
4.931994751 9.41505807479642e-06
4.933345983000001 9.404425574057968e-06
4.934697214 8.225006351396089e-06
4.936048445 6.844161244927143e-06
4.937399677 5.4665983961868555e-06
4.938750908 4.772611409561094e-06
4.94010214 4.276137924988209e-06
4.941453371 3.903664707634227e-06
4.942804603 4.113530649181677e-06
4.944155834 4.6309740426930575e-06
4.945507066 4.805370969795123e-06
4.9468582969999995 4.804585629475197e-06
4.9482095280000005 4.267393009704402e-06
4.949560760000001 3.7548302300893122e-06
4.950911991 3.1396884836875837e-06
4.952263223 2.7382458878824694e-06
4.953614453999999 2.4295236497469343e-06
4.9549656859999995 2.204131031660456e-06
4.9563169170000005 2.9920065114229586e-06
4.957668148 3.868505734023081e-06
4.95901938 5.428669629652405e-06
4.960370611 5.93868007522485e-06
4.961721843 6.480742323916875e-06
4.9630730739999995 6.320107619845675e-06
4.964424306 6.0649964043347445e-06
4.965775537000001 5.814617923479442e-06
4.967126769 3.87935498137234e-06
4.968478 3.7274373494033655e-06
4.969829230999999 3.4587170726674443e-06
4.971180463 3.315780112956282e-06
4.972531694000001 3.2970411777257617e-06
4.973882926 3.820968523451447e-06
4.975234157 4.70389606338202e-06
4.976585389 4.824813951189437e-06
4.97793662 5.0433888827671535e-06
4.979287852000001 3.5905681526446315e-06
4.980639083 2.7616359248660017e-06
4.981990314 1.849585031964003e-06
4.983341545999999 1.067643252682617e-06
4.984692777 6.823991800195544e-07
4.986044009 7.359937382708328e-07
4.98739524 1.1123372241422523e-06
4.988746472 1.2495771896438717e-06
4.990097703 2.0314085693461982e-06
4.991448934 2.7221598020343705e-06
4.992800166 3.5373917273550766e-06
4.9941513969999995 4.059217089941979e-06
4.995502629 3.985022415780996e-06
4.99685386 3.7338023538169155e-06
4.998205092 2.9204163579285243e-06
4.999556323 2.347893190498228e-06
5.0009075549999995 1.9234581396130682e-06
5.0022587860000005 2.1368792041003397e-06
5.003610017 2.0991368734920416e-06
5.004961249 1.877775045831185e-06
5.006312479999999 2.14499570421272e-06
5.007663711999999 2.793711926421917e-06
5.009014943 3.1826846568000322e-06
5.010366175 2.8768783595811615e-06
5.011717406 2.6934707348088687e-06
5.013068637 2.5546922821249632e-06
5.014419869 2.406544619666997e-06
5.0157711 2.400905787589099e-06
5.017122332 2.026495486309428e-06
5.018473563 2.024833606142561e-06
5.019824795000001 1.4191227634667818e-06
5.021176026 1.1472327675605124e-06
5.022527258 1.256313985622503e-06
5.0238784889999994 1.8066733104784448e-06
5.0252297200000005 1.5848780508016528e-06
5.026580952000001 1.386098924314176e-06
5.027932183 1.1789097460917144e-06
5.029283415 1.0743277369289053e-06
5.030634646 9.962722004327502e-07
5.031985878 9.6943187552052e-07
5.033337109 9.326594187761608e-07
5.034688341 7.106297932992077e-07
5.036039572 1.2773031287215988e-06
5.037390803 1.3307734921819734e-06
5.038742035 1.0142740770905771e-06
5.0400932659999995 4.5839020172112733e-07
5.041444498 3.545448937967854e-07
5.042795729000001 4.408184891889649e-07
5.044146961 6.277424149585486e-07
5.045498192 1.0637221898899508e-06
5.046849422999999 1.2962788656367573e-06
5.048200655 1.431438853840603e-06
5.049551886000001 1.0297287633813303e-06
5.050903118 6.290406547977313e-07
5.052254349 3.103357806151365e-07
5.053605581 2.0491085035488747e-07
5.054956812 1.9841738754558617e-07
5.056308044000001 2.927473869820753e-07
5.057659275 4.502632804771756e-07
5.059010506 4.3619740968785256e-07
5.060361737999999 3.7434862555986506e-07
5.061712969 5.919295489078709e-07
5.063064201 2.8458292622944723e-06
5.064415432 3.3696919054393177e-06
5.065766664 3.8732886915731215e-06
5.067117895 2.9229014357016637e-06
5.068469126 1.8944402943341012e-06
5.069820358 1.1348196749147616e-06
5.0711715889999995 5.441839615320876e-07
5.072522821 3.9130871841587135e-07
5.073874052 3.9909711778860784e-07
5.075225284 6.773105973766504e-07
5.076576515 7.31371354260944e-07
5.0779277469999995 1.3734472309953648e-06
5.0792789780000005 5.851735887699733e-07
5.080630209 1.4739502891386068e-06
5.081981441 1.2564199297333333e-06
5.083332671999999 4.5248189629533994e-07
5.084683904 2.863246387632765e-07
5.086035135 4.0645523668375224e-07
5.087386367 7.87877740998276e-07
5.088737598 9.414973983324561e-07
5.090088829 6.870183786522296e-07
5.091440061 2.879387262459626e-07
5.092791292 1.0659436636208471e-07
5.094142524 9.230011001094528e-09
5.095493755000001 3.6109188953843978e-09
5.096844987000001 2.9490928870539448e-08
5.098196218 3.8111589039323826e-07
5.09954745 5.179471317511317e-07
