microns throughput
2.0004663860000003 4.012271811659251e-15
2.002074478 4.932156378292938e-16
2.00368257 1.8427814051356314e-16
2.005290662 6.50783339479611e-16
2.006898754 3.801762266534491e-15
2.008506846 3.960268798811986e-15
2.010114938 4.9834195375090085e-15
2.01172303 9.122334941119598e-15
2.013331122 1.5524427506190227e-14
2.014939214 2.296570588983129e-14
2.016547306 3.0356420390612805e-14
2.018155398 3.5570320167763173e-14
2.01976349 3.924007822478285e-14
2.021371582 4.1596506401251915e-14
2.022979674 4.1547379047852917e-14
2.0245877660000002 3.8915849196034014e-14
2.026195858 3.802496880062107e-14
2.027803949 3.800023054402485e-14
2.029412041 3.662050222978251e-14
2.031020133 3.456677950415311e-14
2.032628225 3.341331119942893e-14
2.034236317 3.2357931470597637e-14
2.035844409 3.094097496265813e-14
2.037452501 2.929765254168288e-14
2.039060593 2.519000603853218e-14
2.040668685 2.0953196415607582e-14
2.042276777 1.557549123981401e-14
2.0438848689999998 1.1092648243055703e-14
2.045492961 5.924941749041889e-15
2.047101053 2.830396724190011e-15
2.0487091449999997 2.220017703538768e-15
2.0503172370000002 2.2306401296545526e-15
2.0519253290000004 7.890058931366416e-16
2.053533421 3.3109025105493183e-16
2.055141513 3.966325680656897e-16
2.056749605 9.31238164390007e-16
2.058357697 8.125183472015068e-16
2.059965788 4.818700804174479e-16
2.06157388 2.6543338272425313e-16
2.0631819719999998 1.5011439790337903e-16
2.064790064 2.418828882853022e-16
2.066398156 7.66391490903804e-16
2.068006248 2.4187254940385624e-16
2.06961434 7.870601272382257e-18
2.071222432 9.165932169117965e-18
2.072830524 3.780716724624522e-16
2.074438616 1.0876114702802804e-15
2.076046708 2.574743397726702e-16
2.0776548 2.135980639366962e-16
2.079262892 9.054651608305968e-16
2.080870984 3.234803277049772e-15
2.0824790760000003 2.08390606001927e-15
2.084087168 1.8439086980972366e-15
2.08569526 2.2984885474671584e-15
2.0873033519999997 3.659544884359412e-15
2.088911444 5.358060282171077e-15
2.090519536 6.563730293417858e-15
2.092127627 1.1827272402567167e-15
2.0937357189999997 5.629700842145517e-16
2.0953438110000002 1.7410715927698155e-15
2.0969519030000003 1.1915567134793483e-14
2.098559995 3.8853610215922285e-15
2.100168087 2.1462755736265212e-15
2.101776179 3.6301190872330626e-15
2.103384271 1.7147538869012016e-14
2.104992363 2.405621888332535e-14
2.1066004549999997 1.5833410973216593e-14
2.1082085470000003 1.687130552856951e-14
2.109816639 2.5731888335311426e-14
2.111424731 3.3740267464440204e-14
2.113032823 3.123557261453807e-14
2.114640915 1.4935242495664164e-14
2.116249007 2.998346331544622e-15
2.1178570989999996 1.8539420308107545e-15
2.1194651909999997 8.509153770786262e-15
2.1210732830000003 8.851694952415225e-14
2.122681375 2.6026016051712572e-15
2.124289466 7.474111572234896e-17
2.125897558 7.309933170893487e-16
2.1275056500000002 2.2064835658190353e-14
2.129113742 1.8321959035200228e-14
2.130721834 9.399449539899131e-15
2.1323299259999997 1.0059114877390847e-14
2.133938018 2.0501365737298803e-14
2.1355461100000004 5.045569964017622e-14
2.137154202 4.167584568213038e-14
2.138762294 3.1293701196007115e-14
2.140370386 1.449695120135171e-14
2.141978478 1.0380084590575221e-14
2.14358657 1.535083087550923e-14
2.1451946619999998 3.17424330325305e-14
2.146802754 1.0109357828705087e-14
2.1484108460000004 3.1509366997957955e-15
2.150018938 3.079582498704675e-15
2.15162703 9.928582352660627e-15
2.153235122 1.516587872124019e-14
2.154843214 5.197012124908721e-16
2.156451305 3.977292265540192e-17
2.158059397 1.0405901368659726e-15
2.159667489 2.9557890185255215e-14
2.161275581 2.1941783593830694e-14
2.1628836729999996 1.368400002910615e-14
2.164491765 6.528002330631723e-15
2.1660998570000003 4.297849118135911e-15
2.167707949 7.919867901153186e-15
2.169316041 1.1484871126468463e-14
2.170924133 1.4293904811465158e-14
2.172532225 7.763107047009407e-16
2.174140317 4.353541888438385e-17
2.1757484089999997 7.289065627737856e-16
2.177356501 2.3464335202854857e-14
2.1789645930000003 9.371538546967628e-15
2.180572685 3.1653437469597886e-16
2.182180777 1.243918780417729e-16
2.183788869 3.2723640899502176e-15
2.185396961 5.516180260887929e-14
2.187005053 1.972031492374795e-14
2.1886131449999997 1.7037022219342237e-14
2.1902212359999997 1.6861076025835765e-14
2.191829328 2.2602685683760502e-14
2.1934374200000004 4.435800552938932e-14
2.195045512 4.626296774865394e-14
2.196653604 2.7990187460099974e-14
2.198261696 1.5610998979644254e-15
2.199869788 9.325693552112634e-17
2.20147788 1.3143484293990912e-15
2.203085972 3.819241033384334e-14
2.204694064 2.7077805712209696e-14
2.206302156 1.1190627893110812e-15
2.207910248 2.2042392970100448e-16
2.2095183400000002 5.941378108248318e-15
2.211126432 1.6170213932918568e-13
2.212734524 1.39613198794497e-14
2.2143426159999997 6.650368384086844e-16
2.215950708 6.929341689443765e-16
2.2175588 1.3842546712040007e-14
2.219166892 1.415979877876409e-13
2.220774984 1.242503375028461e-13
2.222383075 1.9404442937339887e-13
2.2239911670000003 1.0363159619971618e-13
2.225599259 6.764842578242838e-14
2.227207351 7.615401243435241e-14
2.228815443 1.792744991420071e-13
2.230423535 7.483880997035068e-13
2.232031627 9.058000773796796e-14
2.2336397189999997 2.4236480927074816e-14
2.2352478110000003 4.8960983142783565e-14
2.236855903 2.7767621309513446e-13
2.238463995 6.478552957445957e-13
2.240072087 1.454912545231998e-13
2.241680179 5.798621520133406e-14
2.243288271 6.061562403554999e-14
2.2448963629999996 3.44881263461167e-13
2.2465044549999997 7.597892257065598e-13
2.2481125470000003 5.524174309612934e-13
2.249720639 4.950223042101876e-13
2.251328731 4.0446639585128865e-13
2.252936823 4.536860686327888e-13
2.2545449140000002 7.630518909716804e-13
2.256153006 1.3989473693630922e-12
2.257761098 1.883266074547375e-12
2.2593691899999997 2.7161668320021694e-13
2.260977282 7.456325434596871e-14
2.262585374 2.288810436488898e-13
2.264193466 1.8001698510664809e-12
2.265801558 3.3315232808126973e-12
2.2674096500000003 1.5971292173696583e-13
2.269017742 8.060685852566788e-15
2.270625834 7.123019597513097e-14
2.2722339259999997 1.3975485932343028e-12
2.273842018 2.6893987158867564e-12
2.2754501100000004 5.628404312486084e-13
2.277058202 3.0032110216222554e-13
2.278666294 5.697501894586355e-14
2.280274386 2.1826452233500436e-13
2.281882478 8.885614076111886e-13
2.28349057 1.1711107647717274e-12
2.285098662 4.64605525672724e-12
2.286706753 1.5714387573651973e-12
2.288314845 2.562672955262959e-12
2.2899229369999996 1.4999975793521776e-12
2.291531029 6.831490502766619e-13
2.2931391210000003 1.3427822580623442e-11
2.294747213 9.805523824591402e-13
2.296355305 1.713100505887634e-12
2.297963397 4.713418289346093e-12
2.299571489 2.5583040080214636e-12
2.301179581 1.4338744673391398e-11
2.3027876729999996 6.462600822556971e-12
2.304395765 5.949683977484368e-12
2.3060038570000003 7.864995574356907e-12
2.307611949 8.501237757975231e-12
2.309220041 1.3011125329410171e-11
2.310828133 1.0168965224001028e-11
2.312436225 9.87156012638435e-12
2.314044317 7.652156752546434e-12
2.3156524089999997 1.3006878990261535e-12
2.3172605010000003 1.0442460125979113e-11
2.318868592 1.0758046084339151e-11
2.3204766840000004 1.9489269370586498e-11
2.322084776 6.982231123298195e-11
2.323692868 5.872579686966963e-12
2.32530096 1.5906489287516118e-11
2.326909052 1.464521754378246e-11
2.328517144 1.6702664222063205e-11
2.3301252359999998 3.3510071072784105e-10
2.331733328 1.011194021722077e-10
2.33334142 7.17404546916249e-11
2.334949512 5.979320482128652e-11
2.3365576040000002 5.4069554661824334e-11
2.338165696 1.520142368482696e-10
2.339773788 1.4310583452522375e-10
2.3413818799999997 1.1555046009549183e-10
2.342989972 9.102718984106178e-11
2.344598064 4.378663098603121e-11
2.346206156 3.9515771982882336e-11
2.347814248 4.840998896192632e-11
2.3494223400000003 8.395071903541245e-11
2.3510304310000003 2.7032538653906776e-10
2.352638523 3.817535306275998e-11
2.354246615 2.7578975865427255e-12
2.3558547069999998 6.445463205165932e-13
2.357462799 1.0013216417612625e-11
2.359070891 1.6266942697461804e-10
2.3606789829999997 2.310432470578646e-10
2.3622870750000002 7.500039811582463e-11
2.363895167 3.6555131948287404e-11
2.365503259 6.347516278108563e-11
2.367111351 1.7003065452098966e-10
2.368719443 5.029188251004015e-10
2.370327535 2.283434462204143e-10
2.371935627 1.9821919038395485e-10
2.3735437189999997 1.3743485581062896e-10
2.3751518110000003 1.0669195322078276e-10
2.376759903 1.445152931719833e-10
2.378367995 1.8805821147805485e-10
2.379976087 2.525289571092022e-10
2.381584179 3.908434912378343e-10
2.383192271 7.891055071667772e-11
2.384800362 5.599577802765244e-11
2.3864084539999997 1.396685540163398e-10
2.388016546 1.1823727829974346e-10
2.389624638 2.364774041586198e-10
2.39123273 8.434378891950508e-11
2.392840822 6.485907276497469e-12
2.3944489140000003 5.72608583539523e-13
2.396057006 4.495523819562589e-12
2.397665098 6.401385215679389e-11
2.3992731899999997 4.2819185741289204e-10
2.400881282 2.8472163709182953e-11
2.4024893740000004 2.090415904204674e-12
2.404097466 9.74443832952178e-13
2.405705558 1.0176823788408034e-11
2.40731365 1.2579225591418308e-10
2.408921742 3.385469945330786e-10
2.410529834 3.720022245346295e-10
2.4121379259999998 4.996804420506981e-10
2.413746018 6.29903820664786e-11
2.41535411 4.894877658362471e-12
2.416962201 5.125867597780655e-13
2.418570293 7.576059958374315e-12
2.4201783850000003 1.121005359668858e-10
2.421786477 4.242394405401413e-10
2.423394569 2.896757001009163e-11
2.425002661 1.9871875475855086e-12
2.426610753 1.3282811036022703e-12
2.428218845 1.9429495164497664e-11
2.4298269369999996 2.9877995027421985e-10
2.431435029 1.5270576936320983e-10
2.4330431210000003 9.959952249400178e-12
2.434651213 7.187474372950384e-13
2.436259305 2.27333872659337e-12
2.4378673969999998 2.398690714432223e-11
2.439475489 2.8018996651832304e-10
2.441083581 1.8641041427136976e-10
2.4426916729999997 1.773054233519001e-10
2.4442997650000002 2.608821137472268e-10
2.4459078570000004 2.402896278169405e-11
2.447515949 2.3923143857125924e-12
2.44912404 8.176957011922419e-13
2.450732132 1.0991817986543696e-11
2.452340224 1.4942248072791819e-10
2.453948316 3.5226419983022695e-10
2.455556408 4.219896418447902e-11
2.4571644999999998 7.051022097224509e-12
2.458772592 6.2132880155400145e-12
2.460380684 3.749921422698557e-11
2.461988776 3.5456851189378015e-10
2.463596868 2.938166979341945e-10
2.46520496 4.2509075379897934e-11
2.466813052 7.99911210925855e-12
2.468421144 1.3167348230075118e-11
2.470029236 7.179546010107585e-11
2.471637328 5.35525016255469e-10
2.47324542 6.749547792317853e-10
2.474853512 4.819778050974367e-10
2.4764616040000003 3.7475361828472175e-10
2.478069696 2.2782442794739443e-10
2.479677788 1.554266374483128e-10
2.481285879 1.1748588218251175e-10
2.4828939709999998 1.7643800084685494e-10
2.484502063 3.3822345920802446e-10
2.486110155 1.0054452497989478e-09
2.4877182469999997 1.0120630745167639e-10
2.489326339 7.521765457229043e-12
2.4909344310000003 5.669041226430039e-13
2.492542523 6.361933860694103e-12
2.494150615 1.7539327840664225e-09
2.495758707 2.5762843719291386e-08
2.497366799 2.0658947621392246e-09
2.498974891 1.5317409034121319e-10
2.499778162 1.1398719891328743e-11
2.5005829829999997 1.2727495762754585e-10
2.5011293930000003 6.379234299772023e-09
2.5021910750000003 1.175363229636445e-08
2.502480624 2.8515044363665313e-09
2.5038318559999997 6.526052805701621e-09
2.505183087 1.7664500870800944e-09
2.506534319 4.58724091115309e-09
2.50788555 1.7085080118539148e-09
2.509236782 1.5810480060246693e-09
2.510588013 3.891830420828943e-09
2.511939244 3.939226188877167e-09
2.5132904760000003 3.5976758761192836e-09
2.514641707 2.2364081218162066e-09
2.515992939 1.90013737073862e-09
2.51734417 1.7936198739970609e-09
2.5186954019999996 2.2827103587180957e-09
2.5200466329999998 2.195861237914543e-09
2.521397865 1.995862610876653e-09
2.522749096 1.3084125114827008e-09
2.524100327 1.147650690370825e-09
2.525451559 8.127024914011173e-10
2.52680279 8.839858885025155e-10
2.5281540220000003 9.6459609793275e-10
2.529505253 1.7738119030714514e-09
2.5308564849999997 1.191939043351741e-09
2.532207716 3.762193146382459e-10
2.533558948 8.221411800949162e-10
2.534910179 1.0190430322638245e-09
2.5362614100000003 1.5226678477618763e-09
2.537612642 1.1431241731637303e-09
2.538963873 6.008969290664082e-10
2.5403151050000004 5.488179102669072e-10
2.5416663359999996 3.187997055346003e-10
2.5430175680000002 4.460212704165483e-10
2.544368799 2.7359133317067274e-10
2.54572003 2.5741542585519444e-10
2.547071262 3.1645811625192963e-10
2.548422493 1.2661524262040071e-10
2.549773725 2.1928168661966167e-10
2.551124956 3.3987919546743294e-10
2.552476188 4.4843376223546204e-10
2.553827419 2.813144933174874e-10
2.5551786510000003 1.6106583353919963e-10
2.556529882 2.3296287545660667e-10
2.557881113 1.0240895118104222e-10
2.559232345 7.303028657143604e-11
2.560583576 8.511532803140588e-11
2.561934808 5.6464743475759523e-11
2.5632860390000003 1.5376846690332575e-10
2.564637271 8.782661150290775e-11
2.565988502 9.175647235477064e-11
2.567339733 6.879213695925988e-11
2.5686909649999996 3.695434200844685e-11
2.5700421959999997 2.565176251414043e-11
2.571393428 2.7999799367612516e-11
2.572744659 2.7506558337039213e-11
2.574095891 7.917933161566741e-11
2.575447122 4.7107306598328587e-11
2.576798354 2.4246117871576438e-11
2.5781495850000002 2.926649494338622e-11
2.5795008160000004 2.6733252446604003e-11
2.580852048 2.6319448624184355e-11
2.582203279 3.633640503455489e-11
2.583554511 3.3082699727402375e-11
2.584905742 1.4505700057642996e-11
2.586256974 1.0051513619627818e-11
2.587608205 1.465502411848663e-11
2.588959437 1.5307765226110828e-11
2.590310668 8.758713723570366e-12
2.591661899 1.2027526560398628e-11
2.593013131 4.644868474533623e-12
2.594364362 1.6304119518869868e-11
2.5957155939999996 4.241877527646501e-12
2.5970668249999997 1.5939821372763908e-11
2.598418057 1.2763544793626073e-11
2.599769288 7.179398285072455e-12
2.601120519 1.3357073109357896e-11
2.602471751 3.0201952888771015e-12
2.603822982 7.362365513866673e-12
2.6051742140000003 1.9544600458934025e-11
2.6065254450000004 2.1422795534555687e-11
2.607876677 2.019774455077133e-11
2.609227908 2.5252558497100322e-11
2.61057914 3.404008602502851e-11
2.611930371 1.3086351826916235e-11
2.613281602 7.693827966462877e-12
2.614632834 2.2798333879832993e-11
2.615984065 1.6677901402340893e-11
2.617335297 2.0306536091078016e-11
2.618686528 1.3292295221425586e-11
2.62003776 1.2129137296079845e-11
2.621388991 1.8389356030550243e-11
2.622740222 6.722593697754491e-12
2.6240914539999998 4.06824214639552e-12
2.625442685 9.316869749801145e-12
2.626793917 8.723876767128576e-12
2.628145148 1.287786883437304e-11
2.62949638 1.1832443712639017e-11
2.630847611 1.658682834715836e-11
2.6321988430000003 5.820911572015323e-12
2.6335500740000004 4.7525576370935845e-12
2.634901305 9.805794103332118e-12
2.636252537 1.83921794033522e-11
2.637603768 1.0110259688138972e-11
2.6389549999999997 1.6913449524463596e-11
2.640306231 2.0891554842172955e-11
2.641657463 1.3680506746302884e-11
2.643008694 6.690670003471461e-12
2.6443599250000003 1.4961987970726666e-11
2.645711157 9.107223489404243e-12
2.6470623879999997 1.3003784702593293e-11
2.64841362 1.759481393484376e-12
2.649764851 1.0090970336762464e-11
2.651116083 1.0340781984217412e-11
2.652467314 1.0586278520934797e-11
2.653818546 9.335238049109707e-12
2.6551697770000002 1.679505375090765e-11
2.6565210080000004 7.50599237627302e-12
2.65787224 8.811413636446003e-12
2.659223471 4.589203672228525e-12
2.6605747030000004 4.063619261514872e-12
2.6619259339999997 1.322419841158728e-11
2.663277166 2.648833385349658e-11
2.664628397 2.2394578264013904e-11
2.6659796289999997 1.9388888966610094e-11
2.66733086 1.9349247831288186e-11
2.668682091 2.995788503054494e-11
2.670033323 1.968509544641985e-11
2.6713845540000003 1.495792206799451e-11
2.672735786 1.063076651998161e-11
2.6740870169999997 3.212789464292742e-12
2.675438249 2.908417985664804e-12
2.67678948 8.64827496971279e-12
2.678140711 7.749635707043852e-12
2.679491943 1.0580977315295566e-11
2.680843174 1.0243266144861349e-11
2.6821944060000003 4.441276904104607e-12
2.6835456370000004 2.2752361469620763e-12
2.684896869 1.883009032409503e-12
2.6862481 3.6052189039571735e-12
2.6875993319999996 7.740012638173038e-12
2.6889505629999997 1.579905259410829e-12
2.690301794 8.0530893708111e-12
2.691653026 8.86184982185498e-12
2.693004257 3.606024013219509e-12
2.694355489 2.23895614355739e-12
2.69570672 5.886655343708006e-13
2.697057952 3.8389675765431094e-12
2.6984091830000003 5.1027379183943304e-12
2.699760414 2.7962787693518468e-12
2.7011116459999998 1.5482618219470031e-12
2.702462877 5.674872777994065e-12
2.703814109 8.00474698586012e-12
2.70516534 4.586285116697839e-12
2.706516572 2.0371464515387276e-12
2.707867803 1.8081623400479907e-12
2.7092190350000003 5.948315852318603e-12
2.7105702660000004 7.381603516178972e-12
2.7119214969999996 2.3508010745839446e-12
2.713272729 2.135266896196755e-12
2.71462396 2.390470846344747e-12
2.7159751919999997 2.7112223233504835e-12
2.717326423 2.805203574603167e-12
2.718677655 2.4670933520894894e-12
2.720028886 5.2212160213014446e-14
2.7213801170000003 2.1567830506544967e-12
2.722731349 8.249652592029158e-13
2.7240825799999997 2.899326623208773e-12
2.7254338120000003 5.303538285998662e-13
2.726785043 2.9266810126539144e-14
2.7281362749999998 1.1564377327598764e-12
2.729487506 9.0098459147461e-13
2.730838738 4.681272407117955e-12
2.732189969 6.9291069123074325e-12
2.7335412000000003 1.2460027441719628e-11
2.734892432 2.6964717865051876e-12
2.736243663 4.732756493789582e-12
2.737594895 6.34142890038651e-12
2.7389461259999996 8.230244094620396e-12
2.740297358 5.667817000217325e-12
2.741648589 1.0467137548040928e-13
2.7429998209999997 1.311227934202359e-12
2.744351052 1.6991962328274869e-12
2.745702283 1.00144795073757e-12
2.747053515 8.869564115346139e-12
2.7484047460000003 4.751306058819453e-12
2.749755978 1.0032466184670497e-11
2.7511072089999997 1.2725188859788919e-11
2.7524584410000004 8.746386585561452e-13
2.753809672 3.2600792306515527e-12
2.755160903 4.76142567708171e-12
2.756512135 1.849262501892013e-12
2.757863366 4.381569662290122e-12
2.7592145980000002 5.0432037206253696e-12
2.760565829 5.639230095768806e-12
2.761917061 1.879438989474014e-12
2.7632682920000002 3.2079427905288003e-12
2.764619524 2.622660389538196e-12
2.7659707549999997 7.412829029588939e-12
2.767321986 7.218269090163209e-12
2.768673218 1.0691403142894098e-11
2.770024449 5.228899214123125e-12
2.771375681 2.9422122039072707e-12
2.772726912 8.788462592645084e-13
2.774078144 4.3992881516986575e-12
2.7754293750000003 9.37706193558774e-13
2.776780606 5.639577667440778e-14
2.7781318379999997 8.27723547896945e-12
2.779483069 4.061634842113495e-12
2.780834301 1.0539002923438543e-11
2.782185532 6.345997465848821e-12
2.783536764 6.691106220518401e-12
2.784887995 6.746685625042642e-12
2.786239227 3.8361492809992275e-12
2.787590458 4.289904521885138e-13
2.788941689 1.8297457444028734e-12
2.7902929210000003 2.395062311807886e-12
2.791644152 5.949603159789136e-12
2.7929953839999997 6.9304097790648144e-12
2.794346615 5.584391608303696e-12
2.795697847 2.6046872374267298e-12
2.797049078 2.3341191113592396e-12
2.7984003090000003 2.304456629386718e-12
2.799751541 8.647965312561995e-15
2.801102772 4.471563964044456e-13
2.8024540040000003 1.8283501319415907e-12
2.803805235 1.0971780499125641e-13
2.8051564669999998 5.966335326820846e-12
2.806507698 5.6419734926869984e-12
2.80785893 1.1215974740398846e-11
2.8092101609999998 1.4296850563794293e-11
2.810561392 4.513947085003939e-12
2.811912624 2.6257635053382322e-12
2.813263855 3.7220323331371e-12
2.814615087 3.6393244062734525e-12
2.8159663179999996 3.6283797802562237e-12
2.8173175500000003 2.901831889110185e-12
2.818668781 3.78153591215159e-12
2.8200200129999997 4.754649879569313e-12
2.821371244 2.1097365599682266e-12
2.822722475 2.949854022535832e-12
2.824073707 1.6242436604439295e-12
2.8254249380000003 2.372227571256319e-12
2.82677617 2.4892761877947694e-12
2.828127401 4.840839750731166e-12
2.8294786330000004 6.992299895794863e-12
2.830829864 5.368275110648076e-12
2.8321810949999997 1.984540805398666e-12
2.833532327 6.98847434365995e-13
2.834883558 3.044820778099586e-12
2.83623479 1.062693264856003e-12
2.837586021 3.868365907028932e-13
2.838937253 2.284800450824412e-13
2.8402884840000002 1.0294207978868035e-12
2.841639716 2.9931124656225916e-12
2.8429909469999997 2.446468000483316e-12
2.8443421779999998 4.494261545918083e-14
2.84569341 5.995626068174626e-15
2.847044641 6.812172858237627e-14
2.848395873 1.8323230699750663e-13
2.849747104 2.6997356198202954e-12
2.851098336 4.476019303300403e-14
2.8524495670000003 3.9148387320300195e-13
2.8538007980000004 1.3195542390431131e-13
2.85515203 3.5984688361566525e-12
2.856503261 4.685538998208745e-12
2.8578544929999996 4.87175975679136e-12
2.8592057239999997 6.572371719470254e-12
2.860556956 3.736633998829349e-12
2.861908187 1.0892255259140532e-12
2.863259419 4.591189688209769e-13
2.86461065 3.237042144759665e-13
2.865961881 1.6687853403964193e-12
2.8673131130000002 1.992833728196039e-12
2.868664344 1.7588629414702154e-12
2.8700155759999997 5.283014785689884e-13
2.871366807 4.616289779973384e-13
2.872718039 5.325449158332032e-12
2.87406927 8.397702737155728e-13
2.8754205010000002 9.830680105259266e-13
2.876771733 4.7037755869649306e-14
2.878122964 1.850419093824341e-12
2.8794741960000003 6.830511989464814e-14
2.8808254270000004 8.322635528433472e-14
2.882176659 2.077666112133297e-12
2.88352789 1.4805480235215502e-13
2.8848791219999996 3.826471248485627e-13
2.8862303529999997 2.541896394445251e-13
2.887581584 4.4895949349406176e-13
2.888932816 2.4796653526008548e-12
2.890284047 1.8152087911843378e-12
2.891635279 7.018199208284069e-13
2.89298651 1.5855067770017804e-12
2.8943377420000003 2.6182061378435687e-13
2.895688973 6.801187988550402e-13
2.8970402049999997 2.204657061673103e-13
2.898391436 5.149913300366607e-13
2.899742667 1.2142653170001351e-12
2.901093899 7.465073991844663e-14
2.9024451300000003 7.292272316851151e-13
2.903796362 9.422648957967428e-13
2.905147593 1.0001053850975664e-12
2.9064988250000003 2.956447045741733e-12
2.907850056 2.3085576124508605e-12
2.9092012869999997 1.5851591121107282e-13
2.910552519 2.6468103665534325e-12
2.91190375 4.695159943666976e-12
2.9132549819999998 5.325499981806403e-12
2.914606213 4.4631175771841695e-12
2.915957445 5.54529309308287e-12
2.917308676 5.063565586620643e-12
2.918659908 2.9019232635584265e-12
2.920011139 3.1216079981147917e-12
2.9213623699999998 3.0219578250138106e-12
2.922713602 3.452690940072246e-12
2.924064833 7.125184268014075e-12
2.925416065 7.753364765907733e-12
2.926767296 7.978273704920487e-12
2.928118528 1.0493130974195288e-11
2.9294697590000003 5.426773826965181e-12
2.93082099 8.838473049352133e-12
2.932172222 8.009840921345685e-12
2.933523453 5.786486573393868e-12
2.934874685 2.87277026063026e-12
2.9362259159999997 1.4997823843079112e-13
2.937577148 4.122819924634695e-12
2.938928379 7.1558577683491045e-12
2.940279611 5.746794785395642e-12
2.941630842 3.1609956893489396e-12
2.942982073 4.8563359246702574e-12
2.9443333050000002 7.750753751884492e-12
2.9456845360000004 9.804300208130591e-12
2.947035768 8.945095151911221e-12
2.948386999 9.113891542905395e-12
2.949738231 6.552335652696622e-12
2.951089462 1.4477697323511315e-12
2.952440694 3.2210653837439912e-12
2.953791925 1.7984879359429835e-12
2.955143156 4.062130080752966e-12
2.956494388 9.17495506555077e-12
2.957845619 1.1886320704275247e-11
2.959196851 1.2299415411552476e-11
2.960548082 3.780032947895189e-12
2.9618993139999996 4.048054924664043e-12
2.9632505449999997 2.5641815645300254e-13
2.964601776 3.1133635549821084e-12
2.965953008 7.59149787406877e-13
2.967304239 3.9202283930948233e-13
2.968655471 5.195238291551868e-13
2.970006702 1.3139039193750672e-12
2.9713579340000003 3.3162096713246312e-12
2.9727091650000004 5.418164058968505e-13
2.974060397 4.676231987361791e-13
2.975411628 2.7086448111928305e-12
2.976762859 6.617535190582846e-12
2.978114091 3.2879750034569266e-12
2.979465322 2.9406266323815577e-12
2.980816554 1.042357796711672e-11
2.982167785 1.2533662044383647e-11
2.983519017 1.1041815214744151e-11
2.984870248 9.554407449235465e-12
2.9862214789999997 9.547145786921916e-12
2.987572711 6.9675913599104834e-12
2.988923942 7.153366595628049e-12
2.9902751739999998 1.6173824047791928e-12
2.991626405 3.0221651406097482e-12
2.992977637 8.116988560673876e-13
2.994328868 4.0996216744386736e-12
2.9956801 3.012565734874693e-12
2.997031331 4.1886658536825404e-13
2.9983825619999998 2.4047265949466834e-12
2.9997337940000004 4.000495579359195e-12
3.001085025 6.244432737856245e-12
3.002436257 4.629454373294461e-12
3.003787488 1.2939127307890046e-11
3.0051387199999997 4.854195043719701e-12
3.006489951 1.6859172259312008e-12
3.007841182 7.756140140435487e-13
3.009192414 7.589025611205184e-12
3.0105436450000003 9.189868261062638e-12
3.011894877 8.899873446469896e-12
3.0132461079999997 1.3891855196334586e-11
3.01459734 1.5007180608867725e-11
3.015948571 6.7126762082952595e-12
3.017299803 1.3631806899326387e-12
3.018651034 7.138825991900431e-13
3.020002265 1.4647570789496982e-12
3.021353497 3.193194981165009e-12
3.0227047280000003 2.0313184793102384e-12
3.02405596 3.6150971911333054e-12
3.0254071909999998 7.677961965613104e-12
3.0267584230000004 5.0448069469528755e-12
3.0281096539999997 1.278648911484995e-12
3.029460886 9.792059127925969e-12
3.030812117 1.1895679397131683e-11
3.032163348 4.916986813115995e-12
3.03351458 6.399828093864347e-12
3.034865811 8.249777055083911e-12
3.036217043 6.752458129975394e-12
3.0375682740000003 1.602343517941587e-13
3.038919506 1.0527467937984871e-12
3.0402707369999997 2.7804877498455623e-12
3.041621968 4.0575676991188765e-12
3.0429732 6.6617576941196736e-12
3.044324431 1.2899133589038065e-11
3.045675663 6.6472578413592015e-12
3.047026894 7.69584208055941e-12
3.0483781260000002 1.3851319498081408e-11
3.0497293570000004 1.434042558515432e-11
3.051080589 6.867509854591502e-12
3.05243182 1.6296898478904963e-11
3.053783051 1.0142243525319069e-11
3.0551342829999997 1.7970478656133254e-11
3.056485514 2.4086348634870778e-11
3.057836746 1.965248765825597e-11
3.059187977 1.191810010603259e-11
3.060539209 1.162004534023794e-11
3.06189044 8.081673697850223e-12
3.063241671 1.615936690425841e-11
3.0645929030000003 4.060017258204183e-12
3.065944134 4.956444089491635e-12
3.0672953659999997 1.5267343179989616e-12
3.068646597 2.871915608752397e-12
3.069997829 1.3193661723991694e-11
3.07134906 7.275303315600476e-12
3.072700292 1.6001561501054844e-12
3.074051523 8.735126162874859e-12
3.075402754 5.402139250766905e-12
3.0767539860000004 1.304877639472573e-11
3.0781052169999996 1.767142978545735e-11
3.079456449 1.3843701738779786e-11
3.08080768 8.26165141197523e-12
3.0821589119999997 8.403593297773546e-12
3.083510143 6.14776882833024e-12
3.084861374 4.5412044069490605e-12
3.086212606 6.123717549435865e-12
3.0875638370000003 8.664715017380987e-12
3.088915069 4.951834983559421e-12
3.0902662999999997 3.1617038323963832e-12
3.0916175320000003 6.372085085296825e-12
3.092968763 1.1355721335152284e-11
3.0943199949999998 4.833683324164227e-12
3.095671226 4.9077796957435565e-12
3.097022457 9.922490009615024e-12
3.098373689 9.57673049178683e-12
3.0997249200000003 1.444662427166526e-11
3.101076152 1.3763266679142058e-11
3.102427383 1.3372418303505126e-11
3.103778615 1.0092325881178605e-11
3.1051298459999996 4.638515575681847e-12
3.106481078 8.201525009469962e-12
3.107832309 1.1109231235685759e-11
3.10918354 3.502321649910795e-12
3.110534772 2.7230794723517654e-12
3.111886003 6.596323955522569e-12
3.113237235 1.1123569195154657e-11
3.1145884660000003 1.698859553155867e-11
3.115939698 1.3013421735926772e-11
3.1172909289999997 7.509876326076996e-12
3.11864216 8.085810004457264e-12
3.119993392 1.7622106692173547e-11
3.121344623 1.548125719384955e-11
3.122695855 1.3625489081035133e-11
3.124047086 1.6180411592456715e-11
3.1253983180000002 2.0022916760775185e-11
3.126749549 3.200658208576243e-11
3.128100781 3.989851436444606e-11
3.1294520120000002 2.8908381095269195e-11
3.130803243 2.2166486529253278e-11
3.1321544749999997 3.141289784497755e-11
3.133505706 3.0536762765202855e-11
3.134856938 5.081140469601264e-11
3.136208169 2.30544083726895e-11
3.137559401 2.3837133396597885e-11
3.138910632 5.080447791084748e-11
3.140261863 5.6144436329245667e-11
3.1416130950000003 5.3484769225134e-11
3.142964326 5.030353247183447e-11
3.1443155579999997 4.97044998570264e-11
3.145666789 4.7001462445459265e-11
3.147018021 2.4714101158070984e-11
3.148369252 1.5008319947621022e-11
3.149720484 2.142699272583836e-11
3.151071715 3.545756518868992e-11
3.152422946 4.046611581905386e-11
3.153774178 3.868820741843068e-11
3.155125409 2.750075847879035e-11
3.1564766410000002 2.267296642763759e-11
3.157827872 1.2617208672896287e-11
3.1591791039999997 7.604831148159163e-12
3.160530335 4.994698688232736e-12
3.161881566 1.3953898781718045e-11
3.163232798 2.152629593625596e-11
3.1645840290000002 1.9806877239897122e-11
3.165935261 2.3004314061209085e-11
3.167286492 2.0427881282050532e-11
3.1686377240000003 2.3137025126947953e-11
3.169988955 3.073668688572427e-11
3.1713401869999998 1.6085012236979247e-11
3.172691418 1.3121196578981597e-11
3.174042649 1.275269657063474e-11
3.1753938809999998 1.0766399939003275e-11
3.176745112 1.0298350062292671e-11
3.178096344 1.1188127012094153e-11
3.179447575 5.597303495163235e-12
3.180798807 1.8565675917438278e-12
3.182150038 2.096009741034607e-12
3.1835012700000003 2.3396158213569545e-12
3.184852501 5.104237646281678e-13
3.186203732 1.0869318227395661e-12
3.187554964 7.730794680750414e-12
3.188906195 1.261633164608007e-11
3.190257427 1.0404847855525556e-11
3.1916086580000003 5.317504500920374e-12
3.19295989 9.839052522704519e-12
3.194311121 1.3126257482484066e-11
3.195662352 3.188248626850891e-11
3.197013584 2.2428714949237795e-11
3.1983648149999997 1.3550411576440232e-11
3.199716047 1.892967589094732e-11
3.201067278 1.7999406056007616e-11
3.2024185099999998 2.192066050972252e-11
3.203769741 2.314691282702527e-11
3.205120973 1.595328807451247e-11
3.206472204 1.602854078954639e-11
3.207823435 3.647950392268623e-11
3.209174667 3.621964306681643e-11
3.2105258979999998 1.860054468440483e-11
3.21187713 1.7235763833532846e-11
3.213228361 3.652109758530832e-11
3.214579593 4.6543818198817076e-11
3.215930824 4.263071092171087e-11
3.217282055 4.5138245845977284e-11
3.2186332870000003 4.611914101429718e-11
3.2199845180000004 3.4437781143407816e-11
3.22133575 4.0839872559581566e-11
3.222686981 5.44211267962467e-11
3.2240382129999996 4.954144960073334e-11
3.2253894439999997 3.624104177036986e-11
3.226740676 2.949395328759235e-11
3.228091907 3.9592632687705576e-11
3.229443138 3.508083373645698e-11
3.23079437 3.390667603688324e-11
3.232145601 5.173851617596354e-11
3.2334968330000002 5.320773176917065e-11
3.234848064 3.610119985707961e-11
3.2361992959999997 4.338639997194305e-11
3.237550527 4.9581163165295583e-11
3.238901759 4.1830167717856874e-11
3.24025299 4.374760095181092e-11
3.2416042210000002 5.155583980025051e-11
3.242955453 5.7687086413703845e-11
3.244306684 4.6289992021305333e-11
3.2456579160000003 2.102852898396287e-11
3.2470091470000004 2.3477653381038612e-11
3.248360379 3.4468121517072255e-11
3.24971161 4.1096899515365903e-11
3.251062841 4.630185539908377e-11
3.2524140729999997 5.368323583206053e-11
3.253765304 6.138961160877857e-11
3.255116536 5.1793197544977245e-11
3.256467767 3.363994975105061e-11
3.257818999 3.370925465455862e-11
3.25917023 2.8875007983518606e-11
3.2605214620000003 2.8966737034639437e-11
3.261872693 3.289919030538193e-11
3.263223924 2.8945503043146396e-11
3.264575156 3.177564049662313e-11
3.265926387 1.7428496446332256e-11
3.267277619 1.6971356382700825e-11
3.2686288500000003 3.8489260354010755e-11
3.269980082 4.278691912276385e-11
3.271331313 2.6894240439924046e-11
3.272682544 1.4036351315040562e-11
3.274033776 2.5511669931823275e-11
3.2753850069999997 3.799167371726406e-11
3.276736239 4.822244124659786e-11
3.27808747 5.255854968419907e-11
3.2794387019999998 6.432982958664163e-11
3.280789933 7.321430570048559e-11
3.282141165 6.527339651934362e-11
3.283492396 4.449816179844876e-11
3.2848436270000003 5.7138684900174215e-11
3.286194859 5.6175287016259754e-11
3.2875460899999998 3.919870580753687e-11
3.288897322 4.257592475783959e-11
3.290248553 4.411808073121697e-11
3.291599785 4.234628108842509e-11
3.292951016 2.388555889972885e-11
3.294302247 4.785039718028921e-12
3.2956534790000003 5.147535487182427e-12
3.29700471 2.7660209117924237e-11
3.298355942 2.951757340568574e-11
3.299707173 3.21766444437474e-11
3.301058405 3.4081510151009924e-11
3.3024096359999997 3.4564485840673633e-11
3.303760868 2.8429023032785624e-11
3.305112099 2.524171396658514e-11
3.30646333 3.5634139549931316e-11
3.307814562 6.346315745688088e-11
3.309165793 5.837797398558301e-11
3.3105170250000002 3.492918430162671e-11
3.3118682560000003 1.1787527898689374e-11
3.313219488 8.586436851790217e-12
3.3145707189999998 1.3620119236725393e-11
3.315921951 4.1891159756581413e-11
3.317273182 3.4236761518385605e-11
3.318624413 1.9168762998024092e-11
3.319975645 2.9461781461813445e-11
3.321326876 1.5279292730391866e-11
3.322678108 1.3543502298920893e-13
3.324029339 2.163239650967998e-13
3.325380571 4.518559468909217e-12
3.326731802 1.244422665724949e-11
3.328083033 1.8423092746791463e-11
3.3294342649999997 1.792400669595871e-11
3.330785496 1.8459816103948075e-11
3.332136728 6.4924947521329885e-12
3.333487959 4.69167966597417e-12
3.334839191 1.0490453025610653e-11
3.336190422 8.093398280246903e-12
3.3375416540000002 4.650864445099292e-12
3.3388928850000004 1.8020450237775892e-11
3.340244116 2.871091990550493e-11
3.341595348 3.1728535565212116e-11
3.342946579 1.5481888470866397e-11
3.344297811 1.6373112137553758e-11
3.345649042 2.3629310464271532e-11
3.347000274 2.0879283095142055e-11
3.348351505 3.5967852464002836e-11
3.3497027360000002 4.8991554729934916e-11
3.351053968 3.909194838299483e-11
3.3524051989999997 3.5282410746915324e-11
3.353756431 2.1145272401080567e-11
3.355107662 4.984512121539166e-12
3.3564588939999997 2.8189463573248052e-12
3.357810125 4.006642849827186e-12
3.359161357 1.531611941004789e-11
3.360512588 2.5509309850042123e-11
3.3618638190000003 1.2585930258534064e-11
3.363215051 7.59782466607339e-12
3.3645662819999997 3.1021851750948444e-11
3.3659175140000004 4.217247095828796e-11
3.367268745 4.192103277788573e-11
3.368619977 2.1032379572050305e-11
3.369971208 2.214823673195553e-12
3.371322439 5.6251508356749805e-12
3.372673671 2.907774077801724e-13
3.374024902 1.3958916759978025e-13
3.375376134 1.291419283596831e-11
3.3767273650000003 1.2378388849171982e-11
3.378078597 6.566783752337131e-13
3.3794298279999997 6.968143938468716e-14
3.38078106 6.696766094726632e-14
3.382132291 6.636199780836217e-14
3.383483522 1.4193660982608355e-13
3.384834754 1.437378086577766e-13
3.386185985 9.296144459908598e-14
3.387537217 8.286526120844264e-14
3.3888884480000003 2.1099841297883817e-13
3.39023968 1.9625976733413557e-13
3.3915909109999998 1.3104283341846166e-12
3.3929421430000004 1.0642370912227876e-13
3.3942933739999996 2.17727679252626e-12
3.3956446049999998 9.861052019413705e-13
3.396995837 3.85439618769423e-13
3.398347068 1.424017681204952e-13
3.3996983 5.115849857178615e-13
3.401049531 2.148506273917412e-12
3.402400763 3.113060430436326e-12
3.4037519940000003 3.708456695787577e-11
3.405103225 2.6398912695404918e-11
3.4064544569999997 2.5936703696548725e-11
3.407805688 9.903085085783387e-12
3.40915692 4.265065596446395e-12
3.410508151 4.06839549751389e-12
3.411859383 4.340017360009602e-11
3.413210614 1.0637893701787329e-10
3.4145618460000002 6.222886593851558e-11
3.4159130770000004 4.970557796279647e-12
3.4172643079999996 1.2046574385183403e-11
3.41861554 4.49490382429038e-11
3.419966771 5.6385183585793383e-11
3.4213180029999997 8.24427028238529e-11
3.422669234 7.509778216696105e-11
3.424020466 7.167302918825203e-11
3.425371697 8.43604233319189e-11
3.4267229280000002 8.290169452005078e-11
3.42807416 1.1734477791631534e-10
3.429425391 1.7030105329810077e-10
3.4307766230000003 2.2732279071635616e-10
3.432127854 2.86250649486921e-10
3.4334790859999997 3.424191726403714e-10
3.434830317 3.6703816029370653e-10
3.436181549 3.7553348515061445e-10
3.43753278 4.0200678175371153e-10
3.4388840110000003 4.3285857278646096e-10
3.440235243 4.550600796909264e-10
3.441586474 5.067206295561695e-10
3.4429377060000004 5.385266213235099e-10
3.4442889369999996 5.156191257919777e-10
3.445640169 4.6352252551378e-10
3.4469914 4.1985599684948267e-10
3.448342631 3.8785827191630657e-10
3.449693863 3.7235883902953966e-10
3.451045094 3.766891412450151e-10
3.452396326 3.771509773443124e-10
3.4537475570000002 3.9112406770108964e-10
3.455098789 4.3231536835152976e-10
3.45645002 4.724006910115294e-10
3.4578012520000003 5.017289793530286e-10
3.459152483 5.320172371874929e-10
3.460503714 5.640634867249687e-10
3.461854946 5.905858367405284e-10
3.463206177 5.844262087630168e-10
3.464557409 5.708766590262911e-10
3.4659086400000003 5.718076538786174e-10
3.467259872 5.867439640773025e-10
3.468611103 5.783626148044316e-10
3.469962335 5.641874646299207e-10
3.4713135659999996 5.460997712071133e-10
3.4726647969999997 4.79653109039426e-10
3.474016029 4.748190275816862e-10
3.47536726 5.145654788115594e-10
3.476718492 5.230621916095889e-10
3.478069723 4.665714059159475e-10
3.479420955 4.0288147441382855e-10
3.4807721860000003 3.9693473341756424e-10
3.482123417 4.157529817798453e-10
3.483474649 4.1519332408519053e-10
3.48482588 4.082399452297934e-10
3.486177112 3.924039199820337e-10
3.487528343 3.790779035188749e-10
3.488879575 3.938802485541406e-10
3.490230806 4.1073956305978226e-10
3.491582038 4.209078621314283e-10
3.492933269 4.6481962479493985e-10
3.4942845 4.754697298045196e-10
3.495635732 3.6617628091255283e-10
3.496986963 2.737272943403678e-10
3.4983381949999997 2.5593905154090845e-10
3.4996894259999998 2.609178513031166e-10
3.501040658 2.622640540384912e-10
3.502391889 2.589952647120573e-10
3.50374312 2.3215459402273596e-10
3.505094352 1.7658085588236603e-10
3.506445583 1.3388480149198827e-10
3.5077968150000003 1.3942343264273163e-10
3.509148046 1.545074018408688e-10
3.5104992779999997 1.6205186854618133e-10
3.511850509 1.5400428753845778e-10
3.513201741 1.2175445124326028e-10
3.514552972 1.0358241624853627e-10
3.515904203 9.154123291660343e-11
3.517255435 7.786610209908966e-11
3.518606666 6.93794113713571e-11
3.519957898 7.106016273585392e-11
3.521309129 8.189234952481882e-11
3.5226603610000002 5.3087401302849944e-11
3.524011592 4.266763932577539e-11
3.5253628239999997 3.3416388133235204e-11
3.526714055 4.836880537128197e-11
3.528065286 8.093820142119601e-11
3.529416518 9.81052059561783e-11
3.5307677490000002 1.0420268361704146e-10
3.532118981 1.1841651860512536e-10
3.533470212 9.057960506704699e-11
3.5348214440000003 6.261650570371264e-11
3.536172675 7.009592628950658e-11
3.537523906 1.013389209536318e-10
3.538875138 1.1228103656146275e-10
3.540226369 9.248847282910993e-11
3.5415776009999997 7.634998962531476e-11
3.542928832 6.95802760390241e-11
3.544280064 1.0787066789530866e-10
3.545631295 1.3260662647372936e-10
3.546982527 1.222543346782704e-10
3.548333758 1.0383279752102005e-10
3.5496849889999997 7.889965611811913e-11
3.551036221 4.974076888028278e-11
3.552387452 5.516187088703742e-11
3.553738684 1.0451164584831311e-10
3.555089915 1.547374246969375e-10
3.556441147 1.5513782498767353e-10
3.5577923780000003 1.1865328418942284e-10
3.5591436090000004 1.2894062372291367e-10
3.560494841 1.8315674994131843e-10
3.561846072 2.2005370359076257e-10
3.563197304 1.937775958124326e-10
3.5645485349999997 1.4633527507668466e-10
3.565899767 1.5515350220080835e-10
3.567250998 2.347280567821193e-10
3.5686022299999998 3.0323507294871167e-10
3.569953461 3.0779306779847126e-10
3.571304692 2.8610607738093005e-10
3.572655924 2.792150137001048e-10
3.574007155 2.8393173821660094e-10
3.575358387 3.1834338282202294e-10
3.5767096179999998 3.412341151375985e-10
3.57806085 2.924471581002359e-10
3.579412081 2.078104041340644e-10
3.580763312 1.587781034928519e-10
3.582114544 1.9355346640197733e-10
3.583465775 2.471931275097446e-10
3.5848170070000003 2.6156042827107095e-10
3.5861682380000004 2.562750412327997e-10
3.58751947 3.183010269012655e-10
3.588870701 3.4240697757719936e-10
3.5902219329999996 3.201200027628305e-10
3.5915731639999997 3.4895845819376766e-10
3.592924395 3.9898915050480426e-10
3.594275627 3.881618521988769e-10
3.595626858 3.7371582181094855e-10
3.59697809 4.0437763134164114e-10
3.598329321 4.398620049275745e-10
3.5996805530000002 4.4962789911828014e-10
3.601031784 4.5243964709662214e-10
3.602383016 4.6245862435207113e-10
3.603734247 4.743355570206103e-10
3.605085478 5.328553792482407e-10
3.60643671 6.035087349882111e-10
3.607787941 5.869908042097692e-10
3.609139173 5.444349186516922e-10
3.610490404 5.497233810637182e-10
3.6118416360000003 5.76417025758649e-10
3.6131928670000004 6.137355467239024e-10
3.6145440979999997 6.011677932196269e-10
3.61589533 5.840867326265849e-10
3.617246561 6.4681998258417e-10
3.6185977929999997 6.886065267661017e-10
3.619949024 6.680802278464986e-10
3.621300256 6.828989387033077e-10
3.622651487 6.892892830923345e-10
3.624002719 6.895854654381831e-10
3.62535395 7.472724238161355e-10
3.6267051809999997 7.413526155398958e-10
3.628056413 6.823879332572598e-10
3.629407644 6.611516638326494e-10
3.630758876 5.904824448081395e-10
3.632110107 5.015213952779566e-10
3.633461339 4.766597828586688e-10
3.6348125700000002 4.962157258930765e-10
3.6361638010000004 5.175153542902358e-10
3.637515033 5.102927295737941e-10
3.638866264 4.950059230244405e-10
3.640217496 5.079082591337754e-10
3.6415687269999997 4.924671371177071e-10
3.642919959 3.6640135142480104e-10
3.64427119 2.3488820446739274e-10
3.6456224219999998 2.3876899617308166e-10
3.646973653 3.891970051606588e-10
3.648324884 5.658595969327414e-10
3.649676116 5.308028812564767e-10
3.6510273470000003 3.739002757187457e-10
3.652378579 3.4848533152854745e-10
3.6537298099999997 4.3769278552361553e-10
3.655081042 4.456717636965994e-10
3.656432273 3.0069591060256384e-10
3.657783504 1.8406637651496423e-10
3.659134736 2.265464294042514e-10
3.660485967 3.1285135232140115e-10
3.6618371990000003 3.4289300496391946e-10
3.66318843 3.148136706204104e-10
3.664539662 2.3462452767551156e-10
3.665890893 1.6228169638706855e-10
3.667242125 1.489948324483144e-10
3.6685933559999997 2.0161314614008328e-10
3.669944587 2.975593728333137e-10
3.671295819 3.4981118706998584e-10
3.67264705 4.185849094218008e-10
3.673998282 4.5533552438210345e-10
3.675349513 4.6281025985506503e-10
3.676700745 4.2956056916218057e-10
3.6780519760000003 5.139719784718033e-10
3.679403208 5.479654569710827e-10
3.6807544389999998 5.77235470164523e-10
3.68210567 6.595516749960269e-10
3.683456902 8.167367939547353e-10
3.684808133 9.31726512791264e-10
3.686159365 9.00094056399044e-10
3.687510596 8.162506704597563e-10
3.688861828 7.902418783891121e-10
3.690213059 7.817256836889638e-10
3.6915642899999996 6.584304557236074e-10
3.692915522 4.658531115837204e-10
3.694266753 4.515395272473585e-10
3.6956179849999997 7.249977935731435e-10
3.696969216 1.0311251231022678e-09
3.698320448 9.806165615748984e-10
3.699671679 1.0275911886349656e-09
3.701022911 8.726414675478694e-10
3.702374142 8.353683843840288e-10
3.703725373 8.481302282480197e-10
3.7050766050000004 8.673758036453183e-10
3.706427836 1.0248121690350068e-09
3.707779068 1.4516053511889392e-09
3.709130299 1.656391941554334e-09
3.710481531 1.4703437334066767e-09
3.711832762 1.2197982432269698e-09
3.713183993 1.0508187207999238e-09
3.714535225 1.048655524398842e-09
3.7158864560000002 1.1532032203331555e-09
3.717237688 1.1022154781858915e-09
3.7185889189999997 1.1281575834147109e-09
3.719940151 1.3037340508502195e-09
3.721291382 1.3914479700645423e-09
3.7226426139999997 1.0999724333799935e-09
3.723993845 1.0946601226519978e-09
3.725345076 1.2172297347097238e-09
3.726696308 1.0720076440141863e-09
3.7280475390000003 1.051362381674646e-09
3.729398771 1.2870093304455044e-09
3.730750002 1.6234364014979633e-09
3.7321012340000004 1.5388953180941146e-09
3.733452465 1.4840460574780798e-09
3.7348036959999997 1.7886911682285542e-09
3.736154928 2.061476773051346e-09
3.737506159 2.7362649222011096e-09
3.738857391 3.137427490182918e-09
3.740208622 1.5492800813546443e-09
3.741559854 1.1184463938637537e-09
3.7429110850000002 1.0101893097075282e-09
3.744262317 1.2327680902587587e-09
3.7456135479999997 1.5838704737599113e-09
3.746964779 1.8709925764847705e-09
3.748316011 2.070230807165963e-09
3.749667242 3.0782232280227367e-09
3.751018474 2.998652462446445e-09
3.752369705 2.521770746186545e-09
3.753720937 3.500035938341102e-09
3.7550721680000003 4.347058317450399e-09
3.7564234 5.236843600192228e-09
3.757774631 3.9526428496753095e-09
3.759125862 4.299662908169822e-09
3.7604770939999996 3.992150251650059e-09
3.7618283249999998 1.4076008914945235e-09
3.763179557 1.5553998486515004e-09
3.764530788 3.8157403973522975e-09
3.76588202 6.109825530057831e-09
3.767233251 9.389172507003195e-09
3.768584482 1.3024025477646698e-08
3.7699357140000003 1.7957167111873048e-08
3.771286945 1.9606825156392562e-08
3.7726381769999997 1.848246614812032e-08
3.773989408 1.825036329960234e-08
3.77534064 1.7781937133652706e-08
3.776691871 1.835165870299906e-08
3.778043103 2.0525313534432008e-08
3.779394334 2.0999425687337747e-08
3.780745565 1.8982632116127155e-08
3.7820967970000003 1.579074231790015e-08
3.7834480279999996 1.4927007429899652e-08
3.7847992599999998 1.4123595581718307e-08
3.786150491 1.1651359652991849e-08
3.7875017229999997 7.809302373063311e-09
3.7888529539999998 5.366552455307186e-09
3.790204185 4.151945693402256e-09
3.791555417 6.277075365334774e-10
3.792906648 3.9279544062507136e-09
3.79425788 7.176953128883163e-09
3.795609111 1.0800097200163397e-08
3.7969603430000003 1.5334850726387053e-08
3.798311574 2.1691665539617254e-08
3.7996628059999997 2.2010312079080965e-08
3.801014037 1.9031390442559877e-08
3.802365268 6.044210637444165e-09
3.8037165 5.945898369344775e-11
3.8050677310000003 6.053042390062597e-11
3.806418963 6.418300314139621e-11
3.807770194 6.809040650830433e-11
3.8091214260000004 7.227273720495671e-11
3.8104726569999996 7.675660203851528e-11
3.811823889 2.5789192254954764e-09
3.81317512 2.2108146018230973e-08
3.814526351 3.24797617291493e-08
3.815877583 1.4348439389124317e-08
3.817228814 3.0843920574408954e-10
3.818580046 1.1170287806627453e-10
3.8199312770000002 1.191845954257129e-10
3.821282509 1.2726157076642047e-10
3.82263374 1.3599350779733356e-10
3.823984971 1.454400663057006e-10
3.825336203 1.5565996321254222e-10
3.826687434 1.6671882309729334e-10
3.828038666 1.7868793551669675e-10
3.829389897 1.9165023399859418e-10
3.830741129 3.0441749639486353e-10
3.8320923600000003 2.779920649206215e-08
3.833443592 7.80962703482374e-08
3.834794823 1.5477866701944014e-07
3.836146054 9.714982149699634e-08
3.8374972859999996 7.258027311900954e-08
3.8388485169999997 1.0431635679404618e-07
3.840199749 9.457057604044957e-08
3.84155098 9.931599110436192e-08
3.842902212 2.8182390618236254e-07
3.844253443 6.162154301120186e-07
3.845604674 7.875052042959636e-07
3.8469559060000003 7.519452753748551e-07
3.848307137 6.432254773335069e-07
3.849658369 3.897527586412636e-07
3.8510096 2.2403491238227622e-07
3.852360832 2.0093845862630062e-07
3.853712063 1.595332999723892e-07
3.855063295 1.752859117971301e-07
3.856414526 1.9189244608768846e-07
3.857765757 2.023033808787478e-07
3.859116989 1.2813808079177385e-07
3.86046822 1.2394120742376814e-07
3.861819452 3.8815019678618857e-07
3.863170683 4.850753724710551e-07
3.8645219149999996 1.9396049336377697e-07
3.8658731459999998 5.3068215502700146e-08
3.867224377 3.848070868485936e-07
3.868575609 5.948323060440841e-07
3.86992684 1.2497028023009024e-06
3.871278072 1.7314335016273794e-06
3.872629303 1.4367139480067883e-06
3.8739805350000003 8.399855856502328e-07
3.875331766 8.459780862959771e-07
3.876682998 1.358931988851252e-06
3.878034229 1.8436784663699214e-06
3.87938546 1.233875153180834e-06
3.880736692 1.029661922678665e-06
3.882087923 1.8017668099540562e-06
3.883439155 2.7872157599421482e-06
3.884790386 3.1786883775356105e-06
3.886141618 3.022625346784821e-06
3.887492849 3.0305463491791842e-06
3.8888440810000002 3.113977181799603e-06
3.890195312 1.9619600732226184e-06
3.891546543 5.373940512474124e-07
3.892897775 2.8540143194417936e-08
3.894249006 3.6571247141682814e-09
3.895600238 3.7437161769954214e-09
3.8969514690000002 3.826129227366505e-09
3.898302701 3.9088452697503615e-09
3.899653932 3.983017963853191e-09
3.9010051629999998 4.053054267178791e-09
3.902356395 4.119070777169914e-09
3.903707626 4.181243200312987e-09
3.905058858 4.239703463484819e-09
3.906410089 4.294568457787437e-09
3.9077613209999997 4.346091574335229e-09
3.909112552 4.39445122705859e-09
3.910463784 4.439794174541546e-09
3.911815015 6.368000625249046e-09
3.913166246 9.8169673166051e-08
3.914517478 1.4520283388300018e-06
3.9158687089999997 4.581635255923005e-06
3.917219941 6.710775222693249e-06
3.918571172 9.167507622388286e-06
3.919922404 1.0958029600983142e-05
3.921273635 1.095838015227982e-05
3.922624866 1.0902818020381172e-05
3.9239760980000002 1.1242029523193421e-05
3.9253273290000004 1.2452686867638532e-05
3.926678561 1.3225641286266714e-05
3.928029792 1.2151988002031207e-05
3.929381024 1.0436097503778671e-05
3.9307322549999997 1.0374328848476696e-05
3.932083487 1.0740433924974652e-05
3.933434718 8.122675993781457e-06
3.934785949 5.915594280843914e-06
3.936137181 3.53472716202224e-06
3.937488412 1.0317165317932582e-06
3.938839644 3.6979173079609605e-08
3.940190875 4.943347168073331e-09
3.941542107 4.9519024513794475e-09
3.9428933379999997 6.152072663232421e-09
3.944244569 1.0519086319888652e-07
3.945595801 1.2357941032283338e-07
3.946947032 5.981579105951618e-07
3.948298264 2.920456410127755e-06
3.949649495 5.862594497090328e-06
3.9510007270000003 8.343832491155845e-06
3.9523519580000004 1.005493499801641e-05
3.95370319 1.1035817630501365e-05
3.955054421 1.163408150734514e-05
3.956405652 1.2669302461511627e-05
3.9577568839999997 1.4594662512052346e-05
3.959108115 1.6698500288043958e-05
3.960459347 1.9641068126818335e-05
3.961810578 2.5661391469243805e-05
3.96316181 3.717029859066746e-05
3.964513041 5.0033630510505555e-05
3.965864273 6.367906567904372e-05
3.967215504 7.84561521837562e-05
3.968566735 9.31523715011688e-05
3.9699179669999998 0.00010686087302043095
3.971269198 0.00012060044807810186
3.97262043 0.00013315154629222868
3.973971661 0.00014462782403329953
3.975322893 0.00015685080340591725
3.976674124 0.00017050594556738301
3.978025355 0.0001866004718953024
3.9793765870000004 0.000205485027671091
3.9807278179999996 0.0002265094757456723
3.98207905 0.00024604376232755383
3.983430281 0.0002644091021217578
3.9847815129999997 0.0002869854511246093
3.986132744 0.00031476025666404763
3.987483976 0.0003498374947572825
3.988835207 0.0003946506419777622
3.9901864380000003 0.0004506694851305451
3.99153767 0.0005186860781923936
3.9928889009999997 0.0006003082863345548
3.994240133 0.0006951293532231365
3.995591364 0.0007986355368938358
3.996942596 0.0009142091833741657
3.998293827 0.0010454443648032698
3.999645058 0.0011970471951574238
4.00099629 0.0013776556350741749
4.002347521 0.0015986776269426694
4.003698753 0.0018706737294360196
4.005049984 0.002204129909644164
4.006401216 0.002624101550987175
4.007752447 0.003154927716903611
4.009103679 0.003830748209287276
4.01045491 0.004699820062151126
4.011806141 0.00582841295777072
4.013157373 0.00730911564105069
4.014508604 0.009278299154217875
4.015859836 0.011945622997909584
4.017211067 0.01563334579037634
4.018562299 0.020797346550361043
4.01991353 0.028122111038684658
4.021264761 0.03865451782877254
4.022615993 0.05379827908264226
4.023967224 0.07554262637675246
4.025318456 0.10617854458676737
4.026669687 0.14689359518983863
4.028020919 0.1962869156786552
4.02937215 0.25011295184265564
4.030723382 0.3014528028271831
4.032074613 0.3431273974154313
4.033425844 0.3706568829273984
4.034777076 0.38394363036932966
4.036128307 0.38612652221271365
4.037479539 0.38340580400481006
4.03883077 0.38016966273618846
4.040182002 0.3784175480642782
4.041533233 0.37918648208540706
4.042884465 0.3827173535106121
4.044235696 0.38876949962061796
4.0455869269999996 0.396645565328573
4.046938159 0.4049897696604805
4.04828939 0.41257753134479835
4.049640622 0.41846948054033506
4.050991853 0.42196596731119396
4.052343085 0.4228053555960535
4.053694316 0.4210770847677654
4.055045547 0.4169890694027126
4.056396779 0.41158637089667716
4.05774801 0.4058617267865217
4.059099241999999 0.40044199569471767
4.0604504729999995 0.395969672659621
4.061801705 0.39244568933808843
4.063152936 0.3893457106120315
4.064504168 0.38574131652678767
4.065855399 0.3797584805303894
4.06720663 0.36951630960415005
4.0685578620000005 0.3533641648610337
4.069909093000001 0.33034794332689293
4.071260325 0.3005754848016199
4.072611556 0.2646772279224943
4.073962788 0.22438420355937583
4.075314019 0.18432742356255563
4.07666525 0.1472782291144148
4.078016482 0.11499957388477869
4.079367713 0.08827124750705591
4.080718945 0.06704107688728078
4.082070176 0.05073055252722361
4.083421408 0.03851124288910177
4.084772639 0.029420757558088838
4.086123871 0.02266215007070925
4.087475102 0.017618971531279125
4.088826333 0.013832672190028674
4.090177565 0.010985683947703464
4.091528796 0.008812739940045377
4.092880028 0.007135187512718179
4.094231259 0.005829624442547992
4.095582491 0.00480399562666557
4.096933722 0.003989292973793221
4.098284953 0.003337959006410097
4.0996361850000005 0.002812977037024867
4.100987416 0.002385185830617609
4.102338648 0.0020339103129492784
4.103689878999999 0.0017446488561620819
4.105041110999999 0.0015026731524666647
4.106392342 0.0012984730512107796
4.107743574 0.0011246989141125714
4.109094805 0.0009769660141308956
4.110446036 0.0008513692016529909
4.111797268 0.0007443960676725117
4.113148499 0.0006529678557366759
4.1144997309999995 0.0005753445821784185
4.115850962000001 0.0005093964034587516
4.117202194000001 0.0004535750763811413
4.118553425 0.0004065337825002544
4.119904657 0.0003663127157191514
4.121255887999999 0.0003312566664881129
4.122607119 0.00030073067620769913
4.123958351000001 0.0002733989439197581
4.125309582 0.0002484003351748818
4.126660814 0.00022524933455708186
4.128012045 0.00020362640570437417
4.129363277 0.00018326663714906259
4.130714508 0.00016516773298304365
4.132065739 0.00014974986246136347
4.133416971 0.00013600173058543683
4.134768202 0.00012302637093456267
4.136119434 0.00011037301287886432
4.1374706649999995 9.83136733282989e-05
4.138821897 8.754310015394269e-05
4.140173128000001 7.842744442438243e-05
4.14152436 7.050057699393267e-05
4.142875591 6.305369823643961e-05
4.144226821999999 5.533964322923838e-05
4.145578054 4.865574200000129e-05
4.146929285000001 4.303008152869051e-05
4.148280517 3.785097840315786e-05
4.149631748 3.3885203403799695e-05
4.15098298 3.181880310278173e-05
4.152334211 3.154793636442619e-05
4.153685442 2.984411997956216e-05
4.155036674 2.7106498210459552e-05
4.156387905 2.4189898955497872e-05
4.157739136999999 2.1450664971781218e-05
4.159090368 1.806464079521691e-05
4.1604416 1.5126705901772732e-05
4.161792831 1.3668303774480666e-05
4.163144063 1.0334369122321472e-05
4.164495294 9.74444393561597e-06
4.165846525 8.66524765979977e-06
4.167197757 7.512257621239834e-06
4.1685489879999995 7.57048609878837e-06
4.169900220000001 8.145859812852102e-06
4.171251451 9.159299357122504e-06
4.172602683 9.587716232821829e-06
4.173953914 9.865670104553072e-06
4.1753051459999995 1.0461642325141725e-05
4.1766563770000005 1.1761675768279874e-05
4.178007608 1.301001105553096e-05
4.17935884 1.4057085729351167e-05
4.180710071 1.520679636901667e-05
4.182061303 1.5309386987412254e-05
4.183412534 1.4355878826377316e-05
4.184763766 1.3232142193577383e-05
4.186114997 1.2733837313926946e-05
4.187466228 1.1128926266261377e-05
4.18881746 9.111284847554799e-06
4.190168691 8.73112354275615e-06
4.1915199229999995 8.219330744921186e-06
4.1928711540000005 7.532392145491709e-06
4.194222386000001 5.146036823648176e-06
4.195573617 2.8748999416568985e-06
4.196924849 3.5931640463540598e-06
4.198276079999999 3.6552051492369665e-06
4.199627311 3.984459751839962e-06
4.200978543 4.519412488128302e-06
4.202329774 4.96914213174191e-06
4.203681006 5.203459405029379e-06
4.205032237 5.761280151263628e-06
4.206383469 5.562703688736264e-06
4.2077347 4.559943789784719e-06
4.209085931 4.4459300140337076e-06
4.210437163 5.018927305230887e-06
4.211788394 4.860474395106264e-06
4.213139626 3.487162985749319e-06
4.2144908569999995 4.159596206035648e-06
4.215842089 6.2041478691971625e-06
4.217193320000001 7.5573943122874325e-06
4.218544552 6.729132615115854e-06
4.219895783 5.19043432279049e-06
4.221247013999999 5.168753683517425e-06
4.2225982459999996 6.080711237601367e-06
4.223949477 7.6290625552610566e-06
4.225300709 8.751081224607521e-06
4.22665194 7.803644675352963e-06
4.228003171999999 6.473689757418036e-06
4.229354403 5.65738652398392e-06
4.2307056339999995 6.0200406357913305e-06
4.232056866 6.07710229875542e-06
4.233408097000001 4.944563572392039e-06
4.234759329 4.16131192096881e-06
4.23611056 3.906399752790004e-06
4.237461792 4.109119473350874e-06
4.238813023 3.368768874562248e-06
4.240164255 2.526644313598186e-06
4.241515486 1.9587842041088637e-06
4.242866717 1.5683067202549841e-06
4.244217949 9.239509489267639e-07
4.24556918 1.6555583533126182e-08
4.246920412000001 5.104492468750857e-09
4.248271643 8.655744951016126e-09
4.249622875 1.1835569684709594e-06
4.250974105999999 2.098288499586736e-06
4.2523253379999995 2.1107175014030795e-06
4.2536765690000005 1.391234188380011e-06
4.2550278 7.945449014686893e-07
4.256379032 1.2019582945537012e-06
4.257730263 2.5923133885844146e-06
4.259081495 4.359070620232763e-06
4.260432726 6.975424187691009e-06
4.261783958 7.345204339302577e-06
4.263135189 5.698421582745626e-06
4.26448642 4.581308162594977e-06
4.265837652 4.345305152977043e-06
4.267188883 4.628756092903794e-06
4.2685401149999995 4.598876443753776e-06
4.2698913460000005 3.930025960257349e-06
4.271242578000001 3.1906586244174107e-06
4.272593809 2.67722952836435e-06
4.273945041 2.8038643530365157e-06
4.275296271999999 3.157478429641321e-06
4.276647503 4.003659382906792e-06
4.277998735 5.042730377565038e-06
4.279349966 5.853945284456137e-06
4.280701198 5.497115870411758e-06
4.282052429 4.686312728159921e-06
4.283403661 3.7622760630835103e-06
4.284754892 5.079553471603979e-06
4.286106123 6.893918086906683e-06
4.287457355 7.273476048460312e-06
4.288808586 5.491146164797354e-06
4.290159818 3.2577086040154986e-06
4.2915110489999995 1.800271703923074e-06
4.292862281 1.736978704047836e-06
4.294213512000001 2.722715308363914e-06
4.295564744 3.2288755600588916e-06
4.296915975 3.2779055375265763e-06
4.298267206 3.2804721347917256e-06
4.299618438 3.8405153257632e-06
4.300969669 4.1718839313032345e-06
4.302320901 4.258512699029446e-06
4.303672132 4.674307036760437e-06
4.305023363999999 5.6101937489352665e-06
4.306374595 4.708437712842613e-06
4.3077258259999995 2.9948607801473396e-06
4.309077058 1.3248132724352073e-06
4.310428289000001 1.5592530241793623e-06
4.311779521 1.928471474153335e-06
4.313130752 2.170348060526371e-06
4.314481984 2.32185421681812e-06
4.315833215 2.432010595875262e-06
4.317184447 2.4821618883572526e-06
4.318535678 2.5537679042699825e-06
4.319886909 2.912860396296419e-06
4.321238141 3.659205151888725e-06
4.322589372 4.073656434812028e-06
4.323940604000001 4.892878455755583e-06
4.325291835 5.879588045394978e-06
4.326643067 6.378246475570449e-06
4.327994297999999 6.4701627399938584e-06
4.329345529999999 5.38120378518562e-06
4.3306967610000004 4.111612437448397e-06
4.332047992 4.317519172442391e-06
4.333399224 5.70735005355212e-06
4.334750455 6.45210949823985e-06
4.336101687 6.102656843604068e-06
4.337452918 6.152438863052586e-06
4.33880415 5.585091959888243e-06
4.340155381 5.233067713243802e-06
4.341506612 5.259531945605091e-06
4.342857844 5.1116165956307385e-06
4.344209075 4.965981295040233e-06
4.3455603069999995 4.487199229850171e-06
4.3469115380000005 4.734820683393774e-06
4.34826277 4.961820532906534e-06
4.349614001 5.296031915804826e-06
4.350965233 5.264057428262731e-06
4.352316464 4.611680941218266e-06
4.353667695 2.900036758875173e-06
4.355018927 1.020884467606727e-06
4.356370158 9.998180902223067e-09
4.35772139 1.9888015045375804e-08
4.359072621 4.0755065554908584e-07
4.360423853 2.0347227243700827e-06
4.361775084 2.4204840175047917e-06
4.363126315000001 2.4824283036347174e-06
4.364477547000001 2.0301552123652667e-06
4.365828778 1.6724368048416388e-06
4.36718001 1.3992763732109854e-06
4.3685312409999995 1.4859632330280965e-06
4.369882473 2.193349098028722e-06
4.371233704 3.142746569903182e-06
4.372584936 3.1733178436320795e-06
4.373936167 2.6886479025070347e-06
4.375287398 1.9149803679924324e-06
4.37663863 2.23370084222313e-06
4.377989861 3.5098938142017953e-06
4.379341093 3.4804876647550897e-06
4.380692324 2.865551078992033e-06
4.382043555999999 2.770771540876331e-06
4.383394787 3.0121713781894096e-06
4.3847460179999995 3.651584926041164e-06
4.38609725 3.9615435829303946e-06
4.387448481000001 2.932707030615704e-06
4.388799713 2.3246932930685543e-06
4.390150944 1.3135584324308236e-06
4.391502176 6.176695942213658e-07
4.392853407 3.910796282219411e-07
4.394204639 3.6487225481168905e-07
4.39555587 8.958167489528057e-07
4.396907101 1.182943886050144e-06
4.398258332999999 2.165970384255511e-06
4.399609564 2.024139078988784e-06
4.400960796000001 1.6770571343321582e-06
4.402312027 2.027231654422005e-06
4.403663259 2.1915519484438708e-06
4.405014489999999 1.5985036500920595e-06
4.406365721999999 7.773560171393663e-07
4.407716953 8.945670838809429e-07
4.409068184 1.1760602769513107e-06
4.410419416 1.3947778348199758e-06
4.411770647 1.804443295392696e-06
4.413121879 2.3890811704911336e-06
4.41447311 3.027415474806756e-06
4.415824342 2.8317649715886123e-06
4.417175573000001 2.1654800195743835e-06
4.418526804 1.717369178857144e-06
4.419878036 1.5931294805190354e-06
4.421229266999999 1.4441273206916647e-06
4.4225804989999995 1.046437605438483e-06
4.4239317300000005 6.493169603904609e-07
4.425282962 4.0177419873408673e-07
4.426634193 1.8122977659663733e-07
4.427985425 1.2371652435773263e-07
4.429336656 1.752831959990531e-07
4.430687887 6.341494058292407e-07
4.432039119 1.2684816381441975e-06
4.43339035 1.5470174671583855e-06
4.434741582 1.534414585298674e-06
4.436092813 2.4435759893646107e-06
4.437444045 3.3290502478219016e-06
4.438795276 3.8082323697650434e-06
4.440146507000001 3.2944472271815696e-06
4.441497739000001 2.6568539456588964e-06
4.44284897 2.1838615701365583e-06
4.444200202 2.111056438709111e-06
4.445551432999999 2.423462104582247e-06
4.446902665 2.599589967173613e-06
4.448253896 2.0909778362274716e-06
4.449605128 1.6377037923597512e-06
4.450956359 2.155055344565024e-06
4.45230759 3.617123170027108e-06
4.453658822 4.298510546353017e-06
4.455010053 3.3563136161567627e-06
4.456361285 1.963178396369011e-06
4.457712516 9.292628761944691e-07
4.459063747999999 6.916773202146033e-07
4.460414979 5.134470988357068e-07
4.4617662110000005 3.061231096411921e-07
4.463117442 4.804726389925889e-07
4.464468673000001 7.450776390553316e-07
4.465819905 1.4101247880405402e-06
4.467171136 1.3479365884649603e-06
4.468522368 8.305339918477417e-07
4.469873599 6.302346350769659e-07
4.471224831000001 1.5375384646354628e-06
4.472576062 2.7032968088132125e-06
4.473927293 4.925294283299062e-06
4.475278524999999 6.118476652729798e-06
4.476629756 6.80105557731644e-06
4.4779809880000006 7.799662319064486e-06
4.479332219 8.724357999898098e-06
4.480683451 8.573543775057237e-06
4.482034682 7.818505676498473e-06
4.483385914 6.45234233244835e-06
4.484737145 5.726922910544355e-06
4.486088376 4.9587261563427714e-06
4.487439608 5.078356266977096e-06
4.488790839 5.051651492278436e-06
4.490142071 4.952344115468959e-06
4.491493302 4.547006542991085e-06
4.492844534 7.695714764118554e-06
4.494195765000001 9.128415257499053e-06
4.495546996 9.23389642803393e-06
4.496898228 8.733172988452612e-06
4.498249458999999 7.850735103020728e-06
4.4996006909999995 7.818712891023744e-06
4.5009519220000005 8.360912121009837e-06
4.502303154 9.663393195655302e-06
4.503654385 1.0408932974522136e-05
4.505005617 1.154545380161748e-05
4.506356848 1.1413308532329941e-05
4.507708079 1.0862260180244378e-05
4.509059311 1.0424360668123541e-05
4.510410542 1.0399487658098249e-05
4.511761774 1.0798015720445586e-05
4.513113005 1.0914761621590096e-05
4.514464237 9.811418589155032e-06
4.5158154679999996 8.579433925388856e-06
4.517166699000001 8.06981046752413e-06
4.518517931 7.456476552146077e-06
4.519869162 7.633252524937084e-06
4.521220394 8.044447427455728e-06
4.522571624999999 1.0615683493617546e-05
4.523922857 1.1814098398520745e-05
4.525274088 1.1990275241195475e-05
4.52662532 1.149301990689328e-05
4.527976551 1.0257346698979015e-05
4.529327782 8.985051091209283e-06
4.530679014 8.88207702226438e-06
4.532030245 9.867975988322533e-06
4.533381477 1.0815470994137056e-05
4.534732708 1.0715221792398315e-05
4.53608394 9.559448242023815e-06
4.537435171 7.407094106470982e-06
4.5387864030000005 5.4439173992525156e-06
4.540137634 4.230242960013929e-06
4.541488865 3.847610498772966e-06
4.542840097 3.370359286300206e-06
4.544191328 3.2429795754677573e-06
4.5455425599999995 2.5075191803946325e-06
4.5468937910000005 1.5495856246126605e-06
4.548245023000001 9.820867049699833e-07
4.549596254 1.4686971107702379e-06
4.550947485 1.9431443507301003e-06
4.552298716999999 3.8579005841918914e-06
4.553649948 3.2815401196569776e-06
4.5550011800000005 1.371869398930068e-06
4.556352411 1.5919718849365875e-06
4.557703643 1.6139909431801686e-06
4.559054874 1.0368892315425616e-06
4.560406106 3.061813600268607e-07
4.561757337 1.9259258656158323e-07
4.563108568 3.5318784066354523e-07
4.5644598 1.2416326244367525e-06
4.565811031 1.425015665426844e-06
4.567162263 3.3792181191536506e-07
4.568513493999999 6.384583412657235e-07
4.569864726 1.9479399027625394e-06
4.571215957000001 1.7969884472709818e-06
4.572567188 1.7354031359380515e-06
4.57391842 1.74931973991897e-06
4.575269650999999 8.139709673341976e-07
4.5766208829999995 4.874990280487088e-07
4.5779721140000005 1.0331447417560174e-06
4.579323346 1.5991110865610128e-06
4.580674577 2.350903895206125e-06
4.582025809 2.370064795907711e-06
4.58337704 1.4927563856251169e-06
4.584728271 1.2426821938315618e-06
4.586079503 1.6190556944461273e-06
4.587430734 1.6719088000588258e-06
4.588781966 1.722973781633778e-06
4.590133197 2.440592096995786e-06
4.591484429 3.6848686884190513e-06
4.5928356599999995 4.99927855407427e-06
4.5941868910000005 5.362259496630342e-06
4.595538123 4.642253736149575e-06
4.596889354 4.256972887163172e-06
4.598240586 3.892782860144353e-06
4.599591817 3.4521228363182394e-06
4.6009430490000005 2.93866461525097e-06
4.60229428 2.543471336765402e-06
4.603645512 1.8930788218172687e-06
4.604996743 1.6507936927833434e-06
4.606347974 1.2020720780543632e-06
4.607699206 3.153148145458237e-07
4.609050437 1.910679635514185e-06
4.610401669 2.6767349283270557e-06
4.611752900000001 2.5941599996340613e-06
4.613104132 2.4913197652382642e-06
4.614455363 2.479671310254763e-06
4.6158065950000005 2.177076753168572e-06
4.617157826 1.9910963171515172e-06
4.618509057 1.816347850353583e-06
4.619860289 1.9328948123572793e-06
4.62121152 2.2586135954260793e-06
4.622562751999999 2.407359342002302e-06
4.6239139830000004 2.3706756762012917e-06
4.625265215000001 2.385768627396612e-06
4.626616446 2.133394194221368e-06
4.627967677 1.2342308262891798e-06
4.629318908999999 7.634973268691098e-07
4.63067014 3.2690325949058974e-07
4.6320213720000005 3.177523931050935e-07
4.633372603 4.83512523466831e-07
4.634723835 1.086476114979987e-06
4.636075066 2.224146591240758e-06
4.637426298 3.3536080642744484e-06
4.638777529 3.3538480746295865e-06
4.64012876 3.0068564343552813e-06
4.641479992 2.759798489040104e-06
4.642831223 2.1999069715746643e-06
4.644182455 1.2462370780766828e-06
4.645533685999999 7.615064397036581e-07
4.646884918 1.5431765093788656e-08
4.648236149000001 7.072481138906152e-09
4.64958738 1.9746691646513e-07
4.650938612 6.890783066598974e-07
4.652289842999999 1.6465063736169978e-06
4.6536410749999995 2.5524849760830667e-06
4.6549923060000005 3.155019405064368e-06
4.656343538 3.093890135212929e-06
4.657694769 2.5843268762976525e-06
4.659046001 1.702749796597668e-06
4.660397232 1.0391863135183627e-06
4.661748463 1.0366923688812574e-07
4.663099695 2.0630740082244513e-07
4.664450926000001 2.191334772249229e-06
4.665802158 3.4587893122321874e-06
4.667153389 4.128472211640738e-06
4.668504621 4.0658038808289045e-06
4.6698558519999995 3.577051637685828e-06
4.6712070830000005 3.1571472111497945e-06
4.672558315 3.156084255288161e-06
4.673909546 3.148599891212429e-06
4.675260778 3.1023100997856326e-06
4.676612009 2.6235375801062386e-06
4.6779632410000005 2.466749436651953e-06
4.679314472 2.519479634952339e-06
4.680665704 2.9902432994782537e-06
4.682016935 3.2465825590057187e-06
4.683368166 3.275566212788227e-06
4.684719398 2.5609198129440947e-06
4.686070629 2.0987218652625865e-06
4.687421861 1.3366595519175198e-06
4.688773092 4.897880453403947e-07
4.690124324 2.547611426717182e-07
4.691475555 7.692480435104749e-07
4.6928267869999996 2.30913542237026e-06
4.694178018 3.7063515964070395e-06
4.695529249 4.264157804252113e-06
4.696880481 4.316684898987766e-06
4.698231712 4.1976751554175545e-06
4.699582943999999 2.637647690673264e-06
4.700934175 2.011544391684926e-06
4.702285407000001 1.3889347659957033e-06
4.703636638 1.1803085814401652e-06
4.704987869 1.2394269617980012e-06
4.706339100999999 1.707096657740519e-06
4.707690332 2.084260625440793e-06
4.7090415640000005 2.349536352286045e-06
4.710392795 2.194406354819598e-06
4.711744027 2.5197745497246116e-06
4.713095258 3.5797765450107975e-06
4.71444649 3.936211032192439e-06
4.7157977209999995 3.5374311724293506e-06
4.717148952 2.989098855733787e-06
4.718500184000001 2.3171849054833325e-06
4.719851415 2.02594891854867e-06
4.721202647 2.064835126027825e-06
4.722553877999999 1.5303074001468128e-06
4.72390511 1.931390745865687e-06
4.725256341000001 1.861057249401836e-06
4.726607572 2.3592569911513927e-06
4.727958804 2.1864042135302243e-06
4.729310035 1.5329847685230926e-06
4.730661267 1.2000539801523631e-06
4.7320124980000005 5.981963779607649e-07
4.73336373 7.501578605900585e-07
4.734714961 1.2002826602396048e-06
4.736066193 1.2133365221688745e-06
4.737417424 1.5423849645430046e-06
4.738768654999999 2.5193846124645997e-06
4.740119887 3.134020301062255e-06
4.741471118000001 3.3020810989853652e-06
4.74282235 2.5218186291516226e-06
4.744173581 1.977793797675188e-06
4.745524813 2.803482389060103e-06
4.7468760439999995 2.9478246665916854e-06
4.748227276 2.688288509426915e-06
4.749578507 2.0189313968696036e-06
4.750929738 2.271534705777923e-06
4.75228097 3.1335722420217495e-06
4.753632201 4.277562109810539e-06
4.7549834330000005 5.17759373738547e-06
4.756334664 5.6253163859589436e-06
4.757685896 4.24518133847849e-06
4.759037127 2.8120855796738025e-06
4.760388358 2.4507781154377494e-06
4.76173959 2.1934251743157926e-06
4.763090821 1.7057339880093193e-06
4.764442053 1.0787598819805791e-06
4.765793284 1.2725534205147666e-06
4.767144516 1.970897727359821e-06
4.768495747 2.3607907028981762e-06
4.7698469789999995 2.6360606779979255e-06
4.77119821 1.5022572609900847e-06
4.772549441 1.8783495322441783e-07
4.773900673 5.623856562046442e-07
4.775251904 2.1271438651842436e-08
4.776603135999999 4.227562464812156e-09
4.777954367 4.224113588268314e-09
4.779305599000001 1.2879385696483876e-08
4.78065683 3.738357057120419e-07
4.782008061000001 4.298214069726343e-07
4.783359293 1.166323913776877e-06
4.784710524 1.977510659410908e-06
4.7860617560000005 2.711173941296725e-06
4.787412987 3.1079798081183586e-06
4.788764219 2.583568897049335e-06
4.79011545 2.518561258903799e-06
4.791466682 2.661583820618208e-06
4.7928179129999995 3.066081671961576e-06
4.7941691440000005 3.4196065118725293e-06
4.795520376000001 2.9157429691507738e-06
4.796871607 1.9155632709277873e-06
4.798222839 1.5949862450653045e-06
4.799574069999999 1.1311456281341946e-06
4.800925302 1.207391541728915e-06
4.802276533000001 1.166025693504523e-06
4.803627764 1.2416412856351877e-06
4.804978996 2.321994219717634e-06
4.806330227 2.4134259964629144e-06
4.807681459 2.1783575866771845e-06
4.80903269 1.6146766789337059e-06
4.810383922 1.667874807908157e-06
4.811735153 2.4074514766497213e-06
4.813086384999999 3.234265487523283e-06
4.814437616 3.799324909476823e-06
4.815788846999999 3.8029017973519067e-06
4.817140079 3.7992301057682214e-06
4.818491310000001 3.721758624043365e-06
4.819842542 3.949220297790295e-06
4.821193773 4.29143962469854e-06
4.822545005 4.369705532922359e-06
4.8238962359999995 3.968618855954216e-06
4.825247468 3.438487432567832e-06
4.826598699 2.8195424968688198e-06
4.82794993 2.6001884457429754e-06
4.829301162 2.7059039955720145e-06
4.830652393 3.1503435409136048e-06
4.8320036250000005 5.53040219217064e-06
4.833354856 5.038046564721241e-06
4.834706088 3.816815787662141e-06
4.836057318999999 3.585504095799495e-06
4.83740855 3.768580485776937e-06
4.838759782 4.038924202686417e-06
4.840111013 3.824225532551247e-06
4.841462245 3.829133848523936e-06
4.842813476 4.106922878753054e-06
4.844164708 4.259344599888751e-06
4.845515939 4.793337405384638e-06
4.8468671709999995 4.7625315269213075e-06
4.8482184020000005 4.424751670208755e-06
4.849569633 3.9138445498515055e-06
4.850920865 3.9400739785404706e-06
4.852272096 4.159646542649607e-06
4.853623327999999 2.6199390056941245e-06
4.854974559 8.211951291682624e-07
4.856325791000001 4.915869250821226e-07
4.857677022 3.797019090855108e-07
4.859028253 1.4842908433008573e-06
4.860379485 1.5420072828023026e-06
4.861730716 4.307955308692812e-07
4.863081948 3.700915481879416e-07
4.864433179 1.6264261669812598e-06
4.865784411 2.8254048576799305e-06
4.867135642 3.2387367485169263e-06
4.868486874 3.315125982104094e-06
4.8698381049999995 2.6574819208725363e-06
4.8711893360000005 8.853539959991465e-07
4.872540568000001 1.061428539692786e-06
4.873891799 9.353238478924376e-07
4.875243031 8.427484744220213e-07
4.876594261999999 1.1219789098482428e-06
4.8779454939999995 1.8553982871161929e-06
4.879296725000001 2.318968058087234e-06
4.880647956 2.9640709415562297e-06
4.881999188 4.861448912258029e-06
4.883350419 5.232689517709512e-06
4.884701651 5.5004940993250785e-06
4.8860528819999995 5.010964073567148e-06
4.887404114 4.142255114194815e-06
4.888755345 3.7300533872957946e-06
4.890106576999999 2.4095243395425647e-06
4.891457808 1.3072122492433632e-06
4.892809038999999 6.366323158860689e-07
4.894160271 1.034421639267444e-06
4.895511502000001 1.8293930753135644e-06
4.896862734 2.1534141107952167e-06
4.898213965 2.7689417184613193e-06
4.899565197 2.4262460357892073e-06
4.900916428 1.7236318732483335e-06
4.902267660000001 1.7328541715694548e-06
4.903618891 1.7994115067927389e-06
4.904970122 2.2672889662545515e-06
4.906321354 1.7409582881975677e-06
4.907672585 1.4746566999908092e-06
4.9090238170000005 1.295971628753885e-06
4.910375048 7.848857729032031e-07
4.91172628 8.621226389724431e-07
4.913077511 1.1056414219460952e-06
4.914428742 1.3876120998726968e-06
4.915779974 1.7953312818498894e-06
4.917131205 2.275751312886763e-06
4.918482437 2.7153330114435997e-06
4.919833668 2.1796386697052954e-06
4.9211849 1.5733291392014898e-06
4.922536131 4.7558552206617693e-07
4.9238873629999995 2.4832495796052543e-07
4.9252385940000005 4.5891608727135585e-08
4.926589825 5.449099009037495e-08
4.927941057 2.82929680892745e-07
4.929292288 7.58565559041892e-07
4.930643519999999 1.5072627683419336e-06
4.931994751 1.0934330700940758e-06
4.933345983000001 6.679921180888061e-07
4.934697214 6.673501085255459e-07
4.936048445 9.90944024861689e-07
4.937399677 1.682846611772939e-06
4.938750908 2.1421861304949166e-06
4.94010214 2.636099517268604e-06
4.941453371 2.4175339679231645e-06
4.942804603 2.2350297134789174e-06
4.944155834 1.90763908272194e-06
4.945507066 1.7189853405707896e-06
4.9468582969999995 1.4911796734738155e-06
4.9482095280000005 1.8081036822861264e-06
4.949560760000001 3.8642146449839604e-06
4.950911991 5.370496341777966e-06
4.952263223 6.820941854192337e-06
4.953614453999999 6.979666665293372e-06
4.9549656859999995 6.333592648391407e-06
4.9563169170000005 5.676848550848418e-06
4.957668148 3.6506618026402495e-06
4.95901938 2.906129923921145e-06
4.960370611 2.0167088667211006e-06
4.961721843 1.7432509624917082e-06
4.9630730739999995 2.016840367292194e-06
4.964424306 2.559074284532837e-06
4.965775537000001 3.0721009871691233e-06
4.967126769 2.3780934190084094e-06
4.968478 2.495846216286666e-06
4.969829230999999 2.3903438716675723e-06
4.971180463 2.4560484426526135e-06
4.972531694000001 2.62192070483634e-06
4.973882926 2.8174636940247574e-06
4.975234157 2.8898305729175952e-06
4.976585389 2.7535335916339766e-06
4.97793662 3.096447439670866e-06
4.979287852000001 3.066196626174701e-06
4.980639083 3.5209193564760706e-06
4.981990314 2.9734896265239414e-06
4.983341545999999 1.9425550066699924e-06
4.984692777 1.8080144840534098e-06
4.986044009 2.2145161256885023e-06
4.98739524 2.1179226247095044e-06
4.988746472 2.20601490873081e-06
4.990097703 3.1543170285025404e-06
4.991448934 4.323261980359467e-06
4.992800166 5.410588675472025e-06
4.9941513969999995 5.501270449935962e-06
4.995502629 5.095090592073413e-06
4.99685386 4.500459074834143e-06
4.998205092 4.015209571833022e-06
4.999556323 4.362762828489979e-06
5.0009075549999995 4.005023703112419e-06
5.0022587860000005 3.259359422509885e-06
5.003610017 2.2866722963867603e-06
5.004961249 1.8872068233966784e-06
5.006312479999999 1.6295344138366507e-06
5.007663711999999 1.473339075572736e-06
5.009014943 1.5560019825328021e-06
5.010366175 1.5233827375352393e-06
5.011717406 1.4275652022741118e-06
5.013068637 1.3350164474506545e-06
5.014419869 1.6160782025873936e-06
5.0157711 1.545550667305158e-06
5.017122332 1.2801665384291808e-06
5.018473563 1.0384540909061008e-06
5.019824795000001 9.610189713142574e-07
5.021176026 1.1567939176990353e-06
5.022527258 1.1968203344514808e-06
5.0238784889999994 1.0727840882244409e-06
5.0252297200000005 6.91355905373521e-07
5.026580952000001 3.3119254104448135e-07
5.027932183 2.6258232190093295e-07
5.029283415 3.487915887989312e-07
5.030634646 5.220194807801024e-07
5.031985878 8.984132710468453e-07
5.033337109 1.0796387855355184e-06
5.034688341 1.1295279177548096e-06
5.036039572 1.2735779736648658e-06
5.037390803 1.2396396376381706e-06
5.038742035 1.2885534293847871e-06
5.0400932659999995 1.208772307200123e-06
5.041444498 1.1448707603183443e-06
5.042795729000001 1.075976960011641e-06
5.044146961 9.593092383580992e-07
5.045498192 9.196916502282099e-07
5.046849422999999 9.56208106064072e-07
5.048200655 1.1169688714204054e-06
5.049551886000001 1.184209018507309e-06
5.050903118 1.4468908737512978e-06
5.052254349 1.4311802960751052e-06
5.053605581 1.3608877933717666e-06
5.054956812 1.3379231812791163e-06
5.056308044000001 1.3155262991608375e-06
5.057659275 1.2202837670976922e-06
5.059010506 1.1538266279409833e-06
5.060361737999999 1.1121268970076624e-06
5.061712969 1.2432054418336866e-06
5.063064201 1.501397282660201e-06
5.064415432 1.518732268272112e-06
5.065766664 1.4790223695314508e-06
5.067117895 1.208933957049019e-06
5.068469126 9.785689106299794e-07
5.069820358 7.624590260588204e-07
5.0711715889999995 6.653742495419748e-07
5.072522821 6.606311208481102e-07
5.073874052 7.173416607086584e-07
5.075225284 9.225883536442582e-07
5.076576515 1.0111988782754527e-06
5.0779277469999995 1.0854236983731132e-06
5.0792789780000005 9.861230576902083e-07
5.080630209 9.129445662376487e-07
5.081981441 8.181554718965328e-07
5.083332671999999 7.712269153698582e-07
5.084683904 7.565840871033586e-07
5.086035135 7.49961201907587e-07
5.087386367 7.21628299036333e-07
5.088737598 6.98310153731895e-07
5.090088829 6.723286730241214e-07
5.091440061 6.746848444788053e-07
5.092791292 6.94036023200253e-07
5.094142524 6.686976572081481e-07
5.095493755000001 6.421355681741756e-07
5.096844987000001 5.709630814750414e-07
5.098196218 4.951589612560773e-07
5.09954745 4.372061986155404e-07
