microns throughput
2.0004663860000003 2.577322837553454e-10
2.002074478 2.33231746421236e-10
2.00368257 2.1234903397520781e-10
2.005290662 1.9457727740134003e-10
2.006898754 1.791416446159479e-10
2.008506846 1.66891644619788e-10
2.010114938 1.5587026352402515e-10
2.01172303 1.452275008210585e-10
2.013331122 1.3685582275981938e-10
2.014939214 1.2990131975028363e-10
2.016547306 1.222457138097996e-10
2.018155398 1.169081502235751e-10
2.01976349 1.1095647511772392e-10
2.021371582 1.0686868735902445e-10
2.022979674 1.0308796508704723e-10
2.0245877660000002 9.827861378704055e-11
2.026195858 9.507616017328232e-11
2.027803949 9.219256779535845e-11
2.029412041 8.974343296259857e-11
2.031020133 8.771981097511592e-11
2.032628225 8.590902535765972e-11
2.034236317 8.330864240418702e-11
2.035844409 8.212099961665191e-11
2.037452501 8.129036462195929e-11
2.039060593 8.085151465638881e-11
2.040668685 8.147130507122449e-11
2.042276777 8.146072968997849e-11
2.0438848689999998 8.176051602551224e-11
2.045492961 8.25787973911015e-11
2.047101053 8.37992015453773e-11
2.0487091449999997 8.584889011236756e-11
2.0503172370000002 8.790065144717877e-11
2.0519253290000004 8.976285327456453e-11
2.053533421 9.286439919695869e-11
2.055141513 9.556789692321841e-11
2.056749605 9.951946218532529e-11
2.058357697 1.0422326751421001e-10
2.059965788 1.1071748371157998e-10
2.06157388 1.1739974185692606e-10
2.0631819719999998 1.2443355625115474e-10
2.064790064 1.3240235612291472e-10
2.066398156 1.4142775164069755e-10
2.068006248 1.5190820924386814e-10
2.06961434 1.6375922202011144e-10
2.071222432 1.7695103543436934e-10
2.072830524 1.9325689224856186e-10
2.074438616 2.1008324308838265e-10
2.076046708 2.307325287884238e-10
2.0776548 2.5258914592601553e-10
2.079262892 2.7863103194751965e-10
2.080870984 3.089612722953389e-10
2.0824790760000003 3.432547435464634e-10
2.084087168 3.85360482076451e-10
2.08569526 4.345495504415083e-10
2.0873033519999997 4.922141838444548e-10
2.088911444 5.618917232667702e-10
2.090519536 6.450374714009838e-10
2.092127627 7.429433412678757e-10
2.0937357189999997 8.607974218529808e-10
2.0953438110000002 1.0020758305606272e-09
2.0969519030000003 1.1616256907733836e-09
2.098559995 1.3588560364163162e-09
2.100168087 1.601007039419942e-09
2.101776179 1.864346089022701e-09
2.103384271 2.172024206016755e-09
2.104992363 2.52447706594025e-09
2.1066004549999997 2.902267406525719e-09
2.1082085470000003 3.319323151811583e-09
2.109816639 3.7444605188325325e-09
2.111424731 4.1480970003162515e-09
2.113032823 4.477660687905114e-09
2.114640915 4.720436392674779e-09
2.116249007 4.930917643648804e-09
2.1178570989999996 5.020942966225971e-09
2.1194651909999997 5.0766075626008786e-09
2.1210732830000003 5.065086053038237e-09
2.122681375 5.005751026209683e-09
2.124289466 4.892001377459799e-09
2.125897558 4.781917000583026e-09
2.1275056500000002 4.669837519710859e-09
2.129113742 4.554997330137334e-09
2.130721834 4.461707468545614e-09
2.1323299259999997 4.3590344575720334e-09
2.133938018 4.244064515829253e-09
2.1355461100000004 4.1413747627605844e-09
2.137154202 4.052122176006931e-09
2.138762294 3.965763115986223e-09
2.140370386 3.8550658864206845e-09
2.141978478 3.742403672729361e-09
2.14358657 3.6141869029834967e-09
2.1451946619999998 3.4863116874197457e-09
2.146802754 3.355014322868052e-09
2.1484108460000004 3.224672030224849e-09
2.150018938 3.0948135345985003e-09
2.15162703 2.9554551935535815e-09
2.153235122 2.826170788124301e-09
2.154843214 2.6733001803816788e-09
2.156451305 2.5396651253175107e-09
2.158059397 2.368125501481375e-09
2.159667489 2.214612067125325e-09
2.161275581 2.0607400371019713e-09
2.1628836729999996 1.9070594741245522e-09
2.164491765 1.7666014542635574e-09
2.1660998570000003 1.6320402231061224e-09
2.167707949 1.5131000747643649e-09
2.169316041 1.414780169081352e-09
2.170924133 1.3241273793191197e-09
2.172532225 1.2296311197628161e-09
2.174140317 1.142949036366294e-09
2.1757484089999997 1.05179924803965e-09
2.177356501 9.631718252485329e-10
2.1789645930000003 8.88669938441124e-10
2.180572685 8.318247898398231e-10
2.182180777 7.823056574755083e-10
2.183788869 7.266953867515271e-10
2.185396961 6.801652099588167e-10
2.187005053 6.638396617198172e-10
2.1886131449999997 6.582886688437423e-10
2.1902212359999997 6.270188656096019e-10
2.191829328 5.821255295842287e-10
2.1934374200000004 5.445977180872373e-10
2.195045512 5.341454118050256e-10
2.196653604 5.533126331679046e-10
2.198261696 6.123579601365929e-10
2.199869788 6.895978415998336e-10
2.20147788 7.339672381295787e-10
2.203085972 7.585074981347577e-10
2.204694064 8.676943762128497e-10
2.206302156 9.615317348461137e-10
2.207910248 1.079837958176701e-09
2.2095183400000002 1.1175083036614658e-09
2.211126432 1.1814412875281752e-09
2.212734524 1.2413769676371289e-09
2.2143426159999997 1.3031908711361277e-09
2.215950708 1.36034133366558e-09
2.2175588 1.3391913516262526e-09
2.219166892 1.4119723550918715e-09
2.220774984 1.6108542855301056e-09
2.222383075 1.950684608563238e-09
2.2239911670000003 2.4396753569318932e-09
2.225599259 3.056123801995824e-09
2.227207351 3.729775125274998e-09
2.228815443 3.8425080837329916e-09
2.230423535 3.9619845036166e-09
2.232031627 3.255202721082997e-09
2.2336397189999997 3.149858265013441e-09
2.2352478110000003 2.8431402666034954e-09
2.236855903 2.0653621989384997e-09
2.238463995 1.569535969681159e-09
2.240072087 1.7577010751521861e-09
2.241680179 2.3383062773424113e-09
2.243288271 3.535399998180029e-09
2.2448963629999996 4.511638002358079e-09
2.2465044549999997 5.792895087020742e-09
2.2481125470000003 5.331109310981757e-09
2.249720639 5.6926203575744365e-09
2.251328731 4.999839976506605e-09
2.252936823 4.562278161997702e-09
2.2545449140000002 5.418164627824653e-09
2.256153006 8.113504477017382e-09
2.257761098 1.2304417105272722e-08
2.2593691899999997 1.3892784757610668e-08
2.260977282 1.577441028289019e-08
2.262585374 1.4600216164057687e-08
2.264193466 1.2004253882773253e-08
2.265801558 1.2276308500227282e-08
2.2674096500000003 8.470155835680599e-09
2.269017742 9.098542303039332e-09
2.270625834 1.3131563548737635e-08
2.2722339259999997 1.5708567247227364e-08
2.273842018 1.9554027214178755e-08
2.2754501100000004 1.805018462704171e-08
2.277058202 1.849863853538207e-08
2.278666294 2.6108851991624665e-08
2.280274386 2.8915027152664712e-08
2.281882478 4.2388357485033333e-08
2.28349057 4.953996732648865e-08
2.285098662 5.8075347353891e-08
2.286706753 6.156694208186503e-08
2.288314845 6.258048111253741e-08
2.2899229369999996 6.637305885545716e-08
2.291531029 6.189137692508944e-08
2.2931391210000003 5.7979021041199295e-08
2.294747213 4.6064944253925805e-08
2.296355305 4.2651012740471166e-08
2.297963397 5.00249133982671e-08
2.299571489 4.035680357552668e-08
2.301179581 3.904775475687334e-08
2.3027876729999996 3.926878380294557e-08
2.304395765 4.142159667536375e-08
2.3060038570000003 5.56770083974053e-08
2.307611949 4.7663618596887806e-08
2.309220041 3.9529508774683727e-08
2.310828133 3.587504655454479e-08
2.312436225 3.530136985056677e-08
2.314044317 4.2633587098601584e-08
2.3156524089999997 3.879044045157868e-08
2.3172605010000003 4.881932575760871e-08
2.318868592 1.0487749474122498e-07
2.3204766840000004 8.145632494464577e-08
2.322084776 8.974751734134205e-08
2.323692868 2.9623613725938305e-08
2.32530096 1.4182283411144788e-08
2.326909052 5.083804803975625e-08
2.328517144 9.040670632617166e-08
2.3301252359999998 1.742594609272298e-07
2.331733328 3.020355979677701e-07
2.33334142 3.9549921828214004e-07
2.334949512 5.390710819881355e-07
2.3365576040000002 4.836105664338938e-07
2.338165696 3.7566650436432253e-07
2.339773788 2.9387532444946566e-07
2.3413818799999997 2.300546245822131e-07
2.342989972 2.3591873072576068e-07
2.344598064 1.9317118417238267e-07
2.346206156 1.2979528215885684e-07
2.347814248 3.2861879920944623e-07
2.3494223400000003 5.577154040861274e-07
2.3510304310000003 7.325694751402209e-07
2.352638523 8.032939071447773e-07
2.354246615 6.062493591714208e-07
2.3558547069999998 6.652260675724844e-07
2.357462799 7.17455318246547e-07
2.359070891 5.866896138868513e-07
2.3606789829999997 5.355006438347437e-07
2.3622870750000002 5.39874760418699e-07
2.363895167 5.590928915997853e-07
2.365503259 5.843436714047387e-07
2.367111351 6.324065506027093e-07
2.368719443 7.563853497851901e-07
2.370327535 8.927963441046067e-07
2.371935627 7.461513292681551e-07
2.3735437189999997 6.264519900804155e-07
2.3751518110000003 5.165313535329561e-07
2.376759903 5.02344920511279e-07
2.378367995 5.533831829446867e-07
2.379976087 7.105920929832041e-07
2.381584179 9.276383681718516e-07
2.383192271 9.943790567521017e-07
2.384800362 7.515042364861714e-07
2.3864084539999997 6.659198865882895e-07
2.388016546 3.9987059012213656e-07
2.389624638 2.632556894022857e-07
2.39123273 2.1170446839576172e-07
2.392840822 2.1631080930177924e-07
2.3944489140000003 3.365970213855462e-07
2.396057006 6.555748910738487e-07
2.397665098 7.495464556365892e-07
2.3992731899999997 1.101245255943365e-06
2.400881282 1.942081355951609e-06
2.4024893740000004 2.320084200091933e-06
2.404097466 2.813776688518192e-06
2.405705558 1.9995472774268995e-06
2.40731365 1.1634410784250493e-06
2.408921742 7.432089027034075e-07
2.410529834 1.7223265156764454e-07
2.4121379259999998 1.3396121498625893e-07
2.413746018 2.3565456467866493e-07
2.41535411 2.8165035866835226e-07
2.416962201 3.3999153750651276e-07
2.418570293 3.775307437788915e-07
2.4201783850000003 3.2296597302761543e-07
2.421786477 3.6293149234443636e-07
2.423394569 5.521875410955571e-07
2.425002661 5.36809470933295e-07
2.426610753 8.991742270916603e-07
2.428218845 1.1358436350098798e-06
2.4298269369999996 9.89254116068486e-07
2.431435029 9.683375853483124e-07
2.4330431210000003 7.938435079139855e-07
2.434651213 8.763632247265872e-07
2.436259305 1.045157107522247e-06
2.4378673969999998 8.160782205834812e-07
2.439475489 7.628673124830543e-07
2.441083581 7.40091655941406e-07
2.4426916729999997 7.509385072799859e-07
2.4442997650000002 8.485474144711342e-07
2.4459078570000004 1.1953979617490235e-06
2.447515949 8.960028850690627e-07
2.44912404 7.547181530162646e-07
2.450732132 5.905564629962779e-07
2.452340224 4.891105279019392e-07
2.453948316 5.018875844716743e-07
2.455556408 5.878840742800961e-07
2.4571644999999998 8.133797709889607e-07
2.458772592 1.596561712086405e-06
2.460380684 2.593980093435992e-06
2.461988776 2.3706638182970628e-06
2.463596868 2.202984152269796e-06
2.46520496 1.839916522319406e-06
2.466813052 1.5994522641982766e-06
2.468421144 1.5915542957166547e-06
2.470029236 1.6227279854850457e-06
2.471637328 1.6734753304672406e-06
2.47324542 1.8404480644152342e-06
2.474853512 2.0726240093464636e-06
2.4764616040000003 2.4558892417647394e-06
2.478069696 2.9749410249019074e-06
2.479677788 3.003857254259814e-06
2.481285879 2.9972112312641524e-06
2.4828939709999998 3.039591588082633e-06
2.484502063 2.6814959809377856e-06
2.486110155 2.367372842572408e-06
2.4877182469999997 2.1147432868076853e-06
2.489326339 1.7630442172527539e-06
2.4909344310000003 1.601241628153493e-06
2.492542523 1.4839558924525957e-06
2.494150615 1.148425441500298e-06
2.495758707 1.1699746303202575e-06
2.497366799 1.2557654840773473e-06
2.498974891 1.415906519113619e-06
2.499778162 2.2200742007123002e-06
2.5011293930000003 2.2709923231947627e-06
2.502480624 3.8881385328511e-06
2.5038318559999997 4.810729010956683e-06
2.505183087 6.45363622020438e-06
2.506534319 3.258153113070552e-06
2.50788555 1.803133117572507e-06
2.509236782 7.525165198860512e-07
2.510588013 1.0063469070362314e-06
2.511939244 3.129715390110087e-06
2.5132904760000003 4.08126892103878e-06
2.514641707 1.5521145149748043e-06
2.515992939 1.3979636789443583e-06
2.51734417 4.438661649921906e-07
2.5186954019999996 4.805626623638646e-06
2.5200466329999998 4.467963060661198e-06
2.521397865 5.6535573865301805e-06
2.522749096 1.1704500741230415e-06
2.524100327 1.9565615085689666e-06
2.525451559 3.4092517725144396e-06
2.52680279 3.1039733650181283e-06
2.5281540220000003 6.240144964414865e-07
2.529505253 2.684500649697729e-06
2.5308564849999997 9.724077659353352e-07
2.532207716 3.0794385532205556e-06
2.533558948 3.642149481433063e-06
2.534910179 2.8738627852483375e-06
2.5362614100000003 1.9885411225029986e-06
2.537612642 3.7346033424142883e-06
2.538963873 1.0794791766881961e-06
2.5403151050000004 2.1862149884316277e-06
2.5416663359999996 1.3464348911467243e-06
2.5430175680000002 2.918650842397664e-06
2.544368799 4.978349895146426e-06
2.54572003 3.429343196883354e-06
2.547071262 7.3364898100870895e-06
2.548422493 3.5655092674013935e-06
2.549773725 4.480529135975881e-06
2.551124956 3.949507764296379e-06
2.552476188 2.215069179007202e-06
2.553827419 4.245281217422561e-06
2.5551786510000003 1.8826504790355316e-06
2.556529882 3.088419551101698e-06
2.557881113 8.492205462340963e-07
2.559232345 1.8167654908230696e-06
2.560583576 2.497504097946301e-06
2.561934808 2.5066587050033395e-06
2.5632860390000003 5.484023003389139e-07
2.564637271 1.61443361434702e-06
2.565988502 3.833153133455498e-06
2.567339733 2.786180222022091e-06
2.5686909649999996 3.8960362506479985e-06
2.5700421959999997 5.520469757659266e-06
2.571393428 7.2907242926847075e-06
2.572744659 1.8752298222073637e-06
2.574095891 1.0407070765474563e-06
2.575447122 2.6357552306904918e-06
2.576798354 5.5928504835570626e-06
2.5781495850000002 3.817916578482676e-06
2.5795008160000004 3.2466222955196857e-06
2.580852048 7.67217983974736e-07
2.582203279 1.8870991271286038e-06
2.583554511 3.745138399908187e-06
2.584905742 2.9661793600211866e-06
2.586256974 3.6853561139900374e-06
2.587608205 2.567660663089585e-06
2.588959437 6.306853339343094e-07
2.590310668 9.196126196425058e-07
2.591661899 2.269257036582615e-06
2.593013131 2.4631164822978588e-06
2.594364362 1.4487121200615426e-06
2.5957155939999996 1.8818569960469432e-08
2.5970668249999997 4.002891504137867e-06
2.598418057 2.3729042382194282e-06
2.599769288 9.81123204931406e-07
2.601120519 1.1148835976464553e-06
2.602471751 1.9466159852225892e-06
2.603822982 1.1338159949605759e-06
2.6051742140000003 1.6038199989896407e-07
2.6065254450000004 3.385772643274811e-06
2.607876677 1.342305231514679e-06
2.609227908 2.234834723165067e-06
2.61057914 6.630932945711772e-08
2.611930371 2.601856903141237e-07
2.613281602 1.2056313914627218e-06
2.614632834 1.1251341324095288e-06
2.615984065 8.461842695615278e-07
2.617335297 3.1731318958586914e-06
2.618686528 2.1844996566811865e-06
2.62003776 2.693651031844997e-06
2.621388991 2.2217994557433204e-06
2.622740222 3.669315672802577e-06
2.6240914539999998 1.5358365842587435e-06
2.625442685 7.77850964467127e-07
2.626793917 3.097485278618101e-06
2.628145148 3.4252782787399737e-06
2.62949638 3.685830579694189e-06
2.630847611 2.661444753321552e-06
2.6321988430000003 2.3509800099903368e-06
2.6335500740000004 3.831738828639082e-06
2.634901305 2.0270476727209033e-06
2.636252537 2.200217381235394e-06
2.637603768 3.6595092934156907e-06
2.6389549999999997 5.254906453835138e-06
2.640306231 5.931767614295651e-06
2.641657463 2.2186102362717757e-06
2.643008694 4.083725453806437e-06
2.6443599250000003 3.235634023001906e-06
2.645711157 3.4816634621568195e-06
2.6470623879999997 3.5492025265587816e-06
2.64841362 2.1621720267294154e-06
2.649764851 2.7608097084813967e-06
2.651116083 3.2541731468885307e-06
2.652467314 3.4859724565989148e-06
2.653818546 4.905185044913112e-06
2.6551697770000002 4.212130869686046e-06
2.6565210080000004 3.3444681455048137e-06
2.65787224 2.6780512549958666e-06
2.659223471 3.5899423022857195e-06
2.6605747030000004 1.6281037107479746e-06
2.6619259339999997 3.375307987142688e-06
2.663277166 4.700070662585022e-06
2.664628397 3.21984611823634e-06
2.6659796289999997 3.0569702904528674e-07
2.66733086 1.5074544312176906e-08
2.668682091 1.2392616341657598e-06
2.670033323 5.643056343467922e-07
2.6713845540000003 3.1550152323485575e-06
2.672735786 3.513967174875198e-06
2.6740870169999997 2.2002362793252824e-06
2.675438249 3.6721935984687455e-06
2.67678948 5.028334744202426e-06
2.678140711 5.4945026537385855e-06
2.679491943 5.129724800435117e-06
2.680843174 2.4487418518331927e-06
2.6821944060000003 6.247459667836958e-07
2.6835456370000004 1.710931955277478e-06
2.684896869 1.403858505281694e-06
2.6862481 2.146002788312785e-06
2.6875993319999996 4.809535778742251e-06
2.6889505629999997 5.294941419745132e-06
2.690301794 1.4455789646834443e-06
2.691653026 3.0589006506424246e-06
2.693004257 2.9563162169544858e-06
2.694355489 8.532594962392463e-07
2.69570672 2.1016108033596847e-06
2.697057952 1.0805785741118444e-06
2.6984091830000003 1.984901565055712e-06
2.699760414 2.5799690900360495e-06
2.7011116459999998 3.7785225613578777e-06
2.702462877 3.3409696334592673e-06
2.703814109 4.290996810564426e-06
2.70516534 6.438007412471434e-06
2.706516572 3.456277605063565e-06
2.707867803 1.972840869829234e-06
2.7092190350000003 3.1379183138417046e-06
2.7105702660000004 3.959726097591152e-06
2.7119214969999996 2.5143864907599215e-06
2.713272729 9.361554384093312e-07
2.71462396 5.299171851244205e-07
2.7159751919999997 4.5534635627395923e-07
2.717326423 1.3230232570356354e-06
2.718677655 1.9482675770384473e-06
2.720028886 3.33272038288344e-06
2.7213801170000003 1.7604999896192488e-06
2.722731349 1.0329272856442745e-06
2.7240825799999997 2.4768251530876084e-06
2.7254338120000003 2.6816327245246518e-06
2.726785043 3.93535227680011e-06
2.7281362749999998 3.2754675219644123e-06
2.729487506 2.1300372140000695e-06
2.730838738 2.432580230052927e-06
2.732189969 1.3355096353508975e-06
2.7335412000000003 1.6319931014621446e-06
2.734892432 1.1603049635567488e-07
2.736243663 1.1556630701816605e-06
2.737594895 1.3078155551897875e-06
2.7389461259999996 1.727471333039974e-06
2.740297358 1.468082317803366e-06
2.741648589 2.1173702111136154e-06
2.7429998209999997 8.672384391743268e-07
2.744351052 1.3627747515556497e-06
2.745702283 2.6867832182606194e-08
2.747053515 1.5157826414092524e-08
2.7484047460000003 7.742574601666763e-07
2.749755978 2.5553568317239145e-06
2.7511072089999997 3.2689723972974145e-06
2.7524584410000004 2.161302873839731e-06
2.753809672 3.195542557177427e-06
2.755160903 1.6457239621758447e-06
2.756512135 1.5594608481657477e-06
2.757863366 1.979267101511088e-06
2.7592145980000002 2.4188359700049156e-06
2.760565829 3.797396902733565e-06
2.761917061 3.440475852775974e-06
2.7632682920000002 3.7161958723274294e-06
2.764619524 4.428407374675264e-06
2.7659707549999997 1.5054129135218942e-06
2.767321986 4.915828462120773e-07
2.768673218 1.2740879055255084e-06
2.770024449 2.390148430427442e-06
2.771375681 3.938392997329021e-06
2.772726912 3.8162413329822546e-06
2.774078144 3.042527662477831e-06
2.7754293750000003 2.6105669046716893e-06
2.776780606 2.3229557337299356e-06
2.7781318379999997 2.6667370974127465e-06
2.779483069 2.9642580188148543e-06
2.780834301 3.4375045224856927e-06
2.782185532 3.0072069533598576e-06
2.783536764 2.8459462745863214e-06
2.784887995 2.0890566892674243e-06
2.786239227 2.6079169701532816e-06
2.787590458 3.851740656011446e-06
2.788941689 2.119850107898792e-06
2.7902929210000003 1.417217503566996e-06
2.791644152 1.9794965614023288e-06
2.7929953839999997 7.758360128945546e-07
2.794346615 3.6229011211550653e-06
2.795697847 3.6758459155527523e-06
2.797049078 2.0350122256481955e-06
2.7984003090000003 1.2408006481685658e-06
2.799751541 1.5574611407204273e-06
2.801102772 2.492723970639677e-06
2.8024540040000003 1.7335558591774581e-06
2.803805235 2.1564576597156897e-06
2.8051564669999998 2.2708477259752137e-06
2.806507698 9.484518245382454e-07
2.80785893 9.285874079526719e-07
2.8092101609999998 1.3333509161722743e-06
2.810561392 1.476952693388713e-06
2.811912624 1.4296490641323427e-06
2.813263855 8.978171296021378e-07
2.814615087 1.3885112387552462e-06
2.8159663179999996 3.175648485519012e-06
2.8173175500000003 2.222336396114334e-06
2.818668781 2.3420097883262446e-06
2.8200200129999997 4.431902955630309e-06
2.821371244 2.519306767087848e-06
2.822722475 3.345236774322781e-06
2.824073707 2.8069325002401706e-06
2.8254249380000003 2.5858526444002386e-06
2.82677617 2.1964500534567083e-06
2.828127401 1.3894515650424922e-06
2.8294786330000004 7.462291711364665e-07
2.830829864 1.5117130785817347e-06
2.8321810949999997 2.6023655741349354e-06
2.833532327 2.3175502587338366e-06
2.834883558 2.930310705242556e-06
2.83623479 2.7608390022775428e-06
2.837586021 6.5583636912946144e-06
2.838937253 5.3666296367184855e-06
2.8402884840000002 4.955091081724686e-06
2.841639716 1.3395976829944613e-06
2.8429909469999997 1.3877922670500652e-06
2.8443421779999998 3.2389570432384423e-06
2.84569341 4.886770110096006e-06
2.847044641 3.004425213315149e-06
2.848395873 2.601222545116885e-06
2.849747104 5.050486122651687e-06
2.851098336 4.755092598454839e-06
2.8524495670000003 2.7450511226566057e-06
2.8538007980000004 5.991047312035391e-07
2.85515203 5.661326806352047e-07
2.856503261 6.276661501888299e-07
2.8578544929999996 1.9545850884077583e-07
2.8592057239999997 1.9194810674677194e-06
2.860556956 1.2263358443181179e-06
2.861908187 1.0676479746498995e-06
2.863259419 1.1600004465866608e-06
2.86461065 2.404645293920174e-06
2.865961881 1.6663515300911996e-06
2.8673131130000002 1.2589396473273895e-06
2.868664344 4.839002341868816e-07
2.8700155759999997 1.7823760222489812e-07
2.871366807 1.241528143610985e-07
2.872718039 1.5167075731104197e-06
2.87406927 1.265852215645362e-06
2.8754205010000002 2.263182293946129e-06
2.876771733 2.0742617062875994e-06
2.878122964 5.739901561837236e-07
2.8794741960000003 2.574587349508922e-06
2.8808254270000004 2.979233027833816e-06
2.882176659 3.027113182956949e-06
2.88352789 3.7451118719561917e-06
2.8848791219999996 3.930920364436407e-06
2.8862303529999997 1.914151113464592e-06
2.887581584 3.367568925094128e-06
2.888932816 2.5764262730408273e-06
2.890284047 4.836446584242605e-07
2.891635279 3.5383923528755914e-07
2.89298651 9.301625289195117e-07
2.8943377420000003 2.1724919527207357e-06
2.895688973 3.5652155526732936e-06
2.8970402049999997 3.4808888599181955e-06
2.898391436 4.109332952538513e-06
2.899742667 2.4801812737941422e-06
2.901093899 2.3333481835233013e-06
2.9024451300000003 8.999338951676046e-07
2.903796362 1.4898977764311689e-06
2.905147593 3.256420380403596e-06
2.9064988250000003 3.0983393540371664e-06
2.907850056 4.073108486106916e-06
2.9092012869999997 3.3464742536726417e-06
2.910552519 2.19771792085303e-06
2.91190375 1.60047941431912e-06
2.9132549819999998 2.146162360635328e-06
2.914606213 4.430728502566616e-06
2.915957445 4.478971683609513e-06
2.917308676 2.747283142174137e-06
2.918659908 2.1522095870885696e-06
2.920011139 1.7668535642918186e-06
2.9213623699999998 2.5674481834487917e-06
2.922713602 1.420013636681499e-06
2.924064833 2.0749208693898694e-06
2.925416065 3.637432004685708e-06
2.926767296 2.0561213460245964e-06
2.928118528 1.9751534057851983e-06
2.9294697590000003 2.3722017223766396e-06
2.93082099 4.992318084521482e-06
2.932172222 2.768350476968185e-06
2.933523453 2.086593447797282e-06
2.934874685 9.483254161822595e-07
2.9362259159999997 2.142971125182586e-06
2.937577148 4.701099491381594e-06
2.938928379 1.8860009726227365e-06
2.940279611 2.1037645886628134e-06
2.941630842 2.6301913471707312e-06
2.942982073 4.789183263373371e-06
2.9443333050000002 2.9293011665761796e-06
2.9456845360000004 1.8108454823950127e-06
2.947035768 9.397725288231329e-07
2.948386999 3.488080713463981e-07
2.949738231 3.5399172007992064e-06
2.951089462 2.198831159447915e-06
2.952440694 1.3552579352829026e-06
2.953791925 1.7031764765264808e-06
2.955143156 3.097573071711444e-07
2.956494388 2.8348023963958014e-07
2.957845619 1.6533918468553967e-06
2.959196851 3.5554082403269963e-06
2.960548082 4.6426287827848165e-06
2.9618993139999996 1.6113014939905923e-06
2.9632505449999997 1.2579195911335177e-06
2.964601776 1.4006365083530019e-06
2.965953008 2.092640066965976e-06
2.967304239 3.437901079930983e-06
2.968655471 3.749211267202065e-06
2.970006702 1.0339209949566827e-06
2.9713579340000003 2.1829049437185767e-06
2.9727091650000004 2.3957771337120667e-06
2.974060397 3.7780820202921034e-06
2.975411628 3.1939444395177764e-06
2.976762859 3.016440401605301e-06
2.978114091 4.980725086795226e-06
2.979465322 4.578320271353726e-06
2.980816554 2.165828854229898e-06
2.982167785 4.050657482053872e-07
2.983519017 1.6525461825099874e-06
2.984870248 5.837652263328532e-06
2.9862214789999997 4.224883914188999e-06
2.987572711 3.1755515238180417e-06
2.988923942 2.646627574177924e-06
2.9902751739999998 2.9430166419739237e-06
2.991626405 4.291452474323483e-06
2.992977637 4.642004463579241e-06
2.994328868 4.487935418219926e-06
2.9956801 4.619661711239614e-06
2.997031331 4.940126646362949e-06
2.9983825619999998 4.1728818410247604e-06
2.9997337940000004 1.7883251042040467e-06
3.001085025 1.989152210117642e-06
3.002436257 5.786600490279111e-06
3.003787488 7.260435551957149e-06
3.0051387199999997 2.6742183623011127e-06
3.006489951 1.944254289546697e-06
3.007841182 4.730967644965046e-08
3.009192414 1.4351547466960163e-06
3.0105436450000003 2.1607932978344217e-06
3.011894877 1.1985524406329798e-06
3.0132461079999997 1.384250580096562e-06
3.01459734 1.5942440095246624e-06
3.015948571 1.1162816957706882e-06
3.017299803 7.389300558202112e-07
3.018651034 1.2523109874804168e-06
3.020002265 1.1203356701952215e-06
3.021353497 1.6374433017726724e-06
3.0227047280000003 6.861708611471727e-07
3.02405596 1.1578700333972415e-06
3.0254071909999998 1.1598796603845826e-06
3.0267584230000004 3.1316099732573967e-06
3.0281096539999997 2.9488931472057202e-06
3.029460886 3.35488003405095e-06
3.030812117 2.0898692190493527e-06
3.032163348 2.298653575865231e-06
3.03351458 2.7032844760015493e-06
3.034865811 2.1656174128810694e-06
3.036217043 2.938381992690495e-06
3.0375682740000003 3.790211981800674e-06
3.038919506 3.2344043608212116e-06
3.0402707369999997 4.9168406625759074e-06
3.041621968 2.8084884172219808e-06
3.0429732 2.108091424404721e-06
3.044324431 2.541120222418779e-06
3.045675663 6.820133400917662e-07
3.047026894 1.5829499482926326e-06
3.0483781260000002 2.9266729857697285e-06
3.0497293570000004 5.316144508755133e-06
3.051080589 3.845676123612062e-06
3.05243182 2.5216691868862706e-06
3.053783051 5.140305720274068e-07
3.0551342829999997 1.904094832223705e-06
3.056485514 2.373172375609326e-06
3.057836746 2.835382414035866e-06
3.059187977 1.1931120674868238e-06
3.060539209 4.960648264762488e-06
3.06189044 4.134496189389811e-06
3.063241671 2.597504089425329e-06
3.0645929030000003 2.4461516213543284e-06
3.065944134 3.605220314573309e-06
3.0672953659999997 4.054644767113531e-06
3.068646597 4.159892477629568e-06
3.069997829 4.907574477639654e-06
3.07134906 4.142053028030042e-06
3.072700292 2.782549991555982e-06
3.074051523 2.451025753547924e-06
3.075402754 2.1506266917916884e-06
3.0767539860000004 3.896948079934502e-06
3.0781052169999996 3.3651856181401036e-06
3.079456449 3.7423707125513833e-06
3.08080768 4.890142271057719e-06
3.0821589119999997 5.090079380259513e-06
3.083510143 5.186471152641016e-06
3.084861374 5.318699847640494e-06
3.086212606 5.907437445178428e-06
3.0875638370000003 5.844556811648649e-06
3.088915069 4.141216775660803e-06
3.0902662999999997 2.111635584103137e-06
3.0916175320000003 2.222576008639789e-06
3.092968763 2.2760313254760193e-06
3.0943199949999998 1.4846436280197962e-06
3.095671226 2.0245113795662036e-06
3.097022457 2.8874414301546977e-06
3.098373689 2.74836317799902e-06
3.0997249200000003 2.794928515723361e-06
3.101076152 1.8038794019390937e-06
3.102427383 2.2408913516130592e-06
3.103778615 1.3264674006868732e-06
3.1051298459999996 9.622160332149502e-07
3.106481078 1.7297252941069915e-06
3.107832309 2.491956013832539e-06
3.10918354 4.210007405634991e-06
3.110534772 3.2651930679880813e-06
3.111886003 3.836780802532083e-06
3.113237235 5.055669012932032e-06
3.1145884660000003 4.433956072297704e-06
3.115939698 3.5644385898605595e-06
3.1172909289999997 3.443292671140272e-06
3.11864216 5.034791532028501e-06
3.119993392 4.980634260144056e-06
3.121344623 6.743344010027557e-06
3.122695855 7.477960747866035e-06
3.124047086 5.5755452174995e-06
3.1253983180000002 1.7771413650327278e-06
3.126749549 1.869926311019135e-06
3.128100781 3.0812013187732887e-06
3.1294520120000002 1.9312693523645548e-06
3.130803243 1.0789939514863993e-06
3.1321544749999997 2.5118568468594733e-06
3.133505706 2.757040306641753e-06
3.134856938 4.184913549518361e-06
3.136208169 4.184081848195919e-06
3.137559401 3.964143261455097e-06
3.138910632 2.8107841708064294e-06
3.140261863 4.2366299746909425e-06
3.1416130950000003 3.890427314950968e-06
3.142964326 3.521737729208153e-06
3.1443155579999997 3.137121245211194e-06
3.145666789 2.5961899961535784e-06
3.147018021 4.026935682377872e-06
3.148369252 4.912501764961769e-06
3.149720484 4.807156447412187e-06
3.151071715 3.9847437970064846e-06
3.152422946 3.0205459770844534e-06
3.153774178 3.186996537905633e-06
3.155125409 2.0020721238686023e-06
3.1564766410000002 3.82007287180068e-06
3.157827872 2.964380309970582e-06
3.1591791039999997 2.6374023677256423e-06
3.160530335 3.7467342684106546e-06
3.161881566 6.30198791650124e-06
3.163232798 5.589783275050049e-06
3.1645840290000002 5.3075273049078435e-06
3.165935261 4.935073044450556e-06
3.167286492 3.512509170937214e-06
3.1686377240000003 4.711482484760714e-06
3.169988955 4.497948293736414e-06
3.1713401869999998 3.557579357081015e-06
3.172691418 3.7065224849836346e-06
3.174042649 2.344666753184012e-06
3.1753938809999998 3.192140889213384e-06
3.176745112 4.456883424419409e-06
3.178096344 6.086774463798087e-06
3.179447575 4.973669285842216e-06
3.180798807 4.6626950043397936e-06
3.182150038 3.639801902553667e-06
3.1835012700000003 4.138521282391148e-06
3.184852501 4.823007902692165e-06
3.186203732 4.3911465159566556e-06
3.187554964 2.4517291158295498e-06
3.188906195 2.8366483311570456e-06
3.190257427 4.495562866068741e-06
3.1916086580000003 4.587232486578114e-06
3.19295989 4.327680728579731e-06
3.194311121 2.581554553453588e-06
3.195662352 2.3123149411520345e-06
3.197013584 1.783898536242216e-06
3.1983648149999997 9.721672781896525e-07
3.199716047 1.6154468956847454e-06
3.201067278 2.518636381592815e-06
3.2024185099999998 2.77295317016237e-06
3.203769741 3.1535202798010847e-06
3.205120973 2.7669538218023986e-06
3.206472204 7.91173712923563e-07
3.207823435 8.831336393328014e-07
3.209174667 5.32268093834882e-07
3.2105258979999998 1.8725689810801908e-06
3.21187713 2.8988465310248435e-06
3.213228361 1.726348760241641e-06
3.214579593 1.8184253028179803e-06
3.215930824 3.4515919056678998e-06
3.217282055 3.856876113479031e-06
3.2186332870000003 1.0841490520903335e-06
3.2199845180000004 1.2224523066227083e-06
3.22133575 2.694882792814976e-06
3.222686981 1.3679889679085919e-06
3.2240382129999996 1.0255791460528425e-06
3.2253894439999997 1.3606992185963776e-06
3.226740676 1.305771740025236e-06
3.228091907 6.686320976382177e-07
3.229443138 2.106020734572091e-06
3.23079437 1.6656406821323586e-06
3.232145601 6.050679409287043e-07
3.2334968330000002 4.247117642554986e-07
3.234848064 6.134274469966132e-07
3.2361992959999997 4.5458345848097827e-07
3.237550527 4.896270574434375e-07
3.238901759 1.004080552893661e-06
3.24025299 9.405185225111084e-07
3.2416042210000002 2.1310727172808023e-06
3.242955453 3.037522544549221e-06
3.244306684 2.2061964681475587e-06
3.2456579160000003 1.5564543298039432e-06
3.2470091470000004 6.851870508533885e-07
3.248360379 2.738136271572041e-08
3.24971161 5.470240112009724e-09
3.251062841 6.999218176843453e-09
3.2524140729999997 1.3502601512953358e-07
3.253765304 7.344897785566613e-07
3.255116536 8.198536024056273e-07
3.256467767 9.371720654481202e-07
3.257818999 1.3421349351108313e-06
3.25917023 1.3346385851527577e-06
3.2605214620000003 1.0993084581326803e-06
3.261872693 1.9603756841176764e-07
3.263223924 1.1915994955164452e-08
3.264575156 6.439390886159189e-08
3.265926387 3.6064949807409063e-07
3.267277619 9.740297636412782e-07
3.2686288500000003 1.4936786777175348e-06
3.269980082 1.2727128335945127e-06
3.271331313 4.7154401817043324e-09
3.272682544 6.987956244676741e-08
3.274033776 2.62967380413853e-07
3.2753850069999997 1.777553595014753e-08
3.276736239 4.7280185155118735e-09
3.27808747 4.7312770337260926e-09
3.2794387019999998 4.7345933852977846e-09
3.280789933 4.7379760192001125e-09
3.282141165 1.0705763995860994e-08
3.283492396 2.1923154696156258e-07
3.2848436270000003 2.6369063327600884e-08
3.286194859 3.183627428424117e-08
3.2875460899999998 3.809737093162275e-07
3.288897322 7.391844912360656e-07
3.290248553 1.8065297272367145e-08
3.291599785 4.7731811074001734e-09
3.292951016 2.4305597611669104e-07
3.294302247 7.080415957437391e-07
3.2956534790000003 1.1433199857243075e-06
3.29700471 1.0231894495514116e-06
3.298355942 4.981192023961041e-08
3.299707173 4.798748874464402e-09
3.301058405 3.801949017939043e-07
3.3024096359999997 4.4380005332314823e-07
3.303760868 5.946775936932017e-08
3.305112099 1.2869162138609972e-07
3.30646333 4.826877413502754e-09
3.307814562 7.927978526918346e-07
3.309165793 2.0570982156356525e-08
3.3105170250000002 4.826193325398907e-09
3.3118682560000003 5.66791360199747e-09
3.313219488 6.875469555526508e-07
3.3145707189999998 5.3009104804521696e-08
3.315921951 5.000635314463442e-09
3.317273182 4.848443623783017e-09
3.318624413 2.229803481057596e-08
3.319975645 1.250195803802749e-06
3.321326876 1.8458617791020771e-06
3.322678108 1.7694899522191318e-06
3.324029339 2.872018924121311e-08
3.325380571 4.8687031537796936e-09
3.326731802 9.651714886336866e-08
3.328083033 5.139186723607971e-08
3.3294342649999997 4.879113373741547e-09
3.330785496 4.879063803399897e-09
3.332136728 5.263578114484051e-09
3.333487959 6.363164828532029e-08
3.334839191 8.761322737605416e-07
3.336190422 2.1743542381238944e-08
3.3375416540000002 6.643308240085137e-09
3.3388928850000004 3.39698657777157e-07
3.340244116 9.593073649856561e-08
3.341595348 1.2945148784546844e-06
3.342946579 5.86938069328544e-07
3.344297811 2.6068307515737873e-07
3.345649042 8.383610761636678e-09
3.347000274 4.787337320832387e-09
3.348351505 4.771805131613447e-09
3.3497027360000002 1.3073065025201561e-08
3.351053968 7.121118001598705e-09
3.3524051989999997 4.686182900313981e-09
3.353756431 5.364010250417125e-07
3.355107662 2.0003411348568548e-06
3.3564588939999997 2.0178101032099777e-06
3.357810125 7.93672074891705e-07
3.359161357 5.849830641659235e-07
3.360512588 4.7083686421229854e-08
3.3618638190000003 8.228482563207785e-08
3.363215051 7.701480300553727e-07
3.3645662819999997 9.929255555227205e-07
3.3659175140000004 9.909967487384787e-07
3.367268745 3.566967430601616e-07
3.368619977 5.4183882457630715e-09
3.369971208 2.4837921957479595e-07
3.371322439 4.5334155739947894e-07
3.372673671 5.053256441251932e-07
3.374024902 9.22174850741163e-07
3.375376134 1.4048990783645422e-06
3.3767273650000003 9.070709573405825e-08
3.378078597 4.778830031226114e-09
3.3794298279999997 4.821650307894262e-09
3.38078106 2.9264751681225e-07
3.382132291 3.0644911028973054e-06
3.383483522 2.450249850722122e-06
3.384834754 1.9706568260130645e-06
3.386185985 1.0305812685675963e-06
3.387537217 6.87102968831652e-07
3.3888884480000003 9.149260894056472e-07
3.39023968 9.613011282578649e-07
3.3915909109999998 2.4830317169354646e-08
3.3929421430000004 4.1370959668840743e-07
3.3942933739999996 9.363080627913843e-07
3.3956446049999998 8.229430555527281e-08
3.396995837 5.430466672875148e-07
3.398347068 1.5214886661013925e-06
3.3996983 1.518616664273398e-06
3.401049531 8.705449170097485e-07
3.402400763 7.170457961838245e-07
3.4037519940000003 5.86173107149011e-07
3.405103225 6.417176100238829e-09
3.4064544569999997 5.154219089358867e-09
3.407805688 2.606559088701982e-07
3.40915692 2.3811260803730235e-08
3.410508151 4.8806630832534375e-09
3.411859383 4.87816654600692e-09
3.413210614 5.343000177746304e-09
3.4145618460000002 3.5632313685172625e-07
3.4159130770000004 2.848591374079315e-07
3.4172643079999996 9.360919968168357e-09
3.41861554 4.870966954235528e-09
3.419966771 5.4450504199713615e-09
3.4213180029999997 9.608664895440741e-07
3.422669234 7.115703320379158e-07
3.424020466 4.5201581994723787e-07
3.425371697 7.825514916949109e-09
3.4267229280000002 4.87598378904188e-09
3.42807416 4.877541185318176e-09
3.429425391 1.3747319804300044e-08
3.4307766230000003 1.0556617962641877e-08
3.432127854 2.497284978234875e-07
3.4334790859999997 5.83335996557609e-07
3.434830317 4.878805998267079e-09
3.436181549 1.1517028250146465e-08
3.43753278 3.16464988057472e-08
3.4388840110000003 3.430790844928336e-07
3.440235243 7.114128528456156e-07
3.441586474 4.2553952963748713e-07
3.4429377060000004 7.481525505814474e-07
3.4442889369999996 1.2205055703079588e-06
3.445640169 2.7424165997893343e-07
3.4469914 7.183249369844424e-07
3.448342631 1.3753292585206045e-06
3.449693863 1.5509529043848137e-06
3.451045094 8.722096773330966e-07
3.452396326 1.8141812005517553e-06
3.4537475570000002 1.5550405138196315e-06
3.455098789 5.696398175959565e-09
3.45645002 9.428242267156824e-07
3.4578012520000003 6.826559625991249e-07
3.459152483 2.0471640463481e-06
3.460503714 3.0232137126302373e-06
3.461854946 2.443070060343537e-06
3.463206177 3.4259074274286017e-06
3.464557409 2.878707951462758e-06
3.4659086400000003 1.5692101669247764e-06
3.467259872 1.7128887407989051e-06
3.468611103 1.728021687876849e-06
3.469962335 4.7334824547496815e-06
3.4713135659999996 4.073583663836972e-06
3.4726647969999997 5.414647395864485e-06
3.474016029 6.245386101288929e-06
3.47536726 5.237243259624056e-06
3.476718492 5.2808129065133896e-06
3.478069723 4.695952153735136e-06
3.479420955 4.451578431862646e-06
3.4807721860000003 4.291438142214019e-06
3.482123417 4.890819732956587e-06
3.483474649 6.1697119126170826e-06
3.48482588 5.907252551834302e-06
3.486177112 7.214395893994857e-06
3.487528343 8.783176400072062e-06
3.488879575 8.560223357089308e-06
3.490230806 7.2966701402779035e-06
3.491582038 4.4236521637388405e-06
3.492933269 4.405249687585614e-06
3.4942845 5.9320818028193385e-06
3.495635732 6.283096161051514e-06
3.496986963 7.99824603268261e-06
3.4983381949999997 7.900805107668902e-06
3.4996894259999998 7.2689802712122846e-06
3.501040658 8.578711932098553e-06
3.502391889 9.474169089722202e-06
3.50374312 1.0889681770495321e-05
3.505094352 9.943481167008487e-06
3.506445583 9.565121387289317e-06
3.5077968150000003 8.59952402728874e-06
3.509148046 6.883817264119222e-06
3.5104992779999997 1.0107624357846751e-05
3.511850509 1.1388740597348167e-05
3.513201741 1.2449464138293494e-05
3.514552972 1.2511227851235398e-05
3.515904203 1.041817720129274e-05
3.517255435 1.2464252556980159e-05
3.518606666 1.1317052531882536e-05
3.519957898 9.27240839380754e-06
3.521309129 1.0134137238658761e-05
3.5226603610000002 9.599636181939718e-06
3.524011592 1.1261172432974811e-05
3.5253628239999997 1.1811611410232426e-05
3.526714055 1.136535478983067e-05
3.528065286 1.2451678630733577e-05
3.529416518 9.156536222856694e-06
3.5307677490000002 9.58849107363069e-06
3.532118981 1.2726077621753377e-05
3.533470212 1.1233619696771599e-05
3.5348214440000003 1.0797534254252134e-05
3.536172675 9.226702608155407e-06
3.537523906 1.2839413132816038e-05
3.538875138 1.549463632023983e-05
3.540226369 1.4195402524286911e-05
3.5415776009999997 1.4031665442077778e-05
3.542928832 1.2301669947617327e-05
3.544280064 1.2958749701853986e-05
3.545631295 1.4366761938895508e-05
3.546982527 1.2978086174934454e-05
3.548333758 1.5042882119908493e-05
3.5496849889999997 1.6855666470196553e-05
3.551036221 1.6911859529549502e-05
3.552387452 1.6648019169646394e-05
3.553738684 1.553815505862532e-05
3.555089915 1.4662277347129742e-05
3.556441147 1.6351225240452107e-05
3.5577923780000003 1.5809925001685193e-05
3.5591436090000004 1.5831332537941876e-05
3.560494841 1.56498608833644e-05
3.561846072 1.6071113707074215e-05
3.563197304 1.5688714653629863e-05
3.5645485349999997 1.4380797127237355e-05
3.565899767 1.6443902342305258e-05
3.567250998 1.6099506853672243e-05
3.5686022299999998 1.4107265469646363e-05
3.569953461 1.2163559224087018e-05
3.571304692 1.2138811150500206e-05
3.572655924 1.4425245549658313e-05
3.574007155 1.729708604673844e-05
3.575358387 1.7152155262718248e-05
3.5767096179999998 2.0507257815340754e-05
3.57806085 2.1284634384674334e-05
3.579412081 2.012622196019175e-05
3.580763312 2.133622725227152e-05
3.582114544 2.3128630675763654e-05
3.583465775 2.486398570724798e-05
3.5848170070000003 2.516306257487008e-05
3.5861682380000004 2.4207228586181336e-05
3.58751947 2.6194333744894954e-05
3.588870701 2.5254452514996963e-05
3.5902219329999996 2.5703319271008415e-05
3.5915731639999997 2.8619762152390917e-05
3.592924395 2.90910328771065e-05
3.594275627 3.270238466665722e-05
3.595626858 3.3872449715417375e-05
3.59697809 3.154845254973762e-05
3.598329321 3.122557397346871e-05
3.5996805530000002 3.120840838641759e-05
3.601031784 3.3351399957038815e-05
3.602383016 3.435973632624262e-05
3.603734247 3.246159319420607e-05
3.605085478 3.5632117404648165e-05
3.60643671 3.569098369248973e-05
3.607787941 3.295893362694995e-05
3.609139173 3.829673072065535e-05
3.610490404 4.150807967086426e-05
3.6118416360000003 4.0888046814984905e-05
3.6131928670000004 3.9866415934570126e-05
3.6145440979999997 3.890014580187072e-05
3.61589533 4.258051162719402e-05
3.617246561 4.650394996555753e-05
3.6185977929999997 4.801672316783756e-05
3.619949024 5.083536055995048e-05
3.621300256 5.1169847243936206e-05
3.622651487 5.366191214722059e-05
3.624002719 5.852910364475998e-05
3.62535395 5.78088062552678e-05
3.6267051809999997 5.8778161782855774e-05
3.628056413 6.190842240908872e-05
3.629407644 6.186297033359695e-05
3.630758876 6.211591716891743e-05
3.632110107 5.954122862772178e-05
3.633461339 5.927195923947741e-05
3.6348125700000002 6.263697813399709e-05
3.6361638010000004 6.166743092221468e-05
3.637515033 6.207957108478985e-05
3.638866264 6.532275827972958e-05
3.640217496 6.659637349749436e-05
3.6415687269999997 6.75908859306913e-05
3.642919959 6.620035058523942e-05
3.64427119 6.557437616912777e-05
3.6456224219999998 6.906361732963511e-05
3.646973653 6.97101622892011e-05
3.648324884 7.04181339738003e-05
3.649676116 7.21147693024235e-05
3.6510273470000003 6.948800749907342e-05
3.652378579 7.153121425360656e-05
3.6537298099999997 7.446921879941876e-05
3.655081042 7.276194587665844e-05
3.656432273 7.573402702502527e-05
3.657783504 7.821119515443841e-05
3.659134736 7.764369252434024e-05
3.660485967 7.95692044845801e-05
3.6618371990000003 8.158324645764796e-05
3.66318843 8.584198178056903e-05
3.664539662 9.026013316162809e-05
3.665890893 8.957743890498779e-05
3.667242125 9.15948245452789e-05
3.6685933559999997 9.436354913248217e-05
3.669944587 9.283270490807703e-05
3.671295819 9.48232824714306e-05
3.67264705 9.848042079746201e-05
3.673998282 0.00010235811672531387
3.675349513 0.00010967389255699822
3.676700745 0.00011341522749926016
3.6780519760000003 0.00011616254295501504
3.679403208 0.00012296601838845207
3.6807544389999998 0.00012770921640488345
3.68210567 0.00013306364299728085
3.683456902 0.00013772185778111818
3.684808133 0.00013908740646774293
3.686159365 0.00014659956488146476
3.687510596 0.0001530957278319731
3.688861828 0.0001570222953666478
3.690213059 0.00016951022524652428
3.6915642899999996 0.0001810426114603037
3.692915522 0.00018780559594067895
3.694266753 0.00019650909064156038
3.6956179849999997 0.00020129111437983208
3.696969216 0.00020761933819610993
3.698320448 0.00022074021483356972
3.699671679 0.00023165062582606203
3.701022911 0.00024318636918579332
3.702374142 0.00025755437435394065
3.703725373 0.0002697798401307313
3.7050766050000004 0.0002849514619763697
3.706427836 0.00030253012325157113
3.707779068 0.000318652992706855
3.709130299 0.0003361665566301887
3.710481531 0.00035162007670624663
3.711832762 0.0003676545953325125
3.713183993 0.0003895671845422727
3.714535225 0.00040986023314488096
3.7158864560000002 0.0004299308606972819
3.717237688 0.00045392478484198776
3.7185889189999997 0.0004750559699053064
3.719940151 0.0004979919418201255
3.721291382 0.0005273490665399718
3.7226426139999997 0.0005576150873979726
3.723993845 0.000590575323122662
3.725345076 0.0006247269300474031
3.726696308 0.0006590712784651408
3.7280475390000003 0.0007016909836331871
3.729398771 0.0007456631405088858
3.730750002 0.0007850715153347323
3.7321012340000004 0.0008294927710569016
3.733452465 0.0008764937479226912
3.7348036959999997 0.0009252389060643925
3.736154928 0.0009836689879103811
3.737506159 0.0010417784099732447
3.738857391 0.0011003837779022816
3.740208622 0.0011674756311513086
3.741559854 0.0012369743531199223
3.7429110850000002 0.001308487653732465
3.744262317 0.001387476085022418
3.7456135479999997 0.0014664113148142076
3.746964779 0.0015491906237887852
3.748316011 0.0016406381897470395
3.749667242 0.0017367643644576208
3.751018474 0.0018432723062368035
3.752369705 0.001958032067942916
3.753720937 0.002073035400523647
3.7550721680000003 0.002196569795114277
3.7564234 0.0023291687823989563
3.757774631 0.002465659881411136
3.759125862 0.002614946719744141
3.7604770939999996 0.002775702874276743
3.7618283249999998 0.0029418287844444084
3.763179557 0.0031200297044430125
3.764530788 0.003308615283094961
3.76588202 0.0035064357059574483
3.767233251 0.0037222898963106157
3.768584482 0.003950858269617206
3.7699357140000003 0.004188169663762712
3.771286945 0.004443813334327729
3.7726381769999997 0.004715459951578498
3.773989408 0.005001633929147013
3.77534064 0.00531186420827461
3.776691871 0.005646092927552799
3.778043103 0.0059936842726254725
3.779394334 0.006364256457588679
3.780745565 0.006758938322103177
3.7820967970000003 0.007177359280392197
3.7834480279999996 0.007629089334293103
3.7847992599999998 0.008110394274974037
3.786150491 0.008620453848062795
3.7875017229999997 0.00916846899934343
3.7888529539999998 0.009747180458278184
3.790204185 0.010358703473374727
3.791555417 0.011017421314768128
3.792906648 0.011718073015867587
3.79425788 0.012462943421908318
3.795609111 0.013269446014622013
3.7969603430000003 0.01412522277700318
3.798311574 0.015032602005585687
3.7996628059999997 0.016012794773036784
3.801014037 0.01705755594049542
3.802365268 0.018172403669237065
3.8037165 0.01937792230415822
3.8050677310000003 0.020658472130285897
3.806418963 0.022025834087499627
3.807770194 0.02349772635105652
3.8091214260000004 0.025061105231018222
3.8104726569999996 0.026728259452953658
3.811823889 0.02851638388200911
3.81317512 0.03042229282510619
3.814526351 0.032459258663670894
3.815877583 0.03464150760104838
3.817228814 0.03697468407291518
3.818580046 0.03948789349784374
3.8199312770000002 0.04213976791741911
3.821282509 0.04496519998106715
3.82263374 0.04797627143069258
3.823984971 0.05119233507951319
3.825336203 0.05461188445220909
3.826687434 0.05824044348760742
3.828038666 0.06209923383047458
3.829389897 0.06618689487414761
3.830741129 0.07050855576024607
3.8320923600000003 0.07509101146499277
3.833443592 0.07992652674931816
3.834794823 0.08501472301297167
3.836146054 0.09038333597641529
3.8374972859999996 0.09600905875001027
3.8388485169999997 0.10199304226816959
3.840199749 0.10819380227283279
3.84155098 0.11463672049053206
3.842902212 0.12133391009397371
3.844253443 0.1283014142778252
3.845604674 0.1355122535345521
3.8469559060000003 0.14295209586636673
3.848307137 0.15062533675075424
3.849658369 0.15850723100382003
3.8510096 0.16657039771154
3.852360832 0.17481719932574982
3.853712063 0.18322771581352826
3.855063295 0.1917594303336989
3.856414526 0.20040810064907616
3.857765757 0.209340607615787
3.859116989 0.21820113750728554
3.86046822 0.2270588154850462
3.861819452 0.2359492276315067
3.863170683 0.24480555915425545
3.8645219149999996 0.2536616859540783
3.8658731459999998 0.26249798920609946
3.867224377 0.2712659477293619
3.868575609 0.2799780785210466
3.86992684 0.2886251429988481
3.871278072 0.2971664753688489
3.872629303 0.30561393609194354
3.8739805350000003 0.31397184338534667
3.875331766 0.32220700885979386
3.876682998 0.330311787192496
3.878034229 0.33830727764845636
3.87938546 0.3461577253082754
3.880736692 0.3538496724806099
3.882087923 0.3614197562615842
3.883439155 0.36878404913949403
3.884790386 0.3759568224666239
3.886141618 0.3829657226986499
3.887492849 0.38976424888671757
3.8888440810000002 0.39634152148575125
3.890195312 0.40272236884425494
3.891546543 0.40888334967830015
3.892897775 0.4148036492762474
3.894249006 0.42049272905786483
3.895600238 0.4259454330733532
3.8969514690000002 0.43112606459042485
3.898302701 0.4365508983565101
3.899653932 0.4412281770373314
3.9010051629999998 0.4455768764147855
3.902356395 0.4496425208660282
3.903707626 0.4534491495556764
3.905058858 0.45697031083160233
3.906410089 0.46023469666583017
3.9077613209999997 0.4632615220974082
3.909112552 0.46604045512057
3.910463784 0.4685822361431389
3.911815015 0.4709139247797651
3.913166246 0.4730240365735057
3.914517478 0.4751804385338846
3.9158687089999997 0.47713368098835063
3.917219941 0.478632268116004
3.918571172 0.4799324045315926
3.919922404 0.4810851605817573
3.921273635 0.48209231988559514
3.922624866 0.4829592470373668
3.9239760980000002 0.4837197072766284
3.9253273290000004 0.48438762643845545
3.926678561 0.48495917264678773
3.928029792 0.48544885936834203
3.929381024 0.4858763169078155
3.9307322549999997 0.48621912459540173
3.932083487 0.48648845609871944
3.933434718 0.4867221281305706
3.934785949 0.48690075157186086
3.936137181 0.48703623790692985
3.937488412 0.4874256135488714
3.938839644 0.487807539262243
3.940190875 0.4878974125332839
3.941542107 0.4880480534321217
3.9428933379999997 0.48820266953461045
3.944244569 0.48834791020303203
3.945595801 0.48850002102202805
3.946947032 0.4886569764832617
3.948298264 0.48879890478609717
3.949649495 0.4889458112924371
3.9510007270000003 0.4890378983661333
3.9523519580000004 0.4891061437854881
3.95370319 0.4891778747281942
3.955054421 0.4892638342094922
3.956405652 0.48935931068356214
3.9577568839999997 0.48945987975186667
3.959108115 0.4895894912570409
3.960459347 0.4897340351796789
3.961810578 0.48988126190847553
3.96316181 0.4900344716423226
3.964513041 0.4901845585341021
3.965864273 0.490325210980572
3.967215504 0.49046198626387255
3.968566735 0.4905963743201479
3.9699179669999998 0.4912164776432844
3.971269198 0.4913909717249766
3.97262043 0.49153875334471797
3.973971661 0.49168584541594895
3.975322893 0.4918364378161467
3.976674124 0.4919921265150268
3.978025355 0.49270828659926214
3.9793765870000004 0.49284615402124654
3.9807278179999996 0.492969939693897
3.98207905 0.4930774162246791
3.983430281 0.49315641339023714
3.9847815129999997 0.4932266058272695
3.986132744 0.49329064770531145
3.987483976 0.4933418000957203
3.988835207 0.49338910549802883
3.9901864380000003 0.4934367465289856
3.99153767 0.49348012524880636
3.9928889009999997 0.4935194361158562
3.994240133 0.4935661596790867
3.995591364 0.493602841966124
3.996942596 0.4936205693703075
3.998293827 0.49363037310482205
3.999645058 0.49362672118600637
4.00099629 0.49360095837391227
4.002347521 0.4935637467392108
4.003698753 0.4935256929950563
4.005049984 0.4934832966191842
4.006401216 0.49344743691515836
4.007752447 0.493423039163973
4.009103679 0.4933960288893793
4.01045491 0.4933895849809095
4.011806141 0.4934292967721914
4.013157373 0.49346565198313486
4.014508604 0.4934867201808516
4.015859836 0.4934990614368871
4.017211067 0.4935073166712327
4.018562299 0.4938263303314623
4.01991353 0.4940782816920902
4.021264761 0.49457684425750514
4.022615993 0.49452617625376083
4.023967224 0.49447923725034143
4.025318456 0.49444883445757065
4.026669687 0.49443006679079493
4.028020919 0.49440366307958455
4.02937215 0.4943765835428727
4.030723382 0.49434507565535263
4.032074613 0.4943063369048296
4.033425844 0.49426272985008995
4.034777076 0.4942190549283094
4.036128307 0.4941693720351025
4.037479539 0.49412197329782315
4.03883077 0.4940893384163512
4.040182002 0.4940742716777523
4.041533233 0.4941237387570552
4.042884465 0.494179866732962
4.044235696 0.49424385001801896
4.0455869269999996 0.49430591769770077
4.046938159 0.4943679053394916
4.04828939 0.49442736290033895
4.049640622 0.4944807367502103
4.050991853 0.4944845490258921
4.052343085 0.4944746222005128
4.053694316 0.49446372869983946
4.055045547 0.4944400674978071
4.056396779 0.49442862520790154
4.05774801 0.49443289807882906
4.059099241999999 0.494446875658868
4.0604504729999995 0.4947242680365517
4.061801705 0.49506417280515846
4.063152936 0.495089689370146
4.064504168 0.4951043053989992
4.065855399 0.49512007897462584
4.06720663 0.4951326376226304
4.0685578620000005 0.4951398973758235
4.069909093000001 0.49514507220487913
4.071260325 0.4952172030968288
4.072611556 0.4956259832951363
4.073962788 0.4959139071343998
4.075314019 0.49600032211258277
4.07666525 0.49609164145581297
4.078016482 0.4961845454769437
4.079367713 0.49627913185191114
4.080718945 0.49634016961538474
4.082070176 0.49635340657498034
4.083421408 0.4963577147752745
4.084772639 0.4963571116033415
4.086123871 0.49634805365850504
4.087475102 0.49633045929491243
4.088826333 0.496311146456746
4.090177565 0.49629488834357627
4.091528796 0.49627609315024823
4.092880028 0.49626423684112514
4.094231259 0.4962573106092889
4.095582491 0.4962501832510078
4.096933722 0.49623747973302107
4.098284953 0.4962252257802041
4.0996361850000005 0.4962051967451562
4.100987416 0.4961240579243632
4.102338648 0.49601915895535875
4.103689878999999 0.49630196871877935
4.105041110999999 0.49635754619944017
4.106392342 0.49622550747366845
4.107743574 0.496101229121299
4.109094805 0.49598082273560007
4.110446036 0.4958834067712521
4.111797268 0.49583141891455684
4.113148499 0.49578778294687076
4.1144997309999995 0.4957403595529306
4.115850962000001 0.49568600555316433
4.117202194000001 0.4956286565594441
4.118553425 0.4958694103917175
4.119904657 0.49604410481993333
4.121255887999999 0.4959737578189556
4.122607119 0.4959040441654686
4.123958351000001 0.49583635325719166
4.125309582 0.49577831434439346
4.126660814 0.4957325972634459
4.128012045 0.4956977309571779
4.129363277 0.4956695113737716
4.130714508 0.49562083367626164
4.132065739 0.4955523420652106
4.133416971 0.4954889339612042
4.134768202 0.4954278416079676
4.136119434 0.4953690605098256
4.1374706649999995 0.49531020202111964
4.138821897 0.4952518480227522
4.140173128000001 0.49521692363182634
4.14152436 0.4953006510911968
4.142875591 0.4953944634489877
4.144226821999999 0.49550472122243416
4.145578054 0.4956419754723129
4.146929285000001 0.4957950820841188
4.148280517 0.496528455545057
4.149631748 0.49670324479689876
4.15098298 0.4968379897408548
4.152334211 0.49695868847270175
4.153685442 0.49708847615519647
4.155036674 0.49722368018706115
4.156387905 0.4973583901150297
4.157739136999999 0.4974905565814095
4.159090368 0.49763334877646137
4.1604416 0.4980332603088208
4.161792831 0.49850643072572093
4.163144063 0.49867814196648724
4.164495294 0.4988583660888452
4.165846525 0.4990466696141652
4.167197757 0.49923481819673887
4.1685489879999995 0.49941952149385366
4.169900220000001 0.49959711087958986
4.171251451 0.49976385139079155
4.172602683 0.499911728624417
4.173953914 0.5000481790702942
4.1753051459999995 0.5001692909309188
4.1766563770000005 0.5002761962526049
4.178007608 0.5003716672866418
4.17935884 0.5004627502740631
4.180710071 0.5005371112840559
4.182061303 0.5005990237040401
4.183412534 0.5006518074544282
4.184763766 0.5006937713796091
4.186114997 0.5007164224395249
4.187466228 0.5007110075586265
4.18881746 0.5006794408912513
4.190168691 0.5006167410404044
4.1915199229999995 0.5005195691957067
4.1928711540000005 0.500400651288945
4.194222386000001 0.5008284028247254
4.195573617 0.5006607365393809
4.196924849 0.5004777093198224
4.198276079999999 0.5002844133610155
4.199627311 0.5000781446601463
4.200978543 0.49984609283309106
4.202329774 0.499603616170092
4.203681006 0.499723771683095
4.205032237 0.4996278250154985
4.206383469 0.4993363047067469
4.2077347 0.4990355786094579
4.209085931 0.4987153816083454
4.210437163 0.4983799516443232
4.211788394 0.4980388447243467
4.213139626 0.49769714869845205
4.2144908569999995 0.49734976357470306
4.215842089 0.49699971977293445
4.217193320000001 0.4966520140945652
4.218544552 0.49631133523064896
4.219895783 0.49596403637472763
4.221247013999999 0.4956058950522966
4.2225982459999996 0.4952489609715863
4.223949477 0.49489045715855184
4.225300709 0.4945162404386847
4.22665194 0.49412594522782827
4.228003171999999 0.4937154165286988
4.229354403 0.49327867959793514
4.2307056339999995 0.4928165983286049
4.232056866 0.492344842643861
4.233408097000001 0.4918551211082425
4.234759329 0.491329330912153
4.23611056 0.49076810464509535
4.237461792 0.4901802717264925
4.238813023 0.489549675755225
4.240164255 0.4888660952576599
4.241515486 0.4881240404739395
4.242866717 0.48780912337751714
4.244217949 0.48699350629985083
4.24556918 0.48597341955807327
4.246920412000001 0.48484311042325695
4.248271643 0.48412742572938305
4.249622875 0.48274513981974676
4.250974105999999 0.4811566135740507
4.2523253379999995 0.47942353730481235
4.2536765690000005 0.47752640685852693
4.2550278 0.47544972962594606
4.256379032 0.47314346058197354
4.257730263 0.4706181840784547
4.259081495 0.4678745925388865
4.260432726 0.46462009779573643
4.261783958 0.4605237803403637
4.263135189 0.45609841607839663
4.26448642 0.45140499825274727
4.265837652 0.4464470878653216
4.267188883 0.4412310564941341
4.2685401149999995 0.4356546504898061
4.2698913460000005 0.42977232232435986
4.271242578000001 0.42325632127743507
4.272593809 0.4164681221091504
4.273945041 0.4093768067687362
4.275296271999999 0.4019621447109602
4.276647503 0.39433204837049507
4.277998735 0.3864980254061745
4.279349966 0.3784313465884294
4.280701198 0.37150805543260557
4.282052429 0.36571298087653825
4.283403661 0.3596584437371847
4.284754892 0.3533534986806054
4.286106123 0.346633830862449
4.287457355 0.3397121616861599
4.288808586 0.3326069396329824
4.290159818 0.32516128107860476
4.2915110489999995 0.3162089008098641
4.292862281 0.3072083402511999
4.294213512000001 0.29860285183094587
4.295564744 0.2898500241869111
4.296915975 0.28077324740270676
4.298267206 0.2717225387028264
4.299618438 0.26274591481926135
4.300969669 0.25382582178695273
4.302320901 0.24495077712333918
4.303672132 0.23618311492968677
4.305023363999999 0.22756609620794838
4.306374595 0.21910704153381927
4.3077258259999995 0.2107917147120141
4.309077058 0.20264838364691073
4.310428289000001 0.19470131464878815
4.311779521 0.18695267017907116
4.313130752 0.17939516377554712
4.314481984 0.172040416961174
4.315833215 0.16489605589536324
4.317184447 0.15796136843375122
4.318535678 0.15122897859565093
4.319886909 0.14470437576436324
4.321238141 0.13839255010377552
4.322589372 0.13228892664632527
4.323940604000001 0.12638966018402312
4.325291835 0.12069669824157303
4.326643067 0.11520502611018085
4.327994297999999 0.10991319162892049
4.329345529999999 0.10481804840177664
4.3306967610000004 0.09991490348305015
4.332047992 0.09519527937231831
4.333399224 0.09065858451321482
4.334750455 0.08630405913777286
4.336101687 0.08212455415890486
4.337452918 0.07810986415523201
4.33880415 0.07425789596094026
4.340155381 0.07056942070123931
4.341506612 0.06703444609735465
4.342857844 0.06364499539996717
4.344209075 0.06039946462195847
4.3455603069999995 0.057338855475297434
4.3469115380000005 0.0544085434741964
4.34826277 0.05158163993339976
4.349614001 0.048880482598967476
4.350965233 0.046310903500840314
4.352316464 0.0439113842025576
4.353667695 0.0415728560102188
4.355018927 0.03934328010304617
4.356370158 0.03722959249539924
4.35772139 0.03521607560262718
4.359072621 0.033298733507445735
4.360423853 0.03147315247008744
4.361775084 0.029751789043159504
4.363126315000001 0.028115185403771226
4.364477547000001 0.026559636440558077
4.365828778 0.025080306896311473
4.36718001 0.023690305215086808
4.3685312409999995 0.022370974301176693
4.369882473 0.02111837228161262
4.371233704 0.019929244499042913
4.372584936 0.01881378669976927
4.373936167 0.017756585908072768
4.375287398 0.016753134118107138
4.37663863 0.015806736018458736
4.377989861 0.014922394530208393
4.379341093 0.014084755946214307
4.380692324 0.013285387676167337
4.382043555999999 0.012529396370038916
4.383394787 0.011822893511995915
4.3847460179999995 0.011157095836385848
4.38609725 0.010521829292093688
4.387448481000001 0.009926343047336163
4.388799713 0.009369267003873293
4.390150944 0.008845959974929464
4.391502176 0.008344686152983538
4.392853407 0.007878093967753845
4.394204639 0.007441204019537369
4.39555587 0.007031074810619249
4.396907101 0.006633734763920351
4.398258332999999 0.0062656041817831815
4.399609564 0.0059226541974613505
4.400960796000001 0.005601611472024677
4.402312027 0.0052913206221905824
4.403663259 0.005003037038186022
4.405014489999999 0.0047362317327467734
4.406365721999999 0.004487974185316908
4.407716953 0.004241289412461229
4.409068184 0.004009946999301838
4.410419416 0.0037994653524904545
4.411770647 0.0036021083892645005
4.413121879 0.0034132481350392027
4.41447311 0.003237068719413332
4.415824342 0.0030754440278147354
4.417175573000001 0.0029185628828400194
4.418526804 0.002767327458113862
4.419878036 0.0026217146259444905
4.421229266999999 0.0024947587027844
4.4225804989999995 0.0023711701474600417
4.4239317300000005 0.002251255686358701
4.425282962 0.002135312584995531
4.426634193 0.002032423407754447
4.427985425 0.0019339837425019295
4.429336656 0.0018371621393169133
4.430687887 0.0017462206198209193
4.432039119 0.0016643664139345316
4.43339035 0.001587965289484428
4.434741582 0.001509896612006052
4.436092813 0.0014382084080933797
4.437444045 0.0013726519968599352
4.438795276 0.001313244161288053
4.440146507000001 0.0012491279222921685
4.441497739000001 0.0011909321983924154
4.44284897 0.0011377860044786655
4.444200202 0.0010886231688558468
4.445551432999999 0.0010347011365384779
4.446902665 0.0009843731224361124
4.448253896 0.0009417394662295827
4.449605128 0.0009058236535554581
4.450956359 0.0008682308736907031
4.45230759 0.0008298800310277991
4.453658822 0.0007974058254218271
4.455010053 0.0007647479731824667
4.456361285 0.0007311315212110543
4.457712516 0.0006947606367685696
4.459063747999999 0.0006659924390044487
4.460414979 0.0006382046468856314
4.4617662110000005 0.0006101964903143973
4.463117442 0.0005817042335713158
4.464468673000001 0.0005604773963955132
4.465819905 0.0005429511844091779
4.467171136 0.0005218161905450272
4.468522368 0.0004977432629142727
4.469873599 0.00047536207063279844
4.471224831000001 0.00045728278670060336
4.472576062 0.00043507171455907845
4.473927293 0.0004150843409935977
4.475278524999999 0.00039808729175779515
4.476629756 0.00039102235164248025
4.4779809880000006 0.00037901919276738156
4.479332219 0.0003639987642875814
4.480683451 0.0003487926756739825
4.482034682 0.0003379779837637127
4.483385914 0.0003263139998041893
4.484737145 0.000310449561537301
4.486088376 0.00029755561730557424
4.487439608 0.00028736751227882343
4.488790839 0.0002797904248059962
4.490142071 0.00026451003907713625
4.491493302 0.00025165168120612827
4.492844534 0.00024093054518963987
4.494195765000001 0.00023330139096334297
4.495546996 0.00022327094034611225
4.496898228 0.00021426134110885328
4.498249458999999 0.00021029848567171038
4.4996006909999995 0.00020562417393867174
4.5009519220000005 0.00019874206157091418
4.502303154 0.00018863807968135592
4.503654385 0.0001852055028676402
4.505005617 0.00018110897277667025
4.506356848 0.00017545382520880434
4.507708079 0.0001639510959013946
4.509059311 0.00015701056868607215
4.510410542 0.000152827898473623
4.511761774 0.00014668488127809876
4.513113005 0.00013935833893086684
4.514464237 0.00013332095100813192
4.5158154679999996 0.00013170427106640677
4.517166699000001 0.00012382192507118408
4.518517931 0.00011278768233813887
4.519869162 0.00010462480350722216
4.521220394 0.00010360243470222674
4.522571624999999 0.00010225910096166963
4.523922857 9.835418014894338e-05
4.525274088 9.38096867521754e-05
4.52662532 9.149833449050219e-05
4.527976551 9.179627237434405e-05
4.529327782 8.68275565788851e-05
4.530679014 8.27495276414168e-05
4.532030245 7.979664656275523e-05
4.533381477 8.157828281232682e-05
4.534732708 7.934042103367676e-05
4.53608394 7.477829310240919e-05
4.537435171 7.014914753775218e-05
4.5387864030000005 6.877041484012699e-05
4.540137634 6.81995474876946e-05
4.541488865 6.464134840422589e-05
4.542840097 6.153814033158825e-05
4.544191328 5.904092662564312e-05
4.5455425599999995 5.774500684934357e-05
4.5468937910000005 5.4826993951510846e-05
4.548245023000001 5.2917096073755215e-05
4.549596254 5.328217976880849e-05
4.550947485 5.244359603201279e-05
4.552298716999999 4.967615521629207e-05
4.553649948 4.563395122777066e-05
4.5550011800000005 4.5426487063648184e-05
4.556352411 4.609838625826485e-05
4.557703643 4.503026348974392e-05
4.559054874 3.9436168955547544e-05
4.560406106 3.718319242198319e-05
4.561757337 3.8223840414238455e-05
4.563108568 3.866540179391923e-05
4.5644598 3.7089274960470045e-05
4.565811031 3.362126664193772e-05
4.567162263 3.286865430041707e-05
4.568513493999999 3.1880788612112935e-05
4.569864726 3.108938905169838e-05
4.571215957000001 2.9097514815736214e-05
4.572567188 2.828624326868904e-05
4.57391842 2.852305883046353e-05
4.575269650999999 2.6995210354580083e-05
4.5766208829999995 2.5289250158043427e-05
4.5779721140000005 2.3386188272576917e-05
4.579323346 2.3639963705641843e-05
4.580674577 2.2728334593541902e-05
4.582025809 2.0723846935296127e-05
4.58337704 1.7148670452140792e-05
4.584728271 1.5618668914151925e-05
4.586079503 1.5555131636066186e-05
4.587430734 1.4187832218127648e-05
4.588781966 1.371111535662385e-05
4.590133197 1.4071757888774692e-05
4.591484429 1.5322100932754186e-05
4.5928356599999995 1.5122128958739778e-05
4.5941868910000005 1.431704290559287e-05
4.595538123 1.2959699130426116e-05
4.596889354 1.2838427606272739e-05
4.598240586 1.3200089328682146e-05
4.599591817 1.1865057216625346e-05
4.6009430490000005 1.1128501965918175e-05
4.60229428 1.0993962179380885e-05
4.603645512 1.0205107683326114e-05
4.604996743 8.737780482783697e-06
4.606347974 7.004134457489599e-06
4.607699206 7.944532572900731e-06
4.609050437 9.345498789368176e-06
4.610401669 1.0815820737220005e-05
4.611752900000001 1.0180400519569452e-05
4.613104132 1.1440759016985523e-05
4.614455363 1.479732770552862e-05
4.6158065950000005 1.5967733927182796e-05
4.617157826 1.5096465092780683e-05
4.618509057 1.3134298331314554e-05
4.619860289 1.1747394889750414e-05
4.62121152 1.0455586051964196e-05
4.622562751999999 9.737959457167677e-06
4.6239139830000004 1.027574661272625e-05
4.625265215000001 1.1204600244553473e-05
4.626616446 1.2704753381579851e-05
4.627967677 1.1611090008706239e-05
4.629318908999999 9.431481170557723e-06
4.63067014 7.1685048200532455e-06
4.6320213720000005 6.74392152370922e-06
4.633372603 7.475708696348399e-06
4.634723835 6.7290511721478276e-06
4.636075066 6.220937520842352e-06
4.637426298 6.632818945041907e-06
4.638777529 8.253018809770724e-06
4.64012876 9.568704815138136e-06
4.641479992 1.0440261527499321e-05
4.642831223 1.1795790454154464e-05
4.644182455 1.2972457011236706e-05
4.645533685999999 1.324732969683394e-05
4.646884918 9.63343058724714e-06
4.648236149000001 7.216370224321808e-06
4.64958738 5.984181912730721e-06
4.650938612 6.823663405364347e-06
4.652289842999999 7.654779148875933e-06
4.6536410749999995 7.103355864466285e-06
4.6549923060000005 6.558442542016503e-06
4.656343538 6.115284973115622e-06
4.657694769 6.068838118266906e-06
4.659046001 6.178035513483321e-06
4.660397232 6.708224700210898e-06
4.661748463 9.032397157647072e-06
4.663099695 1.139346699055736e-05
4.664450926000001 1.3255810198191225e-05
4.665802158 1.2632462670846732e-05
4.667153389 1.2060723899569316e-05
4.668504621 1.1558159058003314e-05
4.6698558519999995 1.0183340620387169e-05
4.6712070830000005 8.973004899244076e-06
4.672558315 7.998354288117771e-06
4.673909546 8.24183576763352e-06
4.675260778 8.819882445664399e-06
4.676612009 8.797239103373013e-06
4.6779632410000005 8.512246208892769e-06
4.679314472 8.073647322570508e-06
4.680665704 8.657753988746106e-06
4.682016935 8.656536021958542e-06
4.683368166 8.21135667657728e-06
4.684719398 7.3327939077802846e-06
4.686070629 6.6919912930482564e-06
4.687421861 6.442664529516089e-06
4.688773092 6.09673218217362e-06
4.690124324 7.062810153478367e-06
4.691475555 8.917001914625628e-06
4.6928267869999996 1.0598057424430061e-05
4.694178018 1.2042359097444882e-05
4.695529249 1.0948014167868856e-05
4.696880481 1.0142259613579897e-05
4.698231712 9.78436212142172e-06
4.699582943999999 1.0063461928814418e-05
4.700934175 9.958436237427436e-06
4.702285407000001 9.309051357502923e-06
4.703636638 8.995455406961507e-06
4.704987869 9.261426948199219e-06
4.706339100999999 9.01154778711686e-06
4.707690332 8.620397731834726e-06
4.7090415640000005 8.597077876460515e-06
4.710392795 9.249421851289268e-06
4.711744027 9.18178706445987e-06
4.713095258 8.348918587709372e-06
4.71444649 7.101441213297019e-06
4.7157977209999995 7.594395490281843e-06
4.717148952 9.58567221067162e-06
4.718500184000001 9.95966114816969e-06
4.719851415 9.837468212906035e-06
4.721202647 8.930198951490972e-06
4.722553877999999 9.530542882103179e-06
4.72390511 1.0917672031787099e-05
4.725256341000001 1.076005048673128e-05
4.726607572 9.954838404127238e-06
4.727958804 8.55181687590975e-06
4.729310035 8.513695808413594e-06
4.730661267 8.847097194626476e-06
4.7320124980000005 8.50931209215736e-06
4.73336373 7.887721207417542e-06
4.734714961 7.3156729113983475e-06
4.736066193 8.400720110901894e-06
4.737417424 9.448967097951493e-06
4.738768654999999 1.0377495564900408e-05
4.740119887 1.091074268171694e-05
4.741471118000001 1.1305050276449895e-05
4.74282235 1.1494132342119086e-05
4.744173581 1.0823982210637225e-05
4.745524813 9.487768134276118e-06
4.7468760439999995 7.794466238591114e-06
4.748227276 6.418296996495823e-06
4.749578507 5.350033021460647e-06
4.750929738 4.238164978799479e-06
4.75228097 3.8419191303295095e-06
4.753632201 4.3509645052999715e-06
4.7549834330000005 4.879135522991494e-06
4.756334664 5.315345102583345e-06
4.757685896 5.0929627163564815e-06
4.759037127 5.114134078646225e-06
4.760388358 5.443241197655274e-06
4.76173959 4.930299226122118e-06
4.763090821 3.6534656070979247e-06
4.764442053 2.226796478248126e-06
4.765793284 2.03164300668981e-06
4.767144516 2.9391955797357543e-06
4.768495747 4.188560909678998e-06
4.7698469789999995 4.832007400809373e-06
4.77119821 4.098603601868168e-06
4.772549441 3.327496239978431e-06
4.773900673 3.8200942026655485e-06
4.775251904 2.817066500451821e-06
4.776603135999999 2.8929119469116774e-06
4.777954367 2.593581229871585e-06
4.779305599000001 1.9496998796212197e-06
4.78065683 1.7938666075036784e-06
4.782008061000001 1.1548149514618746e-06
4.783359293 6.611848585028163e-07
4.784710524 7.819664351778914e-07
4.7860617560000005 1.348132179632491e-06
4.787412987 3.3080523595716416e-06
4.788764219 3.813071422942016e-06
4.79011545 4.436176425089464e-06
4.791466682 4.385964827573012e-06
4.7928179129999995 4.087464260293602e-06
4.7941691440000005 3.7682878226610432e-06
4.795520376000001 3.0477465469967436e-06
4.796871607 2.9082674448146033e-06
4.798222839 2.9723937246175453e-06
4.799574069999999 3.6041823065640512e-06
4.800925302 4.6367834443532465e-06
4.802276533000001 5.300761936002164e-06
4.803627764 6.186310510001622e-06
4.804978996 7.2649229738942795e-06
4.806330227 6.97481663480504e-06
4.807681459 6.192862470410799e-06
4.80903269 4.928525538211103e-06
4.810383922 4.531656087823894e-06
4.811735153 4.431079230425759e-06
4.813086384999999 3.473095506625125e-06
4.814437616 1.264548640291177e-06
4.815788846999999 1.1499967030775577e-06
4.817140079 1.9275012695415798e-06
4.818491310000001 4.521164753568069e-06
4.819842542 6.2919952766733805e-06
4.821193773 8.43474314257964e-06
4.822545005 9.399357223036071e-06
4.8238962359999995 9.628677987451994e-06
4.825247468 1.0163501596118752e-05
4.826598699 9.404079304987953e-06
4.82794993 8.57477640848471e-06
4.829301162 7.586316644672845e-06
4.830652393 7.336939458001927e-06
4.8320036250000005 7.103068551998741e-06
4.833354856 6.202376142266938e-06
4.834706088 5.9878266829015705e-06
4.836057318999999 6.298297250196465e-06
4.83740855 7.0736121499373904e-06
4.838759782 8.425403605136144e-06
4.840111013 8.51485468571494e-06
4.841462245 9.597742670935737e-06
4.842813476 1.0808012067287405e-05
4.844164708 1.2719498273648773e-05
4.845515939 1.538684687352748e-05
4.8468671709999995 1.3564899824656116e-05
4.8482184020000005 1.2368526248674626e-05
4.849569633 1.2037748442395825e-05
4.850920865 1.1936342545368197e-05
4.852272096 1.2082033538050479e-05
4.853623327999999 9.73158201254848e-06
4.854974559 9.051581374228448e-06
4.856325791000001 9.827692811293126e-06
4.857677022 1.1088813512252926e-05
4.859028253 1.3795403484033618e-05
4.860379485 1.1537110041844445e-05
4.861730716 9.768685169144249e-06
4.863081948 9.30763555301042e-06
4.864433179 9.176133320903394e-06
4.865784411 9.581869975857718e-06
4.867135642 7.467567805834079e-06
4.868486874 7.627226534827829e-06
4.8698381049999995 9.065827189632402e-06
4.8711893360000005 1.0239699041247676e-05
4.872540568000001 1.1375689524485346e-05
4.873891799 1.0092409840946483e-05
4.875243031 1.017881906247759e-05
4.876594261999999 1.1122991996218169e-05
4.8779454939999995 1.1760869878582746e-05
4.879296725000001 1.193310617456281e-05
4.880647956 1.1514239228787e-05
4.881999188 1.1187781739770454e-05
4.883350419 1.17187274934672e-05
4.884701651 1.2104920601396904e-05
4.8860528819999995 1.0933046505913924e-05
4.887404114 1.015860696083398e-05
4.888755345 1.0218989985716542e-05
4.890106576999999 1.3085085595821945e-05
4.891457808 1.5917837095724142e-05
4.892809038999999 1.6404539926890504e-05
4.894160271 1.5869041297003675e-05
4.895511502000001 1.5068770101911211e-05
4.896862734 1.5417469158584678e-05
4.898213965 1.5658588270195026e-05
4.899565197 1.313006696884287e-05
4.900916428 1.0849129945368053e-05
4.902267660000001 9.221724870713318e-06
4.903618891 9.489548621718247e-06
4.904970122 1.0382375487383938e-05
4.906321354 9.900997768649847e-06
4.907672585 1.0445937755758289e-05
4.9090238170000005 1.0880159368375368e-05
4.910375048 1.1577062110453583e-05
4.91172628 1.3606074182994723e-05
4.913077511 1.4750485891050713e-05
4.914428742 1.5569170827665794e-05
4.915779974 1.580468425059067e-05
4.917131205 1.5411777681565143e-05
4.918482437 1.612368512123129e-05
4.919833668 1.55805654907913e-05
4.9211849 1.44665184104849e-05
4.922536131 1.4199121847811806e-05
4.9238873629999995 1.4558694591502616e-05
4.9252385940000005 1.4074056747893817e-05
4.926589825 1.3750144469798441e-05
4.927941057 1.297840573025039e-05
4.929292288 1.393636360793079e-05
4.930643519999999 1.5821470684124268e-05
4.931994751 1.6605617908008927e-05
4.933345983000001 1.7897486033389908e-05
4.934697214 1.7729987471437758e-05
4.936048445 1.8503444835492137e-05
4.937399677 2.0605645170139477e-05
4.938750908 2.0275570486402423e-05
4.94010214 2.0069418838813262e-05
4.941453371 1.843628723486282e-05
4.942804603 1.753025229128284e-05
4.944155834 1.7650661139375447e-05
4.945507066 1.6685112855874067e-05
4.9468582969999995 1.4985339619327916e-05
4.9482095280000005 1.3501786483014184e-05
4.949560760000001 1.2812007525716712e-05
4.950911991 1.4355969136556392e-05
4.952263223 1.6350990599274942e-05
4.953614453999999 1.577316638406307e-05
4.9549656859999995 1.5395506057641776e-05
4.9563169170000005 1.5561742680050043e-05
4.957668148 1.7216311370583965e-05
4.95901938 1.91414993793016e-05
4.960370611 1.8675205411657976e-05
4.961721843 1.8439456619277224e-05
4.9630730739999995 1.8016058401239524e-05
4.964424306 1.7709427428650185e-05
4.965775537000001 1.8208410513793446e-05
4.967126769 1.6334776770479684e-05
4.968478 1.4770566233412479e-05
4.969829230999999 1.4177697138358553e-05
4.971180463 1.4375758572521533e-05
4.972531694000001 1.5279713813961384e-05
4.973882926 1.480816929593393e-05
4.975234157 1.363486709629182e-05
4.976585389 1.4518353834832325e-05
4.97793662 1.615404390819764e-05
4.979287852000001 1.77218044744204e-05
4.980639083 1.937980660858858e-05
4.981990314 1.738535229103492e-05
4.983341545999999 1.6093650238810556e-05
4.984692777 1.515726370811348e-05
4.986044009 1.4158479430058576e-05
4.98739524 1.3774303391674445e-05
4.988746472 1.2409920820056306e-05
4.990097703 1.1590324058481796e-05
4.991448934 1.1919896550418201e-05
4.992800166 1.2138768999008246e-05
4.9941513969999995 1.1922492624459971e-05
4.995502629 1.2222538057070831e-05
4.99685386 1.265201993845882e-05
4.998205092 1.4129156884740945e-05
4.999556323 1.6445474510004947e-05
5.0009075549999995 1.5121518308233082e-05
5.0022587860000005 1.4096546416425043e-05
5.003610017 1.245573117361333e-05
5.004961249 1.2233041435921115e-05
5.006312479999999 1.3653632340739359e-05
5.007663711999999 1.4141948014149467e-05
5.009014943 1.413119370841229e-05
5.010366175 1.3708991319224147e-05
5.011717406 1.3403459495735925e-05
5.013068637 1.4301413885716156e-05
5.014419869 1.5147443901186633e-05
5.0157711 1.4946611663953066e-05
5.017122332 1.5262508926248367e-05
5.018473563 1.6100386212288128e-05
5.019824795000001 1.6692316668354647e-05
5.021176026 1.706221805231724e-05
5.022527258 1.4083810517167279e-05
5.0238784889999994 1.2095192873200672e-05
5.0252297200000005 1.2107196501073655e-05
5.026580952000001 1.2835199282932514e-05
5.027932183 1.500229532452736e-05
5.029283415 1.7260739386335514e-05
5.030634646 1.7300225626202163e-05
5.031985878 1.6917112218622365e-05
5.033337109 1.6309801584298e-05
5.034688341 1.4975557035399613e-05
5.036039572 1.385653401334272e-05
5.037390803 1.3150086024937258e-05
5.038742035 1.3420153234316985e-05
5.0400932659999995 1.6246878036897512e-05
5.041444498 1.852037440841465e-05
5.042795729000001 1.9137192688247634e-05
5.044146961 1.8271393493822312e-05
5.045498192 1.6685330065503534e-05
5.046849422999999 1.7093289525557646e-05
5.048200655 1.8102182866158634e-05
5.049551886000001 1.692358321817106e-05
5.050903118 1.6100337062455805e-05
5.052254349 1.4294882872230888e-05
5.053605581 1.379196736117928e-05
5.054956812 1.5304796816257044e-05
5.056308044000001 1.661353334492016e-05
5.057659275 1.7499868427264917e-05
5.059010506 1.7950839952532643e-05
5.060361737999999 1.8215720943920933e-05
5.061712969 1.9187903633119724e-05
5.063064201 2.0357148973199545e-05
5.064415432 1.8451436096439495e-05
5.065766664 1.6855473888041127e-05
5.067117895 1.564587867105905e-05
5.068469126 1.5793090139946254e-05
5.069820358 1.754835085284978e-05
5.0711715889999995 1.779077106960195e-05
5.072522821 1.6825283143541906e-05
5.073874052 1.530856160030147e-05
5.075225284 1.4267670282251351e-05
5.076576515 1.4003837075245576e-05
5.0779277469999995 1.4293652213524967e-05
5.0792789780000005 1.1797473342767772e-05
5.080630209 9.918417036372787e-06
5.081981441 9.708682691914933e-06
5.083332671999999 1.0494531758905663e-05
5.084683904 1.30690705316493e-05
5.086035135 1.480127638467648e-05
5.087386367 1.4893928715193033e-05
5.088737598 1.4521885798628438e-05
5.090088829 1.4254983106959384e-05
5.091440061 1.4319541454061452e-05
5.092791292 1.5117296875005378e-05
5.094142524 1.525541516137834e-05
5.095493755000001 1.555302251606953e-05
5.096844987000001 1.6547133074289218e-05
5.098196218 1.7580110140711057e-05
5.09954745 1.7453527947073863e-05
