microns throughput
2.0004663860000003 1.841922832422609e-10
2.002610509 1.6110071682728594e-10
2.004754632 1.3998487336780827e-10
2.006898754 1.2328639512983702e-10
2.009042877 1.1047142671422377e-10
2.011186999 1.0174101831768057e-10
2.013331122 9.525248681728369e-11
2.015475245 9.035323788635994e-11
2.017619367 8.549024699544821e-11
2.01976349 8.050902816726991e-11
2.021907612 7.591808969067465e-11
2.024051735 7.036080879706064e-11
2.026195858 6.645613307337424e-11
2.02833998 6.313597223276092e-11
2.030484103 6.049522778172431e-11
2.032628225 5.879522427429135e-11
2.034772348 5.678284709611908e-11
2.036916471 5.5490618813658564e-11
2.039060593 5.4755383524148246e-11
2.0412047159999998 5.518118122948801e-11
2.043348838 5.5440342025965375e-11
2.045492961 5.585192952454874e-11
2.0476370839999998 5.653483331830714e-11
2.049781206 5.843685434922166e-11
2.0519253290000004 6.036138240038426e-11
2.0540694509999997 6.343134603562349e-11
2.056213574 6.680359606430598e-11
2.058357697 7.121674627288502e-11
2.060501819 7.60278878329161e-11
2.062645942 8.162558580500952e-11
2.064790064 8.837234448686342e-11
2.0669341869999998 9.644811864285278e-11
2.06907831 1.060103906433113e-10
2.071222432 1.1732681646697165e-10
2.073366555 1.316137065609232e-10
2.075510677 1.4965373123018483e-10
2.0776548 1.709404441876277e-10
2.079798923 1.9949898522582655e-10
2.081943045 2.3347501025334134e-10
2.084087168 2.7833466571561975e-10
2.08623129 3.3524677523609297e-10
2.088375413 4.0276127020418817e-10
2.090519536 4.672240083432064e-10
2.0926636579999998 5.462501026835638e-10
2.094807781 6.04136772198359e-10
2.0969519030000003 6.63145890984815e-10
2.0990960260000002 7.07793426679728e-10
2.101240149 7.414396243469824e-10
2.103384271 7.599380852007605e-10
2.105528394 7.259020963956611e-10
2.107672516 6.821185380558276e-10
2.109816639 6.060239911693512e-10
2.1119607620000003 5.209070691157125e-10
2.114104884 4.162682043650202e-10
2.116249007 3.163707262541958e-10
2.118393129 2.4062491997646505e-10
2.120537252 2.0536090043395614e-10
2.122681375 1.7822547635907446e-10
2.124825497 1.5279307390839678e-10
2.1269696199999997 1.3319481536467925e-10
2.129113742 1.0866508327928875e-10
2.1312578650000003 9.109035282068548e-11
2.133401988 8.410634288575829e-11
2.1355461100000004 7.962081796413329e-11
2.137690233 8.451705082790057e-11
2.139834355 6.793895122482421e-11
2.141978478 5.603589471486227e-11
2.144122601 4.8236733271884814e-11
2.146266723 4.7431306403922415e-11
2.1484108460000004 5.4724167621792533e-11
2.150554968 4.688836309439705e-11
2.152699091 4.5209882235355084e-11
2.154843214 5.4859419548431634e-11
2.1569873360000003 6.491609786749719e-11
2.159131459 9.566024719023226e-11
2.161275581 9.865254913463881e-11
2.163419704 1.0284217761682244e-10
2.165563827 9.783919423484346e-11
2.167707949 1.0356049791368031e-10
2.1698520720000003 9.977096373113143e-11
2.1719961939999997 7.705453911392691e-11
2.174140317 6.5369774254053e-11
2.17628444 2.6935009169202696e-11
2.178428562 2.8629148753935257e-11
2.180572685 2.2752374742361547e-11
2.182716807 2.313545324537341e-11
2.1848609299999997 4.5849314299326905e-11
2.187005053 2.5501775104087358e-11
2.189149175 1.6672039444678313e-11
2.191293298 6.8196323642711474e-12
2.1934374200000004 8.675308560654975e-12
2.195581543 3.7095393338958546e-11
2.1977256659999997 1.2787529472278991e-11
2.199869788 9.753602632897969e-12
2.202013911 2.911105275460925e-11
2.204158033 6.149792778902434e-11
2.206302156 1.49106222358884e-10
2.208446279 1.767994720710468e-10
2.210590401 2.2333574087121792e-10
2.212734524 2.1054175957575575e-10
2.2148786460000003 1.7468717166661854e-10
2.217022769 1.9491726699791674e-10
2.219166892 1.4116313214083335e-10
2.221311014 1.3767230399753354e-10
2.2234551369999997 1.6640019927902268e-10
2.225599259 1.8653157794599182e-10
2.2277433820000003 2.7947321991881914e-10
2.229887505 3.68350194077519e-10
2.232031627 5.250281730995104e-10
2.23417575 4.846284564354413e-10
2.236319872 2.2656022920546775e-10
2.238463995 1.27006749870413e-10
2.240608118 3.1927584688975865e-11
2.2427522399999997 3.7204911946069585e-11
2.2448963629999996 8.822221710465847e-11
2.247040485 2.1702258586730858e-11
2.249184608 1.0785056576374903e-11
2.251328731 2.0710942696122426e-11
2.2534728530000003 1.708092345310555e-10
2.2556169759999998 1.6817017067403321e-09
2.257761098 2.1598997712029638e-09
2.259905221 4.242768767164348e-09
2.2620493440000002 6.7310518047491714e-09
2.264193466 5.775710050414147e-09
2.2663375890000004 5.540080645440306e-09
2.2684817109999997 4.890254905875091e-09
2.270625834 5.758507925243939e-09
2.272769957 7.62033957027583e-09
2.274914079 7.168015746794661e-09
2.277058202 1.3106582168051792e-08
2.279202324 2.1564588841682706e-08
2.2813464469999998 2.6158684972154535e-08
2.28349057 3.132614677074702e-08
2.285634692 1.90848388648398e-08
2.2877788150000002 1.6151832292339946e-08
2.2899229369999996 7.084038992325016e-09
2.29206706 2.645967075406914e-09
2.294211183 1.993246960483206e-09
2.296355305 3.777830414552949e-09
2.298499428 8.641423623526116e-09
2.3006435499999998 1.8699424000456786e-08
2.3027876729999996 2.150050884632198e-08
2.304931796 2.783114492628141e-08
2.307075918 2.4244656434492862e-08
2.309220041 2.550511309467705e-08
2.3113641630000004 4.817763566680166e-08
2.3135082860000002 2.3391247994801223e-08
2.3156524089999997 1.37001819933728e-08
2.317796531 9.302532524071185e-09
2.319940654 1.560649902871606e-08
2.322084776 1.0346294472875278e-07
2.3242288990000004 3.2319441590364545e-07
2.3263730220000003 3.839105957937559e-07
2.328517144 4.774619679659817e-07
2.330661267 3.4187538579884347e-07
2.3328053890000002 3.5461263892514533e-07
2.334949512 3.7820934760587156e-07
2.337093635 2.8417425473159354e-07
2.339237757 2.8670738658730236e-07
2.3413818799999997 3.315035155389277e-07
2.343526002 3.884271389367568e-07
2.3456701250000003 5.030177554710479e-07
2.347814248 1.3093847243016758e-07
2.34995837 1.4749161745065603e-08
2.352102493 3.2445882839447466e-09
2.354246615 3.808517621004387e-09
2.356390738 6.198320175490312e-09
2.358534861 1.33764358304703e-08
2.3606789829999997 5.28479482083035e-08
2.362823106 3.5880326867552927e-07
2.364967228 1.3125487742456578e-06
2.367111351 1.2590221661088597e-06
2.369255474 1.2381712184183964e-06
2.3713995960000003 9.794045051302227e-07
2.3735437189999997 9.268053016685902e-07
2.375687841 9.94374288168836e-07
2.377831964 1.5730326951981272e-07
2.379976087 3.1697752305555076e-08
2.382120209 5.82022570174981e-08
2.3842643320000003 2.5657677920079226e-08
2.3864084539999997 8.813679784844366e-08
2.388552577 4.2047580485585055e-07
2.3906967 6.916683690641927e-07
2.392840822 1.2920868056957348e-06
2.394984945 1.3364218500675237e-06
2.397129067 9.19347971435004e-07
2.3992731899999997 7.644505800666032e-07
2.401417313 4.457930450592644e-07
2.403561435 3.3348260702790336e-07
2.405705558 6.239081408488341e-07
2.40784968 8.234761638402758e-07
2.409993803 1.0235741134101766e-06
2.4121379259999998 1.6082006772228302e-06
2.414282048 1.7483153069065562e-06
2.416426171 1.8862112257337385e-06
2.418570293 2.267152103867407e-06
2.4207144159999996 1.5297109540973093e-06
2.422858539 1.1608818908579367e-06
2.425002661 1.3224991399365643e-06
2.427146784 1.1215418357433743e-06
2.4292909060000003 1.1230666996539561e-06
2.431435029 1.3333683645867849e-06
2.4335791519999996 1.3755848981908995e-06
2.435723274 1.5572081258514932e-06
2.4378673969999998 1.0607933989802734e-06
2.440011519 5.320421328656373e-07
2.4421556420000003 3.563069195222247e-07
2.4442997650000002 3.867097023609499e-07
2.446443887 6.183081421337297e-07
2.44858801 1.3121134671635777e-06
2.450732132 1.3453584693960473e-06
2.452876255 1.306388839128694e-06
2.455020378 1.5027072645310612e-06
2.4571644999999998 1.4949397181340787e-06
2.459308623 1.5144924119928926e-06
2.461452745 2.271094591157772e-06
2.463596868 2.283779088220849e-06
2.465740991 1.9463867663153124e-06
2.467885113 1.8204737847716148e-06
2.470029236 1.248845108822048e-06
2.472173358 1.0382880806874562e-06
2.474317481 1.2160220357098128e-06
2.4764616040000003 1.0947721897155388e-06
2.4786057259999996 1.2353828150276195e-06
2.480749849 1.8286056682388942e-06
2.4828939709999998 1.6376667898671874e-06
2.485038094 1.468671094091149e-06
2.487182217 1.4163446435844821e-06
2.489326339 1.4797259875027851e-06
2.491470462 2.065249431877335e-06
2.493614584 3.2083317205448532e-06
2.495758707 2.1988906772508727e-06
2.49790283 1.5365207718018443e-06
2.500046952 6.658307529072391e-07
2.5021910750000003 1.640240269503225e-06
2.5038318559999997 2.616832361324711e-06
2.505183087 4.20867036970197e-06
2.506534319 1.650713082101162e-06
2.50788555 1.1169582073724272e-06
2.509236782 1.8907716963923139e-06
2.510588013 1.7460532956075545e-06
2.511939244 1.1801068907691543e-06
2.5132904760000003 9.250726028388074e-07
2.514641707 1.985245442674412e-06
2.515992939 2.7059984831783236e-07
2.51734417 2.6195851036880264e-06
2.5186954019999996 2.1351372244830557e-06
2.5200466329999998 2.1549405871920574e-06
2.521397865 3.5492797862142616e-08
2.522749096 1.0392067203467528e-06
2.524100327 1.4397653713326601e-06
2.525451559 9.972672738213e-07
2.52680279 5.889419940265374e-07
2.5281540220000003 7.51228390951475e-07
2.529505253 1.1281005502217515e-06
2.5308564849999997 1.303767821686492e-06
2.532207716 9.920070619302104e-07
2.533558948 2.3631320881690083e-06
2.534910179 3.277734897214886e-06
2.5362614100000003 2.5785773056044803e-06
2.537612642 1.6337257993103768e-06
2.538963873 3.8348650046371916e-07
2.5403151050000004 1.3000352139087228e-06
2.5416663359999996 8.498557036693506e-08
2.5430175680000002 1.7302756492929348e-06
2.544368799 2.0809553005677214e-06
2.54572003 2.7766760927927798e-06
2.547071262 3.0422462746149758e-06
2.548422493 1.7379453466425254e-06
2.549773725 1.0557371821564778e-06
2.551124956 7.034043138974249e-07
2.552476188 9.876558821935925e-07
2.553827419 1.7776108521937005e-06
2.5551786510000003 2.26972425502142e-06
2.556529882 2.97030928932478e-06
2.557881113 2.3560329192394376e-06
2.559232345 1.7976827924630712e-06
2.560583576 3.6222069731773175e-06
2.561934808 4.842543153999233e-06
2.5632860390000003 2.729928005125585e-06
2.564637271 3.303939643014548e-06
2.565988502 4.831543301828402e-06
2.567339733 3.091304615328826e-06
2.5686909649999996 1.939163299586289e-06
2.5700421959999997 3.248975084569028e-06
2.571393428 1.8943699989076126e-06
2.572744659 3.496735798568426e-06
2.574095891 4.360576174511373e-06
2.575447122 2.772451301375996e-06
2.576798354 2.6312895318357106e-06
2.5781495850000002 3.4394347003579978e-06
2.5795008160000004 3.121521299675513e-06
2.580852048 1.510780969524385e-06
2.582203279 2.251713474380491e-06
2.583554511 1.5500989906286066e-06
2.584905742 2.730733547071435e-06
2.586256974 3.2842263638176602e-06
2.587608205 3.3424342987321152e-06
2.588959437 2.644345727824913e-06
2.590310668 3.846174289493417e-06
2.591661899 3.850397347489978e-06
2.593013131 4.9372970790705725e-06
2.594364362 3.96941190489849e-06
2.5957155939999996 1.1301396980226876e-06
2.5970668249999997 4.79059934939279e-07
2.598418057 3.3754151581637764e-06
2.599769288 3.5332873968254507e-06
2.601120519 2.3414325309536733e-06
2.602471751 2.668760819864726e-06
2.603822982 6.3751472257070614e-06
2.6051742140000003 5.624063688639348e-06
2.6065254450000004 1.628608860616708e-06
2.607876677 3.2821295058883013e-06
2.609227908 2.6587371086340685e-06
2.61057914 1.3572889603602961e-06
2.611930371 2.613696110815618e-06
2.613281602 3.6647624278024665e-06
2.614632834 4.040763683983013e-06
2.615984065 4.356069662535049e-06
2.617335297 3.5409801675383227e-06
2.618686528 2.468991548924076e-06
2.62003776 2.2046695038289258e-06
2.621388991 5.578559588133108e-06
2.622740222 6.922781808804611e-06
2.6240914539999998 4.262082125024406e-06
2.625442685 4.595912175923422e-06
2.626793917 3.251623154650116e-06
2.628145148 2.286885956723333e-06
2.62949638 3.9136156241626405e-06
2.630847611 3.5379798387644343e-06
2.6321988430000003 4.4695036019745715e-06
2.6335500740000004 2.327238487044339e-06
2.634901305 1.8453148614419864e-06
2.636252537 5.896772149692346e-06
2.637603768 2.898836842447252e-06
2.6389549999999997 4.104944383155917e-06
2.640306231 3.574639425772349e-06
2.641657463 6.127756405101635e-06
2.643008694 5.785544752519747e-06
2.6443599250000003 4.124687711088711e-06
2.645711157 3.2499833732066925e-06
2.6470623879999997 3.2381474552380834e-06
2.64841362 1.345512413637369e-06
2.649764851 9.487598785667061e-07
2.651116083 9.715305264849127e-07
2.652467314 2.0828952281985204e-06
2.653818546 3.3277435631015826e-06
2.6551697770000002 3.862727941369104e-06
2.6565210080000004 5.335387714858254e-06
2.65787224 2.759846146681708e-06
2.659223471 3.5259004468225458e-06
2.6605747030000004 4.8793885124401455e-06
2.6619259339999997 4.946487145590791e-06
2.663277166 3.120906086738311e-06
2.664628397 1.5511914412817725e-06
2.6659796289999997 2.771696461666005e-06
2.66733086 1.6484158023123497e-06
2.668682091 4.721040356449737e-06
2.670033323 4.277055591825193e-06
2.6713845540000003 2.5867019887834506e-06
2.672735786 3.0426618926386823e-06
2.6740870169999997 3.5393926161632375e-06
2.675438249 3.6996801493087746e-06
2.67678948 1.6453508767305816e-06
2.678140711 3.6779008179317615e-06
2.679491943 3.5959235344834963e-06
2.680843174 2.3169244975192787e-06
2.6821944060000003 2.042810251865347e-06
2.6835456370000004 4.5063203170142345e-07
2.684896869 2.570999675473317e-06
2.6862481 6.761570690885882e-07
2.6875993319999996 1.0391606044103845e-06
2.6889505629999997 1.4822869611561986e-06
2.690301794 2.968226971494848e-06
2.691653026 3.935475162950156e-06
2.693004257 2.2667576454671154e-06
2.694355489 7.888324751251609e-07
2.69570672 1.5529267663393687e-06
2.697057952 2.4528120463920267e-06
2.6984091830000003 1.8252750862954599e-06
2.699760414 2.0020490129622734e-06
2.7011116459999998 1.6568879554085503e-06
2.702462877 9.853960481496872e-07
2.703814109 3.4965511250906983e-06
2.70516534 1.7750870160966353e-06
2.706516572 1.6157817236890185e-06
2.707867803 4.500717227191622e-06
2.7092190350000003 2.0399477353982946e-06
2.7105702660000004 3.026544272081196e-06
2.7119214969999996 1.6419920887472673e-06
2.713272729 2.3201100712737202e-06
2.71462396 3.5138378760066372e-06
2.7159751919999997 2.3131765926451985e-06
2.717326423 3.972098864628009e-06
2.718677655 2.063910599707578e-06
2.720028886 3.592783512632487e-06
2.7213801170000003 3.4031984351687864e-06
2.722731349 3.1268184943361952e-06
2.7240825799999997 3.3650194736405523e-06
2.7254338120000003 3.21865482946629e-06
2.726785043 2.145347986175188e-06
2.7281362749999998 2.4409865066728067e-06
2.729487506 4.0972633821929245e-06
2.730838738 1.8183035867758097e-06
2.732189969 1.7594563841411725e-06
2.7335412000000003 2.1615766051366767e-06
2.734892432 1.7928364425903615e-06
2.736243663 1.9707878355955284e-06
2.737594895 2.65374527598311e-06
2.7389461259999996 5.73510500242345e-07
2.740297358 1.161428333953575e-06
2.741648589 1.3184627395874625e-06
2.7429998209999997 1.434264555434361e-06
2.744351052 7.946391017797703e-07
2.745702283 1.1247156146167913e-06
2.747053515 1.5864520537046535e-06
2.7484047460000003 1.8001904122600587e-06
2.749755978 1.7648472842639694e-06
2.7511072089999997 7.158598870225045e-07
2.7524584410000004 7.008108019372859e-07
2.753809672 1.0618312337089228e-06
2.755160903 1.8384665694850865e-06
2.756512135 5.2441650565938335e-08
2.757863366 2.442225449272056e-07
2.7592145980000002 1.5477799310216423e-06
2.760565829 7.906698264980736e-07
2.761917061 2.1561422719778315e-06
2.7632682920000002 7.796242218316346e-07
2.764619524 4.776402660144653e-07
2.7659707549999997 1.6096624353369375e-07
2.767321986 1.4403950172378446e-06
2.768673218 3.0070255856243646e-06
2.770024449 3.316939808094411e-06
2.771375681 2.20913563827252e-06
2.772726912 1.5939507918974194e-06
2.774078144 9.807591672583844e-07
2.7754293750000003 1.4661435701609808e-06
2.776780606 8.606988682533215e-07
2.7781318379999997 6.79267185875915e-07
2.779483069 5.269134744524444e-07
2.780834301 1.1801925320434864e-06
2.782185532 8.570329027784981e-07
2.783536764 9.566085062828855e-07
2.784887995 3.425892491980264e-07
2.786239227 2.1973497116399182e-08
2.787590458 2.0516997113462604e-07
2.788941689 9.320334498179684e-07
2.7902929210000003 1.3280620487728392e-06
2.791644152 1.762237844761569e-06
2.7929953839999997 9.800406395003666e-07
2.794346615 3.505675106334997e-07
2.795697847 1.0727086075235893e-06
2.797049078 3.38367612743158e-08
2.7984003090000003 5.009209926647953e-07
2.799751541 2.476137382043091e-08
2.801102772 4.549976774336156e-09
2.8024540040000003 4.551946586732694e-09
2.803805235 4.553807123031831e-09
2.8051564669999998 4.3806980099502016e-07
2.806507698 2.485484381756728e-08
2.80785893 3.304170983499952e-07
2.8092101609999998 2.7752525744023047e-07
2.810561392 9.841290989422665e-07
2.811912624 1.2450373373906969e-06
2.813263855 2.3600692912513603e-07
2.814615087 4.595368307626039e-09
2.8159663179999996 2.5564193304794028e-08
2.8173175500000003 8.444150115865382e-07
2.818668781 1.0106455109406295e-06
2.8200200129999997 8.11701681212648e-07
2.821371244 8.900996853119468e-07
2.822722475 1.677620038912947e-06
2.824073707 7.831357716283059e-07
2.8254249380000003 1.0252635647459679e-07
2.82677617 2.913037160230116e-08
2.828127401 7.98788839888445e-07
2.8294786330000004 9.613259988705641e-09
2.830829864 5.133800539597034e-07
2.8321810949999997 8.803862424173141e-08
2.833532327 3.9474164253802013e-08
2.834883558 9.803628497235105e-08
2.83623479 3.844301572408971e-07
2.837586021 2.395834742103203e-07
2.838937253 4.878296604422301e-07
2.8402884840000002 5.257952975989e-07
2.841639716 2.521481992694104e-06
2.8429909469999997 9.857445184937404e-07
2.8443421779999998 3.461698157919671e-07
2.84569341 9.965919576626354e-07
2.847044641 1.3167684513185564e-06
2.848395873 1.4842852790200222e-06
2.849747104 1.5289949196636624e-06
2.851098336 6.871754997912359e-07
2.8524495670000003 8.285445765055159e-07
2.8538007980000004 1.924808470679878e-06
2.85515203 1.2599684909187824e-06
2.856503261 5.410138524144824e-07
2.8578544929999996 4.467067535443705e-09
2.8592057239999997 3.438260302045408e-07
2.860556956 8.902301990695954e-07
2.861908187 2.0477438316630385e-07
2.863259419 2.0775042877216498e-07
2.86461065 4.535892405351326e-08
2.865961881 2.049258536942524e-07
2.8673131130000002 3.64861094816294e-07
2.868664344 6.547846831514188e-07
2.8700155759999997 2.4355922098795315e-07
2.871366807 2.7089944435356475e-07
2.872718039 1.9348108026081822e-08
2.87406927 6.860129087391684e-07
2.8754205010000002 2.084569479157167e-06
2.876771733 1.6965432424578922e-06
2.878122964 1.4412565309185338e-07
2.8794741960000003 4.4258570776848e-09
2.8808254270000004 4.4242845478064495e-09
2.882176659 4.422684099623219e-09
2.88352789 4.421066082749557e-09
2.8848791219999996 4.890275065008827e-09
2.8862303529999997 3.1994933821521703e-07
2.887581584 1.3412022722523044e-06
2.888932816 1.5658215033323347e-06
2.890284047 5.19190857271814e-07
2.891635279 6.268424956241902e-07
2.89298651 6.449365129204236e-09
2.8943377420000003 4.4099914557756075e-09
2.895688973 1.2537480626880078e-07
2.8970402049999997 6.55024045722042e-09
2.898391436 6.095240757164177e-07
2.899742667 2.631515992554328e-07
2.901093899 7.773658316481399e-08
2.9024451300000003 1.6599124711692132e-07
2.903796362 1.0987674150737268e-06
2.905147593 1.5396249901679432e-06
2.9064988250000003 1.8629938771902215e-06
2.907850056 2.495182499603895e-06
2.9092012869999997 2.0268868789530668e-07
2.910552519 8.655475293178977e-08
2.91190375 1.2598935312459802e-06
2.9132549819999998 1.550242261992179e-06
2.914606213 6.540685284109966e-07
2.915957445 9.179634989484456e-07
2.917308676 7.666655058317794e-07
2.918659908 1.484560094502905e-06
2.920011139 1.097036075262953e-06
2.9213623699999998 1.5067935841570947e-08
2.922713602 4.838890231875331e-07
2.924064833 1.5410953211789393e-07
2.925416065 5.1139059981619e-07
2.926767296 4.898412945086582e-07
2.928118528 6.214862017996011e-09
2.9294697590000003 4.3057879509998265e-09
2.93082099 4.298389025534202e-09
2.932172222 4.290508764725309e-09
2.933523453 4.282652643785082e-09
2.934874685 4.2748328526170596e-09
2.9362259159999997 3.6817457241305557e-07
2.937577148 1.1988506013495702e-06
2.938928379 1.2130507758772516e-06
2.940279611 2.0335003507617016e-08
2.941630842 3.3559155682949824e-07
2.942982073 1.0582834377153922e-07
2.9443333050000002 7.206493282486117e-07
2.9456845360000004 2.2684143242245774e-08
2.947035768 1.0499951831810105e-08
2.948386999 6.364570827203446e-08
2.949738231 1.549168515808114e-07
2.951089462 6.349444013763461e-07
2.952440694 7.957279711316189e-07
2.953791925 3.2156149645720564e-08
2.955143156 5.4863562817965536e-08
2.956494388 6.327818327657188e-07
2.957845619 6.126933928663815e-07
2.959196851 4.9145068620616e-07
2.960548082 1.3313234816692155e-07
2.9618993139999996 4.899608469680838e-07
2.9632505449999997 6.184070839551197e-07
2.964601776 2.1943710981671542e-07
2.965953008 3.033403215687486e-07
2.967304239 9.269323536441263e-07
2.968655471 2.3191632752325827e-07
2.970006702 6.05591363130521e-09
2.9713579340000003 2.9518334862672376e-08
2.9727091650000004 6.669805957174308e-07
2.974060397 3.86605127501328e-07
2.975411628 1.9003086355559058e-07
2.976762859 1.4849811032026762e-07
2.978114091 4.103301092984493e-09
2.979465322 4.100076504455561e-09
2.980816554 5.7584397709029465e-09
2.982167785 4.152369531165921e-09
2.983519017 4.084879622539525e-09
2.984870248 1.5289354079638926e-07
2.9862214789999997 5.169746785824521e-07
2.987572711 6.012837291837499e-08
2.988923942 9.057817155914877e-07
2.9902751739999998 3.182014612086367e-07
2.991626405 6.467608507528394e-08
2.992977637 4.0573059222338095e-09
2.994328868 4.054062113533392e-09
2.9956801 4.432632078099936e-08
2.997031331 2.4466900440828605e-07
2.9983825619999998 5.593338563905043e-07
2.9997337940000004 1.0237894415552894e-06
3.001085025 9.374608252269356e-07
3.002436257 9.088248985931314e-07
3.003787488 1.3465983915257634e-06
3.0051387199999997 7.465592965607122e-07
3.006489951 4.880924565623769e-07
3.007841182 2.771380188593272e-07
3.009192414 5.741198049484984e-07
3.0105436450000003 1.509658030859994e-07
3.011894877 1.442448666297964e-06
3.0132461079999997 6.367500891091663e-08
3.01459734 1.553206044132373e-08
3.015948571 3.3838042822352115e-07
3.017299803 1.1688899759621766e-06
3.018651034 2.229466094569702e-06
3.020002265 9.201968597016281e-07
3.021353497 4.641534960026021e-07
3.0227047280000003 1.3694709712876787e-06
3.02405596 1.7743642773008348e-06
3.0254071909999998 2.2706723826907567e-06
3.0267584230000004 6.859630013578437e-07
3.0281096539999997 5.540364211328918e-07
3.029460886 1.149615907031857e-06
3.030812117 3.8489295286590984e-06
3.032163348 4.0828189157003804e-06
3.03351458 2.57767897499033e-06
3.034865811 1.8175211750882731e-06
3.036217043 2.4381714651236926e-06
3.0375682740000003 2.1073364335617197e-06
3.038919506 2.138299057587035e-06
3.0402707369999997 2.1827999102173618e-06
3.041621968 1.6267170727661495e-06
3.0429732 1.6601109153321245e-06
3.044324431 3.4844058880411046e-06
3.045675663 1.168905916116686e-06
3.047026894 7.782643914042297e-07
3.0483781260000002 6.948794658514447e-07
3.0497293570000004 2.1710013116157432e-06
3.051080589 1.4621220914885863e-06
3.05243182 2.2559232198944472e-06
3.053783051 2.1707263264859625e-06
3.0551342829999997 1.6375946482092712e-06
3.056485514 1.4134974524926375e-06
3.057836746 2.687595504092395e-06
3.059187977 1.386559079401345e-06
3.060539209 2.5399032490408044e-06
3.06189044 2.7481573713548194e-06
3.063241671 2.706485848390692e-06
3.0645929030000003 3.13043085883912e-06
3.065944134 2.9207362587041748e-06
3.0672953659999997 1.8131797277342078e-06
3.068646597 2.7124509450726323e-06
3.069997829 3.407891592426252e-06
3.07134906 4.316318273220701e-06
3.072700292 5.0582580256399165e-06
3.074051523 4.754300923754943e-06
3.075402754 4.499196233997896e-06
3.0767539860000004 5.3651538995246984e-06
3.0781052169999996 4.569783263127743e-06
3.079456449 5.065730005722944e-06
3.08080768 6.030234310141176e-06
3.0821589119999997 5.1818341441339e-06
3.083510143 5.677756330484127e-06
3.084861374 8.766164277548223e-06
3.086212606 9.310724412669137e-06
3.0875638370000003 1.0807847123637607e-05
3.088915069 9.444661096416882e-06
3.0902662999999997 1.1031719121935109e-05
3.0916175320000003 1.3328444468174981e-05
3.092968763 1.2654391853425758e-05
3.0943199949999998 1.2494026832732e-05
3.095671226 1.2408018525565934e-05
3.097022457 1.3961177461859493e-05
3.098373689 1.5882581283793958e-05
3.0997249200000003 1.545997745572125e-05
3.101076152 1.618490952058672e-05
3.102427383 1.7325999487823615e-05
3.103778615 1.7665025431719594e-05
3.1051298459999996 1.9458996630237385e-05
3.106481078 2.1887532801737878e-05
3.107832309 2.322126695050272e-05
3.10918354 2.3634061057768617e-05
3.110534772 2.303931263906083e-05
3.111886003 2.4589456816646178e-05
3.113237235 2.5373307116297216e-05
3.1145884660000003 2.414180796964636e-05
3.115939698 2.509247794376031e-05
3.1172909289999997 2.7133980598078156e-05
3.11864216 2.7575365979692318e-05
3.119993392 2.742978165606393e-05
3.121344623 2.575878020316552e-05
3.122695855 2.5615970665653308e-05
3.124047086 2.7399770237783588e-05
3.1253983180000002 2.6234508036722937e-05
3.126749549 2.3703762251666978e-05
3.128100781 2.4649683022898762e-05
3.1294520120000002 2.540420476784459e-05
3.130803243 2.24966865661559e-05
3.1321544749999997 1.80372331137084e-05
3.133505706 1.808043377778803e-05
3.134856938 1.745454652286024e-05
3.136208169 1.4735402220312738e-05
3.137559401 1.4288657870890423e-05
3.138910632 1.5677421245128513e-05
3.140261863 1.52750411720227e-05
3.1416130950000003 1.344866343848579e-05
3.142964326 1.3563363713341646e-05
3.1443155579999997 1.3732515937961484e-05
3.145666789 1.261777298126821e-05
3.147018021 1.1297691594945787e-05
3.148369252 1.175949188589271e-05
3.149720484 1.112704379127118e-05
3.151071715 9.658870023727064e-06
3.152422946 7.652236581079365e-06
3.153774178 9.023335554837056e-06
3.155125409 1.0135028413782012e-05
3.1564766410000002 1.1897493397369041e-05
3.157827872 8.209196142705699e-06
3.1591791039999997 5.691070457200142e-06
3.160530335 6.201187200821717e-06
3.161881566 4.5857479678173496e-06
3.163232798 4.070237963736567e-06
3.1645840290000002 5.6852392425173085e-06
3.165935261 5.710216783109268e-06
3.167286492 5.400385969329386e-06
3.1686377240000003 5.323793886196551e-06
3.169988955 4.804916277452359e-06
3.1713401869999998 2.977212804001427e-06
3.172691418 2.4786749580774325e-06
3.174042649 4.0784056795774365e-06
3.1753938809999998 5.115647221045654e-06
3.176745112 3.921410627440489e-06
3.178096344 3.2514906440500936e-06
3.179447575 1.5383386534451515e-06
3.180798807 3.8042766567037355e-06
3.182150038 5.612306189626386e-06
3.1835012700000003 3.4255913004413064e-06
3.184852501 3.480512849070872e-06
3.186203732 3.5184262992929343e-06
3.187554964 2.7707250671189492e-06
3.188906195 3.2120864687022735e-06
3.190257427 5.101237677401841e-06
3.1916086580000003 4.7957995042671176e-06
3.19295989 4.60571289009136e-06
3.194311121 4.462505085714824e-06
3.195662352 3.437127869079415e-06
3.197013584 3.780959292690769e-06
3.1983648149999997 5.2074036626633575e-06
3.199716047 3.934499791138829e-06
3.201067278 2.2915842071796195e-06
3.2024185099999998 2.4734123715650336e-06
3.203769741 4.309542187472423e-06
3.205120973 4.0854825039712425e-06
3.206472204 1.5651461899367433e-06
3.207823435 1.5212401766674772e-06
3.209174667 2.078568069490287e-06
3.2105258979999998 5.138420239461371e-06
3.21187713 6.661557516642034e-06
3.213228361 5.8814388064949125e-06
3.214579593 4.200158188154907e-06
3.215930824 2.2332270882275152e-06
3.217282055 2.070188822731741e-06
3.2186332870000003 2.676409150309897e-06
3.2199845180000004 4.022740006714452e-06
3.22133575 5.220641265313651e-06
3.222686981 5.590395691482178e-06
3.2240382129999996 5.310847010124017e-06
3.2253894439999997 3.3090450331501215e-06
3.226740676 2.938386091817968e-06
3.228091907 2.6243383545229637e-06
3.229443138 2.4849725052483823e-06
3.23079437 4.295130754821567e-06
3.232145601 5.492342348608187e-06
3.2334968330000002 2.834598975415719e-06
3.234848064 3.5692070704658246e-06
3.2361992959999997 5.1462916287658845e-06
3.237550527 4.113962440139414e-06
3.238901759 2.2479970442248756e-06
3.24025299 7.989331574001551e-07
3.2416042210000002 1.3084921775801265e-06
3.242955453 1.938476861533079e-06
3.244306684 3.7763329813106136e-06
3.2456579160000003 3.6528616237212346e-06
3.2470091470000004 3.1649604634077003e-06
3.248360379 2.6552847860037264e-06
3.24971161 3.2070950759600074e-06
3.251062841 2.9310068247852035e-06
3.2524140729999997 4.245450204042849e-06
3.253765304 6.7007889069050205e-06
3.255116536 7.164008729550421e-06
3.256467767 8.862415163119724e-06
3.257818999 1.1625765666112457e-05
3.25917023 1.0830555735448013e-05
3.2605214620000003 1.0423225288933039e-05
3.261872693 8.869693454282718e-06
3.263223924 8.494042961674139e-06
3.264575156 9.803439584711399e-06
3.265926387 1.0080357259869032e-05
3.267277619 1.0114876165210874e-05
3.2686288500000003 8.278373979417654e-06
3.269980082 6.0426245730117895e-06
3.271331313 4.242283379715983e-06
3.272682544 2.6265131286789113e-06
3.274033776 2.835501117493521e-06
3.2753850069999997 2.30782959505008e-06
3.276736239 2.0950398018930015e-06
3.27808747 2.3240707766716516e-06
3.2794387019999998 3.366224599740814e-06
3.280789933 4.093897532286702e-06
3.282141165 3.5550733181629734e-06
3.283492396 3.2846935076295936e-06
3.2848436270000003 2.143109025785306e-06
3.286194859 1.7433595398214593e-06
3.2875460899999998 2.4259963699929395e-06
3.288897322 3.4810395526115736e-06
3.290248553 4.5047699892319345e-06
3.291599785 4.882677400936998e-06
3.292951016 5.260451754052435e-06
3.294302247 4.906471596713655e-06
3.2956534790000003 3.9098609504485984e-06
3.29700471 3.931804138675929e-06
3.298355942 6.094989034101955e-06
3.299707173 5.876574312596535e-06
3.301058405 4.3656992363614795e-06
3.3024096359999997 4.513272592734592e-06
3.303760868 5.360744767597299e-06
3.305112099 3.988373341650665e-06
3.30646333 3.918925612360927e-06
3.307814562 4.907117173023473e-06
3.309165793 4.753401628125158e-06
3.3105170250000002 3.862260031974054e-06
3.3118682560000003 4.655293924884439e-06
3.313219488 5.9001649898737626e-06
3.3145707189999998 5.272160359226207e-06
3.315921951 4.756000526080745e-06
3.317273182 3.7850901831020387e-06
3.318624413 3.0566482454350625e-06
3.319975645 2.5010951472470714e-06
3.321326876 3.6329526893967795e-06
3.322678108 4.331259972362195e-06
3.324029339 4.737484560358378e-06
3.325380571 4.66476137280384e-06
3.326731802 3.9878009608274735e-06
3.328083033 4.0085341998459715e-06
3.3294342649999997 4.743487722496673e-06
3.330785496 5.923761183718774e-06
3.332136728 5.1558470173705935e-06
3.333487959 4.315327607840754e-06
3.334839191 4.480196991500146e-06
3.336190422 5.362416888581914e-06
3.3375416540000002 5.084403566406647e-06
3.3388928850000004 3.922809025063892e-06
3.340244116 3.7102576955149184e-06
3.341595348 2.1819275384805302e-06
3.342946579 2.5264322722260407e-06
3.344297811 4.3533527597418975e-06
3.345649042 4.887743043158356e-06
3.347000274 4.168249051601749e-06
3.348351505 5.054138574986914e-06
3.3497027360000002 5.0371491633668205e-06
3.351053968 4.719144837500726e-06
3.3524051989999997 5.747502754627829e-06
3.353756431 7.0013440901786255e-06
3.355107662 5.466265175771619e-06
3.3564588939999997 2.9900271222983865e-06
3.357810125 3.45507562505271e-06
3.359161357 4.765140817807051e-06
3.360512588 5.245166652247007e-06
3.3618638190000003 4.441583338929102e-06
3.363215051 4.560661645916773e-06
3.3645662819999997 5.055668479796511e-06
3.3659175140000004 4.66529232694199e-06
3.367268745 3.6130862886844534e-06
3.368619977 1.6694916746052287e-06
3.369971208 6.809422686650648e-07
3.371322439 1.7317016525149568e-06
3.372673671 2.726061973939958e-06
3.374024902 3.4505049302167423e-06
3.375376134 3.21382083948146e-06
3.3767273650000003 1.6998844977691972e-06
3.378078597 1.2978465375386838e-06
3.3794298279999997 3.164001249087793e-06
3.38078106 6.541815786560807e-06
3.382132291 6.664102061001054e-06
3.383483522 5.767048490876604e-06
3.384834754 6.641255801075147e-06
3.386185985 7.67176263480806e-06
3.387537217 7.120386751194787e-06
3.3888884480000003 5.213262774450635e-06
3.39023968 4.336160014761076e-06
3.3915909109999998 4.994889655923236e-06
3.3929421430000004 7.208855802066887e-06
3.3942933739999996 8.075545945872238e-06
3.3956446049999998 7.4687501419732254e-06
3.396995837 7.2638684645238644e-06
3.398347068 5.546906036076633e-06
3.3996983 3.9071597405098585e-06
3.401049531 2.888379224329285e-06
3.402400763 4.885662626441947e-06
3.4037519940000003 6.39595510698984e-06
3.405103225 4.85805764168447e-06
3.4064544569999997 5.414596750349928e-06
3.407805688 4.113306097153732e-06
3.40915692 2.8985448810425214e-06
3.410508151 4.60891182444463e-06
3.411859383 5.803968170854409e-06
3.413210614 5.716603628803258e-06
3.4145618460000002 5.408773394365109e-06
3.4159130770000004 6.441091186859655e-06
3.4172643079999996 6.575698377282012e-06
3.41861554 5.297123579630665e-06
3.419966771 4.527445693671257e-06
3.4213180029999997 3.5400268029234087e-06
3.422669234 2.5346557061615416e-06
3.424020466 2.899261097234652e-06
3.425371697 3.8094390435965862e-06
3.4267229280000002 6.574163698746024e-06
3.42807416 3.866935015592663e-06
3.429425391 2.0084699892908603e-06
3.4307766230000003 2.9748873378946754e-06
3.432127854 5.755897220932557e-06
3.4334790859999997 6.696442425925113e-06
3.434830317 7.288333546725521e-06
3.436181549 5.8837616645641775e-06
3.43753278 3.133705427080484e-06
3.4388840110000003 2.3656782854906353e-06
3.440235243 3.04800934412024e-06
3.441586474 1.5331907500894404e-06
3.4429377060000004 1.3216141375191513e-06
3.4442889369999996 1.5843810300599761e-06
3.445640169 1.8235603068787586e-06
3.4469914 1.7142852093912414e-06
3.448342631 2.111181941898608e-07
3.449693863 1.042590710837671e-06
3.451045094 2.7965427815748943e-06
3.452396326 3.132412462010718e-06
3.4537475570000002 1.927293545425944e-06
3.455098789 1.0434518435675207e-07
3.45645002 2.6108075366521186e-07
3.4578012520000003 2.200480130330266e-06
3.459152483 3.34845387803517e-06
3.460503714 3.1572209831784627e-06
3.461854946 3.883988609745603e-06
3.463206177 4.577432894067426e-06
3.464557409 3.7703896616246013e-06
3.4659086400000003 2.9099705831192214e-06
3.467259872 2.502002119905615e-06
3.468611103 2.7845744663815933e-06
3.469962335 4.524375354808469e-06
3.4713135659999996 5.830481864346809e-06
3.4726647969999997 5.939555707741646e-06
3.474016029 5.598701013089527e-06
3.47536726 5.384370319950804e-06
3.476718492 5.502014990174116e-06
3.478069723 5.9994490543139426e-06
3.479420955 5.641957401613016e-06
3.4807721860000003 4.782759516421311e-06
3.482123417 4.714139611185906e-06
3.483474649 4.86698978240085e-06
3.48482588 3.8960174367831774e-06
3.486177112 2.835233251177356e-06
3.487528343 3.7227684130631237e-06
3.488879575 4.639449008147828e-06
3.490230806 4.168650327023827e-06
3.491582038 3.925458899490559e-06
3.492933269 4.972631731674173e-06
3.4942845 5.779308093603916e-06
3.495635732 5.155458391915946e-06
3.496986963 4.136783970743253e-06
3.4983381949999997 3.885433233392519e-06
3.4996894259999998 2.4218242969941815e-06
3.501040658 1.8839919164049395e-06
3.502391889 2.0246722379466727e-06
3.50374312 2.0411899217140113e-06
3.505094352 2.533889852675984e-06
3.506445583 3.3271511755972096e-06
3.5077968150000003 5.404509382949432e-06
3.509148046 5.996781667550763e-06
3.5104992779999997 4.1923784745404065e-06
3.511850509 2.956567128889703e-06
3.513201741 3.0495270869341253e-06
3.514552972 3.42618833089686e-06
3.515904203 5.0376888654331335e-06
3.517255435 5.653465986499915e-06
3.518606666 4.443427887630997e-06
3.519957898 3.277171973503874e-06
3.521309129 3.6284440569355246e-06
3.5226603610000002 3.09758870606171e-06
3.524011592 2.2157013054116417e-06
3.5253628239999997 1.7211840032252468e-06
3.526714055 1.8514203987835693e-06
3.528065286 3.6427276705793596e-06
3.529416518 4.415992585405406e-06
3.5307677490000002 4.675469643997204e-06
3.532118981 6.087175945873073e-06
3.533470212 5.488950576777073e-06
3.5348214440000003 6.265952444523746e-06
3.536172675 6.241466662044457e-06
3.537523906 3.2757771659185087e-06
3.538875138 2.5336409445556257e-06
3.540226369 2.9612668706989845e-06
3.5415776009999997 2.1522836714678827e-06
3.542928832 8.508591778463847e-07
3.544280064 1.987020404709164e-06
3.545631295 2.371344420350736e-06
3.546982527 2.8958075439453483e-06
3.548333758 3.252500596448611e-06
3.5496849889999997 3.0872261131986826e-06
3.551036221 4.212892915797719e-06
3.552387452 3.574853236150702e-06
3.553738684 4.303544009585558e-06
3.555089915 4.9920585036952116e-06
3.556441147 3.2152990912622335e-06
3.5577923780000003 4.211698618831622e-06
3.5591436090000004 4.416329405104691e-06
3.560494841 5.379000947037871e-06
3.561846072 5.740590081796042e-06
3.563197304 5.23475326818597e-06
3.5645485349999997 5.307521937766553e-06
3.565899767 5.926411024444091e-06
3.567250998 6.318637147331756e-06
3.5686022299999998 5.213216489148398e-06
3.569953461 4.7456591891263445e-06
3.571304692 4.867071674895859e-06
3.572655924 6.9528025724965936e-06
3.574007155 7.525474010121279e-06
3.575358387 5.282899365183827e-06
3.5767096179999998 5.7731197854922175e-06
3.57806085 7.010444258813413e-06
3.579412081 6.497778493587408e-06
3.580763312 4.572567149090219e-06
3.582114544 4.374191695399318e-06
3.583465775 4.570974264499475e-06
3.5848170070000003 4.548428864782649e-06
3.5861682380000004 4.372938224358539e-06
3.58751947 5.275335464461787e-06
3.588870701 4.25499613751284e-06
3.5902219329999996 1.8411531138766583e-06
3.5915731639999997 1.212086211695749e-06
3.592924395 1.3787482611227404e-06
3.594275627 3.026227804370657e-06
3.595626858 5.097273783177976e-06
3.59697809 5.432189252863942e-06
3.598329321 4.527683666112181e-06
3.5996805530000002 3.2463373820834675e-06
3.601031784 2.9748158573707816e-06
3.602383016 1.8709716660047257e-06
3.603734247 5.548097004084034e-07
3.605085478 6.821432311631419e-07
3.60643671 1.874383896457219e-06
3.607787941 2.7068062729788346e-06
3.609139173 2.741695519283573e-06
3.610490404 2.719872803152982e-06
3.6118416360000003 2.3005254039996884e-06
3.6131928670000004 2.4148139505122933e-06
3.6145440979999997 3.2328680530608128e-06
3.61589533 3.731349419079374e-06
3.617246561 3.3558855683922695e-06
3.6185977929999997 2.58152686465383e-06
3.619949024 2.3428120499915946e-06
3.621300256 2.730907544154903e-06
3.622651487 2.173410472954272e-06
3.624002719 1.5526853744081814e-06
3.62535395 1.3699468487425666e-06
3.6267051809999997 1.0555874780713702e-06
3.628056413 1.1193718080187678e-06
3.629407644 1.9516853497895766e-06
3.630758876 2.3219270751507264e-06
3.632110107 1.8215309635844263e-06
3.633461339 1.586534595745731e-06
3.6348125700000002 2.552844473631526e-06
3.6361638010000004 4.128590047653638e-06
3.637515033 4.6469690424843104e-06
3.638866264 3.7132948860361357e-06
3.640217496 2.0397492248447087e-06
3.6415687269999997 1.2178392407718842e-06
3.642919959 1.6531660246164419e-06
3.64427119 2.024341502577405e-06
3.6456224219999998 2.472330205280233e-06
3.646973653 2.3315954109100534e-06
3.648324884 1.454303949481497e-06
3.649676116 1.8812531986673704e-06
3.6510273470000003 3.7209745802157937e-06
3.652378579 3.6754724704001884e-06
3.6537298099999997 4.143739977965389e-06
3.655081042 4.830701845374116e-06
3.656432273 4.978270092112438e-06
3.657783504 4.109724164368001e-06
3.659134736 3.3878665597664874e-06
3.660485967 3.4130757397910904e-06
3.6618371990000003 3.516430951070536e-06
3.66318843 3.196629852464458e-06
3.664539662 3.2446079006171208e-06
3.665890893 2.0259912656666227e-06
3.667242125 1.998382107174819e-06
3.6685933559999997 2.9055178257457805e-06
3.669944587 5.154044861441537e-06
3.671295819 6.166355790662907e-06
3.67264705 5.233205459912193e-06
3.673998282 4.264577579340448e-06
3.675349513 4.224035682637509e-06
3.676700745 5.04737350155508e-06
3.6780519760000003 7.418607725806173e-06
3.679403208 8.943527748533451e-06
3.6807544389999998 8.191439155508896e-06
3.68210567 5.555494125923526e-06
3.683456902 4.525358704459e-06
3.684808133 4.778495631461535e-06
3.686159365 4.334596038852519e-06
3.687510596 4.099772647953861e-06
3.688861828 4.895341806695205e-06
3.690213059 5.095023518567456e-06
3.6915642899999996 3.8846704345854145e-06
3.692915522 3.60522781840393e-06
3.694266753 4.564385679773397e-06
3.6956179849999997 4.518851986117844e-06
3.696969216 3.117625915132472e-06
3.698320448 2.0405267510988165e-06
3.699671679 2.0111133970599923e-06
3.701022911 3.313199838668154e-06
3.702374142 3.1183486458268084e-06
3.703725373 3.2304330569138063e-06
3.7050766050000004 4.09633886554073e-06
3.706427836 4.83499841832029e-06
3.707779068 6.367039617577136e-06
3.709130299 7.785296979584817e-06
3.710481531 6.624026372770076e-06
3.711832762 5.223898157984958e-06
3.713183993 5.0445490004399155e-06
3.714535225 5.251143244150474e-06
3.7158864560000002 5.210609441151143e-06
3.717237688 6.322564485024082e-06
3.7185889189999997 6.833320795947891e-06
3.719940151 6.462168322865815e-06
3.721291382 6.744781105960514e-06
3.7226426139999997 7.969514951367771e-06
3.723993845 7.744583684714848e-06
3.725345076 7.203590851374177e-06
3.726696308 6.010827194351546e-06
3.7280475390000003 7.163091415215929e-06
3.729398771 7.830368246776083e-06
3.730750002 6.890639483554927e-06
3.7321012340000004 7.141386159731582e-06
3.733452465 7.510784736881912e-06
3.7348036959999997 6.722963663672378e-06
3.736154928 5.915415648540236e-06
3.737506159 7.015129452611293e-06
3.738857391 8.931889861326157e-06
3.740208622 8.93734158722161e-06
3.741559854 8.085374602037201e-06
3.7429110850000002 8.115391460367068e-06
3.744262317 8.430834068364212e-06
3.7456135479999997 9.818829018643535e-06
3.746964779 1.0827822360666729e-05
3.748316011 1.083066708403152e-05
3.749667242 1.0155245164491713e-05
3.751018474 8.449437012128392e-06
3.752369705 8.499019611846531e-06
3.753720937 8.73643034269223e-06
3.7550721680000003 9.880743729010572e-06
3.7564234 1.0739695585568213e-05
3.757774631 9.33104623110983e-06
3.759125862 8.241320946217924e-06
3.7604770939999996 8.604696500247902e-06
3.7618283249999998 8.101704582063347e-06
3.763179557 5.1688139537791116e-06
3.764530788 4.3818809757426646e-06
3.76588202 4.052512331830924e-06
3.767233251 4.454964496429514e-06
3.768584482 5.885885648529585e-06
3.7699357140000003 4.860701512724207e-06
3.771286945 4.539047756693652e-06
3.7726381769999997 5.390743572951202e-06
3.773989408 6.6552248181571715e-06
3.77534064 8.380404814646864e-06
3.776691871 9.212746624337408e-06
3.778043103 9.007288327610011e-06
3.779394334 8.269611406333825e-06
3.780745565 8.792617399731447e-06
3.7820967970000003 1.0544186860318139e-05
3.7834480279999996 1.1760806294908589e-05
3.7847992599999998 1.2303721382071273e-05
3.786150491 1.2475434978229483e-05
3.7875017229999997 1.1740594967434718e-05
3.7888529539999998 1.0959568908945508e-05
3.790204185 1.1137263211872533e-05
3.791555417 1.201780337654084e-05
3.792906648 1.2241166485881323e-05
3.79425788 1.1801118241502297e-05
3.795609111 1.1066801022271786e-05
3.7969603430000003 1.1516427584418784e-05
3.798311574 1.279279060611441e-05
3.7996628059999997 1.1526374629349712e-05
3.801014037 8.526500464729697e-06
3.802365268 8.354816142738113e-06
3.8037165 1.0578060515490823e-05
3.8050677310000003 1.2771963529944349e-05
3.806418963 1.4153826136590262e-05
3.807770194 1.4986355396905766e-05
3.8091214260000004 1.547395189279765e-05
3.8104726569999996 1.5652638756638618e-05
3.811823889 1.5301814691362875e-05
3.81317512 1.4062818158939401e-05
3.814526351 1.218967341521119e-05
3.815877583 1.1086659075453559e-05
3.817228814 1.1840591785506825e-05
3.818580046 1.3871480483113393e-05
3.8199312770000002 1.5812533168124746e-05
3.821282509 1.7007550430997387e-05
3.82263374 1.7388523348561777e-05
3.823984971 1.711234532468508e-05
3.825336203 1.6695870860150745e-05
3.826687434 1.6483448739028417e-05
3.828038666 1.6744329891699886e-05
3.829389897 1.7832570750705976e-05
3.830741129 1.942129669614741e-05
3.8320923600000003 2.004844473899286e-05
3.833443592 2.0065984396227397e-05
3.834794823 2.1972784814553608e-05
3.836146054 2.327786602134015e-05
3.8374972859999996 2.3181661898292544e-05
3.8388485169999997 2.2599322144455315e-05
3.840199749 2.202442761094788e-05
3.84155098 2.1201792333199985e-05
3.842902212 1.9613457440219615e-05
3.844253443 1.8043648074788018e-05
3.845604674 1.8937471159942575e-05
3.8469559060000003 2.10593164003342e-05
3.848307137 2.222114712319721e-05
3.849658369 2.123598773732491e-05
3.8510096 1.94598452071033e-05
3.852360832 1.8745016449968474e-05
3.853712063 1.9435899184392735e-05
3.855063295 2.057468645618286e-05
3.856414526 2.1850889072411503e-05
3.857765757 2.397064696978785e-05
3.859116989 2.6018643554410667e-05
3.86046822 2.444009889138735e-05
3.861819452 2.17861458438602e-05
3.863170683 2.2333343821866947e-05
3.8645219149999996 2.3208990041856154e-05
3.8658731459999998 2.1773079653260834e-05
3.867224377 2.004227292539699e-05
3.868575609 2.0320057542701732e-05
3.86992684 2.081582524451752e-05
3.871278072 2.112678116822793e-05
3.872629303 2.122930925208109e-05
3.8739805350000003 2.086470264700007e-05
3.875331766 2.0325513527302766e-05
3.876682998 1.936776891027598e-05
3.878034229 1.8206426289914597e-05
3.87938546 1.7259430570526453e-05
3.880736692 1.709275497703436e-05
3.882087923 1.8136388804006447e-05
3.883439155 1.9115933630254984e-05
3.884790386 1.8889410078463874e-05
3.886141618 1.7691360373927328e-05
3.887492849 1.7209730027320835e-05
3.8888440810000002 1.727865559223601e-05
3.890195312 1.7953017648064155e-05
3.891546543 1.922505279593901e-05
3.892897775 2.1105035708201514e-05
3.894249006 2.368248284273737e-05
3.895600238 2.3759572517542672e-05
3.8969514690000002 2.2330509209907795e-05
3.898302701 2.0978220150051737e-05
3.899653932 2.2482615155058266e-05
3.9010051629999998 2.5105053943080513e-05
3.902356395 2.576589851984407e-05
3.903707626 2.6189208350318538e-05
3.905058858 2.6913097805280006e-05
3.906410089 2.6448924119733158e-05
3.9077613209999997 2.5411431685955003e-05
3.909112552 2.523753924576148e-05
3.910463784 2.6618769040369846e-05
3.911815015 2.827320691451529e-05
3.913166246 2.892906824128839e-05
3.914517478 2.8738205780743277e-05
3.9158687089999997 2.6897656077507816e-05
3.917219941 2.4575177440313484e-05
3.918571172 2.4132589234398157e-05
3.919922404 2.4858170931592433e-05
3.921273635 2.539674658974244e-05
3.922624866 2.4549740540921104e-05
3.9239760980000002 2.378442282013379e-05
3.9253273290000004 2.399941027897061e-05
3.926678561 2.488226265477651e-05
3.928029792 2.6043613977524805e-05
3.929381024 2.6463160753653526e-05
3.9307322549999997 2.6810686249238996e-05
3.932083487 2.7696659872065227e-05
3.933434718 2.758818103633489e-05
3.934785949 2.7201781664630886e-05
3.936137181 2.7766895490663228e-05
3.937488412 2.899491035787202e-05
3.938839644 3.012896577571843e-05
3.940190875 2.976110255817943e-05
3.941542107 2.7020762537951248e-05
3.9428933379999997 2.53401134512379e-05
3.944244569 2.5568283066554073e-05
3.945595801 2.8642773996566052e-05
3.946947032 3.0571465067029086e-05
3.948298264 2.995200938398595e-05
3.949649495 2.769974312802506e-05
3.9510007270000003 2.5501627461986657e-05
3.9523519580000004 2.429984804130326e-05
3.95370319 2.400386410546743e-05
3.955054421 2.3292718795944406e-05
3.956405652 2.1746152913505376e-05
3.9577568839999997 1.9765330995347648e-05
3.959108115 1.769192850642558e-05
3.960459347 1.458668437526822e-05
3.961810578 1.2308399353995763e-05
3.96316181 1.1560185165355233e-05
3.964513041 1.1919542506905097e-05
3.965864273 1.1919812429872883e-05
3.967215504 1.0809202780073956e-05
3.968566735 8.817911631439288e-06
3.9699179669999998 7.916446963229234e-06
3.971269198 6.037279189714259e-06
3.97262043 3.0741619684679356e-06
3.973971661 2.6634377913280967e-06
3.975322893 3.6554259646938114e-06
3.976674124 4.820666490778856e-06
3.978025355 5.720236272721769e-06
3.9793765870000004 5.860370755774011e-06
3.9807278179999996 5.090578427782333e-06
3.98207905 4.1190470390888825e-06
3.983430281 4.327799393751229e-06
3.9847815129999997 5.492260072747008e-06
3.986132744 6.489480336748534e-06
3.987483976 7.2727198280085205e-06
3.988835207 8.317235524415683e-06
3.9901864380000003 9.822153293612159e-06
3.99153767 1.1011203636667868e-05
3.9928889009999997 1.053637568537306e-05
3.994240133 9.635376657514513e-06
3.995591364 1.0547787393949198e-05
3.996942596 1.2724291921069561e-05
3.998293827 1.5914135026678044e-05
3.999645058 1.703832064211368e-05
4.00099629 1.6696554948260167e-05
4.002347521 1.733154952588522e-05
4.003698753 1.687926052056099e-05
4.005049984 1.6655689369482765e-05
4.006401216 1.660690083065572e-05
4.007752447 1.718575198974453e-05
4.009103679 1.7827087185077338e-05
4.01045491 1.8412094413682844e-05
4.011806141 1.8877918226552565e-05
4.013157373 1.9285331995749684e-05
4.014508604 1.857636133419712e-05
4.015859836 1.735601238673682e-05
4.017211067 1.6713221445599306e-05
4.018562299 1.6369167434060972e-05
4.01991353 1.66744890789753e-05
4.021264761 1.7554266776805272e-05
4.022615993 1.8560081925335783e-05
4.023967224 1.9724833255646617e-05
4.025318456 2.140190908409936e-05
4.026669687 2.2085404987125727e-05
4.028020919 2.0727811500099167e-05
4.02937215 1.9077894052643575e-05
4.030723382 1.9179563635242497e-05
4.032074613 2.1002797081339497e-05
4.033425844 2.4071998359655574e-05
4.034777076 2.6134753275928725e-05
4.036128307 2.527581030983162e-05
4.037479539 2.395545902702592e-05
4.03883077 2.4966475180331574e-05
4.040182002 2.7575210715831427e-05
4.041533233 3.0427041742436678e-05
4.042884465 3.245688273687352e-05
4.044235696 3.4896458247944744e-05
4.0455869269999996 3.63246219853389e-05
4.046938159 3.768027690694437e-05
4.04828939 4.0265966689057044e-05
4.049640622 4.2602564941655146e-05
4.050991853 4.526904797364703e-05
4.052343085 4.9586497749681325e-05
4.053694316 5.739565716383256e-05
4.055045547 6.545844934689274e-05
4.056396779 7.137154208039913e-05
4.05774801 7.668506933784406e-05
4.059099241999999 8.135726202767842e-05
4.0604504729999995 8.56333318783726e-05
4.061801705 9.035290696331237e-05
4.063152936 9.725406992184414e-05
4.064504168 0.00010441009642988557
4.065855399 0.0001098592309347777
4.06720663 0.00011574180028384214
4.0685578620000005 0.00012358248652859783
4.069909093000001 0.00013383469509093394
4.071260325 0.0001454039324393058
4.072611556 0.00015686395085624886
4.073962788 0.00016896062619499897
4.075314019 0.00018342808458425667
4.07666525 0.0002000914388079246
4.078016482 0.00021809880684005794
4.079367713 0.00023672205933455832
4.080718945 0.00025670155216915764
4.082070176 0.00027975857224269015
4.083421408 0.0003058250558842391
4.084772639 0.0003345936533946873
4.086123871 0.00036564452135898055
4.087475102 0.00039900314545038626
4.088826333 0.0004357046548616732
4.090177565 0.00047772426594887534
4.091528796 0.0005239786653110574
4.092880028 0.0005741286375763078
4.094231259 0.0006288494452872532
4.095582491 0.0006888823765644593
4.096933722 0.0007546124582690081
4.098284953 0.0008270874716547432
4.0996361850000005 0.0009080889970492444
4.100987416 0.0009970322725437728
4.102338648 0.0010943408079026559
4.103689878999999 0.00120263852944293
4.105041110999999 0.0013237553807607496
4.106392342 0.0014605310883025226
4.107743574 0.0016130421825223515
4.109094805 0.0017819686919839015
4.110446036 0.00196905149412804
4.111797268 0.002176931064675874
4.113148499 0.0024090600091210817
4.1144997309999995 0.0026708142263255023
4.115850962000001 0.0029651008951659184
4.117202194000001 0.0032948762326962923
4.118553425 0.003666923328483414
4.119904657 0.004084853289562463
4.121255887999999 0.004554181331952265
4.122607119 0.005084966046015729
4.123958351000001 0.005683464445230523
4.125309582 0.00635971212825619
4.126660814 0.007124252036776741
4.128012045 0.007988424646360178
4.129363277 0.008965762941473008
4.130714508 0.010076421625492733
4.132065739 0.011337832503295685
4.133416971 0.012771374214328814
4.134768202 0.01440213275783693
4.136119434 0.016260896808309465
4.1374706649999995 0.018384097042598933
4.138821897 0.02080411482586176
4.140173128000001 0.023567114015885175
4.14152436 0.02672929940952941
4.142875591 0.030342360788416907
4.144226821999999 0.03446838598231787
4.145578054 0.03918304460398085
4.146929285000001 0.044557780264280006
4.148280517 0.050733623262701616
4.149631748 0.05769453741323089
4.15098298 0.065587673165346
4.152334211 0.07448050140176918
4.153685442 0.08446400288095444
4.155036674 0.09563326707301893
4.156387905 0.10806562344835689
4.157739136999999 0.12181822322719463
4.159090368 0.13684188516750156
4.1604416 0.15319427986303324
4.161792831 0.17082815830374998
4.163144063 0.18952306436907806
4.164495294 0.20924902176568888
4.165846525 0.22970227444567592
4.167197757 0.25043773686610327
4.1685489879999995 0.27144069302165585
4.169900220000001 0.29246310363560324
4.171251451 0.3132384929140342
4.172602683 0.33334764985257204
4.173953914 0.3521827578545536
4.1753051459999995 0.3700590934792929
4.1766563770000005 0.3868136928694301
4.178007608 0.4023296170214942
4.17935884 0.4164939291825351
4.180710071 0.4288558188094699
4.182061303 0.4399332307418443
4.183412534 0.44977263530696326
4.184763766 0.4584263270194773
4.186114997 0.4659045658716018
4.187466228 0.4719791678773665
4.18881746 0.4771812141307328
4.190168691 0.481568845927427
4.1915199229999995 0.485201137672436
4.1928711540000005 0.4881268278482376
4.194222386000001 0.4909509910942361
4.195573617 0.4927703308964947
4.196924849 0.4941985723708215
4.198276079999999 0.4953023420239817
4.199627311 0.4961567182392811
4.200978543 0.4967358944037412
4.202329774 0.4971551954701189
4.203681006 0.49784047951948207
4.205032237 0.49825060084538486
4.206383469 0.4983774721679834
4.2077347 0.49844444571187063
4.209085931 0.4985029503515018
4.210437163 0.49854504700373214
4.211788394 0.4985647460729606
4.213139626 0.49859045947071
4.2144908569999995 0.4986471876257337
4.215842089 0.4986979419220424
4.217193320000001 0.4987513677465232
4.218544552 0.4988345675308504
4.219895783 0.49895474795062916
4.221247013999999 0.49904138278527654
4.2225982459999996 0.4991385802415337
4.223949477 0.499257635731703
4.225300709 0.4993875149592998
4.22665194 0.49947888382130334
4.228003171999999 0.49958371648235367
4.229354403 0.49969016159964097
4.2307056339999995 0.4997832257787076
4.232056866 0.49983431139467444
4.233408097000001 0.4998984079271101
4.234759329 0.4999435878130023
4.23611056 0.499957995025573
4.237461792 0.49993920487936505
4.238813023 0.49994463263410116
4.240164255 0.4999210921464925
4.241515486 0.4998623661970666
4.242866717 0.5002791578203838
4.244217949 0.5002835405329054
4.24556918 0.5001429221025117
4.246920412000001 0.4999564549288734
4.248271643 0.5002879300088966
4.249622875 0.5000506426367699
4.250974105999999 0.4997070462170765
4.2523253379999995 0.49931744736785916
4.2536765690000005 0.4988890228404499
4.2550278 0.4984143941290259
4.256379032 0.49782017062798056
4.257730263 0.4971435239462837
4.259081495 0.4963870022223382
4.260432726 0.49522858760596256
4.261783958 0.4932847123609031
4.263135189 0.4911617048231325
4.26448642 0.4888579720755687
4.265837652 0.4863185453734362
4.267188883 0.4834953383565612
4.2685401149999995 0.4802452013235978
4.2698913460000005 0.47657328489197415
4.271242578000001 0.4721579630595488
4.272593809 0.4675320520128055
4.273945041 0.46317118281375924
4.275296271999999 0.46012384378929694
4.276647503 0.4587653510687172
4.277998735 0.4591957946480501
4.279349966 0.4614733867205214
4.280701198 0.46604560601065903
4.282052429 0.4715491014551239
4.283403661 0.47602515403664425
4.284754892 0.47933343765355424
4.286106123 0.4815541184532414
4.287457355 0.48349608288727347
4.288808586 0.4852985153429309
4.290159818 0.486813308985724
4.2915110489999995 0.48638525028818314
4.292862281 0.4859683202900761
4.294213512000001 0.48622882012971375
4.295564744 0.4862946878947737
4.296915975 0.4859090435602401
4.298267206 0.4855496239538254
4.299618438 0.48522023339571096
4.300969669 0.4848580758434438
4.302320901 0.4844646469463916
4.303672132 0.4841190776055565
4.305023363999999 0.4838122569076362
4.306374595 0.48353589394039675
4.3077258259999995 0.483269315409968
4.309077058 0.48307790774382203
4.310428289000001 0.48292950475663055
4.311779521 0.4828067693159522
4.313130752 0.48269296325303046
4.314481984 0.482650679142907
4.315833215 0.4826367617169557
4.317184447 0.48263970543095047
4.318535678 0.4826461872773976
4.319886909 0.4827168587706419
4.321238141 0.4828155279468623
4.322589372 0.4829201910983473
4.323940604000001 0.48302228032190175
4.325291835 0.48316427294858094
4.326643067 0.4832895457885143
4.327994297999999 0.4833925936791168
4.329345529999999 0.4834711145133104
4.3306967610000004 0.48355890255677914
4.332047992 0.4836059099800486
4.333399224 0.48360975390658645
4.334750455 0.48356920458005714
4.336101687 0.4834980144363491
4.337452918 0.483358798199637
4.33880415 0.4831490504907985
4.340155381 0.48287158589198287
4.341506612 0.4825295341082767
4.342857844 0.48210268233938186
4.344209075 0.4815908607127101
4.3455603069999995 0.4813012620903764
4.3469115380000005 0.48087890229800573
4.34826277 0.4801436923671156
4.349614001 0.4793197884056822
4.350965233 0.47843968965666317
4.352316464 0.47805070964577423
4.353667695 0.47706008214131224
4.355018927 0.4760122614637311
4.356370158 0.4749524536052063
4.35772139 0.47387027511256796
4.359072621 0.47275946097143084
4.360423853 0.4716175356899041
4.361775084 0.4704956240933785
4.363126315000001 0.4693448340199988
4.364477547000001 0.4681551069073982
4.365828778 0.46690692851627513
4.36718001 0.4655876970619104
4.3685312409999995 0.4641450542828232
4.369882473 0.4625519575568637
4.371233704 0.4607179872183568
4.372584936 0.4585611966995434
4.373936167 0.45604882780250333
4.375287398 0.4531285569951022
4.37663863 0.44950230238577216
4.377989861 0.44515971159253936
4.379341093 0.44011230947899227
4.380692324 0.4343096252352898
4.382043555999999 0.42709396592208715
4.383394787 0.4188966258964993
4.3847460179999995 0.40970080094964423
4.38609725 0.39924539373550105
4.387448481000001 0.3871422620654419
4.388799713 0.3739763590877897
4.390150944 0.35981538589325357
4.391502176 0.3441039143453472
4.392853407 0.3271788208881024
4.394204639 0.30955718843354973
4.39555587 0.2914060212300582
4.396907101 0.2719966114836714
4.398258332999999 0.25250852676518404
4.399609564 0.23316869593612743
4.400960796000001 0.21392084191616673
4.402312027 0.19481494557854878
4.403663259 0.17654816461459139
4.405014489999999 0.15924194871341113
4.406365721999999 0.14286713557108574
4.407716953 0.12747685438926637
4.409068184 0.11337166504883328
4.410419416 0.10050908476884046
4.411770647 0.08879739913033566
4.413121879 0.07833514943461839
4.41447311 0.06907201497424553
4.415824342 0.0607730544479768
4.417175573000001 0.05344306683896536
4.418526804 0.046992155039945804
4.419878036 0.04132239122012183
4.421229266999999 0.03636606170197136
4.4225804989999995 0.032025357849484126
4.4239317300000005 0.028223674791766736
4.425282962 0.024902541472659287
4.426634193 0.022006870025140395
4.427985425 0.019470829199303895
4.429336656 0.017247004052876765
4.430687887 0.015308421893624403
4.432039119 0.013606520392142612
4.43339035 0.01210951612234687
4.434741582 0.010793023276667249
4.436092813 0.009635436535222568
4.437444045 0.008614018600091238
4.438795276 0.0077125083932556866
4.440146507000001 0.006917877429675364
4.441497739000001 0.006212331006667399
4.44284897 0.005585298577316463
4.444200202 0.005030080829409179
4.445551432999999 0.004535900790319144
4.446902665 0.004095621353591694
4.448253896 0.0037041433323883478
4.449605128 0.0033565500340761844
4.450956359 0.0030429130726507816
4.45230759 0.002759916127452104
4.453658822 0.0025071778499296793
4.455010053 0.0022811255013422483
4.456361285 0.0020772546748459254
4.457712516 0.0018924576155676586
4.459063747999999 0.001726836122796126
4.460414979 0.0015778776712410884
4.4617662110000005 0.0014438401971960603
4.463117442 0.0013223527821586527
4.464468673000001 0.0012123721472234207
4.465819905 0.0011126279197363547
4.467171136 0.0010223440578767794
4.468522368 0.0009395594266255198
4.469873599 0.000863974269300417
4.471224831000001 0.000795284255926949
4.472576062 0.000732716098316673
4.473927293 0.0006755171642662173
4.475278524999999 0.0006232138157335612
4.476629756 0.0005763827059051204
4.4779809880000006 0.0005326752722125185
4.479332219 0.0004920742338733301
4.480683451 0.0004550759563338727
4.482034682 0.0004218328178011574
4.483385914 0.0003910480241739565
4.484737145 0.000362266988799731
4.486088376 0.0003362742421461996
4.487439608 0.0003132143818500139
4.488790839 0.0002929502021153068
4.490142071 0.0002728005805947393
4.491493302 0.0002528826372151137
4.492844534 0.00023355637023417448
4.494195765000001 0.0002150978096957321
4.495546996 0.00019905960581044786
4.496898228 0.00018560043020412147
4.498249458999999 0.00017588132970129943
4.4996006909999995 0.000166653112177763
4.5009519220000005 0.0001568130109159653
4.502303154 0.000145719097173586
4.503654385 0.00013694626135390552
4.505005617 0.0001296607686802747
4.506356848 0.0001238211055856675
4.507708079 0.00011625215110244532
4.509059311 0.00010943629759833207
4.510410542 0.00010341071315991784
4.511761774 9.804861590564248e-05
4.513113005 9.21543598119056e-05
4.514464237 8.63908101864243e-05
4.5158154679999996 8.158515930744596e-05
4.517166699000001 7.776706859482823e-05
4.518517931 7.444071738607033e-05
4.519869162 7.145961830306308e-05
4.521220394 6.883215014338878e-05
4.522571624999999 6.571966912210992e-05
4.523922857 6.178432364480631e-05
4.525274088 5.703475220222809e-05
4.52662532 5.2896186991902495e-05
4.527976551 4.9391486152835465e-05
4.529327782 4.584998460307617e-05
4.530679014 4.276123975862534e-05
4.532030245 4.0209020407919394e-05
4.533381477 3.731205888844077e-05
4.534732708 3.285249459498309e-05
4.53608394 2.805399777012625e-05
4.537435171 2.463902232127488e-05
4.5387864030000005 2.399060777166982e-05
4.540137634 2.4277465197241112e-05
4.541488865 2.403597379976494e-05
4.542840097 2.311290866456123e-05
4.544191328 2.2056948692267888e-05
4.5455425599999995 2.1177279800213147e-05
4.5468937910000005 1.9406738125617137e-05
4.548245023000001 1.8733964649875626e-05
4.549596254 1.7941893259680606e-05
4.550947485 1.7004241116646182e-05
4.552298716999999 1.683740212059589e-05
4.553649948 1.630249135359987e-05
4.5550011800000005 1.5893465415243076e-05
4.556352411 1.5691694677492816e-05
4.557703643 1.524490286186143e-05
4.559054874 1.3766990508730365e-05
4.560406106 1.3195757833386422e-05
4.561757337 1.3055229175616867e-05
4.563108568 1.2133959607877798e-05
4.5644598 1.1465506447048694e-05
4.565811031 1.1413482548823623e-05
4.567162263 1.2815875522390532e-05
4.568513493999999 1.3682244776761654e-05
4.569864726 1.370606435542125e-05
4.571215957000001 1.1804147021157892e-05
4.572567188 1.0702614973770323e-05
4.57391842 9.860583593118804e-06
4.575269650999999 8.669444623382138e-06
4.5766208829999995 8.082869497414225e-06
4.5779721140000005 7.502309263233278e-06
4.579323346 7.209614926154313e-06
4.580674577 6.793425119319671e-06
4.582025809 6.313413507603623e-06
4.58337704 6.020764087527708e-06
4.584728271 5.998417922622647e-06
4.586079503 6.222894231802264e-06
4.587430734 5.910529739647917e-06
4.588781966 5.3283963882719904e-06
4.590133197 4.588008795201947e-06
4.591484429 3.556405970478663e-06
4.5928356599999995 2.4930198935446707e-06
4.5941868910000005 1.5613865006266461e-06
4.595538123 1.9180168435195627e-06
4.596889354 2.8992906529973033e-06
4.598240586 5.05995260325847e-06
4.599591817 6.261922536135949e-06
4.6009430490000005 7.365300509489909e-06
4.60229428 7.837193449025827e-06
4.603645512 8.29348544169739e-06
4.604996743 8.628959044302657e-06
4.606347974 8.815320358885222e-06
4.607699206 9.112835899770471e-06
4.609050437 8.897984494887956e-06
4.610401669 8.256278027707536e-06
4.611752900000001 5.9884803400672965e-06
4.613104132 3.972087815964721e-06
4.614455363 3.0097108812187896e-06
4.6158065950000005 3.4160364348737562e-06
4.617157826 4.709636056219877e-06
4.618509057 5.6549511792803985e-06
4.619860289 6.4811147455834084e-06
4.62121152 6.076531969680316e-06
4.622562751999999 5.7856650644049815e-06
4.6239139830000004 4.823107842278033e-06
4.625265215000001 4.93652904753296e-06
4.626616446 5.041629805493838e-06
4.627967677 5.129399284415507e-06
4.629318908999999 5.25458984488158e-06
4.63067014 5.633257633926937e-06
4.6320213720000005 6.181899545212838e-06
4.633372603 6.389439529456178e-06
4.634723835 5.751566754621377e-06
4.636075066 5.0313287429047175e-06
4.637426298 4.8867302810668675e-06
4.638777529 5.585073977746599e-06
4.64012876 6.239659544156502e-06
4.641479992 6.833175569816787e-06
4.642831223 6.591198915587992e-06
4.644182455 6.395083485945327e-06
4.645533685999999 6.522535559757686e-06
4.646884918 7.172090762086706e-06
4.648236149000001 7.725388665773024e-06
4.64958738 7.6993588089482e-06
4.650938612 6.726355626949375e-06
4.652289842999999 7.199014484281148e-06
4.6536410749999995 8.320719430080808e-06
4.6549923060000005 1.0180403992016189e-05
4.656343538 1.3055632764253236e-05
4.657694769 1.5387445211587642e-05
4.659046001 1.5517086116014626e-05
4.660397232 1.3885923404464585e-05
4.661748463 1.2201369613677744e-05
4.663099695 1.2333684113426078e-05
4.664450926000001 1.3096110531568644e-05
4.665802158 1.3674155515526345e-05
4.667153389 1.4190325767418363e-05
4.668504621 1.4506671983338704e-05
4.6698558519999995 1.4895469847656021e-05
4.6712070830000005 1.532521444905362e-05
4.672558315 1.57669342309884e-05
4.673909546 1.613348570175494e-05
4.675260778 1.6581445834199314e-05
4.676612009 1.6585222785399264e-05
4.6779632410000005 1.6425886186671262e-05
4.679314472 1.6255240087578266e-05
4.680665704 1.6349325372405924e-05
4.682016935 1.6265617111769865e-05
4.683368166 1.619151214029209e-05
4.684719398 1.5944789086442155e-05
4.686070629 1.6311907811508797e-05
4.687421861 1.6784059070827938e-05
4.688773092 1.641287348222267e-05
4.690124324 1.589170401693382e-05
4.691475555 1.4825372338292456e-05
4.6928267869999996 1.4279517820358093e-05
4.694178018 1.3857993802124795e-05
4.695529249 1.3473690910907362e-05
4.696880481 1.3237412264615704e-05
4.698231712 1.340921736364706e-05
4.699582943999999 1.3959731062005e-05
4.700934175 1.442829287027629e-05
4.702285407000001 1.473343852957616e-05
4.703636638 1.4611783726463296e-05
4.704987869 1.4440466377153585e-05
4.706339100999999 1.4405979345369773e-05
4.707690332 1.4180010635214614e-05
4.7090415640000005 1.3845861564223312e-05
4.710392795 1.3342670961897504e-05
4.711744027 1.3232055033270633e-05
4.713095258 1.3512315525311994e-05
4.71444649 1.3844965691070117e-05
4.7157977209999995 1.4019720084892653e-05
4.717148952 1.3840952517100172e-05
4.718500184000001 1.3760614459525232e-05
4.719851415 1.3686914562128656e-05
4.721202647 1.3448071264238138e-05
4.722553877999999 1.2880345413695519e-05
4.72390511 1.2087603816978457e-05
4.725256341000001 1.1410848668274432e-05
4.726607572 1.0917475779116756e-05
4.727958804 1.0682239020488935e-05
4.729310035 1.0744752576979245e-05
4.730661267 1.097952960111278e-05
4.7320124980000005 1.1627207321419574e-05
4.73336373 1.2234892251127215e-05
4.734714961 1.2825247229812875e-05
4.736066193 1.2597875749204457e-05
4.737417424 1.2137911354039373e-05
4.738768654999999 1.136159885730564e-05
4.740119887 1.082725924993874e-05
4.741471118000001 1.0447081241454634e-05
4.74282235 1.043350433877699e-05
4.744173581 1.0344803114928134e-05
4.745524813 1.0201048204592957e-05
4.7468760439999995 9.992288036913794e-06
4.748227276 9.958566796336555e-06
4.749578507 1.0245824044978136e-05
4.750929738 1.0617182712040984e-05
4.75228097 1.0950057087957634e-05
4.753632201 1.0785499440369393e-05
4.7549834330000005 1.0476418338361515e-05
4.756334664 1.0047441927445358e-05
4.757685896 1.0061793127881944e-05
4.759037127 1.028857440628379e-05
4.760388358 1.094800347919281e-05
4.76173959 1.1433700173848993e-05
4.763090821 1.1782964290630096e-05
4.764442053 1.1315463498113848e-05
4.765793284 1.0828299168076727e-05
4.767144516 1.0315223943740297e-05
4.768495747 1.0178646131190755e-05
4.7698469789999995 1.0077251632504359e-05
4.77119821 9.786178536175106e-06
4.772549441 9.405963977122429e-06
4.773900673 8.970185326627216e-06
4.775251904 8.954236773967748e-06
4.776603135999999 8.892870014244425e-06
4.777954367 8.682598351946017e-06
4.779305599000001 8.15918414096784e-06
4.78065683 7.586281897893048e-06
4.782008061000001 7.906612368848121e-06
4.783359293 8.631740739512196e-06
4.784710524 1.0035082321287743e-05
4.7860617560000005 1.0762133679731765e-05
4.787412987 1.108061321341019e-05
4.788764219 1.0269739835456962e-05
4.79011545 9.61617453987531e-06
4.791466682 9.089846639205477e-06
4.7928179129999995 9.312579927956392e-06
4.7941691440000005 9.647537049314272e-06
4.795520376000001 1.0005129531463724e-05
4.796871607 1.02178675022439e-05
4.798222839 1.032942700882706e-05
4.799574069999999 1.0358481261237018e-05
4.800925302 1.0299899250616458e-05
4.802276533000001 1.0061873265477462e-05
4.803627764 9.632624497197587e-06
4.804978996 9.131283137223366e-06
4.806330227 8.701436224472824e-06
4.807681459 8.422511447921176e-06
4.80903269 8.377950289025385e-06
4.810383922 8.444683025182968e-06
4.811735153 8.53842333875557e-06
4.813086384999999 8.375195845213172e-06
4.814437616 8.169500593479476e-06
4.815788846999999 7.90754473005937e-06
4.817140079 7.83445792802034e-06
4.818491310000001 7.80311505876482e-06
4.819842542 7.64971379041054e-06
4.821193773 7.346145595649382e-06
4.822545005 6.8788822696769905e-06
4.8238962359999995 6.495830311912599e-06
4.825247468 6.188287924762703e-06
4.826598699 6.159642736755964e-06
4.82794993 6.328410474655025e-06
4.829301162 6.740536428580387e-06
4.830652393 7.301104634447115e-06
4.8320036250000005 7.855275452416737e-06
4.833354856 7.899945761485686e-06
4.834706088 7.70425023184511e-06
4.836057318999999 7.258393444879561e-06
4.83740855 7.055927710405499e-06
4.838759782 6.944340681769923e-06
4.840111013 7.045319607184718e-06
4.841462245 6.974284764769341e-06
4.842813476 6.708067121352325e-06
4.844164708 5.968107292530811e-06
4.845515939 5.180501997875453e-06
4.8468671709999995 4.370341767950077e-06
4.8482184020000005 4.01185482146699e-06
4.849569633 4.474423619511089e-06
4.850920865 5.860547998668201e-06
4.852272096 6.59814008561419e-06
4.853623327999999 6.0770577133387395e-06
4.854974559 6.384413495410081e-06
4.856325791000001 6.786132778655595e-06
4.857677022 6.9538806179622675e-06
4.859028253 7.518796733186085e-06
4.860379485 7.03870774809382e-06
4.861730716 6.469442229258336e-06
4.863081948 5.6942660981548735e-06
4.864433179 5.189124779602644e-06
4.865784411 4.844286468910839e-06
4.867135642 4.549698357467829e-06
4.868486874 4.5373331241678455e-06
4.8698381049999995 4.82297792964627e-06
4.8711893360000005 5.148357628550383e-06
4.872540568000001 5.820793910116571e-06
4.873891799 6.092282422197423e-06
4.875243031 6.164421095013226e-06
4.876594261999999 6.160251664125542e-06
4.8779454939999995 6.0349993426215885e-06
4.879296725000001 5.807486889332617e-06
4.880647956 5.01141302837902e-06
4.881999188 4.7560608653830096e-06
4.883350419 4.607151366710576e-06
4.884701651 4.449740650046313e-06
4.8860528819999995 4.278540780609421e-06
4.887404114 4.239517327336523e-06
4.888755345 4.256709544669945e-06
4.890106576999999 4.7872144299769e-06
4.891457808 5.311618285996897e-06
4.892809038999999 5.678789859201078e-06
4.894160271 5.780261549755271e-06
4.895511502000001 5.673702719561194e-06
4.896862734 5.400464378297482e-06
4.898213965 4.973005359798973e-06
4.899565197 3.917674861709073e-06
4.900916428 2.638214671587565e-06
4.902267660000001 1.4562613841398657e-06
4.903618891 1.1544532707255843e-06
4.904970122 1.054603000724505e-06
4.906321354 1.6608606196915262e-06
4.907672585 2.367137666431503e-06
4.9090238170000005 2.6457654037376006e-06
4.910375048 2.4935986689296203e-06
4.91172628 2.068931995532529e-06
4.913077511 1.2984400199679623e-06
4.914428742 7.804804911642968e-07
4.915779974 4.857193478050579e-07
4.917131205 4.0553151821834657e-07
4.918482437 5.218122650866572e-07
4.919833668 6.29019357052917e-07
4.9211849 7.350027473799233e-07
4.922536131 9.29660513811663e-07
4.9238873629999995 1.1096667493489078e-06
4.9252385940000005 1.0627775015810665e-06
4.926589825 1.4016098972181662e-07
4.927941057 5.621164607342019e-09
4.929292288 4.229816138957202e-09
4.930643519999999 4.280533936055789e-09
4.931994751 4.118630997158778e-08
4.933345983000001 6.331753846972382e-07
4.934697214 5.244469318062714e-07
4.936048445 6.179108261202847e-08
4.937399677 4.838516370597039e-09
4.938750908 4.180705394189046e-09
4.94010214 4.173624138626652e-09
4.941453371 4.1686156237810065e-09
4.942804603 4.1640078918141315e-09
4.944155834 4.156900684028644e-09
4.945507066 9.244158604219616e-09
4.9468582969999995 2.7621817139239506e-07
4.9482095280000005 5.478117558612773e-07
4.949560760000001 1.9244665212786026e-06
4.950911991 2.524365977797157e-06
4.952263223 2.6175813729661282e-06
4.953614453999999 2.3939469880209885e-06
4.9549656859999995 2.0979711696572095e-06
4.9563169170000005 1.7967784001965662e-06
4.957668148 1.6840993456564846e-06
4.95901938 1.6463640784422397e-06
4.960370611 1.6403685813369678e-06
4.961721843 1.813748701508338e-06
4.9630730739999995 2.0936035395591667e-06
4.964424306 2.7264471687761095e-06
4.965775537000001 3.765244669270175e-06
4.967126769 4.267030339437485e-06
4.968478 4.583193639268447e-06
4.969829230999999 4.1734177422864936e-06
4.971180463 4.592945687829602e-06
4.972531694000001 4.612720585866784e-06
4.973882926 3.786801309075149e-06
4.975234157 3.089127465720635e-06
4.976585389 2.510146951896637e-06
4.97793662 2.8595262762939665e-06
4.979287852000001 2.9861238004598263e-06
4.980639083 3.171564500150228e-06
4.981990314 2.33313672455977e-06
4.983341545999999 1.7311252982569041e-06
4.984692777 1.2822819829445608e-06
4.986044009 1.2053675863349895e-06
4.98739524 1.2413455376483141e-06
4.988746472 7.792177805730059e-07
4.990097703 5.353083508306116e-07
4.991448934 4.930797940448345e-07
4.992800166 1.1994082137144146e-06
4.9941513969999995 2.0239831347469023e-06
4.995502629 2.9151262722016873e-06
4.99685386 3.5912713749288974e-06
4.998205092 4.017469352009694e-06
4.999556323 4.773094444723463e-06
5.0009075549999995 3.7383663010816825e-06
5.0022587860000005 3.120140895170028e-06
5.003610017 1.6450189119273414e-06
5.004961249 1.0105316448809269e-06
5.006312479999999 9.770606823826652e-07
5.007663711999999 1.4148148066498421e-06
5.009014943 2.7785164821407926e-06
5.010366175 3.41668721663907e-06
5.011717406 3.628737009396038e-06
5.013068637 3.2524404453657734e-06
5.014419869 3.1192758667799444e-06
5.0157711 2.8065800592699724e-06
5.017122332 2.130516087509452e-06
5.018473563 1.6571162599496167e-06
5.019824795000001 1.29326750320625e-06
5.021176026 1.7733116073481188e-06
5.022527258 1.9795489483104477e-06
5.0238784889999994 2.0326524893226026e-06
5.0252297200000005 1.246779740296878e-06
5.026580952000001 7.525929871286866e-07
5.027932183 3.6924538083851743e-07
5.029283415 5.051258856042617e-07
5.030634646 1.1910555791344943e-06
5.031985878 1.882841225329943e-06
5.033337109 2.4101120097324326e-06
5.034688341 2.4747444638703706e-06
5.036039572 2.5941791859693994e-06
5.037390803 2.1404291718608653e-06
5.038742035 1.9571553366214607e-06
5.0400932659999995 1.7769708375601582e-06
5.041444498 1.7593017859962129e-06
5.042795729000001 2.041091989428133e-06
5.044146961 2.392683839213337e-06
5.045498192 2.774975273368874e-06
5.046849422999999 3.291407561652971e-06
5.048200655 4.00478769745685e-06
5.049551886000001 4.330439061744489e-06
5.050903118 4.4842427505972654e-06
5.052254349 3.816410144781317e-06
5.053605581 3.111494880537477e-06
5.054956812 2.8595576803793237e-06
5.056308044000001 2.7504915130576734e-06
5.057659275 2.666829915130957e-06
5.059010506 2.4218907028771797e-06
5.060361737999999 2.1522064863975875e-06
5.061712969 2.211644549782161e-06
5.063064201 2.3759953254932625e-06
5.064415432 2.8830695389960318e-06
5.065766664 3.343729472403746e-06
5.067117895 3.1861396050257967e-06
5.068469126 2.614804804526899e-06
5.069820358 1.647457475065384e-06
5.0711715889999995 5.646273279295822e-07
5.072522821 1.6182836344425116e-07
5.073874052 2.621954924635813e-07
5.075225284 9.232181556089043e-07
5.076576515 1.7157043514528085e-06
5.0779277469999995 2.966357159576692e-06
5.0792789780000005 2.4881960116307136e-06
5.080630209 2.075998934641135e-06
5.081981441 1.2630931806785084e-06
5.083332671999999 8.905573621477385e-07
5.084683904 1.182519788842261e-06
5.086035135 1.5930062875410201e-06
5.087386367 1.6746550776943875e-06
5.088737598 1.678280887044453e-06
5.090088829 1.6370407468569817e-06
5.091440061 1.998123713717893e-06
5.092791292 3.230347346639745e-06
5.094142524 3.9381533734366345e-06
5.095493755000001 4.734582041272108e-06
5.096844987000001 4.350811045058504e-06
5.098196218 3.950349201558438e-06
5.09954745 3.3310367654888157e-06
