microns throughput
2.0004663860000003 2.2116480851564188e-10
2.002074478 1.9946156358873857e-10
2.00368257 1.8096380828735212e-10
2.005290662 1.6533088723382844e-10
2.006898754 1.5178305272862845e-10
2.008506846 1.4089147706308003e-10
2.010114938 1.3154579818609461e-10
2.01172303 1.2312971852586686e-10
2.013331122 1.1662802129363583e-10
2.014939214 1.1134504555997102e-10
2.016547306 1.051217140044621e-10
2.018155398 1.0055381385874244e-10
2.01976349 9.524144756845546e-11
2.021371582 9.140448640161341e-11
2.022979674 8.77783094120537e-11
2.0245877660000002 8.32673817061594e-11
2.026195858 8.029787739391161e-11
2.027803949 7.771457239667036e-11
2.029412041 7.540514052563273e-11
2.031020133 7.343827793215742e-11
2.032628225 7.1885192227368e-11
2.034236317 6.976081917838663e-11
2.035844409 6.885142247877481e-11
2.037452501 6.824847866122144e-11
2.039060593 6.804524422193126e-11
2.040668685 6.87312179853208e-11
2.042276777 6.888101399762545e-11
2.0438848689999998 6.924788934719778e-11
2.045492961 6.984481643282756e-11
2.047101053 7.068515988478129e-11
2.0487091449999997 7.236726792944804e-11
2.0503172370000002 7.414995068839414e-11
2.0519253290000004 7.598886057499656e-11
2.053533421 7.904458320887495e-11
2.055141513 8.177315407350099e-11
2.056749605 8.557963326180143e-11
2.058357697 8.947027029456742e-11
2.059965788 9.445508028983784e-11
2.06157388 9.983616988407233e-11
2.0631819719999998 1.0568444981371351e-10
2.064790064 1.1246397620585217e-10
2.066398156 1.2029218049920551e-10
2.068006248 1.2908603942957868e-10
2.06961434 1.387744292242316e-10
2.071222432 1.4984301155165366e-10
2.072830524 1.6394763508083387e-10
2.074438616 1.7875391340585514e-10
2.076046708 1.97072581606845e-10
2.0776548 2.169043180141917e-10
2.079262892 2.4127821082838505e-10
2.080870984 2.6935315558819453e-10
2.0824790760000003 3.0020696763055105e-10
2.084087168 3.380292347813394e-10
2.08569526 3.82291118300171e-10
2.0873033519999997 4.3404970719500905e-10
2.088911444 4.946644349896134e-10
2.090519536 5.669218919719307e-10
2.092127627 6.519144902946144e-10
2.0937357189999997 7.539553157581221e-10
2.0953438110000002 8.795885372877575e-10
2.0969519030000003 1.0218281134581481e-09
2.098559995 1.1913960941541163e-09
2.100168087 1.3960895791723256e-09
2.101776179 1.6265258026973244e-09
2.103384271 1.900470185653806e-09
2.104992363 2.2110397668209355e-09
2.1066004549999997 2.54111690841448e-09
2.1082085470000003 2.9031794134992353e-09
2.109816639 3.27001033022136e-09
2.111424731 3.6260072357894154e-09
2.113032823 3.941434711012234e-09
2.114640915 4.1826798600224675e-09
2.116249007 4.3726047688368905e-09
2.1178570989999996 4.459383558598408e-09
2.1194651909999997 4.4825139444232104e-09
2.1210732830000003 4.449437696396146e-09
2.122681375 4.366982923496329e-09
2.124289466 4.2375271491591216e-09
2.125897558 4.105782346231988e-09
2.1275056500000002 3.966825371510787e-09
2.129113742 3.818033114580035e-09
2.130721834 3.678905785670928e-09
2.1323299259999997 3.5400896712997802e-09
2.133938018 3.407313233300986e-09
2.1355461100000004 3.2870015716141413e-09
2.137154202 3.191534063066294e-09
2.138762294 3.100293815632371e-09
2.140370386 3.0276079813241898e-09
2.141978478 2.9563705587180585e-09
2.14358657 2.9076906258415137e-09
2.1451946619999998 2.8643076262993284e-09
2.146802754 2.8239189240515865e-09
2.1484108460000004 2.7879126237964946e-09
2.150018938 2.757142767246118e-09
2.15162703 2.735372191778013e-09
2.153235122 2.7274226579617707e-09
2.154843214 2.7270914443228175e-09
2.156451305 2.740005854689882e-09
2.158059397 2.7526723352088506e-09
2.159667489 2.7806664620982698e-09
2.161275581 2.818560457352886e-09
2.1628836729999996 2.852532602924247e-09
2.164491765 2.9006810966767323e-09
2.1660998570000003 2.9532135711502616e-09
2.167707949 3.00824714387763e-09
2.169316041 3.0683782608987886e-09
2.170924133 3.127910230664205e-09
2.172532225 3.2054849464506667e-09
2.174140317 3.2881266019228434e-09
2.1757484089999997 3.380064717021453e-09
2.177356501 3.4796108344585473e-09
2.1789645930000003 3.5874218614735623e-09
2.180572685 3.707468701514987e-09
2.182180777 3.837627885670646e-09
2.183788869 3.9840872060771644e-09
2.185396961 4.151672014396793e-09
2.187005053 4.325323106786994e-09
2.1886131449999997 4.5197740632249935e-09
2.1902212359999997 4.735218424537958e-09
2.191829328 4.975603331211229e-09
2.1934374200000004 5.242034493469478e-09
2.195045512 5.537784742898306e-09
2.196653604 5.88134530825396e-09
2.198261696 6.271147427407798e-09
2.199869788 6.716855968700301e-09
2.20147788 7.2505128262199596e-09
2.203085972 7.854154260741154e-09
2.204694064 8.554453616129447e-09
2.206302156 9.368600209976764e-09
2.207910248 1.032227337357055e-08
2.2095183400000002 1.1468070910422175e-08
2.211126432 1.2817971239520718e-08
2.212734524 1.4456087070699658e-08
2.2143426159999997 1.6498142738334664e-08
2.215950708 1.9005623528190268e-08
2.2175588 2.2224537129380885e-08
2.219166892 2.6225666809764327e-08
2.220774984 3.1175347531607256e-08
2.222383075 3.711458956409615e-08
2.2239911670000003 4.366738184084013e-08
2.225599259 4.9872219810871945e-08
2.227207351 5.504861702545308e-08
2.228815443 5.8576364090309255e-08
2.230423535 6.081466791397089e-08
2.232031627 6.245423560374141e-08
2.2336397189999997 6.422853497186295e-08
2.2352478110000003 6.670140437160748e-08
2.236855903 7.023199299325136e-08
2.238463995 7.50342518169991e-08
2.240072087 8.115389772653095e-08
2.241680179 8.91931773579982e-08
2.243288271 9.90313869172522e-08
2.2448963629999996 1.112115191595776e-07
2.2465044549999997 1.2590642081186896e-07
2.2481125470000003 1.432307625823567e-07
2.249720639 1.6380345582709851e-07
2.251328731 1.8783821520148754e-07
2.252936823 2.1493150969076167e-07
2.2545449140000002 2.4558630627537074e-07
2.256153006 2.791058483810086e-07
2.257761098 3.153887100978881e-07
2.2593691899999997 3.534166484110146e-07
2.260977282 3.933088832032476e-07
2.262585374 4.3367934372454044e-07
2.264193466 4.7402678454582385e-07
2.265801558 5.138621159853981e-07
2.2674096500000003 5.517916522739365e-07
2.269017742 5.880829386354282e-07
2.270625834 6.225834384285869e-07
2.2722339259999997 6.54885590762661e-07
2.273842018 6.8613554529915e-07
2.2754501100000004 7.155548326314082e-07
2.277058202 7.442797117641607e-07
2.278666294 7.714460148034006e-07
2.280274386 7.98274251303561e-07
2.281882478 8.271105478447971e-07
2.28349057 8.583823893708138e-07
2.285098662 8.931526386678331e-07
2.286706753 9.341246206220448e-07
2.288314845 9.814496287419687e-07
2.2899229369999996 1.0381635566981212e-06
2.291531029 1.105517034677255e-06
2.2931391210000003 1.1852046660074948e-06
2.294747213 1.2798792618814456e-06
2.296355305 1.3913016060249233e-06
2.297963397 1.520843331228131e-06
2.299571489 1.67377677820035e-06
2.301179581 1.8468864551249534e-06
2.3027876729999996 2.049413551231561e-06
2.304395765 2.2863654159443632e-06
2.3060038570000003 2.5655964001610414e-06
2.307611949 2.899317254218379e-06
2.309220041 3.2935770321136496e-06
2.310828133 3.7730034486100373e-06
2.312436225 4.360254365125326e-06
2.314044317 5.072254023218875e-06
2.3156524089999997 5.971306320691303e-06
2.3172605010000003 7.084857865439833e-06
2.318868592 8.43280190673103e-06
2.3204766840000004 1.0048718211618646e-05
2.322084776 1.1903595083207487e-05
2.323692868 1.3974168646606163e-05
2.32530096 1.6157275965890423e-05
2.326909052 1.8433611614353802e-05
2.328517144 2.0729344595642708e-05
2.3301252359999998 2.302706615243987e-05
2.331733328 2.5349097289189265e-05
2.33334142 2.761460930486969e-05
2.334949512 2.981323179555757e-05
2.3365576040000002 3.176992769167965e-05
2.338165696 3.348295448547853e-05
2.339773788 3.4786025310465734e-05
2.3413818799999997 3.569557993678711e-05
2.342989972 3.6256886133527856e-05
2.344598064 3.650903186720965e-05
2.346206156 3.660844668702129e-05
2.347814248 3.664927900094542e-05
2.3494223400000003 3.675174956664813e-05
2.3510304310000003 3.6972802299219855e-05
2.352638523 3.732278900705686e-05
2.354246615 3.7895476456029194e-05
2.3558547069999998 3.8634380882696866e-05
2.357462799 3.959914641203749e-05
2.359070891 4.067054374182814e-05
2.3606789829999997 4.1965300250756165e-05
2.3622870750000002 4.3285810669444554e-05
2.363895167 4.4673347924775766e-05
2.365503259 4.598820567796852e-05
2.367111351 4.71860308033905e-05
2.368719443 4.8233283738854187e-05
2.370327535 4.901906147521996e-05
2.371935627 4.951870608178945e-05
2.3735437189999997 4.9744076625416736e-05
2.3751518110000003 4.954109036386951e-05
2.376759903 4.9133388108047604e-05
2.378367995 4.867189004760884e-05
2.379976087 4.822085492550732e-05
2.381584179 4.784964386745666e-05
2.383192271 4.747583212119736e-05
2.384800362 4.715166885607252e-05
2.3864084539999997 4.6879200082582714e-05
2.388016546 4.6686797282379236e-05
2.389624638 4.6473379654292406e-05
2.39123273 4.629834438669035e-05
2.392840822 4.616544485139009e-05
2.3944489140000003 4.6097030340948046e-05
2.396057006 4.6075558843515465e-05
2.397665098 4.6064764542379124e-05
2.3992731899999997 4.609171171287695e-05
2.400881282 4.611034571054013e-05
2.4024893740000004 4.610170635483431e-05
2.404097466 4.6064044839213334e-05
2.405705558 4.594376567994458e-05
2.40731365 4.573306654161544e-05
2.408921742 4.5441068541172535e-05
2.410529834 4.514886558020351e-05
2.4121379259999998 4.485676408850929e-05
2.413746018 4.45994437168754e-05
2.41535411 4.44204813449565e-05
2.416962201 4.431856888446653e-05
2.418570293 4.4311185166380624e-05
2.4201783850000003 4.4380533404252176e-05
2.421786477 4.456885658293426e-05
2.423394569 4.4693955480029244e-05
2.425002661 4.4755606217200056e-05
2.426610753 4.47562041918539e-05
2.428218845 4.4657544950058037e-05
2.4298269369999996 4.4460180617541144e-05
2.431435029 4.419633803573227e-05
2.4330431210000003 4.395942676694926e-05
2.434651213 4.374935503958229e-05
2.436259305 4.3598346747902796e-05
2.4378673969999998 4.353332246392022e-05
2.439475489 4.355673930073219e-05
2.441083581 4.368409765403164e-05
2.4426916729999997 4.3913417506742745e-05
2.4442997650000002 4.424173671719261e-05
2.4459078570000004 4.457685219825476e-05
2.447515949 4.48545272903019e-05
2.44912404 4.509892694827959e-05
2.450732132 4.5277446509041885e-05
2.452340224 4.537885613656092e-05
2.453948316 4.540167388876829e-05
2.455556408 4.5377571378337584e-05
2.4571644999999998 4.532732092398166e-05
2.458772592 4.526959171877996e-05
2.460380684 4.523670717033912e-05
2.461988776 4.522435722065087e-05
2.463596868 4.525655145593967e-05
2.46520496 4.537636649885524e-05
2.466813052 4.5593912203776933e-05
2.468421144 4.5886756651186626e-05
2.470029236 4.6254932012490996e-05
2.471637328 4.671509820625833e-05
2.47324542 4.727217483520209e-05
2.474853512 4.7930239427702216e-05
2.4764616040000003 4.8618968882119894e-05
2.478069696 4.9360559689515344e-05
2.479677788 5.0050901090097534e-05
2.481285879 5.063321525463328e-05
2.4828939709999998 5.110214594020633e-05
2.484502063 5.1436939353430666e-05
2.486110155 5.159991066870069e-05
2.4877182469999997 5.160790145709542e-05
2.489326339 5.143715332794263e-05
2.4909344310000003 5.111167094916725e-05
2.492542523 5.072971069518289e-05
2.494150615 0.0009732667728588654
2.495758707 0.001015106751910435
2.497366799 0.0010558963565770758
2.498974891 0.0010953644515066263
2.499778162 0.0011341100192092184
2.5011293930000003 0.0011714629927858454
2.502480624 0.0012077191441867098
2.5038318559999997 0.0012425154413871562
2.505183087 0.00035185305446017287
2.506534319 0.0003411811300083942
2.50788555 0.0003304957352136174
2.509236782 0.0003199956272910749
2.510588013 0.00030819670153528673
2.511939244 0.0002966281596684076
2.5132904760000003 0.0002845449276646725
2.514641707 0.00027258888782931613
2.515992939 0.00026109507522839787
2.51734417 0.00024972116201247804
2.5186954019999996 0.00023775810592820324
2.5200466329999998 0.00022536799225679292
2.521397865 0.00021392737036642594
2.522749096 0.0002023865590089423
2.524100327 0.00019082327949968922
2.525451559 0.00017942190967295657
2.52680279 0.00016765117992567456
2.5281540220000003 0.00015623803566820052
2.529505253 0.00014568934002439637
2.5308564849999997 0.000135666219805375
2.532207716 0.00012566356632718272
2.533558948 0.00011599236800237313
2.534910179 0.00010666835981840852
2.5362614100000003 9.780424766422883e-05
2.537612642 8.95890966546721e-05
2.538963873 8.167258288489913e-05
2.5403151050000004 7.398465645546078e-05
2.5416663359999996 6.718066113297271e-05
2.5430175680000002 6.0587276568329186e-05
2.544368799 5.4371067640835084e-05
2.54572003 4.86477215166665e-05
2.547071262 4.367366193657572e-05
2.548422493 3.911965549001263e-05
2.549773725 3.5094892999618255e-05
2.551124956 3.098154976806375e-05
2.552476188 2.697664711907495e-05
2.553827419 2.4017891775936405e-05
2.5551786510000003 2.135630822927182e-05
2.556529882 1.9454956463619586e-05
2.557881113 1.6593255675342665e-05
2.559232345 1.422132067722787e-05
2.560583576 1.249814927616456e-05
2.561934808 1.1453569567250308e-05
2.5632860390000003 1.0107098981001653e-05
2.564637271 8.743250070514556e-06
2.565988502 7.574575195111101e-06
2.567339733 6.3604505315993e-06
2.5686909649999996 6.024770330736721e-06
2.5700421959999997 5.615601215264803e-06
2.571393428 4.845382412067726e-06
2.572744659 4.360642429819479e-06
2.574095891 4.0885660038604e-06
2.575447122 3.8067527860713043e-06
2.576798354 3.4413402126503122e-06
2.5781495850000002 3.2464122413053145e-06
2.5795008160000004 3.0132908145046423e-06
2.580852048 2.8846618516201606e-06
2.582203279 3.068268347937067e-06
2.583554511 2.876175958421891e-06
2.584905742 2.7499494616296117e-06
2.586256974 2.5997421675491933e-06
2.587608205 2.5996959784928134e-06
2.588959437 2.368095230798095e-06
2.590310668 2.395250458869687e-06
2.591661899 2.5325728151734193e-06
2.593013131 2.4051298820561454e-06
2.594364362 2.2362043431450862e-06
2.5957155939999996 2.055900539542102e-06
2.5970668249999997 1.7717437369414597e-06
2.598418057 1.5964595127940057e-06
2.599769288 1.5460787498108881e-06
2.601120519 1.7053312618418186e-06
2.602471751 1.767517851997406e-06
2.603822982 1.6987716104896703e-06
2.6051742140000003 2.0748112690886887e-06
2.6065254450000004 2.300189708510584e-06
2.607876677 2.425435385009992e-06
2.609227908 2.539052118410279e-06
2.61057914 2.7459468924535392e-06
2.611930371 2.6755929364905825e-06
2.613281602 2.3164990775171065e-06
2.614632834 2.226598341563487e-06
2.615984065 1.750194749955915e-06
2.617335297 1.6621436729213933e-06
2.618686528 1.5961528244742063e-06
2.62003776 1.4994946701125094e-06
2.621388991 1.5057707417177513e-06
2.622740222 1.3598825762712068e-06
2.6240914539999998 1.2860173923066382e-06
2.625442685 1.289717183128235e-06
2.626793917 1.5586132137539705e-06
2.628145148 1.5230815312567847e-06
2.62949638 1.5098999951876735e-06
2.630847611 1.6525413878614617e-06
2.6321988430000003 1.639387119377652e-06
2.6335500740000004 1.8221332900342165e-06
2.634901305 1.9765169598060796e-06
2.636252537 1.8157539984480705e-06
2.637603768 1.619519487790706e-06
2.6389549999999997 1.8582460852830291e-06
2.640306231 1.8925835765563838e-06
2.641657463 1.6654688063222386e-06
2.643008694 1.6488310292246168e-06
2.6443599250000003 1.5342181629498141e-06
2.645711157 1.4895334226692011e-06
2.6470623879999997 1.6557764523537663e-06
2.64841362 1.7575816176921886e-06
2.649764851 1.680816767145026e-06
2.651116083 1.6746882926279791e-06
2.652467314 1.6852333363319325e-06
2.653818546 1.703087978445587e-06
2.6551697770000002 1.8725044787699763e-06
2.6565210080000004 1.9932209151512034e-06
2.65787224 2.208473221033025e-06
2.659223471 2.2169704664345782e-06
2.6605747030000004 2.2723225638539062e-06
2.6619259339999997 2.7217352810455383e-06
2.663277166 3.3062424384882084e-06
2.664628397 3.415944050058503e-06
2.6659796289999997 3.0286007887166153e-06
2.66733086 2.8851749369686203e-06
2.668682091 2.4830462689228554e-06
2.670033323 2.228657942173977e-06
2.6713845540000003 2.048185563756504e-06
2.672735786 2.0612476479142844e-06
2.6740870169999997 1.5111469971373086e-06
2.675438249 1.1421613434837713e-06
2.67678948 1.1069957876805704e-06
2.678140711 1.128979675945354e-06
2.679491943 1.405778578360383e-06
2.680843174 1.6615944098466184e-06
2.6821944060000003 1.6474432399112452e-06
2.6835456370000004 1.0774118769386704e-06
2.684896869 1.037009561553039e-06
2.6862481 1.09262032584318e-06
2.6875993319999996 1.2048202076072638e-06
2.6889505629999997 1.2226580105704209e-06
2.690301794 1.023155392224812e-06
2.691653026 8.067194978871883e-07
2.693004257 6.370986539053841e-07
2.694355489 6.329562473232958e-07
2.69570672 7.950998868468715e-07
2.697057952 9.20382820340146e-07
2.6984091830000003 9.211112928160305e-07
2.699760414 7.997796799135294e-07
2.7011116459999998 8.806882779580498e-07
2.702462877 1.0955066314757047e-06
2.703814109 1.4505308836068295e-06
2.70516534 1.5892540425094595e-06
2.706516572 1.4845234789821777e-06
2.707867803 1.5090871479981222e-06
2.7092190350000003 1.5195982902060386e-06
2.7105702660000004 1.655887372985371e-06
2.7119214969999996 1.6844525363855918e-06
2.713272729 1.4303338437324657e-06
2.71462396 1.1496850360431872e-06
2.7159751919999997 1.0058613472947946e-06
2.717326423 9.70590426681822e-07
2.718677655 8.19363743235895e-07
2.720028886 9.684352001525385e-07
2.7213801170000003 9.779536873312666e-07
2.722731349 8.622347306249202e-07
2.7240825799999997 1.0091793262534223e-06
2.7254338120000003 1.148152577257684e-06
2.726785043 1.318796980855721e-06
2.7281362749999998 1.4097013518787191e-06
2.729487506 1.5290932435627694e-06
2.730838738 1.3642103493085093e-06
2.732189969 1.2282804243367783e-06
2.7335412000000003 1.1667029282074138e-06
2.734892432 1.3634800685051604e-06
2.736243663 1.296066505732461e-06
2.737594895 1.2473012363382617e-06
2.7389461259999996 1.1901567824418778e-06
2.740297358 1.1393886965666546e-06
2.741648589 1.1676736021282573e-06
2.7429998209999997 1.3760813944536142e-06
2.744351052 1.7623915997340828e-06
2.745702283 1.46422080687073e-06
2.747053515 1.4027121280808475e-06
2.7484047460000003 1.327774512228395e-06
2.749755978 1.2725244903977324e-06
2.7511072089999997 1.2460605144709064e-06
2.7524584410000004 1.2475865678607255e-06
2.753809672 1.072567489280617e-06
2.755160903 8.365718428559047e-07
2.756512135 8.050074857917992e-07
2.757863366 8.057899195929281e-07
2.7592145980000002 7.234026993548942e-07
2.760565829 7.122669007918519e-07
2.761917061 7.238508999218602e-07
2.7632682920000002 7.451975071139354e-07
2.764619524 8.755380353781782e-07
2.7659707549999997 9.185778089348101e-07
2.767321986 1.0842743281163169e-06
2.768673218 1.0418483441174483e-06
2.770024449 1.2468862679499796e-06
2.771375681 1.5279906855235382e-06
2.772726912 1.5927248319799462e-06
2.774078144 1.63375730294961e-06
2.7754293750000003 1.4555120022916821e-06
2.776780606 1.2461666941412126e-06
2.7781318379999997 1.1552696916037187e-06
2.779483069 1.3741439221511615e-06
2.780834301 1.4081248521836893e-06
2.782185532 1.178935126946447e-06
2.783536764 1.0329892071668998e-06
2.784887995 1.0418009038492201e-06
2.786239227 1.2986705573571406e-06
2.787590458 1.5506202228057222e-06
2.788941689 1.4904248426565495e-06
2.7902929210000003 1.2453343624844354e-06
2.791644152 1.0908574641290644e-06
2.7929953839999997 1.1250829423957365e-06
2.794346615 1.0906555053075778e-06
2.795697847 8.740843419675667e-07
2.797049078 6.115000803711013e-07
2.7984003090000003 7.094869089566353e-07
2.799751541 8.647965312561996e-07
2.801102772 9.746651554596372e-07
2.8024540040000003 1.0725863433311215e-06
2.803805235 1.1149895563586904e-06
2.8051564669999998 1.1946332268629182e-06
2.806507698 1.2782877362782682e-06
2.80785893 1.4136020914724769e-06
2.8092101609999998 1.2884232215675645e-06
2.810561392 1.2909896031751424e-06
2.811912624 1.386730636956179e-06
2.813263855 1.4737113663641828e-06
2.814615087 1.4703554442908178e-06
2.8159663179999996 1.5402849947144845e-06
2.8173175500000003 1.6814147858070836e-06
2.818668781 1.5062432666699233e-06
2.8200200129999997 1.3366542613460388e-06
2.821371244 1.3071047108563375e-06
2.822722475 1.24121259850509e-06
2.824073707 9.672509916922131e-07
2.8254249380000003 9.311774765267669e-07
2.82677617 9.755911469297952e-07
2.828127401 7.882867231556249e-07
2.8294786330000004 8.575168462988444e-07
2.830829864 8.478459999854109e-07
2.8321810949999997 6.635776507566904e-07
2.833532327 7.605877933562401e-07
2.834883558 8.688071694764962e-07
2.83623479 7.44557267881975e-07
2.837586021 5.465479680830674e-07
2.838937253 5.440606129142697e-07
2.8402884840000002 5.291402776641778e-07
2.841639716 5.730998725770192e-07
2.8429909469999997 7.614717509713988e-07
2.8443421779999998 5.716319241288976e-07
2.84569341 5.555492512761651e-07
2.847044641 7.376562725236105e-07
2.848395873 9.537996225267412e-07
2.849747104 1.0613078030359624e-06
2.851098336 1.0792630573593985e-06
2.8524495670000003 9.878800767353417e-07
2.8538007980000004 8.041015372751648e-07
2.85515203 8.288169471612149e-07
2.856503261 7.588400610060023e-07
2.8578544929999996 6.423579359969302e-07
2.8592057239999997 4.607539089821802e-07
2.860556956 3.5561324910019566e-07
2.861908187 2.7970696343459175e-07
2.863259419 3.422655745655611e-07
2.86461065 4.1859572579989e-07
2.865961881 4.562115422982848e-07
2.8673131130000002 5.687933016342611e-07
2.868664344 7.404807332828116e-07
2.8700155759999997 8.500705640610062e-07
2.871366807 9.678940984083034e-07
2.872718039 1.0696788765423344e-06
2.87406927 1.0073687852262682e-06
2.8754205010000002 9.258700826104219e-07
2.876771733 8.593613772421554e-07
2.878122964 8.325193826985236e-07
2.8794741960000003 6.952323257849789e-07
2.8808254270000004 6.464394511244433e-07
2.882176659 6.474583627939225e-07
2.88352789 7.037936644160297e-07
2.8848791219999996 7.115632479608684e-07
2.8862303529999997 7.686086625600424e-07
2.887581584 7.266755621777474e-07
2.888932816 6.169448446230035e-07
2.890284047 5.598393965368192e-07
2.891635279 4.873191873692344e-07
2.89298651 4.244505433601243e-07
2.8943377420000003 3.083848503455217e-07
2.895688973 2.9964258340267327e-07
2.8970402049999997 2.524613196008109e-07
2.898391436 2.907580845354589e-07
2.899742667 3.099706504134562e-07
2.901093899 2.577060903627051e-07
2.9024451300000003 2.3569478068382552e-07
2.903796362 1.6580650861156034e-07
2.905147593 2.9887868106957335e-07
2.9064988250000003 5.010156070076685e-07
2.907850056 7.353704363301299e-07
2.9092012869999997 8.281683675289073e-07
2.910552519 8.045107346374578e-07
2.91190375 8.034444955936359e-07
2.9132549819999998 8.0277692361782e-07
2.914606213 7.786132708779013e-07
2.915957445 8.416065583030379e-07
2.917308676 8.983109873873717e-07
2.918659908 9.003720968232227e-07
2.920011139 8.802143451975157e-07
2.9213623699999998 1.0000614098627878e-06
2.922713602 1.2701165782029604e-06
2.924064833 1.365568912923848e-06
2.925416065 1.5238431191858729e-06
2.926767296 1.4454672577264155e-06
2.928118528 1.341261263373055e-06
2.9294697590000003 1.2919865930206837e-06
2.93082099 1.3136082688767531e-06
2.932172222 1.4066342364740368e-06
2.933523453 1.2510584163347924e-06
2.934874685 1.3807980622415153e-06
2.9362259159999997 1.527149267078599e-06
2.937577148 1.5534078904118307e-06
2.938928379 1.4439182752312715e-06
2.940279611 1.3783843906629915e-06
2.941630842 1.3892573029676901e-06
2.942982073 1.2724897189682394e-06
2.9443333050000002 1.2897668536626744e-06
2.9456845360000004 1.2304840458502552e-06
2.947035768 1.234532082490649e-06
2.948386999 1.2922276293780353e-06
2.949738231 1.4200231901838229e-06
2.951089462 1.3809457963939407e-06
2.952440694 1.2886548843658724e-06
2.953791925 1.3099462666186177e-06
2.955143156 1.322266325332521e-06
2.956494388 1.3940381988164167e-06
2.957845619 1.3712885464370498e-06
2.959196851 1.3506883679851953e-06
2.960548082 1.285850560965396e-06
2.9618993139999996 1.3059023514434906e-06
2.9632505449999997 1.3330249731135226e-06
2.964601776 1.303018640821824e-06
2.965953008 1.224620862598363e-06
2.967304239 1.1573443422325085e-06
2.968655471 1.0545122511876655e-06
2.970006702 1.0193260151096162e-06
2.9713579340000003 1.108032879704531e-06
2.9727091650000004 1.2043437667137131e-06
2.974060397 1.3933909331830105e-06
2.975411628 1.4427953510219337e-06
2.976762859 1.4662870571645342e-06
2.978114091 1.4759042289806547e-06
2.979465322 1.4164781291273953e-06
2.980816554 1.3470347976587486e-06
2.982167785 1.2604262345515933e-06
2.983519017 1.2019500402250242e-06
2.984870248 9.825614486488514e-07
2.9862214789999997 8.993985276310932e-07
2.987572711 1.004271335561023e-06
2.988923942 1.05507345900305e-06
2.9902751739999998 9.650331024057964e-07
2.991626405 1.0317685442230513e-06
2.992977637 1.1455395869130468e-06
2.994328868 1.2433785195665494e-06
2.9956801 1.3504106418657272e-06
2.997031331 1.3471979695980128e-06
2.9983825619999998 1.1781179473966232e-06
2.9997337940000004 1.0225931545965085e-06
3.001085025 1.1568562481913375e-06
3.002436257 1.2050483878520018e-06
3.003787488 1.1924207762099365e-06
3.0051387199999997 9.654988235460747e-07
3.006489951 7.972897218362676e-07
3.007841182 7.737682116332186e-07
3.009192414 8.59395241202228e-07
3.0105436450000003 9.559765274992687e-07
3.011894877 9.285315013566438e-07
3.0132461079999997 8.731804124073111e-07
3.01459734 8.566247087981305e-07
3.015948571 9.284658535138146e-07
3.017299803 9.600056271047664e-07
3.018651034 9.787287865096403e-07
3.020002265 9.849035929278615e-07
3.021353497 9.742370034075353e-07
3.0227047280000003 1.027045463565936e-06
3.02405596 9.64365333707646e-07
3.0254071909999998 8.731782809983106e-07
3.0267584230000004 9.302131725519929e-07
3.0281096539999997 1.0665807547943483e-06
3.029460886 1.2587945887000996e-06
3.030812117 1.3107556586145526e-06
3.032163348 1.2969734182311294e-06
3.03351458 1.1422006927875054e-06
3.034865811 1.1176322591156534e-06
3.036217043 1.2181199814797616e-06
3.0375682740000003 1.195265534294595e-06
3.038919506 1.2154881884541932e-06
3.0402707369999997 1.1026659686850996e-06
3.041621968 1.1014972993691378e-06
3.0429732 1.2858875505845364e-06
3.044324431 1.5591316550022662e-06
3.045675663 1.818834450873322e-06
3.047026894 1.8894591274631753e-06
3.0483781260000002 1.9574139564986927e-06
3.0497293570000004 1.959003445612845e-06
3.051080589 2.0765605905027925e-06
3.05243182 2.192624430430048e-06
3.053783051 2.213354694933049e-06
3.0551342829999997 2.134922913530943e-06
3.056485514 1.903455140396414e-06
3.057836746 1.808254165805399e-06
3.059187977 1.8232557697533548e-06
3.060539209 1.8773212678652164e-06
3.06189044 1.919397429983708e-06
3.063241671 1.979600827840811e-06
3.0645929030000003 1.8523648115354012e-06
3.065944134 1.6906360792286304e-06
3.0672953659999997 1.6632343495262675e-06
3.068646597 1.6301472193553428e-06
3.069997829 1.6348105182921809e-06
3.07134906 1.4718756210820527e-06
3.072700292 1.32390295072662e-06
3.074051523 1.2161130899061821e-06
3.075402754 1.2049255859079247e-06
3.0767539860000004 1.322480582165224e-06
3.0781052169999996 1.4521406948095094e-06
3.079456449 1.4254898827694749e-06
3.08080768 1.3567222720445937e-06
3.0821589119999997 1.3423527514577587e-06
3.083510143 1.2798643537792407e-06
3.084861374 1.1850957173715996e-06
3.086212606 1.063243983134964e-06
3.0875638370000003 1.0110417940873993e-06
3.088915069 9.850273950329062e-07
3.0902662999999997 1.3001094149149e-06
3.0916175320000003 1.5965526487312868e-06
3.092968763 1.831369796082242e-06
3.0943199949999998 2.065651421243562e-06
3.095671226 2.1491239065161806e-06
3.097022457 2.249760463209266e-06
3.098373689 2.2459910069191137e-06
3.0997249200000003 2.2696444281781675e-06
3.101076152 1.9899376340776413e-06
3.102427383 1.6831846334446301e-06
3.103778615 1.5008508357955557e-06
3.1051298459999996 1.3520808486620125e-06
3.106481078 1.426333679584757e-06
3.107832309 1.4125945758443946e-06
3.10918354 1.413850357756287e-06
3.110534772 1.3793983835659116e-06
3.111886003 1.4452172462882542e-06
3.113237235 1.4876588586293516e-06
3.1145884660000003 1.421053507128469e-06
3.115939698 1.356607168201186e-06
3.1172909289999997 1.235075960511022e-06
3.11864216 1.302328114295414e-06
3.119993392 1.4592732491341569e-06
3.121344623 1.582519612852983e-06
3.122695855 1.7678373443666767e-06
3.124047086 2.054926699887633e-06
3.1253983180000002 2.4035722382506553e-06
3.126749549 2.811057530300403e-06
3.128100781 3.169469650942734e-06
3.1294520120000002 3.3692138182814803e-06
3.130803243 3.4916902017311176e-06
3.1321544749999997 3.6145946897535254e-06
3.133505706 3.6821583008871417e-06
3.134856938 3.761107285972475e-06
3.136208169 3.814786473781925e-06
3.137559401 3.854394881031373e-06
3.138910632 3.978839578451233e-06
3.140261863 4.172989169887069e-06
3.1416130950000003 4.298018694983539e-06
3.142964326 4.606731756610937e-06
3.1443155579999997 4.713317936720747e-06
3.145666789 4.69126524386979e-06
3.147018021 4.855699013339779e-06
3.148369252 4.932717668990919e-06
3.149720484 4.603259625661944e-06
3.151071715 4.458783455576558e-06
3.152422946 4.7143257469383735e-06
3.153774178 4.732486996080476e-06
3.155125409 4.548902011728869e-06
3.1564766410000002 4.372861437715685e-06
3.157827872 4.125494095252732e-06
3.1591791039999997 3.9001132799739165e-06
3.160530335 4.031830650963583e-06
3.161881566 4.027678825804138e-06
3.163232798 3.5401683463657003e-06
3.1645840290000002 2.9309303197572125e-06
3.165935261 2.7192336376976804e-06
3.167286492 2.5040365679870406e-06
3.1686377240000003 2.2678996000646923e-06
3.169988955 2.0135121760222973e-06
3.1713401869999998 1.6775540772382297e-06
3.172691418 1.3104824757138409e-06
3.174042649 1.1150982891000773e-06
3.1753938809999998 9.704477963917807e-07
3.176745112 7.838611128645562e-07
3.178096344 6.520651095081807e-07
3.179447575 5.06132731612514e-07
3.180798807 4.1014892202579576e-07
3.182150038 3.825006549237541e-07
3.1835012700000003 2.6418191177534836e-07
3.184852501 1.5525713494273026e-07
3.186203732 2.295234252006594e-07
3.187554964 4.508501358448356e-07
3.188906195 6.396181653309339e-07
3.190257427 8.208069301959101e-07
3.1916086580000003 1.00147684669121e-06
3.19295989 1.2136597809084982e-06
3.194311121 1.4192733864006088e-06
3.195662352 1.5690891998940516e-06
3.197013584 1.7114456673206375e-06
3.1983648149999997 1.8374036699848535e-06
3.199716047 1.9939220332072637e-06
3.201067278 2.0280592469548233e-06
3.2024185099999998 2.0990460347561786e-06
3.203769741 2.1760345772259083e-06
3.205120973 2.4905526462477265e-06
3.206472204 2.662352644105416e-06
3.207823435 2.700616998145723e-06
3.209174667 2.640222038716307e-06
3.2105258979999998 2.506100788821541e-06
3.21187713 2.4412057745735552e-06
3.213228361 2.4706469210494874e-06
3.214579593 2.4514647993770013e-06
3.215930824 2.237955284264592e-06
3.217282055 2.2440485810568604e-06
3.2186332870000003 2.3025823287793246e-06
3.2199845180000004 2.214944513480758e-06
3.22133575 2.188239047083058e-06
3.222686981 2.2722537012342253e-06
3.2240382129999996 2.093506052785429e-06
3.2253894439999997 1.93533604178412e-06
3.226740676 1.8854140493076367e-06
3.228091907 1.7665282659503175e-06
3.229443138 1.6148488582918716e-06
3.23079437 1.648215979340677e-06
3.232145601 1.6643336749791433e-06
3.2334968330000002 1.587783326347146e-06
3.234848064 1.7020569588350376e-06
3.2361992959999997 1.7480915515140853e-06
3.237550527 1.6851682451783543e-06
3.238901759 1.7993596380517897e-06
3.24025299 2.02980434728656e-06
3.2416042210000002 2.1278830289226284e-06
3.242955453 2.43341200980326e-06
3.244306684 2.8164456117662538e-06
3.2456579160000003 3.0369000851504444e-06
3.2470091470000004 3.142738642162658e-06
3.248360379 3.3115639844129383e-06
3.24971161 3.482487051947347e-06
3.251062841 3.495579681919324e-06
3.2524140729999997 3.5664502004881043e-06
3.253765304 3.5818412565680448e-06
3.255116536 3.452219042637682e-06
3.256467767 3.16147802275806e-06
3.257818999 2.9595390851517608e-06
3.25917023 2.914615548101598e-06
3.2605214620000003 3.118410897556896e-06
3.261872693 3.535330142465424e-06
3.263223924 3.839023511015405e-06
3.264575156 3.820814059952308e-06
3.265926387 3.885932120478451e-06
3.267277619 4.056904780327977e-06
3.2686288500000003 4.300517665697132e-06
3.269980082 4.4610029896416434e-06
3.271331313 4.304037813175764e-06
3.272682544 4.0269308904191055e-06
3.274033776 3.626597368201675e-06
3.2753850069999997 3.5262509057958198e-06
3.276736239 3.7103802154666114e-06
3.27808747 4.059749091761161e-06
3.2794387019999998 4.141691660604845e-06
3.280789933 4.129336248545717e-06
3.282141165 4.051759036907605e-06
3.283492396 4.1338437810752695e-06
3.2848436270000003 4.396159839709674e-06
3.286194859 4.2928977742766365e-06
3.2875460899999998 3.993111637517345e-06
3.288897322 3.7676366469636426e-06
3.290248553 3.7176696022046144e-06
3.291599785 3.563874738418597e-06
3.292951016 3.5618943265610184e-06
3.294302247 3.2956461665316083e-06
3.2956534790000003 2.923221195911595e-06
3.29700471 2.8197144198316586e-06
3.298355942 2.706637011715467e-06
3.299707173 2.6516813207176473e-06
3.301058405 2.6090229444765095e-06
3.3024096359999997 2.670065761609207e-06
3.303760868 2.425213502975148e-06
3.305112099 2.450429404555561e-06
3.30646333 2.6742377177608076e-06
3.307814562 2.9023702999487386e-06
3.309165793 3.178798614134637e-06
3.3105170250000002 3.2737264349394134e-06
3.3118682560000003 3.3429562228209785e-06
3.313219488 3.326187003033755e-06
3.3145707189999998 3.452192443238672e-06
3.315921951 3.374572614084937e-06
3.317273182 3.2757266515599142e-06
3.318624413 3.178669590574316e-06
3.319975645 2.9506119839712644e-06
3.321326876 2.6319646916124407e-06
3.322678108 2.312881631331959e-06
3.324029339 2.2645960152976062e-06
3.325380571 2.285946565202397e-06
3.326731802 2.1875731549493124e-06
3.328083033 2.029707489998283e-06
3.3294342649999997 2.020492092092857e-06
3.330785496 2.1696359572772367e-06
3.332136728 2.3809103434639334e-06
3.333487959 2.7899946878517694e-06
3.334839191 3.1293315626214488e-06
3.336190422 3.3092059030898837e-06
3.3375416540000002 3.4622553854758116e-06
3.3388928850000004 3.561332779840271e-06
3.340244116 3.680365221203188e-06
3.341595348 3.746831413395353e-06
3.342946579 3.7706232222335894e-06
3.344297811 3.571923053706282e-06
3.345649042 3.3031741116624685e-06
3.347000274 3.189042757219458e-06
3.348351505 3.3766146253797456e-06
3.3497027360000002 3.6957503275047712e-06
3.351053968 3.7127413323324368e-06
3.3524051989999997 3.5780962331997565e-06
3.353756431 3.649610979360907e-06
3.355107662 3.883923772235746e-06
3.3564588939999997 4.147099727518027e-06
3.357810125 4.5017609300580635e-06
3.359161357 4.619446102087405e-06
3.360512588 4.736204513326178e-06
3.3618638190000003 4.979619128434363e-06
3.363215051 5.176424522618944e-06
3.3645662819999997 5.271814271014819e-06
3.3659175140000004 5.361419189404021e-06
3.367268745 5.3856951319922264e-06
3.368619977 5.234896527633025e-06
3.369971208 5.35058420354229e-06
3.371322439 5.625900378055363e-06
3.372673671 6.054256670101555e-06
3.374024902 6.393223046888524e-06
3.375376134 6.368082015823058e-06
3.3767273650000003 6.300654401811605e-06
3.378078597 6.392981483529172e-06
3.3794298279999997 6.645286816370016e-06
3.38078106 6.6967660947266315e-06
3.382132291 6.636199780836219e-06
3.383483522 6.509239004201206e-06
3.384834754 6.404404160335421e-06
3.386185985 6.742130005854017e-06
3.387537217 7.161690272560958e-06
3.3888884480000003 7.517999017128403e-06
3.39023968 7.62262856354699e-06
3.3915909109999998 7.584158009654429e-06
3.3929421430000004 7.621186927182136e-06
3.3942933739999996 7.666006426938892e-06
3.3956446049999998 7.8977087041324e-06
3.396995837 7.915047556214227e-06
3.398347068 7.864879817119405e-06
3.3996983 7.79023230843002e-06
3.401049531 7.719211065188447e-06
3.402400763 7.967246085677824e-06
3.4037519940000003 8.186576588717175e-06
3.405103225 8.302046017486672e-06
3.4064544569999997 8.323113761044037e-06
3.407805688 8.356376655562885e-06
3.40915692 8.406380408297163e-06
3.410508151 8.305886729466417e-06
3.411859383 8.306883050173358e-06
3.413210614 8.082918552263573e-06
3.4145618460000002 7.78617128252426e-06
3.4159130770000004 7.4554774030648415e-06
3.4172643079999996 7.1932835035180625e-06
3.41861554 7.233038430333097e-06
3.419966771 7.178851988619524e-06
3.4213180029999997 7.059259201626706e-06
3.422669234 6.6911755169422014e-06
3.424020466 6.381346233128634e-06
3.425371697 6.315638526393498e-06
3.4267229280000002 6.559976756345564e-06
3.42807416 6.810607575743262e-06
3.429425391 6.73712765599992e-06
3.4307766230000003 6.528074464572995e-06
3.432127854 6.520199285506483e-06
3.4334790859999997 6.923399536923959e-06
3.434830317 7.429352122582651e-06
3.436181549 7.568645198447877e-06
3.43753278 7.50159321759377e-06
3.4388840110000003 7.5446699912497545e-06
3.440235243 7.58397509902033e-06
3.441586474 7.700281412956972e-06
3.4429377060000004 7.5832477686619225e-06
3.4442889369999996 7.215282806292822e-06
3.445640169 6.760034925594455e-06
3.4469914 6.357187966560116e-06
3.448342631 5.8886559797705574e-06
3.449693863 5.420402819722944e-06
3.451045094 5.211520036188636e-06
3.452396326 5.0523805528495e-06
3.4537475570000002 5.023861930495301e-06
3.455098789 5.20296240583767e-06
3.45645002 5.482114852914957e-06
3.4578012520000003 5.829113099347884e-06
3.459152483 6.11120499999021e-06
3.460503714 6.317744278081703e-06
3.461854946 6.61885620683135e-06
3.463206177 6.788341885171463e-06
3.464557409 6.837707522921141e-06
3.4659086400000003 6.61637646236564e-06
3.467259872 6.394611852696042e-06
3.468611103 6.24222930071441e-06
3.469962335 6.0884340775164596e-06
3.4713135659999996 5.8444512965070585e-06
3.4726647969999997 5.399184354649889e-06
3.474016029 5.456946008904398e-06
3.47536726 5.715075301761409e-06
3.476718492 5.9158271038302066e-06
3.478069723 5.906107303145582e-06
3.479420955 5.7608893738964485e-06
3.4807721860000003 5.839201506344852e-06
3.482123417 6.087872076136609e-06
3.483474649 6.204646236004046e-06
3.48482588 6.212013390168444e-06
3.486177112 6.275026706290921e-06
3.487528343 6.497240630655794e-06
3.488879575 6.691896171789321e-06
3.490230806 6.799359341586968e-06
3.491582038 6.922689739672646e-06
3.492933269 7.078213238577118e-06
3.4942845 7.1665625566959335e-06
3.495635732 6.658213641170005e-06
3.496986963 6.005698607908114e-06
3.4983381949999997 5.500546465471335e-06
3.4996894259999998 5.3203774834476684e-06
3.501040658 5.240181499654883e-06
3.502391889 5.0654718133999784e-06
3.50374312 4.817174626440359e-06
3.505094352 4.798257796953799e-06
3.506445583 4.9418813199932916e-06
3.5077968150000003 5.3880618892492135e-06
3.509148046 5.793858593042977e-06
3.5104992779999997 5.846113423962895e-06
3.511850509 5.660429008319813e-06
3.513201741 5.39758747920184e-06
3.514552972 5.104095050109991e-06
3.515904203 4.783895797720335e-06
3.517255435 4.744574477637454e-06
3.518606666 4.817436644137359e-06
3.519957898 4.936253281433819e-06
3.521309129 5.05095933201869e-06
3.5226603610000002 5.407546004714592e-06
3.524011592 5.73404561402422e-06
3.5253628239999997 5.94907624997413e-06
3.526714055 6.077703461557848e-06
3.528065286 6.2746906764794265e-06
3.529416518 6.288544787258608e-06
3.5307677490000002 6.104507764276272e-06
3.532118981 6.150215620347268e-06
3.533470212 6.256387806780562e-06
3.5348214440000003 6.294756072700339e-06
3.536172675 6.333823498070907e-06
3.537523906 6.4351375641097356e-06
3.538875138 6.551080363792117e-06
3.540226369 6.698302979391871e-06
3.5415776009999997 6.937064083401796e-06
3.542928832 6.968346507878878e-06
3.544280064 6.887386243696417e-06
3.545631295 6.948619317746933e-06
3.546982527 7.156014588410841e-06
3.548333758 7.35743422113066e-06
3.5496849889999997 7.548061938677136e-06
3.551036221 7.5850474308637895e-06
3.552387452 7.490379959089504e-06
3.553738684 7.491576298066335e-06
3.555089915 7.654097281607659e-06
3.556441147 7.883343069239831e-06
3.5577923780000003 8.049826865275047e-06
3.5591436090000004 8.16570433677515e-06
3.560494841 8.357198045138528e-06
3.561846072 8.544849949928045e-06
3.563197304 8.727389108698282e-06
3.5645485349999997 8.88979885544383e-06
3.565899767 9.01607465073944e-06
3.567250998 9.265572396688433e-06
3.5686022299999998 9.69255434830836e-06
3.569953461 1.0194125496498479e-05
3.571304692 1.0572995825122599e-05
3.572655924 1.0860211125004002e-05
3.574007155 1.1258816340733247e-05
3.575358387 1.1686521191724618e-05
3.5767096179999998 1.1926468696558951e-05
3.57806085 1.2022726222668264e-05
3.579412081 1.2048047701598175e-05
3.580763312 1.2008421137486574e-05
3.582114544 1.1939139740857287e-05
3.583465775 1.2022191732857709e-05
3.5848170070000003 1.2132649252307995e-05
3.5861682380000004 1.2137970968073343e-05
3.58751947 1.2237327077194808e-05
3.588870701 1.2405129858433494e-05
3.5902219329999996 1.2468882444231246e-05
3.5915731639999997 1.260414072599057e-05
3.592924395 1.2938006197996106e-05
3.594275627 1.316540499018518e-05
3.595626858 1.3224227718039301e-05
3.59697809 1.3341798255356213e-05
3.598329321 1.3587853122373566e-05
3.5996805530000002 1.3819205004167467e-05
3.601031784 1.398101029744642e-05
3.602383016 1.3921814854493789e-05
3.603734247 1.3690217931809053e-05
3.605085478 1.3611781838666817e-05
3.60643671 1.3767711868190049e-05
3.607787941 1.3949272731028731e-05
3.609139173 1.4064022387547507e-05
3.610490404 1.4123150774082323e-05
3.6118416360000003 1.4325525247411704e-05
3.6131928670000004 1.4935063489345134e-05
3.6145440979999997 1.5560528876654995e-05
3.61589533 1.581872971264143e-05
3.617246561 1.598473871312377e-05
3.6185977929999997 1.6185299813665802e-05
3.619949024 1.6398148062110716e-05
3.621300256 1.665507748112321e-05
3.622651487 1.6949151410092414e-05
3.624002719 1.6945174303358024e-05
3.62535395 1.6975799620770977e-05
3.6267051809999997 1.7277634690541637e-05
3.628056413 1.7677016623144508e-05
3.629407644 1.805119108063219e-05
3.630758876 1.82608768600428e-05
3.632110107 1.831902664339521e-05
3.633461339 1.8401703057670277e-05
3.6348125700000002 1.868450155878098e-05
3.6361638010000004 1.9122795315290775e-05
3.637515033 1.9716274237424374e-05
3.638866264 2.0197762286261697e-05
3.640217496 2.0578446270839563e-05
3.6415687269999997 2.1097176780771796e-05
3.642919959 2.1861968811259504e-05
3.64427119 2.2641921549074954e-05
3.6456224219999998 2.3222914176552453e-05
3.646973653 2.3625154656503843e-05
3.648324884 2.385090871889726e-05
3.649676116 2.401903836685918e-05
3.6510273470000003 2.43631140051421e-05
3.652378579 2.4704249888526998e-05
3.6537298099999997 2.4754135781926495e-05
3.655081042 2.4670947926649548e-05
3.656432273 2.4677399141063528e-05
3.657783504 2.471384998613999e-05
3.659134736 2.496629342354064e-05
3.660485967 2.5414454974864286e-05
3.6618371990000003 2.5825436776017922e-05
3.66318843 2.632068032269355e-05
3.664539662 2.6878011576341227e-05
3.665890893 2.7580575250134514e-05
3.667242125 2.84545749728125e-05
3.6685933559999997 2.924571029775059e-05
3.669944587 2.9833262478251696e-05
3.671295819 3.0402399952969585e-05
3.67264705 3.118973868473385e-05
3.673998282 3.2165391704972956e-05
3.675349513 3.319079694931264e-05
3.676700745 3.426122658338198e-05
3.6780519760000003 3.5404811550436345e-05
3.679403208 3.658815212800165e-05
3.6807544389999998 3.795196508568348e-05
3.68210567 3.920920959959187e-05
3.683456902 3.99959711119475e-05
3.684808133 4.072276869984185e-05
3.686159365 4.164704680641015e-05
3.687510596 4.260349043098701e-05
3.688861828 4.376606399705697e-05
3.690213059 4.5185581396440345e-05
3.6915642899999996 4.674031961994755e-05
3.692915522 4.8785790566756923e-05
3.694266753 5.132259782467019e-05
3.6956179849999997 5.405591995260763e-05
3.696969216 5.722518018526185e-05
3.698320448 6.0498074374814436e-05
3.699671679 6.3590357351563e-05
3.701022911 6.671291941339758e-05
3.702374142 6.994025449210137e-05
3.703725373 7.352061214724738e-05
3.7050766050000004 7.734438039526986e-05
3.706427836 8.10575640351911e-05
3.707779068 8.4788402927166e-05
3.709130299 8.907025702221615e-05
3.710481531 9.400772630680414e-05
3.711832762 9.940106414618357e-05
3.713183993 0.00010507853538767258
3.714535225 0.0001110431017840403
3.7158864560000002 0.00011788068771329829
3.717237688 0.00012566946512432455
3.7185889189999997 0.00013410318751321383
3.719940151 0.0001428065489199235
3.721291382 0.00015186998598122479
3.7226426139999997 0.000162043038445437
3.723993845 0.00017340164949545628
3.725345076 0.0001851779292194764
3.726696308 0.0001972011440441112
3.7280475390000003 0.00020970626171939717
3.729398771 0.0002230895664394846
3.730750002 0.00023807396436469432
3.7321012340000004 0.00025451116466694714
3.733452465 0.000271741323796498
3.7348036959999997 0.00028991410281842646
3.736154928 0.0003097071425787457
3.737506159 0.00033067268792894814
3.738857391 0.00035333399523131343
3.740208622 0.0003771727750751875
3.741559854 0.00040205302939996806
3.7429110850000002 0.00042795208973468897
3.744262317 0.0004553298053144884
3.7456135479999997 0.0004843294067332001
3.746964779 0.0005152729513804868
3.748316011 0.0005479626250274455
3.749667242 0.0005827075374264222
3.751018474 0.0006201419405905625
3.752369705 0.0006599786428078284
3.753720937 0.000701959493563029
3.7550721680000003 0.0007462573928970918
3.7564234 0.0007929524721864744
3.757774631 0.0008424763237339247
3.759125862 0.0008950148457221799
3.7604770939999996 0.0009501792940454561
3.7618283249999998 0.0010081729708261945
3.763179557 0.0010694056737273955
3.764530788 0.0011339115153191734
3.76588202 0.0012019768837665326
3.767233251 0.001273717458556677
3.768584482 0.0013491018694331415
3.7699357140000003 0.001428615458243114
3.771286945 0.0015123256474547544
3.7726381769999997 0.0016000015721296828
3.773989408 0.001692110464919096
3.77534064 0.0017889972936339575
3.776691871 0.001892244876109786
3.778043103 0.002000221172304468
3.779394334 0.002113240979936035
3.780745565 0.002232188329448329
3.7820967970000003 0.0023577637713888882
3.7834480279999996 0.0024902370917756827
3.7847992599999998 0.0026297231619670674
3.786150491 0.0027770328237962313
3.7875017229999997 0.0029327761985474847
3.7888529539999998 0.0030972474646865688
3.790204185 0.003271070857307304
3.791555417 0.0034541706337684304
3.792906648 0.0036480073893551605
3.79425788 0.0038537675496836373
3.795609111 0.004072098630007276
3.7969603430000003 0.0043039267572646065
3.798311574 0.004550737365109138
3.7996628059999997 0.004813188090227566
3.801014037 0.005093364031941787
3.802365268 0.005392538864571627
3.8037165 0.005711841586583985
3.8050677310000003 0.006053042390062598
3.806418963 0.006418300314139619
3.807770194 0.0068090406508304335
3.8091214260000004 0.007227273720495669
3.8104726569999996 0.007675660203851528
3.811823889 0.00815608853794837
3.81317512 0.008671755537113803
3.814526351 0.009226059607254887
3.815877583 0.009822349836191705
3.817228814 0.010467378896775181
3.818580046 0.011170287806627453
3.8199312770000002 0.011918459542571286
3.821282509 0.012726157076642045
3.82263374 0.013599350779733356
3.823984971 0.014544006630570058
3.825336203 0.015565996321254221
3.826687434 0.016671882309729335
3.828038666 0.017868793551669673
3.829389897 0.01916502339985942
3.830741129 0.020569890653426084
3.8320923600000003 0.022092851229624993
3.833443592 0.023744419154984653
3.834794823 0.0255362158379928
3.836146054 0.027480402919657667
3.8374972859999996 0.029590080067102495
3.8388485169999997 0.03190944004567652
3.840199749 0.03440092694712224
3.84155098 0.0370963788115946
3.842902212 0.04001764786236284
3.844253443 0.04318123741424415
3.845604674 0.04660451567105081
3.8469559060000003 0.050305911143388164
3.848307137 0.054303836271352615
3.849658369 0.05861681268498051
3.8510096 0.06326272505969315
3.852360832 0.06826022189554053
3.853712063 0.07362768525024017
3.855063295 0.07938122417405694
3.856414526 0.08553508271286114
3.857765757 0.09218300505235597
3.859116989 0.09920320753206263
3.86046822 0.10662648636600779
3.861819452 0.11448202952819085
3.863170683 0.12276741556002431
3.8645219149999996 0.13147683015143752
3.8658731459999998 0.1406008816345033
3.867224377 0.15012427515606827
3.868575609 0.1600269084330322
3.86992684 0.17028609655944563
3.871278072 0.18086715486492105
3.872629303 0.19173615906485392
3.8739805350000003 0.20285390923427576
3.875331766 0.21417550914100741
3.876682998 0.22565034585731975
3.878034229 0.23722952647661621
3.87938546 0.2488549542954379
3.880736692 0.26047410606156296
3.882087923 0.27203506044570347
3.883439155 0.2834826915322879
3.884790386 0.29476402762362974
3.886141618 0.30583276241238333
3.887492849 0.3166471401054834
3.8888440810000002 0.32716471801236424
3.890195312 0.33735634197534503
3.891546543 0.3471927046009383
3.892897775 0.356650323586992
3.894249006 0.36571247141682806
3.895600238 0.3743716176995421
3.8969514690000002 0.3826129227366505
3.898302701 0.3908845269750362
3.899653932 0.39830179638531904
3.9010051629999998 0.40530542671787906
3.902356395 0.4119070777169914
3.903707626 0.41812432003129874
3.905058858 0.42397034634848185
3.906410089 0.4294568457787437
3.9077613209999997 0.4346091574335229
3.909112552 0.439445122705859
3.910463784 0.4439794174541546
3.911815015 0.44823716892561505
3.913166246 0.4522256494461727
3.914517478 0.4562158278517109
3.9158687089999997 0.4599501039790818
3.917219941 0.46321299455290527
3.918571172 0.46625796434500955
3.919922404 0.4690980631851546
3.921273635 0.4717507676751248
3.922624866 0.47422007912765274
3.9239760980000002 0.4765165479869236
3.9253273290000004 0.47865764925334564
3.926678561 0.48064666915430493
3.928029792 0.48248995651959237
3.929381024 0.48420104292380095
3.9307322549999997 0.4857777287468674
3.932083487 0.4872262894538745
3.933434718 0.48856258980701417
3.934785949 0.4897926641461102
3.936137181 0.4909182761820282
3.937488412 0.49222641466330397
3.938839644 0.49346371108532394
3.940190875 0.4943347168073331
3.941542107 0.49519024513794485
3.9428933379999997 0.49597828359911067
3.944244569 0.4966973852404012
3.945595801 0.49735476414703794
3.946947032 0.49795813747740697
3.948298264 0.4985088799137066
3.949649495 0.49900984238119317
3.9510007270000003 0.49941141373558806
3.9523519580000004 0.49975405298298603
3.95370319 0.5000574390834432
3.955054421 0.5003335507495041
3.956405652 0.5005835290609378
3.9577568839999997 0.5008071528674847
3.959108115 0.5010121256660933
3.960459347 0.5012030392127035
3.961810578 0.5013791639655447
3.96316181 0.5015388838419103
3.964513041 0.5016899792143115
3.965864273 0.5018276641060747
3.967215504 0.5019534465930673
3.968566735 0.5020753248275104
3.9699179669999998 0.5026998657173434
3.971269198 0.5028637767472715
3.97262043 0.5029811554606602
3.973971661 0.5030975726610221
3.975322893 0.5032090724791697
3.976674124 0.5033197647866057
3.978025355 0.5040118063933746
3.9793765870000004 0.5041176632511419
3.9807278179999996 0.5042152420939268
3.98207905 0.5043076619819876
3.983430281 0.504395916954992
3.9847815129999997 0.5044811810631915
3.986132744 0.5045674123326792
3.987483976 0.5046525158673744
3.988835207 0.5047322697320482
3.9901864380000003 0.5048148052985437
3.99153767 0.5048970937542527
3.9928889009999997 0.5049753468847565
3.994240133 0.5050550058376561
3.995591364 0.505135429517704
3.996942596 0.5052124204810765
3.998293827 0.5052861444382353
3.999645058 0.5053617603818013
4.00099629 0.5054261936251196
4.002347521 0.5054835199974049
4.003698753 0.5055439356640322
4.005049984 0.505603118537719
4.006401216 0.5056598940644513
4.007752447 0.5057178882438016
4.009103679 0.5057786433491023
4.01045491 0.5058592053164637
4.011806141 0.5059850386827649
4.013157373 0.5061153633937607
4.014508604 0.5062421413141098
4.015859836 0.5063672284284744
4.017211067 0.5064933802919576
4.018562299 0.5069460281149301
4.01991353 0.5073221503136893
4.021264761 0.5079472777737917
4.022615993 0.5080096514429489
4.023967224 0.5080689699494859
4.025318456 0.5081309707040605
4.026669687 0.5081959065071574
4.028020919 0.5082603486502235
4.02937215 0.5083236222720788
4.030723382 0.5083886201962123
4.032074613 0.5084514853619961
4.033425844 0.5085098472771948
4.034777076 0.508570732069123
4.036128307 0.5086319146515483
4.037479539 0.5086912043413774
4.03883077 0.508750719892042
4.040182002 0.5088245480993413
4.041533233 0.5089572947782289
4.042884465 0.5090888347071296
4.044235696 0.5092250936074911
4.0455869269999996 0.5093606040808156
4.046938159 0.5094933567541016
4.04828939 0.5096258215526251
4.049640622 0.5097594953668343
4.050991853 0.509835424200073
4.052343085 0.5098914279883722
4.053694316 0.5099489515027097
4.055045547 0.5100034515940772
4.056396779 0.5100560497430929
4.05774801 0.5101102622573781
4.059099241999999 0.510166081050037
4.0604504729999995 0.5104811442548891
4.061801705 0.5108569461213893
4.063152936 0.5109111607436039
4.064504168 0.5109607986833822
4.065855399 0.5110061218276929
4.06720663 0.5110511019990657
4.0685578620000005 0.5110929844519718
4.069909093000001 0.5111274290333095
4.071260325 0.5112275101303297
4.072611556 0.5116768230290643
4.073962788 0.5119964450768526
4.075314019 0.5120950818128072
4.07666525 0.5121969638323606
4.078016482 0.5122957060061235
4.079367713 0.5123914365779725
4.080718945 0.5124527141067468
4.082070176 0.5124804357284154
4.083421408 0.5125029841461657
4.084772639 0.5125234034697239
4.086123871 0.5125461633181134
4.087475102 0.5125644360645221
4.088826333 0.5125822775266031
4.090177565 0.5126028225074879
4.091528796 0.512623574847232
4.092880028 0.5126420673654167
4.094231259 0.5126634209265258
4.095582491 0.5126892144565786
4.096933722 0.5127123086000329
4.098284953 0.5127365268988573
4.0996361850000005 0.5127631257099711
4.100987416 0.5127410763464716
4.102338648 0.5126966850819659
4.103689878999999 0.5130607347300398
4.105041110999999 0.513202786903799
4.106392342 0.5131608251744804
4.107743574 0.5131198652917935
4.109094805 0.5130836184273987
4.110446036 0.5130694014840768
4.111797268 0.513095838745086
4.113148499 0.5131274728240565
4.1144997309999995 0.5131600917382703
4.115850962000001 0.5131904886342857
4.117202194000001 0.5132185831080818
4.118553425 0.5135637323819839
4.119904657 0.5138442917744456
4.121255887999999 0.513873051901729
4.122607119 0.5139024047289829
4.123958351000001 0.5139318986712765
4.125309582 0.5139575528251941
4.126660814 0.5139827651320164
4.128012045 0.5140117454720536
4.129363277 0.514038002138637
4.130714508 0.5140252410816187
4.132065739 0.5139789473408944
4.133416971 0.5139316904683111
4.134768202 0.5138769556417756
4.136119434 0.513819321266666
4.1374706649999995 0.5137591698840585
4.138821897 0.5136939504597655
4.140173128000001 0.5136377186052217
4.14152436 0.5136939352134224
4.142875591 0.5137479847669753
4.144226821999999 0.5137964315784038
4.145578054 0.5138428127975732
4.146929285000001 0.5138892217098974
4.148280517 0.5145201632253205
4.149631748 0.5145548726288534
4.15098298 0.5145394872853937
4.152334211 0.5145020265006154
4.153685442 0.5144588363388236
4.155036674 0.5144092395499351
4.156387905 0.5143575153286412
4.157739136999999 0.5142991999423261
4.159090368 0.5142346439690872
4.1604416 0.5144202903223254
4.161792831 0.5146762705830149
4.163144063 0.5146092886130826
4.164495294 0.5145381129752009
4.165846525 0.5144668653924843
4.167197757 0.5143917374482279
4.1685489879999995 0.5143063316543666
4.169900220000001 0.5142185687570519
4.171251451 0.514134180236913
4.172602683 0.5140442870516755
4.173953914 0.5139502963195669
4.1753051459999995 0.5138539704801902
4.1766563770000005 0.5137559531784114
4.178007608 0.5136528062491172
4.17935884 0.5135491664391698
4.180710071 0.5134463390866859
4.182061303 0.5133424978120193
4.183412534 0.5132351678725725
4.184763766 0.5131297722560584
4.186114997 0.5130249359593522
4.187466228 0.5129172877433427
4.18881746 0.512806902990359
4.190168691 0.5126969717088239
4.1915199229999995 0.5125803144806167
4.1928711540000005 0.5124605806799092
4.194222386000001 0.5129278455536874
4.195573617 0.5128110388436177
4.196924849 0.5126934899092003
4.198276079999999 0.5125759604297834
4.199627311 0.5124637444957243
4.200978543 0.5123514214302478
4.202329774 0.5122384444758004
4.203681006 0.512511913294023
4.205032237 0.5125848145478948
4.206383469 0.512477155753425
4.2077347 0.5123697273226293
4.209085931 0.512264298254697
4.210437163 0.5121672189752964
4.211788394 0.5120802341439006
4.213139626 0.5119936639088976
4.2144908569999995 0.5119101126521228
4.215842089 0.5118292701579753
4.217193320000001 0.5117474418387442
4.218544552 0.5116678768351417
4.219895783 0.5115918787288839
4.221247013999999 0.5115061712391593
4.2225982459999996 0.5114192704066995
4.223949477 0.5113352431385445
4.225300709 0.5112524450306583
4.22665194 0.5111670692071852
4.228003171999999 0.5110786187401064
4.229354403 0.5109902226661125
4.2307056339999995 0.5109012805858959
4.232056866 0.5108084532645927
4.233408097000001 0.5107119046417019
4.234759329 0.5106159665337398
4.23611056 0.5105200430423806
4.237461792 0.5104256248246322
4.238813023 0.5103375971294899
4.240164255 0.5102557072231404
4.241515486 0.5101694338526219
4.242866717 0.5105925493591432
4.244217949 0.5105948040530528
4.24556918 0.5105225659166157
4.246920412000001 0.5104492468750856
4.248271643 0.5109383093934854
4.249622875 0.5108652049150291
4.250974105999999 0.5107819462986645
4.2523253379999995 0.5106926299541862
4.2536765690000005 0.5106035334919993
4.2550278 0.5105164312545782
4.256379032 0.5104290558998166
4.257730263 0.5103418286376551
4.259081495 0.5102564351654869
4.260432726 0.5098672074688283
4.261783958 0.5088287628987352
4.263135189 0.5077903588076582
4.26448642 0.5067527887350545
4.265837652 0.5057131831036492
4.267188883 0.504669004546657
4.2685401149999995 0.5036221374463586
4.2698913460000005 0.5025738477371553
4.271242578000001 0.5010821473659849
4.272593809 0.49954871504916554
4.273945041 0.49801508597770755
4.275296271999999 0.49648250295680507
4.276647503 0.49494905052470717
4.277998735 0.4934155199715168
4.279349966 0.4918846848313704
4.280701198 0.492318576564416
4.282052429 0.4945693831553668
4.283403661 0.4968174297589045
4.284754892 0.49906331023177253
4.286106123 0.5013054186489143
4.287457355 0.503542253978738
4.288808586 0.5057758113299047
4.290159818 0.5077395820882076
4.2915110489999995 0.5077017261600485
4.292862281 0.5076618773118489
4.294213512000001 0.5083053739398465
4.295564744 0.5087232340504995
4.296915975 0.5086844871907488
4.298267206 0.5086452870974261
4.299618438 0.5086067470831799
4.300969669 0.5085107532770532
4.302320901 0.5083899723497585
4.303672132 0.5082671704365034
4.305023363999999 0.5081444497564311
4.306374595 0.5080211956398937
4.3077258259999995 0.5078959357060455
4.309077058 0.5077695922014853
4.310428289000001 0.5076430502893037
4.311779521 0.5075136954388324
4.313130752 0.5073834414811917
4.314481984 0.5072533474075646
4.315833215 0.507124240306739
4.317184447 0.5069946104600754
4.318535678 0.5068635921126591
4.319886909 0.5067322589651623
4.321238141 0.5066148557826773
4.322589372 0.5064971188382121
4.323940604000001 0.5063770486986907
4.325291835 0.5062560020999047
4.326643067 0.5061341587388825
4.327994297999999 0.5060105345189434
4.329345529999999 0.5058851628323501
4.3306967610000004 0.5057553296984987
4.332047992 0.5056207686893872
4.333399224 0.5054851357601529
4.334750455 0.5053482294349496
4.336101687 0.5052121081719453
4.337452918 0.5050754311192537
4.33880415 0.5049375659196862
4.340155381 0.5047973615344938
4.341506612 0.5046544114348567
4.342857844 0.5045080355402957
4.344209075 0.5043581228279113
4.3455603069999995 0.5045149367642933
4.3469115380000005 0.5046027657196349
4.34826277 0.5044399006578659
4.349614001 0.504261468604091
4.350965233 0.5040750792332138
4.352316464 0.504459752614541
4.353667695 0.5042659748447711
4.355018927 0.5040685964135061
4.356370158 0.5038666925540526
4.35772139 0.5036612038144257
4.359072621 0.5034498346703655
4.360423853 0.5032370274254294
4.361775084 0.5030283665417311
4.363126315000001 0.502813820288448
4.364477547000001 0.5025925382750606
4.365828778 0.5023647447590707
4.36718001 0.5021313623282055
4.3685312409999995 0.5018923685043775
4.369882473 0.5016481054630182
4.371233704 0.5013945443825392
4.372584936 0.5011367369849042
4.373936167 0.5008740225923558
4.375287398 0.5006069376023378
4.37663863 0.500334711267623
4.377989861 0.5000597062304093
4.379341093 0.49978031647425325
4.380692324 0.4995026867028106
4.382043555999999 0.4992248701963093
4.383394787 0.4989444301711524
4.3847460179999995 0.4986608628514001
4.38609725 0.49837590079046035
4.387448481000001 0.4980884779428984
4.388799713 0.4978008443022618
4.390150944 0.4975119995882894
4.391502176 0.4972211263794135
4.392853407 0.49693103676865713
4.394204639 0.4966430369155791
4.39555587 0.49635707555319053
4.396907101 0.4961032804696403
4.398258332999999 0.4958664723036986
4.399609564 0.4956314919108141
4.400960796000001 0.4953986547960082
4.402312027 0.49516721877530806
4.403663259 0.4949396686108732
4.405014489999999 0.4947226776393727
4.406365721999999 0.49503822594893787
4.407716953 0.4948221142453595
4.409068184 0.49461271442641425
4.410419416 0.49440779746170527
4.411770647 0.4942087977518794
4.413121879 0.4940839374649276
4.41447311 0.4943910582538824
4.415824342 0.4942091287109134
4.417175573000001 0.4940331578493158
4.418526804 0.493861589066693
4.419878036 0.49369413908810383
4.421229266999999 0.4935331889207861
4.4225804989999995 0.49337627755299945
4.4239317300000005 0.49322433121030673
4.425282962 0.4930759475978851
4.426634193 0.4929332681311993
4.427985425 0.49279348885859486
4.429336656 0.49265905830475953
4.430687887 0.4925232400146844
4.432039119 0.49238787514921656
4.43339035 0.4922552928077416
4.434741582 0.49212750156977236
4.436092813 0.49200278324657526
4.437444045 0.4918813176923516
4.438795276 0.4917625392259867
4.440146507000001 0.49164728484371034
4.441497739000001 0.49154049320575993
4.44284897 0.4914351464850708
4.444200202 0.49132926189134796
4.445551432999999 0.49120519936035495
4.446902665 0.49108357897063304
4.448253896 0.4909612846964948
4.449605128 0.4908408260799498
4.450956359 0.4907170890690755
4.45230759 0.49059375864592425
4.453658822 0.49046921196636495
4.455010053 0.4903445235937529
4.456361285 0.49021974788154715
4.457712516 0.49009509775871285
4.459063747999999 0.48997022243443555
4.460414979 0.4898451408423046
4.4617662110000005 0.4897235610931238
4.463117442 0.4896015125805672
4.464468673000001 0.4894801070845922
4.465819905 0.4893559143967562
4.467171136 0.489231851585114
4.468522368 0.48910570070756704
4.469873599 0.48897894530454983
4.471224831000001 0.4888488213460232
4.472576062 0.4887174377609347
4.473927293 0.48858454143444885
4.475278524999999 0.48844969447261766
4.476629756 0.4886500371464897
4.4779809880000006 0.4887077565180121
4.479332219 0.48856659683908965
4.480683451 0.4884216645747793
4.482034682 0.4882745634070087
4.483385914 0.4881230888553172
4.484737145 0.4883796282168143
4.486088376 0.48836874598600105
4.487439608 0.4882095878707021
4.488790839 0.48804798063998817
4.490142071 0.48788419448261466
4.491493302 0.4877143605839716
4.492844534 0.48754014046141614
4.494195765000001 0.4873622870663924
4.495546996 0.487171546111425
4.496898228 0.48697959929358337
4.498249458999999 0.486782455002448
4.4996006909999995 0.48658241257652113
4.5009519220000005 0.4863844084234332
4.502303154 0.48618684550589025
4.503654385 0.48598431753542315
4.505005617 0.48577622243687335
4.506356848 0.48556560232402723
4.507708079 0.485350528960129
4.509059311 0.4851322534973102
4.510410542 0.48490723869308494
4.511761774 0.48467918856415604
4.513113005 0.4844468377120223
4.514464237 0.48421233369329575
4.5158154679999996 0.48397293940162234
4.517166699000001 0.4837298665176291
4.518517931 0.48348487218414277
4.519869162 0.48323564152045784
4.521220394 0.48298582242985777
4.522571624999999 0.482730483753097
4.523922857 0.48247370267004674
4.525274088 0.4822116749684643
4.52662532 0.48194580453115765
4.527976551 0.4816746269381194
4.529327782 0.48140120161486594
4.530679014 0.48112299848787354
4.532030245 0.48083820638153574
4.533381477 0.4805517637887555
4.534732708 0.4802627539787691
4.53608394 0.47997553013904026
4.537435171 0.47968511515467294
4.5387864030000005 0.4793930262541872
4.540137634 0.47909869599068067
4.541488865 0.47880484900580256
4.542840097 0.47850959003599036
4.544191328 0.4782101024088081
4.5455425599999995 0.47790776234850646
4.5468937910000005 0.47760203975844595
4.548245023000001 0.4772975157863739
4.549596254 0.47699061777453566
4.550947485 0.4766892415051703
4.552298716999999 0.4763901662759006
4.553649948 0.47609243406777424
4.5550011800000005 0.47579509448614743
4.556352411 0.4754971332339027
4.557703643 0.47520229875549924
4.559054874 0.47490814310534935
4.560406106 0.4746147203293045
4.561757337 0.4747115379355625
4.563108568 0.4745424437298331
4.5644598 0.47424929701299356
4.565811031 0.473957202805269
4.567162263 0.4736656269635512
4.568513493999999 0.4733734143335155
4.569864726 0.4730856091337997
4.571215957000001 0.4729115137824298
4.572567188 0.4730430710023089
4.57391842 0.472751349223962
4.575269650999999 0.4724615867255718
4.5766208829999995 0.47217401562957045
4.5779721140000005 0.47188548718715173
4.579323346 0.4715967647485824
4.580674577 0.47130783275769383
4.582025809 0.4710231582292884
4.58337704 0.47073617894521325
4.584728271 0.47044805755088354
4.586079503 0.47015756462729497
4.587430734 0.46986571789423837
4.588781966 0.46957274227018264
4.590133197 0.46927326623461635
4.591484429 0.46896519199904696
4.5928356599999995 0.46865493366005806
4.5941868910000005 0.46834534412235884
4.595538123 0.46803112411948206
4.596889354 0.4677126771379986
4.598240586 0.46739233108701417
4.599591817 0.4670700885845401
4.6009430490000005 0.4667464404773227
4.60229428 0.4664154429155254
4.603645512 0.4660812195003038
4.604996743 0.4657426697789563
4.606347974 0.46539988275357747
4.607699206 0.465049785352185
4.609050437 0.4646915666438869
4.610401669 0.4643493840671702
4.611752900000001 0.4640486271499584
4.613104132 0.46374142494182985
4.614455363 0.463424367811607
4.6158065950000005 0.46310207102304646
4.617157826 0.46277625368755665
4.618509057 0.46244536760499044
4.619860289 0.4621085443524906
4.62121152 0.46169991389003273
4.622562751999999 0.4612804443175249
4.6239139830000004 0.46085478247337824
4.625265215000001 0.460422062177897
4.626616446 0.45998196890316256
4.627967677 0.4595359625668569
4.629318908999999 0.45908623069418136
4.63067014 0.4586300497306173
4.6320213720000005 0.4581686896252113
4.633372603 0.45770032073102607
4.634723835 0.45722898090638503
4.636075066 0.4567534564032196
4.637426298 0.45627007209970905
4.638777529 0.4557823921460249
4.64012876 0.455290604182533
4.641479992 0.45480042925132635
4.642831223 0.4543053073095913
4.644182455 0.45380550581251333
4.645533685999999 0.45330371861312047
4.646884918 0.4528010418379741
4.648236149000001 0.45229820968462764
4.64958738 0.45179018106375657
4.650938612 0.4512782589662651
4.652289842999999 0.4512555079157686
4.6536410749999995 0.4507387059972776
4.6549923060000005 0.45022099783778147
4.656343538 0.44970015413770914
4.657694769 0.4491820929413717
4.659046001 0.4486663461001205
4.660397232 0.4481551399072846
4.661748463 0.44764934189161043
4.663099695 0.44714615379120426
4.664450926000001 0.44664981246594126
4.665802158 0.4461580672209726
4.667153389 0.44567091204614606
4.668504621 0.44518579040162853
4.6698558519999995 0.44470753007375025
4.6712070830000005 0.4442391499315419
4.672558315 0.44377631521662264
4.673909546 0.4433188196015918
4.675260778 0.44286547083212435
4.676612009 0.4424209555456554
4.6779632410000005 0.44198353362496146
4.679314472 0.4415503282529703
4.680665704 0.4411184399639005
4.682016935 0.44068865356992043
4.683368166 0.44026967812041023
4.684719398 0.43985801446452905
4.686070629 0.43945359168490983
4.687421861 0.4390580974104359
4.688773092 0.43867373988652997
4.690124324 0.4383023832617546
4.691475555 0.43794184960660343
4.6928267869999996 0.4375893903564444
4.694178018 0.4372460750352839
4.695529249 0.4369135493687437
4.696880481 0.43659036105896554
4.698231712 0.43676732838611104
4.699582943999999 0.43645692651416756
4.700934175 0.4361577463094589
4.702285407000001 0.4358688822094748
4.703636638 0.4355861201824144
4.704987869 0.4353073993647337
4.706339100999999 0.43503801884779014
4.707690332 0.434777137989239
4.7090415640000005 0.43452445774017506
4.710392795 0.43429281556212296
4.711744027 0.4341067155234702
4.713095258 0.4339291288978807
4.71444649 0.43375813600377894
4.7157977209999995 0.433592459364548
4.717148952 0.4334278179349882
4.718500184000001 0.433266603522671
4.719851415 0.43311063613244427
4.721202647 0.4329036321805725
4.722553877999999 0.43269113758699285
4.72390511 0.4324780523593069
4.725256341000001 0.4322679016610571
4.726607572 0.4320607377142023
4.727958804 0.4318523542738394
4.729310035 0.4316431526706026
4.730661267 0.4314332576486999
4.7320124980000005 0.4312265097847264
4.73336373 0.4310206105171342
4.734714961 0.43114812799990454
4.736066193 0.43106996414892584
4.737417424 0.43085567534201796
4.738768654999999 0.4306419084803019
4.740119887 0.4304252512144705
4.741471118000001 0.43020600518198265
4.74282235 0.42998235596226175
4.744173581 0.4297553941950001
4.745524813 0.42952636477894807
4.7468760439999995 0.42929025244762087
4.748227276 0.4290464126190744
4.749578507 0.4287979940640885
4.750929738 0.42854571872924274
4.75228097 0.42829046685369654
4.753632201 0.4280275962936254
4.7549834330000005 0.42775839685057204
4.756334664 0.42748686073692044
4.757685896 0.42721263950444965
4.759037127 0.4269349201012681
4.760388358 0.426651181389214
4.76173959 0.4263658219523654
4.763090821 0.4260620311808212
4.764442053 0.4257510865379475
4.765793284 0.425435091816575
4.767144516 0.42511155539495893
4.768495747 0.42478455269289284
4.7698469789999995 0.42445618912894434
4.77119821 0.4241228699210605
4.772549441 0.4237850320932191
4.773900673 0.42344195163869264
4.775251904 0.42309866298994214
4.776603135999999 0.42275624648121557
4.777954367 0.42241135882683145
4.779305599000001 0.42206417954065323
4.78065683 0.42171103361081574
4.782008061000001 0.42135679338965115
4.783359293 0.4210055540277277
4.784710524 0.42065333694519913
4.7860617560000005 0.42030065201882216
4.787412987 0.4199488410280028
4.788764219 0.41960179646712525
4.79011545 0.4192580642087127
4.791466682 0.41891620479425296
4.7928179129999995 0.4185749408041722
4.7941691440000005 0.41823628828413784
4.795520376000001 0.41790305080655016
4.796871607 0.417572810636261
4.798222839 0.4172427613290046
4.799574069999999 0.4169152563622649
4.800925302 0.4165953077320909
4.802276533000001 0.41628258670057927
4.803627764 0.41597260322605567
4.804978996 0.41566303866979626
4.806330227 0.4153577559730215
4.807681459 0.41505841202837335
4.80903269 0.4152183133747597
4.810383922 0.4149250647511952
4.811735153 0.41462650104240617
4.813086384999999 0.4143327703412406
4.814437616 0.4140448522014951
4.815788846999999 0.4137606682626186
4.817140079 0.41347660254437163
4.818491310000001 0.41319148588856436
4.819842542 0.4129086739536862
4.821193773 0.4126358535950696
4.822545005 0.4123635862512065
4.8238962359999995 0.4120885299825759
4.825247468 0.4118106585629724
4.826598699 0.41153397810079095
4.82794993 0.41125819681057374
4.829301162 0.41097917873860246
4.830652393 0.41069329346816213
4.8320036250000005 0.41040091428588854
4.833354856 0.41010846652149424
4.834706088 0.40981480842167406
4.836057318999999 0.4095147309010933
4.83740855 0.40920659153031547
4.838759782 0.40889068130494555
4.840111013 0.4085695672984544
4.841462245 0.4082404233269965
4.842813476 0.4078990955073605
4.844164708 0.40754513955243293
4.845515939 0.4071797387644146
4.8468671709999995 0.40680551865302494
4.8482184020000005 0.40642124496435283
4.849569633 0.4060216631889396
4.850920865 0.4056153054792111
4.852272096 0.4052001003330546
4.853623327999999 0.40477521497490365
4.854974559 0.4043390580626052
4.856325791000001 0.40388624535686013
4.857677022 0.40341910251518454
4.859028253 0.402939292179126
4.860379485 0.40244828860456894
4.861730716 0.40194336955156706
4.863081948 0.40142142832661276
4.864433179 0.40088473465983887
4.865784411 0.4003349034469834
4.867135642 0.3997732987920736
4.868486874 0.3991974303136929
4.8698381049999995 0.3986048056384721
4.8711893360000005 0.3979934619198808
4.872540568000001 0.39737042910420095
4.873891799 0.39673784289406683
4.875243031 0.3960933140866958
4.876594261999999 0.39569251990792426
4.8779454939999995 0.39519999274281936
4.879296725000001 0.3943668551067956
4.880647956 0.39352420209087124
4.881999188 0.39267647427731706
4.883350419 0.3918205523588051
4.884701651 0.39095939731969725
4.8860528819999995 0.3900968559640972
4.887404114 0.38923235353297897
4.888755345 0.38836358993133613
4.890106576999999 0.3874904391341554
4.891457808 0.38661383084596745
4.892809038999999 0.38573934584182457
4.894160271 0.3848658715848009
4.895511502000001 0.38399101871753294
4.896862734 0.3831148981339396
4.898213965 0.38224039129926685
4.899565197 0.38137080173089705
4.900916428 0.3805046720445987
4.902267660000001 0.37963993520437256
4.903618891 0.3787771256335718
4.904970122 0.37791957315420077
4.906321354 0.3770687777057785
4.907672585 0.37622318968106505
4.9090238170000005 0.37537894902369395
4.910375048 0.3745357027625994
4.91172628 0.3736970784310829
4.913077511 0.37286203973055076
4.914428742 0.3720278347016137
4.915779974 0.37118936741473463
4.917131205 0.37034575243255424
4.918482437 0.36949735102910497
4.919833668 0.36864477457523537
4.9211849 0.3677798626416855
4.922536131 0.36690004742768245
4.9238873629999995 0.36600431385356946
4.9252385940000005 0.3650918129190853
4.926589825 0.3641640200940467
4.927941057 0.3632122184504868
4.929292288 0.3622337433900109
4.930643519999999 0.36122361550397253
4.931994751 0.3601821042621388
4.933345983000001 0.35910857025121223
4.934697214 0.35799301867359523
4.936048445 0.35683401095289696
4.937399677 0.35561955632186304
4.938750908 0.35435517592582966
4.94010214 0.35303367193946894
4.941453371 0.3518249829124621
4.942804603 0.3505831966083017
4.944155834 0.34905303902326623
4.945507066 0.34745321108881355
4.9468582969999995 0.34576941205087186
4.9482095280000005 0.34400679276045293
4.949560760000001 0.34215387759827137
4.950911991 0.3402089817295152
4.952263223 0.33817667229186343
4.953614453999999 0.3360449369784406
4.9549656859999995 0.33382476251694904
4.9563169170000005 0.33149438102104517
4.957668148 0.3290667465834275
4.95901938 0.3265353084685374
4.960370611 0.32390277171068027
4.961721843 0.3211725927361869
4.9630730739999995 0.318330806101949
4.964424306 0.3153953192807375
4.965775537000001 0.3123486117166861
4.967126769 0.3092129970063054
4.968478 0.30597730689983116
4.969829230999999 0.30264605786147764
4.971180463 0.2992292509019232
4.972531694000001 0.2957178422456739
4.973882926 0.2921339113147898
4.975234157 0.2884571731000481
4.976585389 0.2847111601425618
4.97793662 0.28088506054043516
4.979287852000001 0.27699317516865424
4.980639083 0.2730402757049962
4.981990314 0.26902500140426044
4.983341545999999 0.26496247460711614
4.984692777 0.26083933328769826
4.986044009 0.25668351594675703
4.98739524 0.2524848568961004
4.988746472 0.24825991120266083
4.990097703 0.24400624343649668
4.991448934 0.23972796659047219
4.992800166 0.23543708677659225
4.9941513969999995 0.23112976024185594
4.995502629 0.22682611105273315
4.99685386 0.22251235479579745
4.998205092 0.2182052822517781
4.999556323 0.2139014601662621
5.0009075549999995 0.209632133582215
5.0022587860000005 0.2053891524975493
5.003610017 0.20116082663774537
5.004961249 0.1969564267262098
5.006312479999999 0.19276923096469473
5.007663711999999 0.18861724295031845
5.009014943 0.18469342420097717
5.010366175 0.18060092843632222
5.011717406 0.17654219470103727
5.013068637 0.17252079679411292
5.014419869 0.1685416475956703
5.0157711 0.1646027081590984
5.017122332 0.1607113719099048
5.018473563 0.15686032711456857
5.019824795000001 0.15305934080306785
5.021176026 0.1493035211936525
5.022527258 0.1455994050698679
5.0238784889999994 0.14194390987074879
5.0252297200000005 0.1383370471530776
5.026580952000001 0.13478028375124956
5.027932183 0.1312705641319531
5.029283415 0.12781424395610796
5.030634646 0.12440336005469108
5.031985878 0.12104393209560768
5.033337109 0.11772777796789327
5.034688341 0.11446044965049491
5.036039572 0.1112393469335328
5.037390803 0.10806552344125561
5.038742035 0.10493871257413041
5.0400932659999995 0.1018551018529749
5.041444498 0.09882002066093053
5.042795729000001 0.09582689642411103
5.044146961 0.09288461841147289
5.045498192 0.08998378432418977
5.046849422999999 0.08713050342631021
5.048200655 0.08432000499638494
5.049551886000001 0.08155544614685167
5.050903118 0.07883642083950657
5.052254349 0.07616121325671461
5.053605581 0.07353278884910636
5.054956812 0.07094564101830542
5.056308044000001 0.06840815728763305
5.057659275 0.06591294663405063
5.059010506 0.06346799614411198
5.060361737999999 0.06106601236649875
5.061712969 0.058712489621252036
5.063064201 0.056406382404797596
5.064415432 0.054165257949277644
5.065766664 0.05197309123146582
5.067117895 0.04982810041379239
5.068469126 0.04773509972917672
5.069820358 0.04568994236966713
5.0711715889999995 0.04370048868511181
5.072522821 0.041761831889339254
5.073874052 0.039879781028242106
5.075225284 0.038050299154879036
5.076576515 0.03627693796600931
5.0779277469999995 0.03459359376993809
5.0792789780000005 0.03293230083519812
5.080630209 0.03132491911644832
5.081981441 0.02977259549641177
5.083332671999999 0.028277295070189182
5.084683904 0.026836108752862124
5.086035135 0.02545217815763472
5.087386367 0.0241221751207164
5.088737598 0.022847871142771602
5.090088829 0.02162653128502013
5.091440061 0.020458874224449194
5.092791292 0.019343258179320515
5.094142524 0.018279138714258153
5.095493755000001 0.017265203122898386
5.096844987000001 0.01629976017443967
5.098196218 0.015381929266180733
5.09954745 0.014509641314999547
