microns throughput
2.0004663860000003 8.067207004922973e-15
2.002074478 1.4565999487228407e-13
2.00368257 1.392318080970679e-12
2.005290662 1.4722469590399075e-12
2.006898754 1.8085917331039214e-12
2.008506846 1.80453215949965e-12
2.010114938 1.3659835763072966e-12
2.01172303 6.975747750499321e-13
2.013331122 2.480409569850725e-13
2.014939214 1.03021635578711e-13
2.016547306 8.819608100026938e-14
2.018155398 2.244028483684475e-13
2.01976349 4.4369390332945445e-13
2.021371582 3.213240189241882e-13
2.022979674 3.115328462636772e-13
2.0245877660000002 4.5198523125449623e-13
2.026195858 1.26577340178826e-13
2.027803949 1.8889386453061276e-14
2.029412041 3.2971479840705086e-14
2.031020133 2.4418719877001887e-13
2.032628225 4.345767338929721e-13
2.034236317 4.5437997565673613e-13
2.035844409 5.703100770734012e-13
2.037452501 7.366936049061466e-13
2.039060593 8.7300331305925e-13
2.040668685 1.0566282718153457e-12
2.042276777 5.454142664324296e-13
2.0438848689999998 3.4452598880318686e-13
2.045492961 3.880557257608557e-13
2.047101053 6.190251450398307e-13
2.0487091449999997 6.113699624061684e-13
2.0503172370000002 5.526673865949277e-13
2.0519253290000004 6.422824008388396e-13
2.053533421 9.531516699105483e-13
2.055141513 8.566335059409145e-13
2.056749605 1.0140702868027765e-12
2.058357697 1.3870751635924942e-12
2.059965788 1.5343991966313122e-12
2.06157388 1.5069222164145311e-12
2.0631819719999998 1.496794811690553e-12
2.064790064 1.1747088135343093e-12
2.066398156 7.821202319412298e-13
2.068006248 5.876902736728315e-13
2.06961434 7.844639142754612e-13
2.071222432 1.5724490942464127e-12
2.072830524 1.420027873275883e-12
2.074438616 1.6093305223208235e-12
2.076046708 2.4113318677809305e-12
2.0776548 2.896544713171536e-12
2.079262892 1.5992484358993053e-12
2.080870984 1.353085196483086e-12
2.0824790760000003 2.143395367245914e-12
2.084087168 3.6451912727504085e-12
2.08569526 4.731452258687258e-12
2.0873033519999997 8.914821917064749e-12
2.088911444 9.970734501732857e-12
2.090519536 1.2320568166642201e-11
2.092127627 1.5387476055833316e-11
2.0937357189999997 2.1208095665824684e-11
2.0953438110000002 1.6623786522062595e-11
2.0969519030000003 1.4901024887759445e-11
2.098559995 2.056981324463674e-11
2.100168087 3.6232577587786435e-11
2.101776179 3.401594017880123e-11
2.103384271 2.9077770549080074e-11
2.104992363 2.035812123259106e-11
2.1066004549999997 1.9543813901982438e-11
2.1082085470000003 2.9306993663420755e-11
2.109816639 2.362856923274447e-11
2.111424731 1.3964929790431403e-11
2.113032823 1.2869097933212939e-11
2.114640915 5.267595134581168e-11
2.116249007 6.51995594963776e-11
2.1178570989999996 1.0663315658993862e-10
2.1194651909999997 2.8602310448103318e-11
2.1210732830000003 2.615748962627077e-11
2.122681375 4.727345945010247e-11
2.124289466 8.809088471827568e-11
2.125897558 8.263666765744763e-11
2.1275056500000002 5.979877207069448e-11
2.129113742 4.715352066130451e-11
2.130721834 4.6215706472615924e-11
2.1323299259999997 5.775165457824139e-11
2.133938018 3.764157809455262e-11
2.1355461100000004 3.319805762383957e-11
2.137154202 3.435155197302658e-11
2.138762294 5.271247920776398e-11
2.140370386 6.109975257775151e-11
2.141978478 7.388496024773922e-11
2.14358657 6.310653493410083e-11
2.1451946619999998 5.043771505436553e-11
2.146802754 4.414475546817885e-11
2.1484108460000004 4.4765991140710205e-11
2.150018938 5.117818182002889e-11
2.15162703 4.396195315323551e-11
2.153235122 4.793723585341884e-11
2.154843214 5.378987368209309e-11
2.156451305 7.610754971118839e-11
2.158059397 5.7105760113960135e-11
2.159667489 4.9516984238685555e-11
2.161275581 5.140591961830158e-11
2.1628836729999996 6.301687482369759e-11
2.164491765 7.67980769027938e-11
2.1660998570000003 6.951208106178448e-11
2.167707949 7.285902032693709e-11
2.169316041 5.665682075466792e-11
2.170924133 4.87788843855795e-11
2.172532225 5.696003572475389e-11
2.174140317 8.207017460155639e-11
2.1757484089999997 6.239196791130574e-11
2.177356501 3.638941996201238e-11
2.1789645930000003 2.853912817295785e-11
2.180572685 4.895749063742262e-11
2.182180777 1.167102507160077e-10
2.183788869 9.212815110498386e-11
2.185396961 8.417686683189426e-11
2.187005053 9.520868522272686e-11
2.1886131449999997 1.1812530011748383e-10
2.1902212359999997 1.1516668121441381e-10
2.191829328 9.804450426246717e-11
2.1934374200000004 1.1163793549578062e-10
2.195045512 9.372885355309946e-11
2.196653604 8.76329216807475e-11
2.198261696 6.976079504772411e-11
2.199869788 6.843705635874059e-11
2.20147788 5.404412600620183e-11
2.203085972 4.196954246927209e-11
2.204694064 3.8617307537832234e-11
2.206302156 5.751884242072343e-11
2.207910248 2.1110807680390593e-10
2.2095183400000002 1.4267942814637842e-10
2.211126432 1.2525628617566944e-10
2.212734524 1.3572322444748822e-10
2.2143426159999997 2.2965004900939977e-10
2.215950708 8.138046735791563e-10
2.2175588 8.3528255618499e-10
2.219166892 1.0546372066508381e-09
2.220774984 9.617161365733564e-10
2.222383075 9.535238465202576e-10
2.2239911670000003 1.1150230384485519e-09
2.225599259 1.4158503342181404e-09
2.227207351 2.306416366006426e-09
2.228815443 2.080486262328977e-09
2.230423535 1.844064615862272e-09
2.232031627 2.2223842852399013e-09
2.2336397189999997 3.302084433388759e-09
2.2352478110000003 5.112006611753025e-09
2.236855903 5.725320397748143e-09
2.238463995 6.6038181065006e-09
2.240072087 1.0150322381755822e-08
2.241680179 1.6285411095812283e-08
2.243288271 2.3456162126224357e-08
2.2448963629999996 3.0523496872413145e-08
2.2465044549999997 4.016299599330739e-08
2.2481125470000003 5.4212476707551895e-08
2.249720639 7.355783016541326e-08
2.251328731 9.927691089980486e-08
2.252936823 1.3346131268722205e-07
2.2545449140000002 1.7719333022324948e-07
2.256153006 2.2488189867289307e-07
2.257761098 2.8443472752496435e-07
2.2593691899999997 3.475674267823626e-07
2.260977282 4.195023399580188e-07
2.262585374 4.899392002246154e-07
2.264193466 5.42678358627439e-07
2.265801558 5.958963055787416e-07
2.2674096500000003 6.491512822411136e-07
2.269017742 7.011615807857768e-07
2.270625834 7.400891779760144e-07
2.2722339259999997 7.598563765410013e-07
2.273842018 7.769455924016141e-07
2.2754501100000004 8.070187506815319e-07
2.277058202 8.378232423890727e-07
2.278666294 8.689552090657661e-07
2.280274386 9.020453893671094e-07
2.281882478 9.391527723845529e-07
2.28349057 9.697195986893884e-07
2.285098662 1.0041363750371443e-06
2.286706753 1.0521074612249028e-06
2.288314845 1.1151863821010636e-06
2.2899229369999996 1.189201440679097e-06
2.291531029 1.2549397499146568e-06
2.2931391210000003 1.3305563930298098e-06
2.294747213 1.4308715628374506e-06
2.296355305 1.5646108824113985e-06
2.297963397 1.7206574941808081e-06
2.299571489 1.8578973570285241e-06
2.301179581 2.0096282563591862e-06
2.3027876729999996 2.2119535507899137e-06
2.304395765 2.4922646536747476e-06
2.3060038570000003 2.829473309209442e-06
2.307611949 3.2061780604286282e-06
2.309220041 3.6503586047889968e-06
2.310828133 4.202117174395959e-06
2.312436225 4.904410188531556e-06
2.314044317 5.75971218121998e-06
2.3156524089999997 6.8467188325315154e-06
2.3172605010000003 8.191473564332388e-06
2.318868592 9.780064800767494e-06
2.3204766840000004 1.1384895687854567e-05
2.322084776 1.3166963992897882e-05
2.323692868 1.530981199388715e-05
2.32530096 1.7757856113301215e-05
2.326909052 2.0353318480864714e-05
2.328517144 2.2569750578938568e-05
2.3301252359999998 2.4740717069827734e-05
2.331733328 2.7183024472220908e-05
2.33334142 3.01532328995354e-05
2.334949512 3.316009325500646e-05
2.3365576040000002 3.518180980026824e-05
2.338165696 3.6602713021447914e-05
2.339773788 3.760560372866695e-05
2.3413818799999997 3.876625486694825e-05
2.342989972 3.957665368379741e-05
2.344598064 4.012506943956166e-05
2.346206156 4.057688820623456e-05
2.347814248 4.09490802835433e-05
2.3494223400000003 4.0677819993196e-05
2.3510304310000003 4.0365884280486153e-05
2.352638523 4.034224512219024e-05
2.354246615 4.130011498770851e-05
2.3558547069999998 4.243735112579364e-05
2.357462799 4.3075126961014466e-05
2.359070891 4.315461476440956e-05
2.3606789829999997 4.349038748051382e-05
2.3622870750000002 4.57236237633866e-05
2.363895167 4.847669017346439e-05
2.365503259 5.0932830833109945e-05
2.367111351 5.1606506252486547e-05
2.368719443 5.21806369349004e-05
2.370327535 5.211290999769446e-05
2.371935627 5.137423915206325e-05
2.3735437189999997 5.042615846038024e-05
2.3751518110000003 4.692759287860918e-05
2.376759903 4.304844243589623e-05
2.378367995 3.923439102114443e-05
2.379976087 3.349457421362152e-05
2.381584179 2.8650897854468167e-05
2.383192271 2.494351307998311e-05
2.384800362 2.2409364715605104e-05
2.3864084539999997 2.0157925569033624e-05
2.388016546 1.6705795144857875e-05
2.389624638 1.32378931927288e-05
2.39123273 1.0539114328336839e-05
2.392840822 9.248155367290634e-06
2.3944489140000003 8.313340952868567e-06
2.396057006 6.737787875364416e-06
2.397665098 3.912277544487432e-06
2.3992731899999997 2.7755747634764753e-06
2.400881282 1.8867244898510499e-06
2.4024893740000004 1.4379648938598202e-06
2.404097466 1.5191741149060749e-06
2.405705558 1.2854190396861585e-06
2.40731365 9.861354466063903e-07
2.408921742 8.181524723043863e-07
2.410529834 1.745938344703113e-07
2.4121379259999998 2.897050828230537e-07
2.413746018 9.413202946684155e-07
2.41535411 9.22804081164829e-07
2.416962201 1.076240888713629e-06
2.418570293 1.2017677322393685e-06
2.4201783850000003 4.783150149303169e-07
2.421786477 2.9467208054935593e-07
2.423394569 3.012346167492403e-07
2.425002661 5.470650195398823e-07
2.426610753 1.332798103357387e-06
2.428218845 1.3242710296135485e-06
2.4298269369999996 9.614228413388172e-07
2.431435029 8.495254427197706e-07
2.4330431210000003 9.940667236095006e-07
2.434651213 1.3803574898343783e-06
2.436259305 2.6116533634179767e-06
2.4378673969999998 2.1640896462240776e-06
2.439475489 2.1832952344276286e-06
2.441083581 2.353820698595175e-06
2.4426916729999997 2.049868233410607e-06
2.4442997650000002 1.9153133062278462e-06
2.4459078570000004 2.0093861803764283e-06
2.447515949 2.2768217951289603e-06
2.44912404 2.6500505626804917e-06
2.450732132 2.344138156055247e-06
2.452340224 1.7183970459817604e-06
2.453948316 1.5235872618341652e-06
2.455556408 1.5170096003228501e-06
2.4571644999999998 1.6580378399970139e-06
2.458772592 1.980344241340818e-06
2.460380684 1.1869562456379975e-06
2.461988776 6.640108892571951e-07
2.463596868 4.912378531036705e-07
2.46520496 4.3785296778238065e-07
2.466813052 5.766187809337446e-07
2.468421144 1.4936963594379607e-06
2.470029236 1.849763830801759e-06
2.471637328 1.8400416412232568e-06
2.47324542 2.2528022902859205e-06
2.474853512 2.3796533887715015e-06
2.4764616040000003 2.5270009153371976e-06
2.478069696 3.2444726162123476e-06
2.479677788 2.6443838299334135e-06
2.481285879 2.4139446268984967e-06
2.4828939709999998 2.440953990963076e-06
2.484502063 1.4571666873021296e-06
2.486110155 1.149941210380265e-06
2.4877182469999997 1.009331163010719e-06
2.489326339 9.86000951175496e-07
2.4909344310000003 1.1510407727714092e-06
2.492542523 2.220074966813992e-06
2.494150615 1.5723943324731756e-06
2.495758707 1.165867077087141e-06
2.497366799 9.029178646717499e-07
2.498974891 1.12965453546612e-06
2.499778162 4.576972032509656e-06
2.5011293930000003 4.409050088181769e-06
2.502480624 2.69299300562594e-06
2.5038318559999997 3.0472859526488165e-06
2.505183087 3.017005427498773e-06
2.506534319 4.799821885263415e-06
2.50788555 6.305219492297188e-06
2.509236782 4.322751856515325e-06
2.510588013 2.429647642698527e-06
2.511939244 3.8239515860464975e-06
2.5132904760000003 3.623137415735069e-06
2.514641707 3.991647722192942e-06
2.515992939 3.89047777142917e-06
2.51734417 4.257401148873684e-06
2.5186954019999996 3.1994874134117203e-06
2.5200466329999998 4.073285288502882e-06
2.521397865 2.71866405384172e-06
2.522749096 4.410234505647999e-06
2.524100327 3.5361003250313103e-06
2.525451559 3.96838006061417e-06
2.52680279 5.308236299637678e-06
2.5281540220000003 5.244658329889034e-06
2.529505253 3.3035690090258592e-06
2.5308564849999997 2.3835724553353336e-06
2.532207716 1.013406009924053e-06
2.533558948 1.1246906688981315e-06
2.534910179 2.928845965685949e-06
2.5362614100000003 2.7701378649544995e-06
2.537612642 4.4463385520878375e-06
2.538963873 4.69364910505512e-06
2.5403151050000004 2.910069615201676e-06
2.5416663359999996 3.368624294418031e-06
2.5430175680000002 5.040699105725387e-06
2.544368799 2.5942091643585146e-06
2.54572003 2.715741697661173e-06
2.547071262 1.45716959613901e-06
2.548422493 3.6568274834481964e-07
2.549773725 2.262657645925546e-06
2.551124956 1.5252199584299164e-06
2.552476188 4.001534295498808e-07
2.553827419 1.7181425263855285e-06
2.5551786510000003 4.142383363736107e-06
2.556529882 4.156581972566319e-06
2.557881113 5.725609480481966e-06
2.559232345 4.343963301588458e-06
2.560583576 4.5503857303778565e-06
2.561934808 5.769125883996041e-06
2.5632860390000003 1.915488528304486e-06
2.564637271 1.603629146989496e-06
2.565988502 2.8366011032264076e-06
2.567339733 3.735746465195718e-06
2.5686909649999996 2.760414853262821e-06
2.5700421959999997 3.5880197284598675e-06
2.571393428 4.5008944540007725e-06
2.572744659 3.92438719558514e-06
2.574095891 1.3899524132762309e-06
2.575447122 4.219129838617928e-06
2.576798354 5.27290164420985e-06
2.5781495850000002 3.025719940387313e-06
2.5795008160000004 1.4407908059122634e-06
2.580852048 9.472863861694187e-07
2.582203279 1.7142182524655145e-06
2.583554511 3.548064603462974e-06
2.584905742 5.756766984293053e-06
2.586256974 3.478059422255422e-06
2.587608205 3.977052066974863e-06
2.588959437 1.274357086272546e-06
2.590310668 3.4094787008402494e-06
2.591661899 2.9811769239478224e-06
2.593013131 2.0220710374113594e-06
2.594364362 4.952333103828242e-06
2.5957155939999996 5.284176746239315e-06
2.5970668249999997 2.450102576996934e-06
2.598418057 3.4124858521446697e-06
2.599769288 5.5258707000668935e-06
2.601120519 4.622060940909854e-06
2.602471751 3.4367589593113445e-06
2.603822982 1.0577282868850846e-06
2.6051742140000003 3.2766810937996286e-06
2.6065254450000004 3.813158547050954e-06
2.607876677 2.4385481598055363e-06
2.609227908 1.6930486954212355e-06
2.61057914 2.8770832178731643e-06
2.611930371 1.9979403044776055e-06
2.613281602 4.320832604576634e-06
2.614632834 7.576196587723869e-06
2.615984065 5.29089470264163e-06
2.617335297 4.5825717658634314e-06
2.618686528 2.232939757886876e-06
2.62003776 8.721449229839067e-07
2.621388991 2.0903030612251186e-06
2.622740222 8.276495657227571e-07
2.6240914539999998 1.3955234165100085e-06
2.625442685 3.49392057991601e-06
2.626793917 2.087545930448527e-06
2.628145148 1.0664174617155004e-06
2.62949638 1.180410975556821e-06
2.630847611 1.3144640111696519e-06
2.6321988430000003 3.0049312121738153e-06
2.6335500740000004 2.9744035398503466e-06
2.634901305 1.6442461593273212e-06
2.636252537 1.6315994050651187e-06
2.637603768 3.3646428007782075e-06
2.6389549999999997 3.3081423308426396e-06
2.640306231 3.1423033668090885e-06
2.641657463 1.7756497802933603e-06
2.643008694 8.09054723587681e-07
2.6443599250000003 1.0908588820715151e-06
2.645711157 2.148847201650566e-06
2.6470623879999997 1.91469452528334e-06
2.64841362 4.4238805766702936e-06
2.649764851 6.097587277942306e-06
2.651116083 1.7109606436565605e-06
2.652467314 1.8361245405724632e-06
2.653818546 1.4431172659614358e-06
2.6551697770000002 1.7558383514679343e-06
2.6565210080000004 3.766846767867627e-06
2.65787224 3.958892923979805e-06
2.659223471 3.152005712680984e-06
2.6605747030000004 3.655495623197357e-06
2.6619259339999997 1.3674718493921478e-06
2.663277166 6.83674189054223e-07
2.664628397 1.9017362382597432e-06
2.6659796289999997 1.1183590269092594e-06
2.66733086 1.1362863644989207e-06
2.668682091 4.341561682319084e-06
2.670033323 1.9141088794013366e-06
2.6713845540000003 1.641485690449148e-06
2.672735786 1.8114328912167031e-06
2.6740870169999997 1.3565425695017514e-06
2.675438249 1.3892598050623988e-06
2.67678948 1.6178879699217824e-06
2.678140711 1.813456979086377e-06
2.679491943 7.958558649226822e-07
2.680843174 3.087987663998832e-06
2.6821944060000003 5.06562523630777e-06
2.6835456370000004 3.6154794162036435e-06
2.684896869 1.887915654079815e-06
2.6862481 5.396976795340148e-06
2.6875993319999996 2.4750481235960505e-06
2.6889505629999997 7.974997693879427e-07
2.690301794 4.503205899155634e-09
2.691653026 1.1787303674578456e-06
2.693004257 1.7948751494561608e-06
2.694355489 4.2350382441185596e-06
2.69570672 3.186675535826404e-06
2.697057952 3.1742535252752714e-06
2.6984091830000003 1.6278673542317847e-06
2.699760414 1.3636311167329585e-06
2.7011116459999998 5.246728839710716e-07
2.702462877 1.5846583846026598e-06
2.703814109 3.8685415468356734e-06
2.70516534 2.9698550654021294e-06
2.706516572 2.2264442385455135e-06
2.707867803 1.6375246178192636e-06
2.7092190350000003 4.68844539258779e-08
2.7105702660000004 1.2997231304456111e-08
2.7119214969999996 1.1822089083670048e-06
2.713272729 2.5711420397225847e-06
2.71462396 3.003961373189646e-06
2.7159751919999997 2.2124606085883637e-06
2.717326423 1.0958021627833659e-06
2.718677655 1.9563719089568454e-06
2.720028886 2.6032602470008945e-06
2.7213801170000003 1.6098574361574592e-06
2.722731349 2.7255642442997706e-06
2.7240825799999997 1.1212582498333737e-06
2.7254338120000003 8.616866268188728e-07
2.726785043 9.565372313773442e-07
2.7281362749999998 6.6753585383916e-07
2.729487506 7.134846604356411e-07
2.730838738 2.455551442615206e-06
2.732189969 4.3855150194354284e-06
2.7335412000000003 1.8954325142607026e-06
2.734892432 1.5064804757976953e-06
2.736243663 1.1422733060550127e-06
2.737594895 1.1137688364653915e-06
2.7389461259999996 1.9917251349304545e-06
2.740297358 2.554117265394656e-06
2.741648589 2.5286404449206236e-06
2.7429998209999997 1.2728068482628171e-06
2.744351052 7.480239162583008e-07
2.745702283 2.576378682896926e-06
2.747053515 3.4440427546094964e-06
2.7484047460000003 2.2385251949111143e-06
2.749755978 2.224230010674586e-06
2.7511072089999997 3.2670004567460444e-06
2.7524584410000004 1.0994274157182562e-06
2.753809672 6.30850006744014e-08
2.755160903 1.4007640949634235e-06
2.756512135 3.699805673616355e-06
2.757863366 4.426319000225847e-06
2.7592145980000002 2.174006020815016e-06
2.760565829 2.2296709568249204e-06
2.761917061 4.294408765437805e-06
2.7632682920000002 2.6012009324324202e-06
2.764619524 1.0912706177292001e-06
2.7659707549999997 7.21074767060335e-07
2.767321986 1.7167394414683735e-06
2.768673218 1.9249230641625124e-06
2.770024449 1.805188766888964e-06
2.771375681 1.0721692694099903e-06
2.772726912 2.284108944810683e-06
2.774078144 1.193777325652143e-06
2.7754293750000003 1.57129610817312e-06
2.776780606 1.8927625443920521e-06
2.7781318379999997 3.230841116128749e-06
2.779483069 2.4298824068818423e-06
2.780834301 1.5593879798522472e-06
2.782185532 4.792186644332063e-06
2.783536764 5.9907487599295675e-06
2.784887995 4.0449881081591565e-06
2.786239227 3.285960067607965e-06
2.787590458 3.331902329754916e-06
2.788941689 6.903162941298336e-06
2.7902929210000003 1.0110020612350212e-05
2.791644152 9.770681072964168e-06
2.7929953839999997 6.198549405673844e-06
2.794346615 4.420520543507348e-06
2.795697847 2.6049323255873344e-06
2.797049078 4.952987873684914e-07
2.7984003090000003 7.411887177830365e-08
2.799751541 1.1134568792860735e-06
2.801102772 1.4665890823718077e-06
2.8024540040000003 8.494234108971009e-07
2.803805235 5.082139196768728e-07
2.8051564669999998 1.6229729871012936e-06
2.806507698 1.5209917959750748e-06
2.80785893 1.0397806906133853e-06
2.8092101609999998 5.774229264608067e-09
2.810561392 7.514263296608507e-07
2.811912624 1.1586045699986296e-06
2.813263855 4.862179337154377e-07
2.814615087 1.3362316943767527e-07
2.8159663179999996 4.5478453625098874e-09
2.8173175500000003 1.5753443711537116e-07
2.818668781 1.5389847292885396e-07
2.8200200129999997 1.7448843715394668e-06
2.821371244 2.425749395644243e-06
2.822722475 8.200109782550894e-07
2.824073707 1.3922519525534594e-06
2.8254249380000003 2.966359716525809e-06
2.82677617 2.6207593683567406e-06
2.828127401 8.408383922575304e-07
2.8294786330000004 5.643911623497311e-08
2.830829864 1.3362088831489562e-06
2.8321810949999997 5.467184967456071e-07
2.833532327 6.707562823061014e-07
2.834883558 1.619158975229847e-06
2.83623479 3.190105307246318e-06
2.837586021 1.6594100316581704e-06
2.838937253 1.6927113258181091e-06
2.8402884840000002 1.2659087369267298e-06
2.841639716 5.178419462673421e-07
2.8429909469999997 1.7799433795158744e-06
2.8443421779999998 1.2220742624269132e-06
2.84569341 7.448027534371359e-07
2.847044641 9.73871080725728e-07
2.848395873 3.841899747307794e-07
2.849747104 3.5668162058516243e-07
2.851098336 8.144992460774671e-07
2.8524495670000003 5.52483019459941e-09
2.8538007980000004 1.791410121458947e-07
2.85515203 2.3226420351559172e-07
2.856503261 2.0484682919737578e-06
2.8578544929999996 1.2959668175847102e-06
2.8592057239999997 2.2712235247701374e-07
2.860556956 1.2180635034880103e-06
2.861908187 4.6578171007555035e-07
2.863259419 1.908326402027068e-08
2.86461065 6.504909273745481e-08
2.865961881 1.3255304255014164e-06
2.8673131130000002 1.5195736764585317e-07
2.868664344 5.052285217547672e-07
2.8700155759999997 1.0970239702244571e-06
2.871366807 2.1744582188140863e-06
2.872718039 2.2066855271233882e-06
2.87406927 9.557133210604544e-07
2.8754205010000002 2.5714781866561037e-07
2.876771733 7.534438355648309e-07
2.878122964 3.0617798854447726e-06
2.8794741960000003 2.1246463282012655e-06
2.8808254270000004 9.007165586601278e-07
2.882176659 7.667656362219233e-07
2.88352789 3.6583153424854356e-06
2.8848791219999996 3.885629702057805e-06
2.8862303529999997 2.539646887283202e-06
2.887581584 9.176194680553119e-07
2.888932816 1.14254805121665e-06
2.890284047 1.5734060566055896e-06
2.891635279 8.962667279580186e-07
2.89298651 1.0443055055056654e-06
2.8943377420000003 2.769659799311064e-06
2.895688973 2.8904836082559597e-06
2.8970402049999997 1.6143027723354236e-06
2.898391436 4.6894112992971743e-07
2.899742667 1.1541423569686188e-06
2.901093899 1.3023619077987387e-06
2.9024451300000003 3.0839142507571446e-06
2.903796362 3.177364880879437e-06
2.905147593 2.139430317811477e-06
2.9064988250000003 3.3931197685195335e-06
2.907850056 1.5043404593769441e-06
2.9092012869999997 2.1507623147463912e-07
2.910552519 1.5381957309521607e-06
2.91190375 6.070838893018789e-07
2.9132549819999998 1.2624248720206206e-06
2.914606213 1.269799780094474e-06
2.915957445 7.059464602902314e-07
2.917308676 7.397224370241074e-08
2.918659908 1.5652907144914577e-06
2.920011139 9.115466473158281e-07
2.9213623699999998 1.440373661049744e-06
2.922713602 2.5317296017817055e-06
2.924064833 2.6071259581820265e-06
2.925416065 4.037050401161654e-06
2.926767296 1.8777201171571713e-06
2.928118528 1.1571701787444098e-06
2.9294697590000003 1.986455451466807e-06
2.93082099 3.005105870471956e-06
2.932172222 4.149777986963164e-06
2.933523453 2.3281594642976714e-06
2.934874685 1.5697417693763062e-06
2.9362259159999997 2.031510233196301e-06
2.937577148 2.5119821585784944e-06
2.938928379 2.8069650409315476e-06
2.940279611 9.3102679216258e-07
2.941630842 8.161724359053749e-07
2.942982073 1.0449322155972017e-06
2.9443333050000002 2.6436466243463824e-06
2.9456845360000004 6.849126566721311e-07
2.947035768 6.58374630864287e-07
2.948386999 5.483222485755668e-06
2.949738231 5.459614234910111e-06
2.951089462 4.140344385175014e-06
2.952440694 2.7968398745090944e-06
2.953791925 1.4725704214649108e-06
2.955143156 1.272431853141058e-06
2.956494388 3.5153318448540882e-06
2.957845619 4.827617698947715e-06
2.959196851 3.917306528497676e-06
2.960548082 3.7943325825891835e-06
2.9618993139999996 1.147551836346547e-06
2.9632505449999997 2.4096208788297526e-07
2.964601776 1.0055521748151251e-06
2.965953008 2.304314118734563e-06
2.967304239 1.1086528832798812e-06
2.968655471 8.463104785626853e-07
2.970006702 1.2270103058600909e-06
2.9713579340000003 1.8564786450746101e-06
2.9727091650000004 6.953575209717768e-07
2.974060397 5.749776984652018e-07
2.975411628 4.703585569376296e-07
2.976762859 8.639862253050998e-07
2.978114091 4.5562191854551253e-07
2.979465322 1.424144883817665e-06
2.980816554 3.8306667806294605e-06
2.982167785 5.324042421490006e-06
2.983519017 2.7023968236933886e-06
2.984870248 2.618267659154143e-06
2.9862214789999997 4.078328976468722e-06
2.987572711 2.6045703566623836e-06
2.988923942 2.62691703129123e-06
2.9902751739999998 2.3107990016211327e-06
2.991626405 2.8284221590844504e-06
2.992977637 2.9709563639323383e-06
2.994328868 2.1123955910268087e-06
2.9956801 1.3657378639934343e-06
2.997031331 3.3077891056138995e-06
2.9983825619999998 3.856875495996666e-06
2.9997337940000004 3.7283015110753347e-06
3.001085025 1.5232864085003867e-06
3.002436257 8.346246752848405e-07
3.003787488 4.828903298683132e-07
3.0051387199999997 1.2657375276330422e-06
3.006489951 3.848119562192491e-06
3.007841182 2.575715797828716e-06
3.009192414 3.1315983442401264e-06
3.0105436450000003 3.2677999866508127e-06
3.011894877 3.698798049250627e-06
3.0132461079999997 3.477812845858267e-06
3.01459734 2.6984716581091334e-06
3.015948571 2.472645711941627e-06
3.017299803 3.2890691177989364e-06
3.018651034 4.562597539847258e-06
3.020002265 1.8954161150600561e-06
3.021353497 2.178246576005203e-06
3.0227047280000003 1.3036126212131042e-06
3.02405596 2.1681073016661454e-06
3.0254071909999998 2.6838277033483718e-06
3.0267584230000004 1.3507386595003944e-06
3.0281096539999997 2.5455411824705388e-06
3.029460886 1.6512143301780045e-06
3.030812117 1.541505313951271e-06
3.032163348 2.4934202703245176e-06
3.03351458 2.4999574773951184e-06
3.034865811 2.617149512213943e-06
3.036217043 3.351257111145788e-06
3.0375682740000003 3.409126955675705e-06
3.038919506 3.908576922513262e-06
3.0402707369999997 2.757984061586446e-06
3.041621968 3.677028893278834e-06
3.0429732 3.2179456702078026e-06
3.044324431 2.957173957546191e-06
3.045675663 2.529274285252502e-06
3.047026894 1.5563179193594947e-06
3.0483781260000002 2.6262139529159854e-06
3.0497293570000004 3.138545612599221e-06
3.051080589 3.6752904234285274e-06
3.05243182 3.3339119143356785e-06
3.053783051 2.1152776512603447e-06
3.0551342829999997 1.8973639067999163e-06
3.056485514 1.8238196535863105e-07
3.057836746 4.7277710547542573e-07
3.059187977 2.023853073700622e-06
3.060539209 2.852760432774979e-06
3.06189044 2.8391197977073498e-06
3.063241671 2.743443839913415e-06
3.0645929030000003 1.8142005256323078e-06
3.065944134 6.819801118478795e-07
3.0672953659999997 8.250511304076714e-07
3.068646597 9.222420486747003e-07
3.069997829 9.279246522958162e-07
3.07134906 2.0947116227025864e-06
3.072700292 1.635634613580161e-06
3.074051523 2.409017007822556e-06
3.075402754 3.370182251705873e-06
3.0767539860000004 3.160955290047496e-06
3.0781052169999996 2.7894248752774563e-06
3.079456449 4.24380963604861e-06
3.08080768 7.98549962793814e-06
3.0821589119999997 1.0513523743346404e-05
3.083510143 1.0886422252273017e-05
3.084861374 7.871964595010664e-06
3.086212606 6.47987340180346e-06
3.0875638370000003 8.531535704447123e-06
3.088915069 1.132482852878331e-05
3.0902662999999997 1.4609700312360547e-05
3.0916175320000003 1.5747446197390773e-05
3.092968763 1.783763834757534e-05
3.0943199949999998 2.462052229213782e-05
3.095671226 3.198038811292976e-05
3.097022457 3.863071519474983e-05
3.098373689 4.2672078624050156e-05
3.0997249200000003 4.384040548580465e-05
3.101076152 4.440339523846826e-05
3.102427383 5.322305028425929e-05
3.103778615 6.372892336789813e-05
3.1051298459999996 6.527516717382683e-05
3.106481078 6.142575212279264e-05
3.107832309 5.497493504960733e-05
3.10918354 5.0361581702137666e-05
3.110534772 5.148291426378478e-05
3.111886003 5.993543414043778e-05
3.113237235 6.599568900119734e-05
3.1145884660000003 6.726663349524264e-05
3.115939698 6.438986155528334e-05
3.1172909289999997 5.8469307009278614e-05
3.11864216 5.073387677090756e-05
3.119993392 4.873081253439065e-05
3.121344623 5.4741177145170857e-05
3.122695855 5.9316990908282016e-05
3.124047086 5.7417294886100275e-05
3.1253983180000002 5.1854748905734826e-05
3.126749549 4.874068250073988e-05
3.128100781 5.263197704865587e-05
3.1294520120000002 6.280793430561523e-05
3.130803243 6.740619088879045e-05
3.1321544749999997 6.606478243372015e-05
3.133505706 6.7360741945417e-05
3.134856938 6.594787492208848e-05
3.136208169 6.320016450161536e-05
3.137559401 6.666000401389093e-05
3.138910632 7.461782442755199e-05
3.140261863 7.623713647014265e-05
3.1416130950000003 7.023908067270547e-05
3.142964326 6.180284869311195e-05
3.1443155579999997 5.5225570666641675e-05
3.145666789 5.315297647135703e-05
3.147018021 5.320714361928063e-05
3.148369252 5.175278322785901e-05
3.149720484 4.640597404809009e-05
3.151071715 3.826657382096597e-05
3.152422946 3.2377732249989585e-05
3.153774178 2.7447325348183615e-05
3.155125409 2.3596260747030625e-05
3.1564766410000002 2.14461271244924e-05
3.157827872 1.8316583585059996e-05
3.1591791039999997 1.6297473960968444e-05
3.160530335 1.62345584664746e-05
3.161881566 1.4074271529985373e-05
3.163232798 1.0164827129041866e-05
3.1645840290000002 7.565106503244245e-06
3.165935261 6.6753960876960785e-06
3.167286492 5.479411720532171e-06
3.1686377240000003 4.47660144925036e-06
3.169988955 6.191128890301834e-06
3.1713401869999998 5.9127451949354416e-06
3.172691418 4.817974899956202e-06
3.174042649 4.556894273942695e-06
3.1753938809999998 1.8092876321972293e-06
3.176745112 1.0129925065354271e-06
3.178096344 1.6555825041392649e-06
3.179447575 4.111537891410009e-06
3.180798807 5.695299287954019e-06
3.182150038 5.1659650998274715e-06
3.1835012700000003 4.136053291681564e-06
3.184852501 5.183102325862667e-06
3.186203732 7.129609436168282e-06
3.187554964 6.689161003864056e-06
3.188906195 5.263284636153756e-06
3.190257427 5.964557970553484e-06
3.1916086580000003 8.30857545603808e-06
3.19295989 7.596735101876656e-06
3.194311121 5.262855407442134e-06
3.195662352 5.290575483967677e-06
3.197013584 6.1462391228702865e-06
3.1983648149999997 5.6891602682591616e-06
3.199716047 2.049999649292891e-06
3.201067278 1.7656869772567022e-06
3.2024185099999998 3.735572634913611e-06
3.203769741 5.150106699271056e-06
3.205120973 5.772796694384021e-06
3.206472204 4.413932889397393e-06
3.207823435 2.3612054922074455e-06
3.209174667 2.7962491922356426e-06
3.2105258979999998 3.7010181916162345e-06
3.21187713 3.4103925802165226e-06
3.213228361 2.0442471691678757e-06
3.214579593 2.196552413162482e-06
3.215930824 3.2518024753178666e-06
3.217282055 2.19680022725262e-06
3.2186332870000003 1.2699367713618372e-06
3.2199845180000004 2.7367634056509735e-06
3.22133575 2.878736484870463e-06
3.222686981 3.0693939565171207e-06
3.2240382129999996 2.4989499017985043e-06
3.2253894439999997 3.7680205501668176e-06
3.226740676 4.960023225615259e-06
3.228091907 6.1384579641785115e-06
3.229443138 8.191694715501678e-06
3.23079437 9.338663591999389e-06
3.232145601 1.0360631568654565e-05
3.2334968330000002 1.0019613538293526e-05
3.234848064 6.607824646169255e-06
3.2361992959999997 5.7552458590687215e-06
3.237550527 5.155179708240438e-06
3.238901759 5.215201765088225e-06
3.24025299 4.949948593222878e-06
3.2416042210000002 5.85149034398865e-06
3.242955453 7.060931183157363e-06
3.244306684 4.965117320823447e-06
3.2456579160000003 3.5397083851201974e-06
3.2470091470000004 7.484960081250964e-07
3.248360379 1.1862859923629852e-06
3.24971161 3.1540096060312506e-06
3.251062841 1.937348035040067e-06
3.2524140729999997 1.8989517888617158e-06
3.253765304 5.86373584424256e-06
3.255116536 9.247969557351612e-06
3.256467767 7.306756132081529e-06
3.257818999 6.25983876253152e-06
3.25917023 5.49653605000236e-06
3.2605214620000003 4.973325227093362e-06
3.261872693 4.792663316202031e-06
3.263223924 3.2906900513107147e-06
3.264575156 4.769581424967287e-06
3.265926387 6.771475042229973e-06
3.267277619 8.904763360393839e-06
3.2686288500000003 7.740820323814785e-06
3.269980082 5.784885642609018e-06
3.271331313 5.364604719682642e-06
3.272682544 4.18087423328852e-06
3.274033776 2.1096326672224585e-06
3.2753850069999997 1.0933938121361726e-06
3.276736239 3.1256969266242545e-06
3.27808747 3.5267672744936253e-06
3.2794387019999998 3.3109277581635642e-06
3.280789933 3.2686058120563546e-06
3.282141165 2.7950414218266624e-06
3.283492396 3.0997868300652243e-06
3.2848436270000003 7.342253744642236e-07
3.286194859 1.2726483440315803e-08
3.2875460899999998 4.755914895400982e-09
3.288897322 3.388658350225659e-07
3.290248553 5.635896658678677e-06
3.291599785 1.0515631040526675e-05
3.292951016 7.2327479573917955e-06
3.294302247 3.351935473729734e-06
3.2956534790000003 1.2948990198781902e-06
3.29700471 8.393586862034542e-07
3.298355942 2.6318935539152237e-06
3.299707173 4.834481991865614e-06
3.301058405 6.759179719715688e-06
3.3024096359999997 7.489829766011443e-06
3.303760868 5.842471215234073e-06
3.305112099 2.3693323010003897e-06
3.30646333 2.5456290074825196e-06
3.307814562 1.4360285519042054e-06
3.309165793 2.125380952203385e-06
3.3105170250000002 7.1377885195540485e-06
3.3118682560000003 1.0809667076473295e-05
3.313219488 7.727000404743902e-06
3.3145707189999998 3.4535076770208225e-06
3.315921951 2.689778674099828e-06
3.317273182 4.521283026234423e-06
3.318624413 6.033280308458437e-06
3.319975645 5.304425797642095e-06
3.321326876 5.810904850590302e-06
3.322678108 3.404163558656865e-06
3.324029339 2.479803759886954e-06
3.325380571 1.8237635496544605e-06
3.326731802 1.9316015091766162e-06
3.328083033 1.3101928949734437e-06
3.3294342649999997 1.9525474522392793e-06
3.330785496 9.543305193804338e-07
3.332136728 4.8764478084943415e-09
3.333487959 2.6875008315195035e-08
3.334839191 1.9087357913231807e-06
3.336190422 2.950397433968251e-06
3.3375416540000002 1.2399152901532646e-06
3.3388928850000004 1.9805047960673814e-06
3.340244116 4.202517859136959e-06
3.341595348 3.966336987231865e-06
3.342946579 5.985259125368425e-06
3.344297811 6.063995656151912e-06
3.345649042 5.942332479683791e-06
3.347000274 7.672090741543865e-06
3.348351505 5.059674210206713e-06
3.3497027360000002 5.085827617053656e-06
3.351053968 6.612702682332201e-06
3.3524051989999997 5.186998559752356e-06
3.353756431 2.4325380355607e-06
3.355107662 1.2761679214478237e-06
3.3564588939999997 1.5436666165966398e-06
3.357810125 2.3227613944283424e-06
3.359161357 3.947574016584394e-06
3.360512588 5.408982261570437e-06
3.3618638190000003 6.153171329314247e-06
3.363215051 5.450826483394826e-06
3.3645662819999997 4.374709629563679e-06
3.3659175140000004 2.916713115361934e-06
3.367268745 2.4215683210294424e-06
3.368619977 2.126510888645459e-06
3.369971208 2.5953194726260123e-06
3.371322439 4.947590813038765e-06
3.372673671 6.019171879176286e-06
3.374024902 5.04774679445252e-06
3.375376134 4.663323726425596e-06
3.3767273650000003 2.366074681100267e-06
3.378078597 1.7611527283096033e-06
3.3794298279999997 1.8466229762918852e-06
3.38078106 2.2997943335665474e-06
3.382132291 2.165464754956868e-06
3.383483522 3.1704938196310007e-06
3.384834754 3.6293004791221403e-06
3.386185985 1.8079560728850954e-06
3.387537217 1.3801213309453203e-06
3.3888884480000003 2.1876919531304305e-06
3.39023968 5.628410748347185e-07
3.3915909109999998 8.951466286250877e-09
3.3929421430000004 4.927265597249053e-09
3.3942933739999996 4.923806307922044e-09
3.3956446049999998 1.633369654611374e-08
3.396995837 8.676024635726878e-07
3.398347068 2.0841253229522724e-06
3.3996983 3.84147902622619e-06
3.401049531 1.933043639087428e-06
3.402400763 9.730603059258315e-07
3.4037519940000003 1.3611708844126717e-06
3.405103225 1.4596552285572056e-06
3.4064544569999997 1.7092792250021487e-06
3.407805688 1.1838707090846291e-06
3.40915692 8.125639446834321e-07
3.410508151 2.057580140929795e-06
3.411859383 1.0609900307217739e-06
3.413210614 3.989929991918891e-07
3.4145618460000002 1.585568639897809e-06
3.4159130770000004 1.7340315950098876e-06
3.4172643079999996 3.213219676897839e-07
3.41861554 9.812068020548042e-07
3.419966771 1.17730510556804e-06
3.4213180029999997 3.8048973006459813e-07
3.422669234 1.158356508528702e-06
3.424020466 2.749996891298292e-06
3.425371697 2.37104905607097e-06
3.4267229280000002 2.8719793873313924e-06
3.42807416 1.16395771012373e-06
3.429425391 9.597464985589122e-07
3.4307766230000003 3.479189364807213e-06
3.432127854 4.181617315644684e-06
3.4334790859999997 3.6729227166673966e-06
3.434830317 1.8394205302893082e-06
3.436181549 2.805418772412396e-06
3.43753278 4.114366495738322e-06
3.4388840110000003 3.2569602229070904e-06
3.440235243 2.402145703371093e-06
3.441586474 2.540472120121865e-06
3.4429377060000004 2.8473603544692186e-06
3.4442889369999996 3.340543188033356e-06
3.445640169 3.476100966038472e-06
3.4469914 4.865639234552422e-06
3.448342631 4.747184988468334e-06
3.449693863 3.768859558704387e-06
3.451045094 3.488526856845791e-06
3.452396326 3.1381545540406914e-06
3.4537475570000002 2.1644655306308044e-06
3.455098789 2.7986236691952267e-06
3.45645002 5.034550038249313e-06
3.4578012520000003 7.856577120161867e-06
3.459152483 1.0473391887676577e-05
3.460503714 9.91213393127224e-06
3.461854946 8.185826648309932e-06
3.463206177 6.799938442039834e-06
3.464557409 6.052482182581205e-06
3.4659086400000003 5.779818938214519e-06
3.467259872 4.01586174480763e-06
3.468611103 4.138680352734393e-06
3.469962335 4.98907290928514e-06
3.4713135659999996 4.122911305872955e-06
3.4726647969999997 4.923634250044268e-06
3.474016029 4.038370101766296e-06
3.47536726 6.072604744696857e-06
3.476718492 5.979234923566596e-06
3.478069723 3.3273457951487573e-06
3.479420955 2.233757424121492e-06
3.4807721860000003 2.9782704825742568e-06
3.482123417 5.669450004350589e-06
3.483474649 8.792273723119679e-06
3.48482588 1.233280566881943e-05
3.486177112 1.5249884235598634e-05
3.487528343 1.7360965225781555e-05
3.488879575 2.01735956027628e-05
3.490230806 2.2062291539132272e-05
3.491582038 2.5392252095529334e-05
3.492933269 3.0003897375567352e-05
3.4942845 3.2323940500824405e-05
3.495635732 3.367210368243241e-05
3.496986963 3.552217078802076e-05
3.4983381949999997 3.9198990825930735e-05
3.4996894259999998 4.441276991258228e-05
3.501040658 4.8067280586533567e-05
3.502391889 4.970042350503931e-05
3.50374312 4.716926187924882e-05
3.505094352 4.2697205190443576e-05
3.506445583 4.085353966311928e-05
3.5077968150000003 3.948932370150781e-05
3.509148046 3.863393139135522e-05
3.5104992779999997 3.8965983601627566e-05
3.511850509 3.9106481485327534e-05
3.513201741 3.8057598295419695e-05
3.514552972 3.3926464480184844e-05
3.515904203 2.970554339303315e-05
3.517255435 2.8663398636017872e-05
3.518606666 2.6716609010943736e-05
3.519957898 2.2839158033591116e-05
3.521309129 1.8172917611168366e-05
3.5226603610000002 1.278207357013489e-05
3.524011592 9.131983895403516e-06
3.5253628239999997 7.159399063700741e-06
3.526714055 8.254338978579812e-06
3.528065286 8.853154176533707e-06
3.529416518 8.184357628140789e-06
3.5307677490000002 9.683807940814253e-06
3.532118981 1.1960181942010425e-05
3.533470212 1.2086895915842777e-05
3.5348214440000003 9.483257356504763e-06
3.536172675 7.239656029532622e-06
3.537523906 4.132470632545986e-06
3.538875138 3.838448021010884e-06
3.540226369 5.977385473709218e-06
3.5415776009999997 8.431741782866883e-06
3.542928832 9.936696218889558e-06
3.544280064 8.666022743916945e-06
3.545631295 6.368656936087581e-06
3.546982527 4.698460786590848e-06
3.548333758 3.6507732400431777e-06
3.5496849889999997 1.7690254446763108e-06
3.551036221 2.1556114509264795e-06
3.552387452 3.1802470857260526e-06
3.553738684 3.96111480436838e-06
3.555089915 6.919304355377281e-06
3.556441147 1.0294353186381725e-05
3.5577923780000003 9.180908191660694e-06
3.5591436090000004 6.692738813059442e-06
3.560494841 6.258791661805173e-06
3.561846072 8.11113600023825e-06
3.563197304 1.0099461414969305e-05
3.5645485349999997 9.009199280781384e-06
3.565899767 7.011817193825136e-06
3.567250998 6.698139925590541e-06
3.5686022299999998 7.152067215237736e-06
3.569953461 7.044364045136246e-06
3.571304692 7.295651228620518e-06
3.572655924 6.462430149448362e-06
3.574007155 6.094507153220018e-06
3.575358387 5.215881777306623e-06
3.5767096179999998 3.640184105793035e-06
3.57806085 2.243016593071912e-06
3.579412081 2.800980089895534e-06
3.580763312 3.8023461300763925e-06
3.582114544 4.394081095109025e-06
3.583465775 2.9556030632804034e-06
3.5848170070000003 2.144008400486263e-06
3.5861682380000004 3.1233697146136064e-06
3.58751947 5.222934311814017e-06
3.588870701 6.420046949702914e-06
3.5902219329999996 6.865185266324669e-06
3.5915731639999997 5.450942550477004e-06
3.592924395 4.162377830735112e-06
3.594275627 5.032217299603893e-06
3.595626858 5.35965686469062e-06
3.59697809 3.7060637822389417e-06
3.598329321 3.900884517881e-06
3.5996805530000002 6.398366691519116e-06
3.601031784 8.763849374672991e-06
3.602383016 1.0092586090392528e-05
3.603734247 1.102232147481993e-05
3.605085478 1.083413772218582e-05
3.60643671 1.0686898592642277e-05
3.607787941 8.949238183580012e-06
3.609139173 7.277937233844224e-06
3.610490404 8.278601643639196e-06
3.6118416360000003 1.0432513355135102e-05
3.6131928670000004 1.0307572126804786e-05
3.6145440979999997 7.932189123764365e-06
3.61589533 5.857344715215577e-06
3.617246561 6.6916319373915305e-06
3.6185977929999997 5.308255403760033e-06
3.619949024 4.2253135137354755e-06
3.621300256 4.2925461685064145e-06
3.622651487 5.498594269025444e-06
3.624002719 7.156357293200462e-06
3.62535395 8.094610738644376e-06
3.6267051809999997 9.984380300619914e-06
3.628056413 1.2110982774260503e-05
3.629407644 1.3069079102297337e-05
3.630758876 1.2027586674883236e-05
3.632110107 1.0434833201101733e-05
3.633461339 1.0117552721853826e-05
3.6348125700000002 1.0416686634929327e-05
3.6361638010000004 8.07242438672318e-06
3.637515033 6.643126142154783e-06
3.638866264 5.79678712370799e-06
3.640217496 6.395052849028779e-06
3.6415687269999997 6.82094729011215e-06
3.642919959 7.457644707342396e-06
3.64427119 8.693362500204614e-06
3.6456224219999998 1.0660679931649652e-05
3.646973653 1.327288262198276e-05
3.648324884 1.3820580711143299e-05
3.649676116 1.2047209959666991e-05
3.6510273470000003 1.1282018685933519e-05
3.652378579 1.1436119957560477e-05
3.6537298099999997 1.5061837899689938e-05
3.655081042 1.9980245445008612e-05
3.656432273 2.0973871436669804e-05
3.657783504 2.0678285028266344e-05
3.659134736 2.2091849998748483e-05
3.660485967 2.349083903777746e-05
3.6618371990000003 2.460911334351185e-05
3.66318843 2.566016419745661e-05
3.664539662 2.656743957453983e-05
3.665890893 2.7683977623837128e-05
3.667242125 2.8083742836305483e-05
3.6685933559999997 2.7806030525374455e-05
3.669944587 2.8075601683752007e-05
3.671295819 2.7925947348942366e-05
3.67264705 2.8786780880042152e-05
3.673998282 3.233386415263018e-05
3.675349513 3.660414640271626e-05
3.676700745 3.956938244463739e-05
3.6780519760000003 4.1267252787367505e-05
3.679403208 4.184995140081845e-05
3.6807544389999998 4.1758602672699915e-05
3.68210567 4.180758259000524e-05
3.683456902 4.297869146184764e-05
3.684808133 4.4582851276934666e-05
3.686159365 4.38759027412003e-05
3.687510596 4.1889182947330115e-05
3.688861828 4.156945128196906e-05
3.690213059 4.286816340744583e-05
3.6915642899999996 4.4324420084157535e-05
3.692915522 4.3383217844835684e-05
3.694266753 3.906606615920446e-05
3.6956179849999997 3.509047157856505e-05
3.696969216 3.4857021060495126e-05
3.698320448 3.700525018926466e-05
3.699671679 3.8461021208610744e-05
3.701022911 3.7641853885890964e-05
3.702374142 3.6559892074745996e-05
3.703725373 3.656583633402517e-05
3.7050766050000004 3.5381711187034786e-05
3.706427836 3.279027254520861e-05
3.707779068 3.145835528331036e-05
3.709130299 3.097284825432369e-05
3.710481531 3.011632060767981e-05
3.711832762 2.836225877299381e-05
3.713183993 2.5613531437407038e-05
3.714535225 2.4370302726858662e-05
3.7158864560000002 2.5019792996179415e-05
3.717237688 2.5608322558030547e-05
3.7185889189999997 2.6218280949838933e-05
3.719940151 2.4177667509697374e-05
3.721291382 2.1034399091603744e-05
3.7226426139999997 2.0234301974243743e-05
3.723993845 2.074762646079449e-05
3.725345076 2.0443539179357646e-05
3.726696308 1.9559331679197027e-05
3.7280475390000003 1.8749155858243205e-05
3.729398771 1.753961933064449e-05
3.730750002 1.5569550582278184e-05
3.7321012340000004 1.3656755932292058e-05
3.733452465 1.307147847323287e-05
3.7348036959999997 1.2795227807038594e-05
3.736154928 1.4316152467685624e-05
3.737506159 1.412694242635566e-05
3.738857391 1.4243843240833898e-05
3.740208622 1.3323376129635948e-05
3.741559854 9.948022166983039e-06
3.7429110850000002 8.216068970911546e-06
3.744262317 8.342928825741564e-06
3.7456135479999997 7.47901759784667e-06
3.746964779 6.85749550529656e-06
3.748316011 6.4782953267135055e-06
3.749667242 6.800723232035811e-06
3.751018474 7.486156052377755e-06
3.752369705 7.346772523161116e-06
3.753720937 6.15484649456844e-06
3.7550721680000003 5.265789169562123e-06
3.7564234 4.983571330417544e-06
3.757774631 5.255647697740794e-06
3.759125862 5.819393802183874e-06
3.7604770939999996 6.056222135010354e-06
3.7618283249999998 6.501870830461644e-06
3.763179557 5.527009989001716e-06
3.764530788 5.400564420104233e-06
3.76588202 5.885364090256192e-06
3.767233251 5.616964777354481e-06
3.768584482 4.541413580246243e-06
3.7699357140000003 3.992079722065182e-06
3.771286945 3.9819370110651585e-06
3.7726381769999997 4.650060377539105e-06
3.773989408 5.402312631826149e-06
3.77534064 5.756822925805173e-06
3.776691871 3.842001932486411e-06
3.778043103 2.570146403204897e-06
3.779394334 2.408205820690121e-06
3.780745565 4.168759079461581e-06
3.7820967970000003 5.171082111043287e-06
3.7834480279999996 5.860534726449721e-06
3.7847992599999998 5.500985062508181e-06
3.786150491 2.6360467819148778e-06
3.7875017229999997 1.0835219951226675e-06
3.7888529539999998 2.1397732721694383e-07
3.790204185 7.603550793431687e-08
3.791555417 9.62207053400749e-07
3.792906648 3.0518149175609043e-06
3.79425788 5.000878676653919e-06
3.795609111 5.435412775084674e-06
3.7969603430000003 4.918493684768836e-06
3.798311574 4.486554483895217e-06
3.7996628059999997 4.815959787260469e-06
3.801014037 5.110162999516831e-06
3.802365268 4.565544904817606e-06
3.8037165 3.7619824501693166e-06
3.8050677310000003 3.1276080857973205e-06
3.806418963 3.736321259427965e-06
3.807770194 4.439005533078169e-06
3.8091214260000004 6.240888717776672e-06
3.8104726569999996 8.740516890171902e-06
3.811823889 9.14953936108852e-06
3.81317512 7.573240998596205e-06
3.814526351 4.957687266690732e-06
3.815877583 3.000669736920255e-06
3.817228814 1.2353521732097305e-06
3.818580046 1.1274814769804363e-06
3.8199312770000002 1.9391691584474525e-06
3.821282509 3.3279727528520554e-06
3.82263374 5.2984315096765885e-06
3.823984971 5.642218867133206e-06
3.825336203 4.934626363317548e-06
3.826687434 4.646712195299926e-06
3.828038666 4.805342441557569e-06
3.829389897 5.972247607657858e-06
3.830741129 7.813233632247837e-06
3.8320923600000003 7.566244610082488e-06
3.833443592 8.001424106211298e-06
3.834794823 8.603789071776553e-06
3.836146054 7.29866350168651e-06
3.8374972859999996 6.395743497613179e-06
3.8388485169999997 7.5989672840716665e-06
3.840199749 7.605900770359732e-06
3.84155098 6.281191523180376e-06
3.842902212 5.777266438926964e-06
3.844253443 6.031588000986504e-06
3.845604674 6.64580864203868e-06
3.8469559060000003 6.446388593893728e-06
3.848307137 6.657605910243439e-06
3.849658369 7.0639659291602205e-06
3.8510096 7.833553413434681e-06
3.852360832 7.93758215965759e-06
3.853712063 7.081794601234737e-06
3.855063295 6.8836913036946875e-06
3.856414526 6.544757686383621e-06
3.857765757 6.092069495851522e-06
3.859116989 6.683096472077921e-06
3.86046822 8.13205539726295e-06
3.861819452 8.536753881715107e-06
3.863170683 8.003670980548251e-06
3.8645219149999996 7.980150506927757e-06
3.8658731459999998 8.143780386646554e-06
3.867224377 7.42495265420601e-06
3.868575609 7.508688413527782e-06
3.86992684 7.640319939827127e-06
3.871278072 7.496279265034728e-06
3.872629303 6.1732486919082905e-06
3.8739805350000003 6.550413467967698e-06
3.875331766 7.513688881143944e-06
3.876682998 8.289717817120408e-06
3.878034229 8.974117801312529e-06
3.87938546 9.677280076554307e-06
3.880736692 9.376447861987306e-06
3.882087923 6.999007582782976e-06
3.883439155 4.049586019435746e-06
3.884790386 3.4830021335650395e-06
3.886141618 3.83111900584135e-06
3.887492849 6.646459920814993e-06
3.8888440810000002 8.97700650639492e-06
3.890195312 1.0310575582076743e-05
3.891546543 1.081643850832517e-05
3.892897775 8.859494710999106e-06
3.894249006 7.435589155125175e-06
3.895600238 7.955524784123206e-06
3.8969514690000002 8.970149570954828e-06
3.898302701 8.220446747187528e-06
3.899653932 9.206365449124678e-06
3.9010051629999998 1.1264506779935924e-05
3.902356395 1.2279752831348234e-05
3.903707626 1.2808393785595718e-05
3.905058858 1.3148812579348813e-05
3.906410089 1.231411988164296e-05
3.9077613209999997 1.0097432586005425e-05
3.909112552 8.616363057520757e-06
3.910463784 8.65081889522298e-06
3.911815015 1.0153746360845227e-05
3.913166246 9.739197986444557e-06
3.914517478 8.143355663825956e-06
3.9158687089999997 7.470765788702744e-06
3.917219941 7.752795003919719e-06
3.918571172 7.945704417447508e-06
3.919922404 8.296628431616041e-06
3.921273635 8.402744582993301e-06
3.922624866 7.969497132675337e-06
3.9239760980000002 7.042630228489456e-06
3.9253273290000004 6.40675435963595e-06
3.926678561 6.897853415174919e-06
3.928029792 7.332596606973817e-06
3.929381024 6.171091982947012e-06
3.9307322549999997 3.947841560572136e-06
3.932083487 2.3452429169019684e-06
3.933434718 2.1417196719849884e-06
3.934785949 3.091838743735282e-06
3.936137181 3.0961748745744516e-06
3.937488412 2.9180349622984896e-06
3.938839644 4.668188852039189e-06
3.940190875 5.28905462555968e-06
3.941542107 5.480537867778623e-06
3.9428933379999997 4.35298590092548e-06
3.944244569 3.5228823986042255e-06
3.945595801 3.581667748032105e-06
3.946947032 4.806795729002148e-06
3.948298264 5.044268262911416e-06
3.949649495 4.705129057256211e-06
3.9510007270000003 5.2901779410855945e-06
3.9523519580000004 5.656610483113427e-06
3.95370319 4.5303839685003594e-06
3.955054421 4.585844624266538e-06
3.956405652 4.6207715845209915e-06
3.9577568839999997 4.277033570626848e-06
3.959108115 3.908459816078768e-06
3.960459347 5.483940882714552e-06
3.961810578 8.902729045486221e-06
3.96316181 1.3037800459765712e-05
3.964513041 1.5730724790737813e-05
3.965864273 1.7495058874111503e-05
3.967215504 1.7323797550595804e-05
3.968566735 1.6418283534992916e-05
3.9699179669999998 1.578903455407954e-05
3.971269198 1.2399660653989178e-05
3.97262043 8.417745811046274e-06
3.973971661 8.319869779637185e-06
3.975322893 1.014802004368675e-05
3.976674124 1.2151381337075077e-05
3.978025355 1.3955124559260661e-05
3.9793765870000004 1.5326745013746928e-05
3.9807278179999996 1.6645289496066507e-05
3.98207905 1.6794547564513454e-05
3.983430281 1.5459812430404854e-05
3.9847815129999997 1.2962895899856899e-05
3.986132744 1.1968655186079132e-05
3.987483976 1.1601284488086674e-05
3.988835207 9.814590146149796e-06
3.9901864380000003 8.03231131048977e-06
3.99153767 8.10189482505489e-06
3.9928889009999997 7.956543311209143e-06
3.994240133 8.060852068319489e-06
3.995591364 6.977440438439594e-06
3.996942596 5.4663535862078905e-06
3.998293827 4.126191813647268e-06
3.999645058 2.884982137970649e-06
4.00099629 2.8840042741447637e-06
4.002347521 3.134543677162275e-06
4.003698753 4.296227889467497e-06
4.005049984 4.3598828922525655e-06
4.006401216 3.7695520403549076e-06
4.007752447 3.843588315420386e-06
4.009103679 4.760124250689308e-06
4.01045491 4.941962937265543e-06
4.011806141 4.667302048734742e-06
4.013157373 4.792194023885184e-06
4.014508604 6.638990905445987e-06
4.015859836 6.6424364835682e-06
4.017211067 4.374205556924935e-06
4.018562299 2.846074899794701e-06
4.01991353 2.5119639912607394e-06
4.021264761 2.707139357308174e-06
4.022615993 2.6594595898525166e-06
4.023967224 2.71062944226322e-06
4.025318456 3.0254802755068342e-06
4.026669687 4.093321868904379e-06
4.028020919 4.697552907129168e-06
4.02937215 4.5346401769135706e-06
4.030723382 5.054748417252864e-06
4.032074613 4.831116402566541e-06
4.033425844 1.9242372798646927e-06
4.034777076 7.283443318549329e-07
4.036128307 9.517662190521548e-07
4.037479539 1.4795222509619836e-06
4.03883077 1.958875481451038e-06
4.040182002 3.660887936954657e-06
4.041533233 3.7379579936537557e-06
4.042884465 3.351931176419109e-06
4.044235696 4.27926854477736e-06
4.0455869269999996 4.2672334200026666e-06
4.046938159 4.0183909638436066e-06
4.04828939 4.7459275095490894e-06
4.049640622 5.7178128264695505e-06
4.050991853 5.7386877030513435e-06
4.052343085 5.75304751548815e-06
4.053694316 6.252711971606402e-06
4.055045547 6.965353852138695e-06
4.056396779 7.738256202152863e-06
4.05774801 7.644815246816144e-06
4.059099241999999 7.266571314757029e-06
4.0604504729999995 7.425215514838333e-06
4.061801705 7.650912773184747e-06
4.063152936 7.847658324528618e-06
4.064504168 6.459670286913315e-06
4.065855399 5.636200844429651e-06
4.06720663 6.251506831577425e-06
4.0685578620000005 7.3833062448755884e-06
4.069909093000001 8.625794511935712e-06
4.071260325 9.008596803456175e-06
4.072611556 1.0360922138023478e-05
4.073962788 1.1664888727439255e-05
4.075314019 1.303109288809147e-05
4.07666525 1.5185182794662847e-05
4.078016482 1.6792241187821865e-05
4.079367713 1.7088612984485663e-05
4.080718945 1.6094489630974043e-05
4.082070176 1.554711138248341e-05
4.083421408 1.5552970541485188e-05
4.084772639 1.553826533799518e-05
4.086123871 1.5285940112649942e-05
4.087475102 1.3799359511119237e-05
4.088826333 1.1698140841534076e-05
4.090177565 1.0950807846649864e-05
4.091528796 1.190846907597331e-05
4.092880028 1.327412726455995e-05
4.094231259 1.4367970838423076e-05
4.095582491 1.4314547931994812e-05
4.096933722 1.2764249382794829e-05
4.098284953 1.06928921719971e-05
4.0996361850000005 1.0935895536613263e-05
4.100987416 1.2370516837632352e-05
4.102338648 1.3327264701566924e-05
4.103689878999999 1.3206701544547388e-05
4.105041110999999 1.2504421332797872e-05
4.106392342 1.1551395003377079e-05
4.107743574 1.0588559234548634e-05
4.109094805 1.0599385704126378e-05
4.110446036 1.061946400001481e-05
4.111797268 9.932711113890343e-06
4.113148499 8.317037849646325e-06
4.1144997309999995 7.3190762630644456e-06
4.115850962000001 7.125440738167186e-06
4.117202194000001 7.348571215389482e-06
4.118553425 8.204366065774694e-06
4.119904657 8.966489682365163e-06
4.121255887999999 8.187538960766615e-06
4.122607119 6.2830298581506e-06
4.123958351000001 5.971355725308091e-06
4.125309582 8.161191516296666e-06
4.126660814 8.870468057550866e-06
4.128012045 8.086764539843774e-06
4.129363277 7.290518780337361e-06
4.130714508 6.1909644191329066e-06
4.132065739 5.752523351510573e-06
4.133416971 6.350940373994321e-06
4.134768202 9.061185625973763e-06
4.136119434 1.1067543428432619e-05
4.1374706649999995 1.0766049222785893e-05
4.138821897 9.808493747524025e-06
4.140173128000001 9.827954255558265e-06
4.14152436 8.671814780323152e-06
4.142875591 7.5994201529754295e-06
4.144226821999999 7.2336500125821e-06
4.145578054 7.373646121441744e-06
4.146929285000001 8.40066827703055e-06
4.148280517 1.0037819378916526e-05
4.149631748 1.020031237836182e-05
4.15098298 1.060630385959544e-05
4.152334211 1.0799797038569474e-05
4.153685442 1.0337288916345261e-05
4.155036674 9.352215812743543e-06
4.156387905 8.413003472672623e-06
4.157739136999999 7.970638584634319e-06
4.159090368 8.387408605642715e-06
4.1604416 8.788945618209837e-06
4.161792831 7.910821128688396e-06
4.163144063 6.680899339320102e-06
4.164495294 6.432791079920979e-06
4.165846525 7.3068223921002396e-06
4.167197757 8.190107792550466e-06
4.1685489879999995 8.203936797085152e-06
4.169900220000001 8.825478768775341e-06
4.171251451 9.834386903058895e-06
4.172602683 1.1535602952572301e-05
4.173953914 1.3929878591518918e-05
4.1753051459999995 1.6589559315563184e-05
4.1766563770000005 1.8641285989119688e-05
4.178007608 1.8025747388261185e-05
4.17935884 1.5316943995946208e-05
4.180710071 1.4161411787739988e-05
4.182061303 1.4488854580609495e-05
4.183412534 1.518384301448182e-05
4.184763766 1.6254425745784666e-05
4.186114997 1.7071537643170516e-05
4.187466228 1.5056189226230001e-05
4.18881746 1.1788325151605198e-05
4.190168691 1.0611401847866864e-05
4.1915199229999995 1.0766393234903768e-05
4.1928711540000005 1.2032283868505365e-05
4.194222386000001 1.2186607994676486e-05
4.195573617 1.1617238776860477e-05
4.196924849 1.1168397039034263e-05
4.198276079999999 9.696445319073134e-06
4.199627311 9.208083121405557e-06
4.200978543 1.076903080549679e-05
4.202329774 1.244062853207529e-05
4.203681006 1.4029552143424268e-05
4.205032237 1.5154530446632634e-05
4.206383469 1.5733716742693066e-05
4.2077347 1.5954064515956193e-05
4.209085931 1.679632207686604e-05
4.210437163 1.754439484953262e-05
4.211788394 1.7845503122218234e-05
4.213139626 1.7270013420992767e-05
4.2144908569999995 1.745914707330845e-05
4.215842089 1.772117621148098e-05
4.217193320000001 1.7419987493007033e-05
4.218544552 1.64772844283299e-05
4.219895783 1.6578047151208464e-05
4.221247013999999 1.7356299413682407e-05
4.2225982459999996 1.7588191329432442e-05
4.223949477 1.828326160184481e-05
4.225300709 1.8352466942325168e-05
4.22665194 1.7042277138080148e-05
4.228003171999999 1.6492932652764826e-05
4.229354403 1.60975176111594e-05
4.2307056339999995 1.619530349428608e-05
4.232056866 1.6068552517646648e-05
4.233408097000001 1.5567299947280282e-05
4.234759329 1.5063348133924233e-05
4.23611056 1.5776155302018152e-05
4.237461792 1.5889816717797487e-05
4.238813023 1.509174276368196e-05
4.240164255 1.4130019626955816e-05
4.241515486 1.2700058182253998e-05
4.242866717 1.1349860139392855e-05
4.244217949 1.0134639228713181e-05
4.24556918 9.603298530754265e-06
4.246920412000001 1.0092221330874917e-05
4.248271643 1.1314364019877728e-05
4.249622875 1.4848401504972226e-05
4.250974105999999 1.6727370896283112e-05
4.2523253379999995 1.7049091054063112e-05
4.2536765690000005 1.705626605335499e-05
4.2550278 1.7947504500391657e-05
4.256379032 1.863329415924704e-05
4.257730263 1.6529190418558427e-05
4.259081495 1.3802671964727386e-05
4.260432726 1.1610919118599833e-05
4.261783958 1.0419645472687797e-05
4.263135189 1.0552202358291084e-05
4.26448642 1.1837716385429479e-05
4.265837652 1.3765463278145204e-05
4.267188883 1.5254000311345347e-05
4.2685401149999995 1.4643067755178613e-05
4.2698913460000005 1.3798740364047873e-05
4.271242578000001 1.3029440306795801e-05
4.272593809 1.2381222030617012e-05
4.273945041 1.2104583149220256e-05
4.275296271999999 1.3100434244532727e-05
4.276647503 1.4770434558628715e-05
4.277998735 1.6895398762333622e-05
4.279349966 1.6756009655008127e-05
4.280701198 1.5758078250800768e-05
4.282052429 1.5241956829643466e-05
4.283403661 1.5172400449619145e-05
4.284754892 1.5752105529398867e-05
4.286106123 1.6624586358797063e-05
4.287457355 1.659792312440173e-05
4.288808586 1.6161145900467682e-05
4.290159818 1.5659434575030204e-05
4.2915110489999995 1.4975075162485053e-05
4.292862281 1.3812987063363e-05
4.294213512000001 1.306570982253364e-05
4.295564744 1.3032533006026471e-05
4.296915975 1.310404393118742e-05
4.298267206 1.1773075206320528e-05
4.299618438 1.0797990199274448e-05
4.300969669 1.0330070202140216e-05
4.302320901 9.738432403447379e-06
4.303672132 6.817280362018745e-06
4.305023363999999 6.028729715671931e-06
4.306374595 5.612626445452919e-06
4.3077258259999995 5.102906030980427e-06
4.309077058 4.198030066870389e-06
4.310428289000001 4.406630150740923e-06
4.311779521 4.086390265688875e-06
4.313130752 3.418535661821411e-06
4.314481984 2.0120095106620494e-06
4.315833215 1.277756747505431e-06
4.317184447 5.952465862202501e-07
4.318535678 1.6828347305213686e-07
4.319886909 9.944243121078963e-08
4.321238141 1.9588007129868496e-07
4.322589372 6.672601558118497e-07
4.323940604000001 9.384695782173081e-07
4.325291835 1.1007166562715998e-06
4.326643067 1.4971064036356517e-06
4.327994297999999 2.170673003982648e-06
4.329345529999999 2.659739023677183e-06
4.3306967610000004 2.31425874248603e-06
4.332047992 1.8762594396481126e-06
4.333399224 1.6103312826345008e-06
4.334750455 2.2791421961216903e-06
4.336101687 4.004377526761866e-06
4.337452918 5.571916540211288e-06
4.33880415 6.414349564532371e-06
4.340155381 6.048728281798583e-06
4.341506612 5.409956807692491e-06
4.342857844 5.549512702593754e-06
4.344209075 7.73367067141542e-06
4.3455603069999995 1.0030316922757145e-05
4.3469115380000005 1.1550814248948331e-05
4.34826277 1.5028121014685505e-05
4.349614001 1.701514197778283e-05
4.350965233 1.741622227143745e-05
4.352316464 1.7781155795834402e-05
4.353667695 1.8046274111211793e-05
4.355018927 1.8594316733786302e-05
4.356370158 1.8587468415411226e-05
4.35772139 1.879700607987573e-05
4.359072621 2.0626959539726784e-05
4.360423853 2.2460498933766967e-05
4.361775084 2.2967201620925588e-05
4.363126315000001 2.378361476650164e-05
4.364477547000001 2.60533902733742e-05
4.365828778 2.891127748426079e-05
4.36718001 3.16192459142901e-05
4.3685312409999995 3.3492678440196814e-05
4.369882473 3.4668059629841965e-05
4.371233704 3.621485313221252e-05
4.372584936 4.003952314772795e-05
4.373936167 4.471005940331374e-05
4.375287398 4.980364303817319e-05
4.37663863 5.295683852035321e-05
4.377989861 5.580440173767824e-05
4.379341093 5.901896264118708e-05
4.380692324 6.317433761727199e-05
4.382043555999999 6.717693031142159e-05
4.383394787 7.063269437350074e-05
4.3847460179999995 7.392113415117678e-05
4.38609725 7.77097935281893e-05
4.387448481000001 8.325713505768169e-05
4.388799713 8.878430236005414e-05
4.390150944 9.369399357664855e-05
4.391502176 9.632297198233676e-05
4.392853407 0.00010025347775574961
4.394204639 0.00010590741473040518
4.39555587 0.00011392479454842386
4.396907101 0.00012176468034807484
4.398258332999999 0.00013035163094286687
4.399609564 0.00013997532878051825
4.400960796000001 0.00015127579929128385
4.402312027 0.00016100375623934312
4.403663259 0.00017003948268026634
4.405014489999999 0.0001786954140960007
4.406365721999999 0.0001892210539288249
4.407716953 0.00020024976913670683
4.409068184 0.0002120719726748464
4.410419416 0.00022484691450594721
4.411770647 0.00023906185235185492
4.413121879 0.00025384364517368126
4.41447311 0.0002696173476184975
4.415824342 0.00028748337095210904
4.417175573000001 0.0003088935437376574
4.418526804 0.0003325627832165348
4.419878036 0.0003578732383772692
4.421229266999999 0.00038386980276376785
4.4225804989999995 0.00041095521030898297
4.4239317300000005 0.00043905749836801447
4.425282962 0.0004675881656665731
4.426634193 0.0004986392700727944
4.427985425 0.0005325186785801289
4.429336656 0.0005696029968422528
4.430687887 0.0006093261840909602
4.432039119 0.0006525181036602686
4.43339035 0.000699459005857356
4.434741582 0.000750533246474374
4.436092813 0.0008054806452778023
4.437444045 0.0008650824697237498
4.438795276 0.0009301097869406144
4.440146507000001 0.0010005779414517953
4.441497739000001 0.0010761844026188207
4.44284897 0.0011574718670011685
4.444200202 0.0012457158984685406
4.445551432999999 0.0013409873404725437
4.446902665 0.0014442099598377554
4.448253896 0.0015564370837295406
4.449605128 0.0016809470603541845
4.450956359 0.0018164754205456813
4.45230759 0.0019638533947023344
4.453658822 0.0021244348165620143
4.455010053 0.002301454258919005
4.456361285 0.0024960334992139193
4.457712516 0.0027104660264553864
4.459063747999999 0.0029460003849264838
4.460414979 0.003204484980708448
4.4617662110000005 0.0034885332498222742
4.463117442 0.0038035150254249073
4.464468673000001 0.004150099811308749
4.465819905 0.004531806710997376
4.467171136 0.004954816471030528
4.468522368 0.0054262019627368124
4.469873599 0.005949494220565526
4.471224831000001 0.006531995632193087
4.472576062 0.007180290989956822
4.473927293 0.007900837920849028
4.475278524999999 0.008702899127357968
4.476629756 0.009613734497490742
4.4779809880000006 0.010628642421662435
4.479332219 0.011757840736499266
4.480683451 0.013025160865055362
4.482034682 0.014449481381277619
4.483385914 0.016046632913025317
4.484737145 0.017858045864445855
4.486088376 0.01989943906009043
4.487439608 0.022192638820545233
4.488790839 0.024777757898088455
4.490142071 0.02770960515235468
4.491493302 0.031019505592033272
4.492844534 0.034758729805575615
4.494195765000001 0.039003717627606786
4.495546996 0.043803546517294824
4.496898228 0.04922472247265564
4.498249458999999 0.055356395067491654
4.4996006909999995 0.06227097545413663
4.5009519220000005 0.07004756083119429
4.502303154 0.07877919624309739
4.503654385 0.08851499340541373
4.505005617 0.09934248007727023
4.506356848 0.11135492206634554
4.507708079 0.12440068786481207
4.509059311 0.13860962203246144
4.510410542 0.1540207898718234
4.511761774 0.17022405880797775
4.513113005 0.18721747157177487
4.514464237 0.20503970942740565
4.5158154679999996 0.22308165184917383
4.517166699000001 0.2410357284232329
4.518517931 0.2591313766270463
4.519869162 0.276763897345492
4.521220394 0.29331891492139456
4.522571624999999 0.30938930525621167
4.523922857 0.3245802995518319
4.525274088 0.3379752755958566
4.52662532 0.3505758065628221
4.527976551 0.362265740678004
4.529327782 0.3718886298339146
4.530679014 0.3806760401400383
4.532030245 0.38856627064786275
4.533381477 0.3948431939926912
4.534732708 0.4002645432556988
4.53608394 0.4049442593318736
4.537435171 0.40853213106419756
4.5387864030000005 0.41146037616919284
4.540137634 0.41389528998849234
4.541488865 0.41565278320630644
4.542840097 0.4170007059681986
4.544191328 0.41808350059726673
4.5455425599999995 0.4188370381958203
4.5468937910000005 0.41934567948849166
4.548245023000001 0.41974001187938814
4.549596254 0.420031813988001
4.550947485 0.4202422214011885
4.552298716999999 0.4204185938952757
4.553649948 0.42056272666481914
4.5550011800000005 0.42074428336982816
4.556352411 0.4209344149869889
4.557703643 0.42113047141882404
4.559054874 0.42134744421227543
4.560406106 0.4215922558002399
4.561757337 0.42222223503986367
4.563108568 0.422614185669218
4.5644598 0.4229016515842823
4.565811031 0.4231993479752676
4.567162263 0.4235341882943845
4.568513493999999 0.42385154692174104
4.569864726 0.4241478557923164
4.571215957000001 0.4245281467590578
4.572567188 0.4251738811240311
4.57391842 0.4254333427407191
4.575269650999999 0.4256133212526498
4.5766208829999995 0.42577422331128884
4.5779721140000005 0.4259160521467501
4.579323346 0.42602276013304385
4.580674577 0.42608251901034677
4.582025809 0.42609755572265084
4.58337704 0.4260719192269
4.584728271 0.42601910130236953
4.586079503 0.42593900302828397
4.587430734 0.4257758021223954
4.588781966 0.4256003654577688
4.590133197 0.42541181519177457
4.591484429 0.42516833605788207
4.5928356599999995 0.424891026932784
4.5941868910000005 0.4245803264452961
4.595538123 0.42427374463156164
4.596889354 0.42394976680954455
4.598240586 0.42360770410533927
4.599591817 0.42322833847224706
4.6009430490000005 0.4228606556553609
4.60229428 0.42250621024654167
4.603645512 0.4221381026914839
4.604996743 0.42176468255975275
4.606347974 0.42138561077975334
4.607699206 0.4210420866969752
4.609050437 0.4206912481630162
4.610401669 0.42034635040466595
4.611752900000001 0.4200486598583254
4.613104132 0.4197686297273171
4.614455363 0.41951621090784297
4.6158065950000005 0.41925722014193434
4.617157826 0.41900259374056475
4.618509057 0.41875982483009566
4.619860289 0.4185441279656533
4.62121152 0.41826737256159907
4.622562751999999 0.41796516180051246
4.6239139830000004 0.41767806777858324
4.625265215000001 0.4174004719969018
4.626616446 0.4171420100188231
4.627967677 0.41686263666471945
4.629318908999999 0.41657773018569383
4.63067014 0.4163091405908079
4.6320213720000005 0.4160419206935435
4.633372603 0.41576767897356626
4.634723835 0.4154553167239805
4.636075066 0.4151514074310094
4.637426298 0.4148523538588988
4.638777529 0.4145468331409924
4.64012876 0.41421642105435785
4.641479992 0.4138660651233612
4.642831223 0.41352272770029286
4.644182455 0.41316548893107863
4.645533685999999 0.4127926790487523
4.646884918 0.41238658132556294
4.648236149000001 0.41198255914391047
4.64958738 0.41158869402826576
4.650938612 0.41116022178308453
4.652289842999999 0.4111592931299725
4.6536410749999995 0.410677436660708
4.6549923060000005 0.4102033341786502
4.656343538 0.40972311369588205
4.657694769 0.4092089173756817
4.659046001 0.40867824186591345
4.660397232 0.40814130663541126
4.661748463 0.40762356599275174
4.663099695 0.40708424147046074
4.664450926000001 0.40652602619315953
4.665802158 0.4059541352708479
4.667153389 0.4053866712632831
4.668504621 0.4048253693679305
4.6698558519999995 0.40422555827543216
4.6712070830000005 0.40362248455104577
4.672558315 0.4030209968349914
4.673909546 0.4024315940511527
4.675260778 0.40183634253409617
4.676612009 0.40120816247068725
4.6779632410000005 0.4005805910006748
4.679314472 0.3999540620069497
4.680665704 0.39932377662222596
4.682016935 0.3986661079560655
4.683368166 0.3979878145208288
4.684719398 0.39731546588885935
4.686070629 0.3966398949476485
4.687421861 0.3959591570800378
4.688773092 0.39523958550943505
4.690124324 0.3945128204561045
4.691475555 0.3937881375705031
4.6928267869999996 0.39303609379102106
4.694178018 0.39226540796369935
4.695529249 0.39143871258984364
4.696880481 0.3906020014531442
4.698231712 0.3902001910324997
4.699582943999999 0.38927795080105
4.700934175 0.3883159517843775
4.702285407000001 0.38729281800905196
4.703636638 0.38620499135006514
4.704987869 0.3850684082882854
4.706339100999999 0.3838179709649818
4.707690332 0.3824549404656986
4.7090415640000005 0.3810240785035902
4.710392795 0.3794472979777329
4.711744027 0.37777537652085186
4.713095258 0.3759710696184724
4.71444649 0.37388975207358577
4.7157977209999995 0.37168059114407026
4.717148952 0.36924959431751236
4.718500184000001 0.36648665278930814
4.719851415 0.36354748012295546
4.721202647 0.36014388657571894
4.722553877999999 0.3564353400355096
4.72390511 0.3525066977468027
4.725256341000001 0.3479051556353481
4.726607572 0.34305125814924065
4.727958804 0.3377795432737887
4.729310035 0.33191602838220846
4.730661267 0.3257963680583775
4.7320124980000005 0.31898220955805096
4.73336373 0.3117192806466792
4.734714961 0.3044549603791551
4.736066193 0.29614647062869026
4.737417424 0.2875315357861295
4.738768654999999 0.27848134595573587
4.740119887 0.2688478380381722
4.741471118000001 0.259129305956427
4.74282235 0.24884449232173522
4.744173581 0.23833961792986486
4.745524813 0.22783460297321936
4.7468760439999995 0.21682176000135378
4.748227276 0.20597992835401263
4.749578507 0.19509462869021083
4.750929738 0.18414062169644058
4.75228097 0.17350207195565845
4.753632201 0.1628482273887546
4.7549834330000005 0.1525105249233064
4.756334664 0.1425400399122665
4.757685896 0.1327382571777857
4.759037127 0.12344464534434897
4.760388358 0.11451911444075068
4.76173959 0.1060082110723379
4.763090821 0.09801054321440264
4.764442053 0.09037846379121325
4.765793284 0.08326379480494984
4.767144516 0.07661672421397699
4.768495747 0.07039261188606712
4.7698469789999995 0.06463559067068897
4.77119821 0.05928016943990676
4.772549441 0.054338679576169335
4.773900673 0.04978897821030174
4.775251904 0.04558807182563863
4.776603135999999 0.04173684730001162
4.777954367 0.038202932267886056
4.779305599000001 0.03496798860051147
4.78065683 0.032007518960071
4.782008061000001 0.02929913763076017
4.783359293 0.026825737793879256
4.784710524 0.024567833130070462
4.7860617560000005 0.022511921262054764
4.787412987 0.02063354559015734
4.788764219 0.01892127171352808
4.79011545 0.017358316460368076
4.791466682 0.015930721049142102
4.7928179129999995 0.014632853971659174
4.7941691440000005 0.013445987502542065
4.795520376000001 0.01236489981305857
4.796871607 0.011378325154008249
4.798222839 0.01047530674010168
4.799574069999999 0.009653425449043858
4.800925302 0.008899770848043678
4.802276533000001 0.008211059194281254
4.803627764 0.007581451955344727
4.804978996 0.007003079167714265
4.806330227 0.006473373926508463
4.807681459 0.005985565902777603
4.80903269 0.00554318987949177
4.810383922 0.005133786195942596
4.811735153 0.004757359664819326
4.813086384999999 0.004415531974564877
4.814437616 0.004100305291709965
4.815788846999999 0.0038101311116564163
4.817140079 0.0035429297701243517
4.818491310000001 0.003295489280769423
4.819842542 0.0030671200987429205
4.821193773 0.002855971256060728
4.822545005 0.0026608569798658313
4.8238962359999995 0.002482440239821973
4.825247468 0.0023171471270703515
4.826598699 0.0021645147254221947
4.82794993 0.0020225923314950976
4.829301162 0.0018906535534110218
4.830652393 0.0017702677905973487
4.8320036250000005 0.0016585102624900776
4.833354856 0.001555269236858693
4.834706088 0.0014582796845995644
4.836057318999999 0.0013671280140660884
4.83740855 0.0012829877417802871
4.838759782 0.001204645238488706
4.840111013 0.0011327878452847464
4.841462245 0.0010657370661880704
4.842813476 0.00100320340388772
4.844164708 0.0009452663914414601
4.845515939 0.0008909996936274573
4.8468671709999995 0.0008403063171228284
4.8482184020000005 0.0007928583430278299
4.849569633 0.0007485180937902985
4.850920865 0.0007071094982342599
4.852272096 0.0006680780888711681
4.853623327999999 0.0006304595902664339
4.854974559 0.0005953323248938699
4.856325791000001 0.0005626868342454596
4.857677022 0.0005325135503109965
4.859028253 0.0005042079960438947
4.860379485 0.0004756162483765372
4.861730716 0.00044905516350838133
4.863081948 0.0004246651204313581
4.864433179 0.0004039801924804277
4.865784411 0.0003855125722643894
4.867135642 0.0003672992562429716
4.868486874 0.00034959089224751436
4.8698381049999995 0.00033186005766847076
4.8711893360000005 0.0003157387773008733
4.872540568000001 0.0003009224593233053
4.873891799 0.0002870247307049344
4.875243031 0.00027388376385363594
4.876594261999999 0.00026180732157781935
4.8779454939999995 0.00025047182084014124
4.879296725000001 0.0002396797842575848
4.880647956 0.00022844706371574866
4.881999188 0.00021762006051558104
4.883350419 0.000207882742178638
4.884701651 0.00019929395374123138
4.8860528819999995 0.00019207566290982474
4.887404114 0.00018430595977279887
4.888755345 0.00017651429762793636
4.890106576999999 0.00016776847157517582
4.891457808 0.0001596958545253901
4.892809038999999 0.00015258703015805887
4.894160271 0.00014630461176403539
4.895511502000001 0.00014066503918157015
4.896862734 0.00013512043959426764
4.898213965 0.00012965698853766223
4.899565197 0.00012370829417008403
4.900916428 0.00011798445878344243
4.902267660000001 0.00011254766161749476
4.903618891 0.00010772689197360678
4.904970122 0.00010327772795418934
4.906321354 9.787889168177909e-05
4.907672585 9.252186197069486e-05
4.9090238170000005 8.690181384970476e-05
4.910375048 8.246329507909759e-05
4.91172628 7.883070560758639e-05
4.913077511 7.648024449067334e-05
4.914428742 7.449407389629981e-05
4.915779974 7.296496297126272e-05
4.917131205 7.141440520492187e-05
4.918482437 6.975696835196135e-05
4.919833668 6.772848226013016e-05
4.9211849 6.561389555251155e-05
4.922536131 6.464907822348071e-05
4.9238873629999995 6.402398767858819e-05
4.9252385940000005 6.427064565458164e-05
4.926589825 6.392018649871851e-05
4.927941057 6.292869827423146e-05
4.929292288 6.129798282858285e-05
4.930643519999999 5.9519644544713484e-05
4.931994751 5.759867590501085e-05
4.933345983000001 5.550293957603756e-05
4.934697214 5.2893100725329075e-05
4.936048445 5.041353838349617e-05
4.937399677 4.800450587133066e-05
4.938750908 4.5873977011677324e-05
4.94010214 4.387384103344707e-05
4.941453371 4.190094773037659e-05
4.942804603 4.036305843336011e-05
4.944155834 3.939061680697816e-05
4.945507066 3.865234621969962e-05
4.9468582969999995 3.8080422092187145e-05
4.9482095280000005 3.719780921845775e-05
4.949560760000001 3.629218435593099e-05
4.950911991 3.5488175690078855e-05
4.952263223 3.470935405780341e-05
4.953614453999999 3.3905856543636957e-05
4.9549656859999995 3.3465760658612994e-05
4.9563169170000005 3.330724718677262e-05
4.957668148 3.328129152930136e-05
4.95901938 3.313584863931479e-05
4.960370611 3.093020442466503e-05
4.961721843 2.831400206827286e-05
4.9630730739999995 2.5652431207053785e-05
4.964424306 2.4396147160701744e-05
4.965775537000001 2.4004950752612858e-05
4.967126769 2.3244952328379157e-05
4.968478 2.251239390080858e-05
4.969829230999999 2.182355492657565e-05
4.971180463 2.163498921673882e-05
4.972531694000001 2.2515223667174443e-05
4.973882926 2.2891486126614147e-05
4.975234157 2.272993335400272e-05
4.976585389 2.1408246438178623e-05
4.97793662 1.9957219968309354e-05
4.979287852000001 1.8522919775276392e-05
4.980639083 1.7441137125590997e-05
4.981990314 1.608934629536395e-05
4.983341545999999 1.5193820339901838e-05
4.984692777 1.4927026649558157e-05
4.986044009 1.568246239710243e-05
4.98739524 1.6852551641714242e-05
4.988746472 1.7089703627759233e-05
4.990097703 1.7607191263506022e-05
4.991448934 1.810651173766354e-05
4.992800166 1.903058104732132e-05
4.9941513969999995 2.0326003648799404e-05
4.995502629 2.0641225478697112e-05
4.99685386 2.0024110211399153e-05
4.998205092 1.8302636691090606e-05
4.999556323 1.687333575017844e-05
5.0009075549999995 1.5126971484842726e-05
5.0022587860000005 1.5146604920758193e-05
5.003610017 1.5097091044970565e-05
5.004961249 1.5143808473346637e-05
5.006312479999999 1.530520450180207e-05
5.007663711999999 1.5719878039830133e-05
5.009014943 1.6387499048849524e-05
5.010366175 1.6509534867007568e-05
5.011717406 1.6663568851656026e-05
5.013068637 1.646778790388682e-05
5.014419869 1.6672229078509917e-05
5.0157711 1.7228987056613265e-05
5.017122332 1.7927366058103178e-05
5.018473563 1.8656065137928186e-05
5.019824795000001 1.9287202233530463e-05
5.021176026 1.9917965496846907e-05
5.022527258 1.9490235709521937e-05
5.0238784889999994 1.8576093400863266e-05
5.0252297200000005 1.675934962302262e-05
5.026580952000001 1.640211940160046e-05
5.027932183 1.5866509001242583e-05
5.029283415 1.5542019210220882e-05
5.030634646 1.4860710033917451e-05
5.031985878 1.3886732820570982e-05
5.033337109 1.435498609774909e-05
5.034688341 1.4961996493767998e-05
5.036039572 1.5481444292836187e-05
5.037390803 1.5280081858357162e-05
5.038742035 1.5249302925012525e-05
5.0400932659999995 1.556016655122854e-05
5.041444498 1.5922311656342387e-05
5.042795729000001 1.636209559917798e-05
5.044146961 1.621064552357518e-05
5.045498192 1.5683557732013997e-05
5.046849422999999 1.5050421637765353e-05
5.048200655 1.4456984532192802e-05
5.049551886000001 1.4008449741620288e-05
5.050903118 1.3754581393993525e-05
5.052254349 1.3738835617186082e-05
5.053605581 1.374518847122415e-05
5.054956812 1.3648150048816602e-05
5.056308044000001 1.3165963507543143e-05
5.057659275 1.225656709413464e-05
5.059010506 1.1578211207801413e-05
5.060361737999999 1.1021779960112565e-05
5.061712969 1.0858814780328996e-05
5.063064201 1.1531318687331622e-05
5.064415432 1.1743912863435184e-05
5.065766664 1.2095981868549172e-05
5.067117895 1.1406442535532232e-05
5.068469126 1.0256664154979393e-05
5.069820358 1.0124150347840768e-05
5.0711715889999995 1.0803458743193634e-05
5.072522821 1.1148657209233636e-05
5.073874052 1.049621543571714e-05
5.075225284 1.0264137052400943e-05
5.076576515 9.797421708081212e-06
5.0779277469999995 9.364740761143937e-06
5.0792789780000005 8.46095129876652e-06
5.080630209 7.790360108223993e-06
5.081981441 7.577582343495687e-06
5.083332671999999 7.425165566706202e-06
5.084683904 7.382656891814191e-06
5.086035135 7.282652660400106e-06
5.087386367 7.105043333724975e-06
5.088737598 7.227165049490963e-06
5.090088829 7.533860764488644e-06
5.091440061 7.9552780238564e-06
5.092791292 8.460636356214651e-06
5.094142524 8.834536204154613e-06
5.095493755000001 9.22561143592889e-06
5.096844987000001 9.561561226794405e-06
5.098196218 9.79079717906376e-06
5.09954745 9.597688871141989e-06
