microns throughput
2.0004663860000003 8.70071160711448e-16
2.002074478 3.418729488670544e-16
2.00368257 4.560497135035712e-16
2.005290662 4.961492477269847e-16
2.006898754 8.818037664545382e-16
2.008506846 6.544016645338948e-16
2.010114938 5.482930734515023e-16
2.01172303 5.598863267270276e-16
2.013331122 4.1671011580130987e-16
2.014939214 3.6971785393513393e-16
2.016547306 3.7946509541089805e-16
2.018155398 4.293768322838648e-16
2.01976349 3.896236842634173e-16
2.021371582 3.4149421923113217e-16
2.022979674 2.3425515276545092e-16
2.0245877660000002 2.2658731342275766e-16
2.026195858 3.3417248632755805e-16
2.027803949 3.799079000888135e-16
2.029412041 2.9813678205302415e-16
2.031020133 2.847540290433141e-16
2.032628225 2.6726062817317575e-16
2.034236317 2.4777068618544426e-16
2.035844409 1.9989259284882986e-16
2.037452501 2.741187770154303e-16
2.039060593 4.131621929529095e-16
2.040668685 5.043738832335139e-16
2.042276777 5.452658408452871e-16
2.0438848689999998 6.068392912585271e-16
2.045492961 2.445338425490675e-16
2.047101053 1.47004206107067e-16
2.0487091449999997 1.9704305601875904e-16
2.0503172370000002 3.5644665438523193e-16
2.0519253290000004 4.364926850037914e-16
2.053533421 4.733929432236634e-16
2.055141513 6.021311896810801e-16
2.056749605 7.240902405362383e-16
2.058357697 7.079980270959491e-16
2.059965788 6.948231256267395e-16
2.06157388 7.023159407870373e-16
2.0631819719999998 7.270332152527572e-16
2.064790064 7.399800988030706e-16
2.066398156 7.930262044520939e-16
2.068006248 7.721246698310856e-16
2.06961434 7.640746375448092e-16
2.071222432 1.0161655227655445e-15
2.072830524 9.389083137079727e-16
2.074438616 9.853448476475928e-16
2.076046708 1.0953979104997162e-15
2.0776548 1.4197884601504261e-15
2.079262892 1.6861051336179074e-15
2.080870984 2.3200386988128747e-15
2.0824790760000003 2.083615098165705e-15
2.084087168 2.0160282965790503e-15
2.08569526 2.2579911176824805e-15
2.0873033519999997 2.6530033610852333e-15
2.088911444 2.5087365976639727e-15
2.090519536 2.9787878066655288e-15
2.092127627 1.9543301043344755e-15
2.0937357189999997 3.51598861104259e-15
2.0953438110000002 4.706796093067065e-15
2.0969519030000003 6.982994715490653e-15
2.098559995 9.663239001742403e-15
2.100168087 1.2486556455839195e-14
2.101776179 1.1387833883628343e-14
2.103384271 9.825302840501224e-15
2.104992363 9.173910183040404e-15
2.1066004549999997 9.49738011808207e-15
2.1082085470000003 1.2940069727495131e-14
2.109816639 1.801998066858672e-14
2.111424731 2.3039236450026095e-14
2.113032823 2.461465658683132e-14
2.114640915 2.764994024622024e-14
2.116249007 2.975729838378251e-14
2.1178570989999996 4.304906960290306e-14
2.1194651909999997 2.3292262060553043e-14
2.1210732830000003 1.6453105502156157e-14
2.122681375 1.886766895057812e-14
2.124289466 2.5987431923763384e-14
2.125897558 1.4027125312660577e-14
2.1275056500000002 1.0221155630646959e-14
2.129113742 1.030419638932378e-14
2.130721834 1.2701368897129818e-14
2.1323299259999997 1.609431717681359e-14
2.133938018 1.669559873338158e-14
2.1355461100000004 2.0365773984126184e-14
2.137154202 1.5288428604816803e-14
2.138762294 1.3459443413060687e-14
2.140370386 1.4233369849566648e-14
2.141978478 1.8860902264994095e-14
2.14358657 9.902250707606588e-15
2.1451946619999998 5.031140843700944e-15
2.146802754 3.437610376890999e-15
2.1484108460000004 6.191212743131092e-15
2.150018938 1.177798309162166e-14
2.15162703 9.464723871039275e-15
2.153235122 9.687780480544169e-15
2.154843214 1.3605101677884988e-14
2.156451305 2.4985183788620576e-14
2.158059397 2.2532071531695108e-14
2.159667489 1.8721252293620062e-14
2.161275581 1.2954637331246548e-14
2.1628836729999996 1.0667162374144917e-14
2.164491765 1.0159324992933368e-14
2.1660998570000003 1.2495443145887064e-14
2.167707949 1.723708638192602e-14
2.169316041 1.2723090423273505e-14
2.170924133 1.1730631979424549e-14
2.172532225 1.809160530513734e-14
2.174140317 3.060874955971682e-14
2.1757484089999997 2.798012599618146e-14
2.177356501 2.022180543099964e-14
2.1789645930000003 1.8621990836442744e-14
2.180572685 2.3546222233872756e-14
2.182180777 2.947509550053338e-14
2.183788869 1.3906298807462566e-14
2.185396961 1.1599852231069276e-14
2.187005053 6.427789726725124e-15
2.1886131449999997 7.080963118639888e-15
2.1902212359999997 1.1431563886840326e-14
2.191829328 1.133688877481886e-14
2.1934374200000004 9.516111503327593e-15
2.195045512 6.591732813109714e-15
2.196653604 1.2066121244027321e-14
2.198261696 1.9468404362353312e-14
2.199869788 3.6751273382317676e-14
2.20147788 3.1787514297653983e-14
2.203085972 1.708374500277155e-14
2.204694064 1.2128647085058725e-14
2.206302156 1.7676285853943056e-14
2.207910248 4.662972010063794e-14
2.2095183400000002 2.7116103492315315e-14
2.211126432 2.309808890639097e-14
2.212734524 1.8774463496457134e-14
2.2143426159999997 2.050906288913286e-14
2.215950708 3.191838147200617e-14
2.2175588 4.469302216740866e-14
2.219166892 1.0804422348447327e-13
2.220774984 1.3037018438762037e-13
2.222383075 1.6051638248967382e-13
2.2239911670000003 2.2396573186971705e-13
2.225599259 3.5731968560028406e-13
2.227207351 7.11355931184581e-13
2.228815443 4.248899581618848e-13
2.230423535 2.6324353259944017e-13
2.232031627 2.313980860381201e-13
2.2336397189999997 3.1307246435418553e-13
2.2352478110000003 2.8940055914286555e-13
2.236855903 1.469913920540563e-13
2.238463995 9.216970131128957e-14
2.240072087 1.439582773219179e-13
2.241680179 2.751856108037735e-13
2.243288271 4.553692013521427e-13
2.2448963629999996 5.292530483757491e-13
2.2465044549999997 7.5803370853532e-13
2.2481125470000003 5.989551963559703e-13
2.249720639 5.721908333601923e-13
2.251328731 7.401314020723138e-13
2.252936823 1.0926622091504153e-12
2.2545449140000002 1.2628719210057253e-12
2.256153006 8.779757429557204e-13
2.257761098 7.812029873314143e-13
2.2593691899999997 1.1371783887403703e-12
2.260977282 2.0785487897378446e-12
2.262585374 2.2727377099092563e-12
2.264193466 7.210606694090279e-13
2.265801558 3.105831521738617e-13
2.2674096500000003 3.4626327737006083e-13
2.269017742 1.1861262944580339e-12
2.270625834 2.5293754639541852e-12
2.2722339259999997 2.5924751424161786e-12
2.273842018 3.528185181016956e-12
2.2754501100000004 3.907389640512214e-12
2.277058202 4.47857469392006e-12
2.278666294 6.030478001705243e-12
2.280274386 7.12663808701372e-12
2.281882478 8.769538558721346e-12
2.28349057 4.510088239396931e-12
2.285098662 3.931002255678343e-12
2.286706753 4.138791156531437e-12
2.288314845 5.17752661533826e-12
2.2899229369999996 9.47545743713248e-12
2.291531029 4.881765353902463e-12
2.2931391210000003 4.095789672675785e-12
2.294747213 4.09113958580841e-12
2.296355305 5.175655659184965e-12
2.297963397 9.786550432290629e-12
2.299571489 8.42565049596528e-12
2.301179581 7.611966185782046e-12
2.3027876729999996 9.795516006074786e-12
2.304395765 1.8999961054675335e-11
2.3060038570000003 4.204051737399759e-11
2.307611949 7.64385153747771e-11
2.309220041 1.2910444493493542e-10
2.310828133 2.1387309602002727e-10
2.312436225 2.978993386048218e-10
2.314044317 4.1836860443195337e-10
2.3156524089999997 5.758999749841881e-10
2.3172605010000003 7.884136506256964e-10
2.318868592 1.069048952248418e-09
2.3204766840000004 1.3183268701765957e-09
2.322084776 1.6166504803051536e-09
2.323692868 1.990555340983164e-09
2.32530096 2.4404924655504774e-09
2.326909052 2.9524933388213743e-09
2.328517144 3.1922237286376073e-09
2.3301252359999998 3.393046034833182e-09
2.331733328 3.557225840171914e-09
2.33334142 3.6558232389360247e-09
2.334949512 3.7252663970768206e-09
2.3365576040000002 3.5669455997134582e-09
2.338165696 3.327016469366337e-09
2.339773788 3.0123523711769145e-09
2.3413818799999997 2.3394332438162735e-09
2.342989972 1.8123707867980232e-09
2.344598064 1.396071034050801e-09
2.346206156 1.0725276351923122e-09
2.347814248 8.272700261445479e-10
2.3494223400000003 2.7841030788005795e-10
2.3510304310000003 1.0997200513281897e-10
2.352638523 5.423833468426436e-11
2.354246615 5.337004768780453e-11
2.3558547069999998 1.0352900372457108e-10
2.357462799 1.3993788258569577e-10
2.359070891 1.0529989693364557e-10
2.3606789829999997 1.0661230146349914e-10
2.3622870750000002 1.2267285971407173e-10
2.363895167 1.494526842786385e-10
2.365503259 1.753301298628221e-10
2.367111351 1.364987300877868e-10
2.368719443 1.4699713592832494e-10
2.370327535 1.9017652599057826e-10
2.371935627 1.8418660736101682e-10
2.3735437189999997 1.8744656915970747e-10
2.3751518110000003 1.0512565665286326e-10
2.376759903 1.302415143592603e-10
2.378367995 2.3510113350215627e-10
2.379976087 1.3044876751406555e-10
2.381584179 8.621114740679097e-11
2.383192271 7.856837189109192e-11
2.384800362 1.2740712912192016e-10
2.3864084539999997 2.599650587944512e-10
2.388016546 1.377206150563485e-10
2.389624638 5.2931429272339364e-11
2.39123273 2.766732713544881e-11
2.392840822 4.824881293150055e-11
2.3944489140000003 1.1505605733107101e-10
2.396057006 3.0968405118615074e-10
2.397665098 1.6262304580603534e-10
2.3992731899999997 1.3456692040750578e-10
2.400881282 1.3901774415430787e-10
2.4024893740000004 1.7056524775594983e-10
2.404097466 2.431260932268743e-10
2.405705558 3.0607302836667627e-10
2.40731365 3.3535098344192025e-10
2.408921742 3.961493388669953e-10
2.410529834 3.068942083787988e-10
2.4121379259999998 2.5425146840981275e-10
2.413746018 2.2307570109287846e-10
2.41535411 2.7157123793865523e-10
2.416962201 3.6854756053015336e-10
2.418570293 3.562526482460486e-10
2.4201783850000003 9.57288950786656e-11
2.421786477 3.288158041676856e-11
2.423394569 2.7178692370107655e-11
2.425002661 6.42435017934957e-11
2.426610753 2.24099050118299e-10
2.428218845 2.5484346909772625e-10
2.4298269369999996 2.1179701716898417e-10
2.431435029 2.0761743313521225e-10
2.4330431210000003 2.0587698433394055e-10
2.434651213 2.1480036796190865e-10
2.436259305 2.666793355210443e-10
2.4378673969999998 2.7007838537546163e-10
2.439475489 3.011698205089909e-10
2.441083581 3.2708247522293736e-10
2.4426916729999997 2.315283291525959e-10
2.4442997650000002 1.9244817778251068e-10
2.4459078570000004 2.0286536915802678e-10
2.447515949 2.63970384929059e-10
2.44912404 3.7392926310631604e-10
2.450732132 3.068514169350379e-10
2.452340224 1.129574296413668e-10
2.453948316 6.23940542511653e-11
2.455556408 6.050646308148251e-11
2.4571644999999998 1.043944991589226e-10
2.458772592 2.488905556792986e-10
2.460380684 2.60893941789165e-10
2.461988776 1.759438196128078e-10
2.463596868 1.457335757635311e-10
2.46520496 7.494825963608736e-11
2.466813052 5.0385283093384004e-11
2.468421144 1.2389304443735487e-10
2.470029236 2.059636370943844e-10
2.471637328 2.296744313218019e-10
2.47324542 2.9174410805021187e-10
2.474853512 2.5498854931039304e-10
2.4764616040000003 2.0585638583885226e-10
2.478069696 1.7060128260575528e-10
2.479677788 2.4090176377641455e-10
2.481285879 3.79172442798318e-10
2.4828939709999998 7.117764695484779e-10
2.484502063 5.285446745256428e-10
2.486110155 4.522533629930606e-10
2.4877182469999997 4.155512284553731e-10
2.489326339 4.508360227714995e-10
2.4909344310000003 5.278355845891141e-10
2.492542523 7.100894987928829e-10
2.494150615 1.0355568024285047e-08
2.495758707 8.55970976080378e-09
2.497366799 7.338468884274815e-09
2.498974891 7.422178566917194e-09
2.499778162 1.065630890744266e-08
2.5011293930000003 6.633872098466986e-10
2.502480624 3.3371388732825757e-09
2.5038318559999997 6.786934062874869e-09
2.505183087 1.099409236606768e-09
2.506534319 1.245612286237256e-09
2.50788555 1.3436613462673788e-09
2.509236782 1.3181523088533413e-09
2.510588013 1.3274466700562121e-09
2.511939244 2.916169560220346e-09
2.5132904760000003 2.8701943682218717e-09
2.514641707 8.539455264242683e-10
2.515992939 1.197240843700422e-09
2.51734417 1.960152117434479e-09
2.5186954019999996 1.948615879199395e-09
2.5200466329999998 6.059288320131183e-10
2.521397865 8.040166872586707e-10
2.522749096 4.071385133270827e-10
2.524100327 5.81760254310422e-12
2.525451559 6.137200595800235e-10
2.52680279 1.3178065930502175e-09
2.5281540220000003 6.300073462710118e-10
2.529505253 1.4146725010729606e-09
2.5308564849999997 2.006898531415169e-10
2.532207716 4.635416385862372e-10
2.533558948 9.663015478269675e-10
2.534910179 8.880973940643495e-10
2.5362614100000003 4.038665248325761e-10
2.537612642 2.1733999278273032e-10
2.538963873 2.372531025919948e-10
2.5403151050000004 4.1393370880579984e-10
2.5416663359999996 3.234802886890425e-10
2.5430175680000002 1.5840409773680635e-10
2.544368799 2.0900024153100894e-10
2.54572003 2.617083155236482e-10
2.547071262 2.2858553517388585e-10
2.548422493 2.557776868124437e-10
2.549773725 2.674220214554919e-10
2.551124956 2.0588102677047534e-10
2.552476188 1.1550330380272594e-10
2.553827419 1.2026430067354635e-10
2.5551786510000003 1.0698838775598835e-10
2.556529882 9.570056840414183e-11
2.557881113 1.783866891143061e-10
2.559232345 1.0535785047237348e-10
2.560583576 6.084344442533603e-11
2.561934808 7.224498907387233e-11
2.5632860390000003 4.505276327226707e-11
2.564637271 6.697865988862627e-11
2.565988502 6.011941118209954e-11
2.567339733 4.381323819652879e-11
2.5686909649999996 6.394368073776566e-11
2.5700421959999997 1.7018828289243546e-11
2.571393428 5.3430191116118506e-11
2.572744659 5.7521204643100733e-11
2.574095891 2.3312855029429524e-11
2.575447122 1.9877362429390447e-11
2.576798354 3.194195182043076e-11
2.5781495850000002 1.602579752186627e-11
2.5795008160000004 1.286809112777752e-11
2.580852048 3.055268662628505e-12
2.582203279 1.256762949147373e-11
2.583554511 1.7167937337289272e-11
2.584905742 2.642751100194802e-11
2.586256974 2.7429878272083517e-11
2.587608205 2.098823758066698e-11
2.588959437 1.4698738274837744e-11
2.590310668 8.016435203524373e-12
2.591661899 8.825233807693405e-12
2.593013131 8.632691511573656e-12
2.594364362 7.027728610733243e-12
2.5957155939999996 8.2767162040075e-12
2.5970668249999997 8.141510217564566e-12
2.598418057 7.542023286894043e-12
2.599769288 9.58416388845917e-12
2.601120519 1.742172041883424e-11
2.602471751 1.4243888641640761e-11
2.603822982 7.81124021577253e-12
2.6051742140000003 1.1456984387247663e-11
2.6065254450000004 2.238957454869118e-11
2.607876677 2.7224173487374464e-11
2.609227908 7.189289894118735e-12
2.61057914 1.544658726952019e-11
2.611930371 1.0947236275144983e-11
2.613281602 4.543464338010189e-12
2.614632834 9.454541177901105e-13
2.615984065 9.711786663841805e-12
2.617335297 5.961770717826057e-12
2.618686528 4.0717286952102225e-12
2.62003776 6.9818139114339204e-12
2.621388991 7.501567582128176e-13
2.622740222 7.134799932802605e-12
2.6240914539999998 1.505845537816696e-11
2.625442685 9.010892769003502e-12
2.626793917 6.770912783689697e-12
2.628145148 5.348612171582631e-12
2.62949638 7.311722322485907e-12
2.630847611 7.569567493084819e-12
2.6321988430000003 6.196438964315512e-12
2.6335500740000004 1.0447658738380782e-11
2.634901305 5.860814748799009e-12
2.636252537 8.33303166015243e-12
2.637603768 2.5110495977994423e-12
2.6389549999999997 1.3463328853191827e-11
2.640306231 1.1792309617930885e-11
2.641657463 1.3706186249031833e-11
2.643008694 1.8286616982977988e-11
2.6443599250000003 1.3787005723510231e-11
2.645711157 8.083896540915137e-12
2.6470623879999997 5.102799491049929e-12
2.64841362 1.3357090085764336e-11
2.649764851 6.690282769867214e-12
2.651116083 6.6379904225979256e-12
2.652467314 6.55362826131849e-12
2.653818546 1.0089395276415141e-11
2.6551697770000002 6.566845884520328e-12
2.6565210080000004 2.091810820962267e-12
2.65787224 8.618524958823209e-12
2.659223471 1.680454253582069e-11
2.6605747030000004 2.940376008868357e-11
2.6619259339999997 2.6138956606159434e-11
2.663277166 1.3714222995553754e-11
2.664628397 1.2309212554910603e-11
2.6659796289999997 1.6003806635629496e-11
2.66733086 2.2242889797818673e-11
2.668682091 2.0356245667160996e-11
2.670033323 6.564807671361888e-12
2.6713845540000003 1.696796816481578e-11
2.672735786 4.436708791676311e-11
2.6740870169999997 2.8918020878852682e-11
2.675438249 1.7042315386686695e-11
2.67678948 1.411212327592259e-11
2.678140711 1.2983455399752556e-11
2.679491943 1.698371182477024e-11
2.680843174 9.142367983673828e-12
2.6821944060000003 6.374315278864809e-12
2.6835456370000004 5.344057102434936e-12
2.684896869 8.48903361053719e-12
2.6862481 9.907580521087888e-12
2.6875993319999996 8.476654048846763e-12
2.6889505629999997 7.624424292549815e-12
2.690301794 4.5116485483188855e-12
2.691653026 2.0593346515656363e-13
2.693004257 1.318368010434249e-12
2.694355489 5.449202553501796e-12
2.69570672 8.270063689569836e-12
2.697057952 2.7232781383776162e-12
2.6984091830000003 2.5638359646518718e-12
2.699760414 6.08944109830766e-13
2.7011116459999998 1.0276687098899288e-12
2.702462877 4.369012756760795e-12
2.703814109 8.836401419645674e-12
2.70516534 6.8068257845124655e-12
2.706516572 2.6925654023552747e-12
2.707867803 9.2668937316623e-12
2.7092190350000003 7.023568481525836e-12
2.7105702660000004 4.048135054463524e-12
2.7119214969999996 5.75498644814508e-12
2.713272729 8.246582993666448e-12
2.71462396 6.661936747506546e-12
2.7159751919999997 2.494892117032385e-12
2.717326423 3.061302563192812e-12
2.718677655 3.740744129105186e-12
2.720028886 8.669764067790616e-12
2.7213801170000003 4.256512565266182e-12
2.722731349 3.511506787394307e-12
2.7240825799999997 1.7598698745983537e-12
2.7254338120000003 1.793273459495277e-12
2.726785043 6.680380317751006e-12
2.7281362749999998 3.731342292788688e-12
2.729487506 6.328221192427765e-13
2.730838738 9.24737768850737e-12
2.732189969 8.814764865781387e-12
2.7335412000000003 3.0368158975671924e-12
2.734892432 3.733742581980643e-12
2.736243663 1.0671975100169066e-13
2.737594895 1.179636794391135e-12
2.7389461259999996 3.16949840194635e-12
2.740297358 2.7166173134538263e-12
2.741648589 8.48511376216042e-13
2.7429998209999997 4.169521878108331e-12
2.744351052 1.1216153709043993e-11
2.745702283 3.841547762360577e-12
2.747053515 6.777563540587385e-12
2.7484047460000003 3.601173284504811e-12
2.749755978 5.8381279037877395e-12
2.7511072089999997 2.602106910533058e-12
2.7524584410000004 1.6203263964350917e-14
2.753809672 1.072567489280617e-14
2.755160903 4.787516890406643e-13
2.756512135 4.1799519697730175e-12
2.757863366 3.1329139675494793e-12
2.7592145980000002 7.289508643840264e-12
2.760565829 2.400931188916883e-12
2.761917061 2.130644287499399e-12
2.7632682920000002 1.655041255116456e-12
2.764619524 1.0633681328415525e-12
2.7659707549999997 2.8341481697130793e-12
2.767321986 2.382322968891832e-12
2.768673218 1.4790741042287313e-14
2.770024449 3.1358461793443046e-13
2.771375681 4.62438951734256e-13
2.772726912 3.956917215940709e-13
2.774078144 1.5055726356765887e-12
2.7754293750000003 1.2264165172682367e-12
2.776780606 6.380731619201556e-13
2.7781318379999997 1.0988939462855308e-13
2.779483069 1.3741439221511615e-14
2.780834301 6.959108788464363e-13
2.782185532 5.4325013286489615e-12
2.783536764 1.1090928830831725e-12
2.784887995 1.980214709066837e-12
2.786239227 4.802085668959651e-13
2.787590458 3.0258472127097433e-12
2.788941689 4.783223451827493e-12
2.7902929210000003 2.499617374614135e-12
2.791644152 3.999341700449037e-12
2.7929953839999997 5.3562758360132486e-12
2.794346615 6.448082324183554e-13
2.795697847 4.1241081887383337e-13
2.797049078 3.0424605916714947e-12
2.7984003090000003 2.4634446019673833e-12
2.799751541 9.081185655660008e-13
2.801102772 1.0689354024666425e-12
2.8024540040000003 4.37437573125736e-12
2.803805235 1.96944104952989e-12
2.8051564669999998 4.075326863280899e-12
2.806507698 4.005116223373766e-12
2.80785893 1.95293609202634e-12
2.8092101609999998 4.208959460355218e-12
2.810561392 2.578255533851748e-12
2.811912624 4.322338357432645e-12
2.813263855 6.349844379567921e-12
2.814615087 4.756113714795036e-12
2.8159663179999996 2.551680334348117e-12
2.8173175500000003 4.498245303540555e-13
2.818668781 2.180849967496835e-12
2.8200200129999997 5.574415036478514e-12
2.821371244 3.5553262609546124e-12
2.822722475 4.864620258223589e-12
2.824073707 4.599123688030733e-12
2.8254249380000003 3.985283146957704e-12
2.82677617 3.846436358729654e-12
2.828127401 5.678849354860506e-13
2.8294786330000004 9.692061982535557e-13
2.830829864 4.2496017004118575e-13
2.8321810949999997 1.435071758074116e-12
2.833532327 7.349182338343142e-13
2.834883558 1.4928159020216026e-13
2.83623479 6.403369160789872e-13
2.837586021 1.1447619990633319e-12
2.838937253 1.5389333771224719e-12
2.8402884840000002 1.4390017271279936e-12
2.841639716 1.580050487647974e-12
2.8429909469999997 3.3347711510632185e-12
2.8443421779999998 3.598841840723375e-12
2.84569341 3.2760922336825563e-12
2.847044641 5.3628035567275126e-12
2.848395873 2.444675663184935e-12
2.849747104 1.6385022731894982e-12
2.851098336 3.960304263899256e-12
2.8524495670000003 1.980479790971286e-12
2.8538007980000004 1.1597151669000456e-12
2.85515203 1.5851316722117647e-12
2.856503261 7.320796862633221e-13
2.8578544929999996 1.7116741957381614e-12
2.8592057239999997 8.927951394566326e-13
2.860556956 1.4836052991473328e-12
2.861908187 7.239069896060044e-13
2.863259419 7.647928114286621e-13
2.86461065 7.479610066867209e-13
2.865961881 1.1479615417483148e-12
2.8673131130000002 1.2682151759409847e-12
2.868664344 2.2543251098106195e-12
2.8700155759999997 1.3179289700079753e-12
2.871366807 1.2886623814466738e-14
2.872718039 6.989312468812963e-14
2.87406927 2.3835182341065987e-12
2.8754205010000002 6.748080390090671e-12
2.876771733 1.418044026682358e-12
2.878122964 2.258315089094165e-14
2.8794741960000003 4.861137119518418e-12
2.8808254270000004 4.152570292585483e-12
2.882176659 1.9117603407345905e-12
2.88352789 3.78197390329323e-12
2.8848791219999996 3.7651949732755065e-14
2.8862303529999997 8.428766267183754e-13
2.887581584 4.038857707852468e-13
2.888932816 5.570967493608331e-13
2.890284047 5.121206673191158e-13
2.891635279 2.9808424069054937e-13
2.89298651 4.872916447234406e-13
2.8943377420000003 5.002160300798165e-13
2.895688973 1.9847171774571266e-13
2.8970402049999997 1.2637213217926891e-12
2.898391436 1.7722872177500074e-12
2.899742667 1.1533569701695864e-12
2.901093899 5.255685782491629e-13
2.9024451300000003 8.230146893232812e-13
2.903796362 4.576593234769189e-13
2.905147593 8.318003154093256e-13
2.9064988250000003 3.491645989412826e-13
2.907850056 9.98305851689883e-13
2.9092012869999997 2.0996611400861348e-12
2.910552519 1.1203131374396361e-12
2.91190375 1.1028522764796555e-12
2.9132549819999998 1.6328011301611085e-12
2.914606213 1.071150733113156e-12
2.915957445 2.7939936691912518e-12
2.917308676 1.7324056506011527e-12
2.918659908 2.2470883009935385e-12
2.920011139 5.4608597572812025e-12
2.9213623699999998 4.960404183983858e-12
2.922713602 1.6864126535274527e-12
2.924064833 3.3867073174432595e-12
2.925416065 5.839201804779423e-12
2.926767296 4.847342961979715e-12
2.928118528 6.645730958404988e-13
2.9294697590000003 3.587987860098117e-12
2.93082099 4.753772364094069e-12
2.932172222 7.53671701839311e-12
2.933523453 2.3967003455564086e-12
2.934874685 6.903541255146588e-13
2.9362259159999997 1.4887735248976917e-12
2.937577148 8.331302426137199e-12
2.938928379 3.702617504471262e-12
2.940279611 8.30446784816632e-12
2.941630842 1.5907617512208733e-12
2.942982073 3.1194102022156765e-13
2.9443333050000002 7.412124562257687e-13
2.9456845360000004 2.329773319740511e-12
2.947035768 3.1645436361539637e-12
2.948386999 1.1611585415004572e-11
2.949738231 8.787038653303104e-12
2.951089462 4.148708684024338e-12
2.952440694 3.9171092462927134e-12
2.953791925 1.0485132114900916e-12
2.955143156 7.927225912476851e-13
2.956494388 6.691897695092422e-12
2.957845619 1.180506400495505e-13
2.959196851 1.0803596706117906e-12
2.960548082 7.058646166966488e-13
2.9618993139999996 6.18893211780493e-13
2.9632505449999997 1.3330249731135227e-14
2.964601776 1.4564429772337846e-13
2.965953008 3.905315973802532e-12
2.967304239 4.577063705439967e-12
2.968655471 2.3904000883915166e-12
2.970006702 3.9102231734781845e-12
2.9713579340000003 4.136236331966008e-12
2.9727091650000004 1.0571291390361525e-11
2.974060397 9.831665706287017e-12
2.975411628 9.252649785759238e-12
2.976762859 5.98030073987595e-12
2.978114091 1.126252928147143e-12
2.979465322 2.761790045855302e-12
2.980816554 1.655841393478185e-12
2.982167785 4.914558128158963e-12
2.983519017 8.519051618798075e-12
2.984870248 2.6665029771895597e-12
2.9862214789999997 4.813689073167108e-13
2.987572711 8.451166053078133e-12
2.988923942 3.854904406766545e-12
2.9902751739999998 4.6948999660176555e-12
2.991626405 3.275335344486355e-12
2.992977637 2.9433708526308244e-12
2.994328868 1.0347941684057122e-11
2.9956801 8.06221781844968e-12
2.997031331 2.9223489831750795e-12
2.9983825619999998 2.275367141415018e-12
2.9997337940000004 4.553944298851824e-12
3.001085025 1.1398304736076344e-12
3.002436257 1.5521388231441827e-12
3.003787488 3.3881776224613323e-12
3.0051387199999997 1.827335496974756e-12
3.006489951 3.1989955763550263e-12
3.007841182 6.978012541274631e-13
3.009192414 3.0511092743260977e-12
3.0105436450000003 5.165118126509215e-12
3.011894877 5.708752114346413e-12
3.0132461079999997 5.86276493635513e-12
3.01459734 1.6046962663550864e-12
3.015948571 4.005796847560705e-12
3.017299803 5.139073015831557e-12
3.018651034 1.1075809581947117e-12
3.020002265 3.75002210246342e-12
3.021353497 4.118465959577153e-12
3.0227047280000003 2.431863716176365e-12
3.02405596 5.887568362582818e-12
3.0254071909999998 4.292963808690254e-12
3.0267584230000004 2.0143486513040925e-12
3.0281096539999997 3.654440046631156e-12
3.029460886 3.7472984369911255e-12
3.030812117 1.911476118659496e-12
3.032163348 4.370265463323345e-12
3.03351458 1.0312058511478871e-11
3.034865811 1.126946256039673e-11
3.036217043 7.394887060795038e-12
3.0375682740000003 2.2448775083911413e-12
3.038919506 6.397982164342698e-12
3.0402707369999997 6.859975886989966e-12
3.041621968 6.036072793282216e-12
3.0429732 6.4921174755543945e-12
3.044324431 9.839032441262687e-12
3.045675663 1.3718419845894343e-11
3.047026894 2.08626181440608e-11
3.0483781260000002 1.5139368903603076e-11
3.0497293570000004 7.67166170672137e-12
3.051080589 8.059210925343516e-12
3.05243182 5.752389589623269e-12
3.053783051 4.053643694971957e-12
3.0551342829999997 5.055305057837708e-12
3.056485514 8.362106373236306e-12
3.057836746 5.619312866974274e-12
3.059187977 4.453212185798246e-12
3.060539209 8.613128106900684e-12
3.06189044 6.799528293942728e-12
3.063241671 6.196208232771145e-12
3.0645929030000003 8.095886245741162e-12
3.065944134 9.26013257396677e-12
3.0672953659999997 6.406740980818255e-12
3.068646597 2.883364560032691e-12
3.069997829 6.788373604184514e-12
3.07134906 1.701092159576051e-11
3.072700292 1.36416271587076e-11
3.074051523 5.49981470921808e-12
3.075402754 3.332578595598623e-12
3.0767539860000004 6.34113736200314e-12
3.0781052169999996 1.0074520386665203e-11
3.079456449 6.061083306276808e-12
3.08080768 5.36287748948986e-12
3.0821589119999997 7.797946736938455e-12
3.083510143 9.959814038391407e-12
3.084861374 5.956511753778218e-12
3.086212606 3.654757642062104e-12
3.0875638370000003 1.5698254717918105e-12
3.088915069 1.9674753932898396e-12
3.0902662999999997 7.128651017148873e-13
3.0916175320000003 7.91138590834823e-12
3.092968763 1.1562953010690413e-11
3.0943199949999998 1.0490912687002709e-11
3.095671226 7.0581115605264135e-12
3.097022457 1.4271988577586279e-13
3.098373689 6.784843770695381e-12
3.0997249200000003 4.128853585808565e-12
3.101076152 5.123248096742113e-12
3.102427383 5.708672604864236e-12
3.103778615 8.176259969791421e-12
3.1051298459999996 5.79725467264847e-12
3.106481078 2.9829217065170266e-12
3.107832309 7.037183200283156e-13
3.10918354 1.7682050947927347e-12
3.110534772 4.579465271984394e-12
3.111886003 7.018848723141294e-12
3.113237235 6.160539492948238e-12
3.1145884660000003 9.786296359991211e-12
3.115939698 8.762599956419494e-12
3.1172909289999997 2.4389113978144892e-12
3.11864216 8.570166333815628e-13
3.119993392 1.2595897627971226e-11
3.121344623 1.1798950355333181e-11
3.122695855 1.0320508813844638e-11
3.124047086 7.315897281772984e-12
3.1253983180000002 9.317604724960842e-12
3.126749549 1.0034718701404239e-11
3.128100781 1.9153517866983637e-11
3.1294520120000002 1.2199481649141918e-11
3.130803243 1.6099610746722065e-11
3.1321544749999997 8.493026540024383e-12
3.133505706 2.2805457770449462e-11
3.134856938 2.187724376162042e-11
3.136208169 1.857091682431987e-11
3.137559401 6.151583227129711e-12
3.138910632 9.222596729377954e-12
3.140261863 8.538654059621898e-12
3.1416130950000003 1.737712269282228e-11
3.142964326 4.038511382137041e-11
3.1443155579999997 1.6039194241916968e-11
3.145666789 7.902642098351978e-12
3.147018021 2.49347194600078e-11
3.148369252 4.3033817295653084e-11
3.149720484 3.2844259714616404e-11
3.151071715 2.554909836357852e-11
3.152422946 2.6977905200728904e-11
3.153774178 1.9620170681657952e-11
3.155125409 1.3192724706245051e-11
3.1564766410000002 1.8844555250761863e-11
3.157827872 1.841321454676804e-11
3.1591791039999997 1.9708926610146142e-11
3.160530335 3.573585120170539e-11
3.161881566 3.261504179548023e-11
3.163232798 3.7175931574787236e-11
3.1645840290000002 1.2453839862286162e-11
3.165935261 7.081169523703552e-12
3.167286492 1.6307415365499383e-11
3.1686377240000003 1.7136899997215312e-11
3.169988955 6.830983533484449e-12
3.1713401869999998 6.2504106463461055e-12
3.172691418 8.103794304744144e-12
3.174042649 6.046360518846475e-12
3.1753938809999998 5.343605662253866e-12
3.176745112 8.4092401761968e-12
3.178096344 2.9962708818558557e-12
3.179447575 9.9029764769506e-13
3.180798807 3.191360287833476e-12
3.182150038 3.1161867902593013e-12
3.1835012700000003 1.2620266151531104e-12
3.184852501 1.9854589180505826e-13
3.186203732 1.7406254633061457e-12
3.187554964 1.8581078193133134e-12
3.188906195 3.308386490255979e-14
3.190257427 2.340963221096421e-12
3.1916086580000003 1.1625940088479613e-11
3.19295989 1.0879842830979827e-11
3.194311121 6.4439716939944355e-12
3.195662352 3.776948030444809e-12
3.197013584 1.2387433007600232e-11
3.1983648149999997 9.317661211776096e-12
3.199716047 1.9756686178606274e-12
3.201067278 8.143824762345194e-12
3.2024185099999998 1.529809941853413e-11
3.203769741 1.1151777415338111e-11
3.205120973 4.5079913973111126e-12
3.206472204 4.685195711083706e-12
3.207823435 7.90392738894576e-12
3.209174667 1.062513516010319e-11
3.2105258979999998 1.9093620417321674e-11
3.21187713 1.790878053249531e-11
3.213228361 9.393823930319426e-12
3.214579593 1.6766950382761806e-11
3.215930824 1.6498702511748093e-11
3.217282055 7.076356214688902e-12
3.2186332870000003 5.585818399875294e-12
3.2199845180000004 7.162772703972689e-12
3.22133575 1.719903129925779e-11
3.222686981 2.252353958582962e-11
3.2240382129999996 2.2646456813124287e-11
3.2253894439999997 1.571380487642899e-11
3.226740676 3.283382359830962e-12
3.228091907 3.5319553502995234e-12
3.229443138 9.072176273327468e-12
3.23079437 8.978942909154337e-12
3.232145601 1.384616075289273e-11
3.2334968330000002 9.29574294820474e-12
3.234848064 9.068408047766302e-12
3.2361992959999997 1.796740693980896e-11
3.237550527 1.5203194365668078e-11
3.238901759 4.749315703697981e-12
3.24025299 2.7808270141046994e-14
3.2416042210000002 2.4956699967560953e-12
3.242955453 5.3652121251637215e-12
3.244306684 1.0207099023953934e-11
3.2456579160000003 1.306354600746914e-11
3.2470091470000004 1.6056742593959437e-11
3.248360379 2.9748672817105956e-11
3.24971161 4.115909811085063e-11
3.251062841 2.6559929742077555e-11
3.2524140729999997 1.5742843548350832e-11
3.253765304 2.603258131113999e-11
3.255116536 5.194088127586846e-12
3.256467767 7.051893421568667e-12
3.257818999 1.071173296747053e-12
3.25917023 7.27163451468015e-12
3.2605214620000003 1.5445409197056017e-11
3.261872693 2.2400594133974775e-11
3.263223924 2.119097720120184e-11
3.264575156 1.0105670044850882e-11
3.265926387 5.347288758802561e-12
3.267277619 7.2459737564739386e-12
3.2686288500000003 7.345770478016146e-12
3.269980082 1.3315848014828612e-12
3.271331313 1.1771709627301605e-11
3.272682544 6.185868021416665e-12
3.274033776 3.2391089494256722e-12
3.2753850069999997 1.1636906371035257e-11
3.276736239 1.4897554603109794e-11
3.27808747 2.7953558420644483e-11
3.2794387019999998 1.906599845455655e-11
3.280789933 4.472629823878259e-12
3.282141165 7.961555914402298e-12
3.283492396 1.6633637972080895e-11
3.2848436270000003 1.453383791868567e-11
3.286194859 1.9321298094648426e-11
3.2875460899999998 3.5208628167584004e-11
3.288897322 3.305885149433149e-11
3.290248553 2.4591407751163422e-11
3.291599785 1.6691052842755838e-11
3.292951016 9.813971486625376e-12
3.294302247 1.3045257592946738e-11
3.2956534790000003 1.734205061575581e-11
3.29700471 2.4821638236584437e-12
3.298355942 7.81803185298627e-13
3.299707173 1.4041721261240089e-12
3.301058405 9.995510147018355e-12
3.3024096359999997 1.672894562007991e-11
3.303760868 1.3670846555847856e-11
3.305112099 5.555966249764053e-12
3.30646333 6.376423947196956e-14
3.307814562 1.1181351141959294e-11
3.309165793 1.6044746241018837e-11
3.3105170250000002 1.5788646606360982e-11
3.3118682560000003 2.905775171597787e-11
3.313219488 1.0831152859804382e-11
3.3145707189999998 3.3392995846840343e-12
3.315921951 7.989560507842832e-12
3.317273182 1.1182191165267968e-11
3.318624413 1.4811025631062434e-11
3.319975645 1.2511090989342279e-11
3.321326876 2.0787339919663456e-11
3.322678108 1.0038673295323371e-11
3.324029339 1.0146624995471692e-11
3.325380571 9.22950534904709e-12
3.326731802 8.326987709145446e-12
3.328083033 2.6820511006702325e-12
3.3294342649999997 1.0035576187873574e-13
3.330785496 2.3406522840778826e-12
3.332136728 4.784816869440083e-12
3.333487959 3.5866238296265832e-12
3.334839191 2.5138621271422366e-12
3.336190422 5.6927936521265445e-12
3.3375416540000002 1.728453689436641e-11
3.3388928850000004 7.432941773872227e-13
3.340244116 1.6105348461311588e-13
3.341595348 1.0401798590477935e-11
3.342946579 2.8673069228869296e-11
3.344297811 2.228125880965059e-11
3.345649042 1.2807764317878991e-11
3.347000274 1.8267422715263018e-11
3.348351505 1.7335235700334182e-11
3.3497027360000002 2.0028883330875437e-11
3.351053968 1.5776426582631994e-11
3.3524051989999997 8.65949696017749e-12
3.353756431 3.745163764881418e-14
3.355107662 4.573921878907061e-14
3.3564588939999997 7.447045478408414e-14
3.357810125 6.098763945707274e-12
3.359161357 1.233385916501495e-11
3.360512588 1.1781084928264071e-11
3.3618638190000003 2.7775004474829028e-11
3.363215051 3.390331960134299e-11
3.3645662819999997 9.186934443286362e-12
3.3659175140000004 1.6483385074461325e-11
3.367268745 4.1473402804806766e-11
3.368619977 5.3853222196408174e-11
3.369971208 5.29942452408122e-11
3.371322439 3.9420759760806454e-11
3.372673671 3.0222912950025924e-11
3.374024902 2.0268903442293834e-11
3.375376134 2.2961834611493413e-11
3.3767273650000003 3.6485149782129596e-11
3.378078597 6.279862284848069e-11
3.3794298279999997 3.621098587017621e-11
3.38078106 1.7168516362143249e-12
3.382132291 2.477132504461666e-12
3.383483522 5.3954560729709734e-11
3.384834754 5.06134418609537e-11
3.386185985 3.784374339753957e-11
3.387537217 4.6041717332173626e-11
3.3888884480000003 5.4472813832310834e-11
3.39023968 2.0219024868579485e-11
3.3915909109999998 3.1960741926346547e-12
3.3929421430000004 4.9478692353283755e-11
3.3942933739999996 1.0961239735023187e-11
3.3956446049999998 1.019598846432736e-12
3.396995837 3.427458263657942e-12
3.398347068 6.194929138237707e-11
3.3996983 5.704687734901009e-11
3.401049531 3.261108539433057e-11
3.402400763 2.967937345351286e-11
3.4037519940000003 2.8686098563097075e-11
3.405103225 2.5832088668998376e-11
3.4064544569999997 2.6488619772280847e-11
3.407805688 2.5330510759471076e-11
3.40915692 1.8283344491855285e-11
3.410508151 4.545702752126395e-11
3.411859383 4.500929237251387e-11
3.413210614 3.779679482312103e-11
3.4145618460000002 3.518828589333582e-11
3.4159130770000004 2.428494625755055e-11
3.4172643079999996 2.2882631766528246e-11
3.41861554 5.2785124778556715e-12
3.419966771 3.233211158296318e-11
3.4213180029999997 3.48072801045132e-11
3.422669234 1.767159260799686e-11
3.424020466 2.899764911941259e-11
3.425371697 3.673451279475024e-11
3.4267229280000002 4.3103883139745325e-11
3.42807416 1.5566210598673294e-11
3.429425391 1.7427984863479395e-12
3.4307766230000003 1.0091079748639902e-12
3.432127854 1.0459381036236778e-11
3.4334790859999997 3.569947560915175e-11
3.434830317 7.429352122582654e-14
3.436181549 1.742065905300069e-13
3.43753278 7.901651985325801e-13
3.4388840110000003 2.6274929869129092e-11
3.440235243 2.7459394872020817e-11
3.441586474 1.351883754314567e-11
3.4429377060000004 4.873918824605887e-11
3.4442889369999996 7.081489252284976e-11
3.445640169 4.4700704889542215e-11
3.4469914 2.222531718706033e-11
3.448342631 2.297225554723613e-11
3.449693863 2.2720794097366376e-11
3.451045094 3.89572210194394e-11
3.452396326 3.306484022546898e-11
3.4537475570000002 1.7890023806343616e-11
3.455098789 2.078824519180378e-11
3.45645002 1.7841171316803028e-11
3.4578012520000003 5.5021789025236014e-11
3.459152483 2.465955584936295e-11
3.460503714 6.935867921398469e-12
3.461854946 1.0554160095628955e-11
3.463206177 6.113495881606122e-11
3.464557409 6.360994241546862e-11
3.4659086400000003 2.840924537793739e-11
3.467259872 2.232206515239725e-12
3.468611103 3.331829664057322e-12
3.469962335 4.6612060826488e-12
3.4713135659999996 1.0612736082651637e-11
3.4726647969999997 2.5810595130558175e-11
3.474016029 6.1756237472019295e-12
3.47536726 4.915945281779211e-12
3.476718492 1.9390332328326e-12
3.478069723 5.370046480826507e-12
3.479420955 1.3460480743384832e-11
3.4807721860000003 8.987858046237271e-13
3.482123417 1.0643045398889956e-12
3.483474649 2.5122791512083006e-12
3.48482588 9.734260394323322e-12
3.486177112 3.9607372463510134e-11
3.487528343 2.81845029167429e-11
3.488879575 1.7008435584299375e-11
3.490230806 1.2354642450732557e-11
3.491582038 3.897018881863774e-12
3.492933269 2.0084446309228277e-11
3.4942845 3.261117674014005e-11
3.495635732 2.379903054974184e-11
3.496986963 1.705921984598707e-11
3.4983381949999997 6.198175605337706e-12
3.4996894259999998 3.0988647057383057e-12
3.501040658 1.0485508882995722e-12
3.502391889 1.0959945685815674e-11
3.50374312 1.3824086528358439e-11
3.505094352 3.987892852187707e-12
3.506445583 2.9025243327672236e-12
3.5077968150000003 1.4696424537013284e-11
3.509148046 2.2937731852580088e-11
3.5104992779999997 2.293639165857657e-12
3.511850509 7.795659356538845e-13
3.513201741 8.788179659430913e-13
3.514552972 1.4950379266042656e-11
3.515904203 1.0443580534600671e-11
3.517255435 2.1694135415300328e-11
3.518606666 2.613744524673632e-11
3.519957898 1.2495023038674346e-11
3.521309129 1.1960415592876158e-11
3.5226603610000002 5.5312379179949085e-12
3.524011592 8.5295510072608e-12
3.5253628239999997 6.2596909958354434e-12
3.526714055 3.0798705916253226e-11
3.528065286 2.2430991051036498e-11
3.529416518 1.1533218240180645e-11
3.5307677490000002 1.2287028899521125e-11
3.532118981 2.3469354238630068e-11
3.533470212 3.468153323596682e-11
3.5348214440000003 2.4906264828695438e-11
3.536172675 1.0347067205979138e-11
3.537523906 1.1505510279014357e-11
3.538875138 1.1485368218029278e-11
3.540226369 3.250164094592428e-11
3.5415776009999997 3.9566896003401176e-11
3.542928832 3.722222874341911e-11
3.544280064 2.957477428133229e-11
3.545631295 1.1412994961513866e-12
3.546982527 2.084184536262325e-11
3.548333758 2.640831749833277e-11
3.5496849889999997 3.059104061240273e-11
3.551036221 1.6029887714360707e-11
3.552387452 1.7033406634656244e-11
3.553738684 3.524869739763456e-11
3.555089915 3.7260010547062524e-11
3.556441147 3.0737771237514006e-11
3.5577923780000003 3.2417024693495453e-11
3.5591436090000004 3.3793492472442e-11
3.560494841 2.8388559124001628e-11
3.561846072 4.2982236139605005e-11
3.563197304 4.6038978973556744e-11
3.5645485349999997 1.111339036378878e-11
3.565899767 1.6950699091039498e-11
3.567250998 4.375872749850816e-11
3.5686022299999998 6.892639566678178e-11
3.569953461 6.565267029061614e-12
3.571304692 3.4209567117131275e-11
3.572655924 5.943821011824724e-11
3.574007155 6.573329223536895e-11
3.575358387 4.81102793173699e-11
3.5767096179999998 3.560774160616978e-11
3.57806085 2.4425649062720455e-11
3.579412081 4.289200162676339e-11
3.580763312 6.781421301327682e-11
3.582114544 4.774273799451007e-11
3.583465775 3.3272676631965147e-11
3.5848170070000003 3.1397319307719136e-11
3.5861682380000004 3.264032781303612e-11
3.58751947 3.7245444992127594e-11
3.588870701 5.6877511547245173e-11
3.5902219329999996 2.7334676755963983e-11
3.5915731639999997 2.596313026021661e-11
3.592924395 4.3772735964659946e-11
3.594275627 1.9398985871149202e-11
3.595626858 1.3681123617224953e-11
3.59697809 2.4196909224258814e-11
3.598329321 3.0693671339235195e-11
3.5996805530000002 2.3193829126681457e-12
3.601031784 2.598793839964712e-11
3.602383016 1.2592017510456112e-11
3.603734247 1.1412737356742554e-11
3.605085478 8.548485249857692e-11
3.60643671 1.7685811225375153e-10
3.607787941 1.1854107009608705e-10
3.609139173 7.568765615134865e-11
3.610490404 5.392216530685615e-11
3.6118416360000003 6.023947688162075e-11
3.6131928670000004 6.014572896714015e-11
3.6145440979999997 5.5098712568552024e-11
3.61589533 7.14490528748152e-11
3.617246561 1.0199696136833954e-10
3.6185977929999997 5.62275703228904e-11
3.619949024 1.8242153142716987e-12
3.621300256 3.093102463419476e-11
3.622651487 1.4493424561666576e-10
3.624002719 1.3996593367302437e-10
3.62535395 8.53489559487158e-11
3.6267051809999997 4.160276520201391e-11
3.628056413 4.744816015498119e-11
3.629407644 5.103101739254035e-11
3.630758876 5.734552492803749e-11
3.632110107 3.1136987654668613e-11
3.633461339 2.1107376534190095e-11
3.6348125700000002 8.395331880640392e-11
3.6361638010000004 8.165907859815621e-11
3.637515033 6.215030423904537e-11
3.638866264 4.8725448549002556e-11
3.640217496 9.921105969541077e-12
3.6415687269999997 3.9542054616537774e-11
3.642919959 1.5414154196609446e-10
3.64427119 2.002615241463639e-10
3.6456224219999998 1.9016408847570436e-10
3.646973653 1.0542276795266602e-10
3.648324884 1.0489036016707176e-11
3.649676116 2.8163311868130048e-11
3.6510273470000003 9.532118414768135e-11
3.652378579 1.4179937389801507e-10
3.6537298099999997 1.2793389429006864e-10
3.655081042 1.808884977082063e-10
3.656432273 1.0302960388509636e-10
3.657783504 7.902014299288329e-11
3.659134736 4.2445963777681636e-11
3.660485967 3.1561369730049776e-11
3.6618371990000003 6.581415707248755e-11
3.66318843 7.563112067741507e-11
3.664539662 5.41547974999761e-11
3.665890893 2.9024694282993964e-11
3.667242125 1.405867814186752e-12
3.6685933559999997 1.0118879846754849e-12
3.669944587 1.638593986387355e-11
3.671295819 8.39174820694832e-11
3.67264705 1.0146481727325689e-10
3.673998282 1.547109392431093e-10
3.675349513 1.1873589874318776e-10
3.676700745 1.7205736177728722e-10
3.6780519760000003 2.489550596702908e-10
3.679403208 2.1754565504318947e-10
3.6807544389999998 1.1257426191125339e-10
3.68210567 7.921814335142164e-11
3.683456902 1.1798453562303777e-10
3.684808133 1.5892830634040822e-10
3.686159365 1.0036490913089216e-10
3.687510596 1.2223594106086015e-11
3.688861828 5.597866743645888e-11
3.690213059 1.250775393967252e-10
3.6915642899999996 1.9054390033601048e-10
3.692915522 1.802871648464043e-10
3.694266753 1.129561719760015e-10
3.6956179849999997 5.98195224654674e-11
3.696969216 7.343616581252508e-11
3.698320448 1.452414214333895e-10
3.699671679 2.476614257561508e-10
3.701022911 2.672357910326758e-10
3.702374142 3.95623371781182e-10
3.703725373 6.253606269272117e-10
3.7050766050000004 7.702081684923135e-10
3.706427836 5.442914558133805e-10
3.707779068 2.580265649568269e-10
3.709130299 4.1429412029300167e-10
3.710481531 3.2400989313261004e-10
3.711832762 1.682288064746295e-10
3.713183993 1.1568810428917847e-11
3.714535225 1.3712531718061975e-10
3.7158864560000002 7.006405111453583e-10
3.717237688 5.09623876715663e-10
3.7185889189999997 3.5439187860992753e-10
3.719940151 2.916748943932697e-10
3.721291382 6.148024864710651e-10
3.7226426139999997 8.390289529074142e-10
3.723993845 8.603649191130818e-10
3.725345076 8.044635736491454e-10
3.726696308 3.170432493065905e-10
3.7280475390000003 5.529339843834793e-11
3.729398771 7.885859946457903e-10
3.730750002 5.884063038232973e-10
3.7321012340000004 6.622908621771256e-10
3.733452465 8.882288658736441e-10
3.7348036959999997 8.998505564080426e-10
3.736154928 8.937046668002593e-10
3.737506159 1.3392329708043772e-09
3.738857391 2.97533782297815e-09
3.740208622 4.756397119082826e-09
3.741559854 5.690338750143755e-09
3.7429110850000002 4.068735627600905e-09
3.744262317 2.5019048904895804e-09
3.7456135479999997 1.9501624094412705e-09
3.746964779 2.949339436801383e-09
3.748316011 3.793793361636763e-09
3.749667242 4.458012414707984e-09
3.751018474 4.094749865479588e-09
3.752369705 3.585281080500024e-09
3.753720937 2.3352522943405333e-09
3.7550721680000003 1.0136673574434983e-09
3.7564234 9.867965506912764e-10
3.757774631 1.6283875540524805e-09
3.759125862 1.6634506402410022e-09
3.7604770939999996 2.0927812373841817e-10
3.7618283249999998 3.2810948834221328e-09
3.763179557 2.2205772256848987e-09
3.764530788 7.221938603792595e-10
3.76588202 4.649631560786628e-09
3.767233251 9.980113500977463e-09
3.768584482 1.030655431165729e-08
3.7699357140000003 2.5713720645041466e-09
3.771286945 1.9978938458163752e-09
3.7726381769999997 1.7651913075124e-09
3.773989408 1.6657307711515745e-09
3.77534064 2.522208317072717e-09
3.776691871 2.527321777327242e-09
3.778043103 7.48444924990927e-09
3.779394334 1.3555751278212143e-08
3.780745565 1.3868861989100472e-08
3.7820967970000003 1.1287056239723936e-08
3.7834480279999996 1.0233884948424047e-08
3.7847992599999998 9.431023293942615e-09
3.786150491 1.044385953665932e-08
3.7875017229999997 1.3260899227402449e-08
3.7888529539999998 1.833007433914407e-08
3.790204185 1.6275939770363016e-08
3.791555417 1.4533986439773145e-08
3.792906648 1.4358610083038817e-08
3.79425788 2.0337054347166617e-08
3.795609111 1.8298934210995605e-08
3.7969603430000003 1.5759329802397588e-08
3.798311574 2.1215597511850353e-08
3.7996628059999997 2.3117152711374086e-08
3.801014037 9.259725196531e-09
3.802365268 9.99399360971212e-09
3.8037165 1.7457564320166288e-08
3.8050677310000003 2.990970078985369e-08
3.806418963 4.869200375652583e-08
3.807770194 7.649424089331273e-08
3.8091214260000004 7.271661707458821e-08
3.8104726569999996 4.1645064540497905e-08
3.811823889 1.4422512040723214e-08
3.81317512 1.0415972869551748e-08
3.814526351 4.928584398389998e-09
3.815877583 1.5361521258305177e-08
3.817228814 3.7888066955463934e-08
3.818580046 5.283076699173171e-08
3.8199312770000002 4.9451759285513926e-08
3.821282509 5.463661141546386e-08
3.82263374 4.654113260400318e-08
3.823984971 2.28475703679259e-08
3.825336203 1.622355261290908e-08
3.826687434 1.2238102739213511e-08
3.828038666 1.0522949443234224e-08
3.829389897 1.133708705266479e-08
3.830741129 2.62071169583788e-08
3.8320923600000003 5.2923016980126713e-08
3.833443592 8.906295241329655e-08
3.834794823 2.1357645960354624e-07
3.836146054 3.1467488803823453e-07
3.8374972859999996 3.1028638604353985e-07
3.8388485169999997 2.710647662349179e-07
3.840199749 2.2618839783801935e-07
3.84155098 1.9475012467941137e-07
3.842902212 2.662356930848544e-07
3.844253443 2.6900566368462284e-07
3.845604674 2.0777803224943112e-07
3.8469559060000003 3.494455491696343e-07
3.848307137 4.0504269670556475e-07
3.849658369 3.901089547481273e-07
3.8510096 3.800360888996412e-07
3.852360832 3.5976491438647014e-07
3.853712063 3.7816793797016505e-07
3.855063295 5.929268315543699e-07
3.856414526 8.974509398263897e-07
3.857765757 8.487947822272251e-07
3.859116989 6.684459331417369e-07
3.86046822 6.730616481203308e-07
3.861819452 6.985924898176205e-07
3.863170683 6.120220446179203e-07
3.8645219149999996 5.156445479547024e-07
3.8658731459999998 1.0846185757977042e-06
3.867224377 1.991074789329891e-06
3.868575609 1.5031016034056784e-06
3.86992684 4.2711214016780485e-07
3.871278072 3.316149318644013e-07
3.872629303 3.5917060324042847e-07
3.8739805350000003 3.9606064870659235e-08
3.875331766 1.234729040023159e-07
3.876682998 2.0228935807810363e-08
3.878034229 1.3353099603109592e-07
3.87938546 7.989297782295727e-07
3.880736692 1.596263190997453e-06
3.882087923 2.0654145309280615e-06
3.883439155 1.9142785853688085e-06
3.884790386 2.2662834775237483e-06
3.886141618 2.3030738525960703e-06
3.887492849 1.2509654057711288e-06
3.8888440810000002 8.539522644543506e-07
3.890195312 7.56483861611115e-07
3.891546543 1.2121640661484356e-06
3.892897775 1.1657345358885968e-06
3.894249006 1.0032596005887783e-06
3.895600238 6.732030201121919e-07
3.8969514690000002 6.924767999394733e-07
3.898302701 4.1172171276452813e-07
3.899653932 5.969636058589452e-07
3.9010051629999998 3.7856294618890684e-07
3.902356395 3.89730211720966e-07
3.903707626 9.986248601073047e-07
3.905058858 1.5328293563154007e-06
3.906410089 1.4885386744047089e-06
3.9077613209999997 1.3686993172646886e-06
3.909112552 1.1948074973570402e-06
3.910463784 7.606720566376423e-07
3.911815015 1.500367724438925e-06
3.913166246 2.615528594965671e-06
3.914517478 3.6563114421563117e-06
3.9158687089999997 4.647586918707858e-06
3.917219941 3.715581857504559e-06
3.918571172 1.638283182184695e-06
3.919922404 1.081713904224072e-06
3.921273635 2.0041360185447316e-06
3.922624866 2.03911388584621e-06
3.9239760980000002 2.084566359047357e-06
3.9253273290000004 1.932640319256235e-06
3.926678561 3.3786445975247406e-07
3.928029792 3.6156234299266903e-07
3.929381024 2.77323925582001e-06
3.9307322549999997 3.4288194669976797e-06
3.932083487 2.462973429627112e-06
3.933434718 2.054299374223335e-06
3.934785949 1.7957795350380348e-06
3.936137181 1.2994426772398002e-06
3.937488412 1.1544864282553989e-06
3.938839644 2.515134990228771e-06
3.940190875 2.721153066729099e-06
3.941542107 2.265603017249049e-06
3.9428933379999997 2.3170255744429244e-06
3.944244569 3.5739180961250036e-06
3.945595801 3.6173594827583813e-06
3.946947032 2.727207035234762e-06
3.948298264 2.6499838217971365e-06
3.949649495 2.5964416789043034e-06
3.9510007270000003 2.891348271583356e-06
3.9523519580000004 4.078632296941359e-06
3.95370319 3.407198340243212e-06
3.955054421 2.9453471610045717e-06
3.956405652 2.4284715836485834e-06
3.9577568839999997 2.3620772909794015e-06
3.959108115 1.7684021438570685e-06
3.960459347 1.916314373518641e-06
3.961810578 3.100553869841143e-06
3.96316181 3.4317605913214073e-06
3.964513041 3.0723694095541826e-06
3.965864273 1.802038856454962e-06
3.967215504 1.262972839111394e-06
3.968566735 2.691073562861969e-07
3.9699179669999998 8.746390611995698e-07
3.971269198 2.785880317375214e-06
3.97262043 4.71625953510598e-06
3.973971661 5.444770507401381e-06
3.975322893 4.629467863050916e-06
3.976674124 4.9034094296988205e-06
3.978025355 5.265995615843921e-06
3.9793765870000004 5.664156507656125e-06
3.9807278179999996 5.677706603252481e-06
3.98207905 4.731719877950028e-06
3.983430281 4.260447345507837e-06
3.9847815129999997 4.275502617128321e-06
3.986132744 4.10902050203244e-06
3.987483976 4.553404099350218e-06
3.988835207 4.867463684218571e-06
3.9901864380000003 4.463555628415964e-06
3.99153767 3.66897267083488e-06
3.9928889009999997 2.05697228756503e-06
3.994240133 2.026223029102513e-06
3.995591364 1.1309133763156162e-06
3.996942596 4.2076350316590386e-07
3.998293827 5.76014596335228e-07
3.999645058 1.568613696956838e-06
4.00099629 2.2119088039675922e-06
4.002347521 2.9733928534209114e-06
4.003698753 3.9255307662552025e-06
4.005049984 3.6709680419538867e-06
4.006401216 2.3831920614584856e-06
4.007752447 1.6316437893968823e-06
4.009103679 2.205047581990005e-06
4.01045491 2.033476913210675e-06
4.011806141 2.0613557658823862e-06
4.013157373 2.3979683532534996e-06
4.014508604 2.285378275773671e-06
4.015859836 2.527784149641259e-06
4.017211067 3.5909645596000363e-06
4.018562299 4.0456188067383464e-06
4.01991353 2.8450225359125357e-06
4.021264761 2.118939448346406e-06
4.022615993 2.2000242744347624e-06
4.023967224 2.049066169454177e-06
4.025318456 1.985626197726005e-06
4.026669687 1.8481478144209503e-06
4.028020919 2.5134765863223385e-06
4.02937215 3.1903769059882752e-06
4.030723382 2.5913458309479024e-06
4.032074613 1.832320221530544e-06
4.033425844 2.6142988389654383e-06
4.034777076 2.6751312992762553e-06
4.036128307 1.9397081756019867e-06
4.037479539 1.4448978249890673e-06
4.03883077 1.451426501714118e-06
4.040182002 2.1956101885672443e-06
4.041533233 3.5930961850448042e-06
4.042884465 3.997085316734943e-06
4.044235696 2.8609723008933717e-06
4.0455869269999996 1.3174135470105885e-06
4.046938159 8.717537482672809e-07
4.04828939 1.013414171506649e-06
4.049640622 2.2115930438926385e-06
4.050991853 1.3501707784673607e-06
4.052343085 1.199972460117062e-06
4.053694316 2.5548936859144446e-06
4.055045547 3.2162634100830703e-06
4.056396779 2.383095270415994e-06
4.05774801 1.381764859237202e-06
4.059099241999999 1.0527657730411935e-06
4.0604504729999995 1.8942448588769598e-06
4.061801705 2.4903637551854492e-06
4.063152936 2.5932223970630665e-06
4.064504168 1.2488685309832337e-06
4.065855399 1.0629407933177858e-08
4.06720663 1.4268882700188347e-08
4.0685578620000005 1.746495384600373e-07
4.069909093000001 1.23978485642144e-06
4.071260325 3.164587075271064e-06
4.072611556 4.442793138457975e-06
4.073962788 4.325022769103012e-06
4.075314019 3.6686965710525733e-06
4.07666525 2.648781544011529e-06
4.078016482 1.9818205259851667e-06
4.079367713 1.444431224907013e-06
4.080718945 9.724976543300671e-07
4.082070176 4.232143098528343e-07
4.083421408 8.708652265800122e-07
4.084772639 2.8802607239179577e-06
4.086123871 3.970134550551481e-06
4.087475102 3.5364724566686486e-06
4.088826333 3.871368806843594e-06
4.090177565 4.229133115066167e-06
4.091528796 2.8652210038701614e-06
4.092880028 1.0059612993761543e-06
4.094231259 7.79134572930523e-07
4.095582491 3.9664754404603776e-07
4.096933722 8.661133649998045e-07
4.098284953 1.3797207933145838e-06
4.0996361850000005 1.5247471499350331e-06
4.100987416 1.0577153154636396e-06
4.102338648 6.053044675478419e-07
4.103689878999999 3.084104925804638e-07
4.105041110999999 1.1653519213886349e-06
4.106392342 1.8726241671823609e-06
4.107743574 1.1050926268089977e-06
4.109094805 3.3503047126448596e-08
4.110446036 1.631456447032473e-08
4.111797268 3.0070824619362447e-07
4.113148499 1.1834362882485873e-06
4.1144997309999995 1.233442956735773e-06
4.115850962000001 8.812269667217223e-07
4.117202194000001 1.9507086542629487e-06
4.118553425 3.652385970245609e-06
4.119904657 2.2488511368910613e-06
4.121255887999999 1.0693966890176018e-06
4.122607119 9.889761452093852e-07
4.123958351000001 1.0711242396358494e-06
4.125309582 6.308862827833694e-07
4.126660814 6.773761827813792e-08
4.128012045 6.523057044550017e-09
4.129363277 2.1466159925275312e-07
4.130714508 1.2463430345502327e-06
4.132065739 2.9843470850649767e-06
4.133416971 2.5176658106732755e-06
4.134768202 1.0411061380705387e-06
4.136119434 6.369043239555371e-07
4.1374706649999995 6.338064264787576e-07
4.138821897 4.88649834949672e-07
4.140173128000001 4.2729052866064323e-08
4.14152436 7.380402577260178e-08
4.142875591 6.048948903269209e-08
4.144226821999999 5.398344500416321e-09
4.145578054 1.9070364985482984e-07
4.146929285000001 1.245138875208049e-06
4.148280517 1.4333053041247257e-06
4.149631748 1.405196109280061e-06
4.15098298 1.0146565666850417e-06
4.152334211 7.029118361982104e-07
4.153685442 7.87046787607614e-07
4.155036674 1.090019977405726e-06
4.156387905 1.369158681477858e-06
4.157739136999999 1.1365481471083538e-06
4.159090368 4.6159183071752713e-07
4.1604416 2.1051108540143437e-07
4.161792831 3.5329519032827894e-07
4.163144063 9.370397262201316e-07
4.164495294 1.424988060403504e-06
4.165846525 1.5627436174805608e-06
4.167197757 1.6380576637109083e-06
4.1685489879999995 1.937410790972956e-06
4.169900220000001 2.4251866144205205e-06
4.171251451 2.854836121671035e-06
4.172602683 2.6515001721995577e-06
4.173953914 1.8104424336721536e-06
4.1753051459999995 1.514665455807196e-06
4.1766563770000005 1.7226910543129255e-06
4.178007608 2.386804511378295e-06
4.17935884 2.858946622099286e-06
4.180710071 2.365996510572581e-06
4.182061303 1.8941008554148774e-06
4.183412534 1.4457346041043e-06
4.184763766 1.084652721891539e-06
4.186114997 1.1012306706829773e-06
4.187466228 1.75194113879512e-06
4.18881746 2.4124449515310533e-06
4.190168691 2.544338763533041e-06
4.1915199229999995 1.9222809951416383e-06
4.1928711540000005 1.6174468399044158e-06
4.194222386000001 6.245583278183323e-07
4.195573617 1.7752034307828075e-08
4.196924849 1.2848864559044837e-08
4.198276079999999 2.509255045929806e-07
4.199627311 9.123159221165028e-07
4.200978543 1.0281093288165325e-06
4.202329774 2.924036891220043e-06
4.203681006 3.4771887496133985e-06
4.205032237 3.2269351522372544e-06
4.206383469 2.2219594196741657e-06
4.2077347 2.006159993375318e-06
4.209085931 2.4199027526826088e-06
4.210437163 2.1898611199198783e-06
4.211788394 2.713240792455719e-06
4.213139626 3.176405978015985e-06
4.2144908569999995 2.7618318384868377e-06
4.215842089 2.651380103213952e-06
4.217193320000001 3.2884931649996676e-06
4.218544552 2.7558975655580394e-06
4.219895783 2.0911993482036824e-06
4.221247013999999 2.2353039127979154e-06
4.2225982459999996 1.991749214344681e-06
4.223949477 3.393704638200952e-06
4.225300709 3.540142758252497e-06
4.22665194 1.859102940955505e-06
4.228003171999999 9.428923651949278e-07
4.229354403 9.230006163942469e-08
4.2307056339999995 1.2009432792405179e-07
4.232056866 5.363976134005086e-07
4.233408097000001 8.022280260589973e-07
4.234759329 1.9323045597771415e-06
4.23611056 3.4433927056325897e-06
4.237461792 4.470890815834392e-06
4.238813023 4.596907128382366e-06
4.240164255 4.441359543139387e-06
4.241515486 3.820459440307985e-06
4.242866717 3.391289896327291e-06
4.244217949 3.148347041971699e-06
4.24556918 3.2088413043659415e-06
4.246920412000001 2.8219843901385633e-06
4.248271643 2.971911106143766e-06
4.249622875 2.0821733102907675e-06
4.250974105999999 4.702253391765693e-07
4.2523253379999995 4.244790351923297e-07
4.2536765690000005 1.8376685972292178e-06
4.2550278 2.277030722121428e-06
4.256379032 2.652244424198143e-06
4.257730263 2.9879088969652583e-06
4.259081495 2.0034775733227795e-06
4.260432726 8.344429948696098e-07
4.261783958 2.416348924040485e-07
4.263135189 3.1981814909475035e-07
4.26448642 5.524083288842154e-07
4.265837652 1.7663235428513035e-06
4.267188883 2.766407929792986e-06
4.2685401149999995 1.7099284396949785e-06
4.2698913460000005 7.573707538356755e-07
4.271242578000001 3.5310981980404216e-07
4.272593809 4.0837708182468357e-07
4.273945041 1.2520823964209978e-06
4.275296271999999 1.6271782976083522e-06
4.276647503 1.626837557816762e-06
4.277998735 2.0764237057493345e-06
4.279349966 3.1360620698832083e-06
4.280701198 3.4045025044336478e-06
4.282052429 3.1532761056646947e-06
4.283403661 2.4755454763314873e-06
4.284754892 1.8069405781237744e-06
4.286106123 1.1803581800900469e-06
4.287457355 7.181346953162037e-07
4.288808586 7.299031054380226e-07
4.290159818 1.3477732912927382e-06
4.2915110489999995 1.5607210790678366e-06
4.292862281 1.4003301750921483e-06
4.294213512000001 1.8683506658594804e-06
4.295564744 1.2470014321185086e-06
4.296915975 7.051904090809699e-08
4.298267206 3.9899099632729304e-08
4.299618438 4.0006260086529886e-08
4.300969669 5.085107532770532e-09
4.302320901 5.083899723497586e-09
4.303672132 2.2067174562380462e-08
4.305023363999999 1.5842086005162685e-07
4.306374595 2.8751865169626135e-07
4.3077258259999995 6.359267624185897e-07
4.309077058 6.265597700563025e-07
4.310428289000001 4.3808985591082954e-07
4.311779521 3.6407779795472484e-07
4.313130752 1.9156645362111752e-07
4.314481984 1.1309653476961432e-08
4.315833215 4.676218995621819e-09
4.317184447 4.475970816300868e-09
4.318535678 4.994670565851829e-09
4.319886909 1.3175939900162607e-07
4.321238141 8.295537580061389e-07
4.322589372 1.4028821035815592e-06
4.323940604000001 2.344144952452212e-06
4.325291835 2.432066550357268e-06
4.326643067 1.341224152446007e-06
4.327994297999999 9.98504926131914e-07
4.329345529999999 1.0328867562935189e-06
4.3306967610000004 9.154366140043055e-07
4.332047992 4.9816468324582904e-08
4.333399224 6.45305960677226e-09
4.334750455 1.454832158354103e-07
4.336101687 9.850249082158843e-09
4.337452918 5.050754311192537e-09
4.33880415 6.082611431600178e-09
4.340155381 8.851536359537419e-08
4.341506612 3.08866244368455e-08
4.342857844 2.374205151354915e-08
4.344209075 5.0435812282791115e-09
4.3455603069999995 5.045149367642932e-09
4.3469115380000005 5.04602765719635e-09
4.34826277 1.0310592671779357e-08
4.349614001 2.5520548969880685e-07
4.350965233 7.551729692782146e-07
4.352316464 6.958596105638423e-07
4.353667695 3.2253689842110015e-07
4.355018927 8.12656061321479e-08
4.356370158 1.6348519229576574e-07
4.35772139 3.1601811237648494e-07
4.359072621 8.24571645580315e-07
4.360423853 1.74883899949564e-06
4.361775084 1.618771667966959e-06
4.363126315000001 1.5860541138185492e-06
4.364477547000001 1.7498107893891801e-06
4.365828778 9.457741722814068e-07
4.36718001 1.5489833851547677e-07
4.3685312409999995 8.856567302050563e-07
4.369882473 1.8825470366372692e-06
4.371233704 1.9641821621521556e-06
4.372584936 1.75966223601123e-06
4.373936167 1.9428995460650923e-06
4.375287398 1.989371652246063e-06
4.37663863 1.3705838053179936e-06
4.377989861 1.449050724818909e-07
4.379341093 9.282734233349308e-07
4.380692324 1.1380688966132266e-06
4.382043555999999 1.2062201784569977e-06
4.383394787 1.2579092553615629e-06
4.3847460179999995 9.187349436466377e-07
4.38609725 5.568336906746291e-07
4.387448481000001 1.2341356085090841e-08
4.388799713 4.9780084430226176e-09
4.390150944 4.975119995882894e-09
4.391502176 4.972211263794135e-09
4.392853407 4.9693103676865726e-09
4.394204639 9.00490396427802e-09
4.39555587 1.43001136528337e-07
4.396907101 4.4633491770900215e-07
4.398258332999999 9.118355059733184e-07
4.399609564 8.063961247216936e-07
4.400960796000001 4.0637812904684935e-07
4.402312027 1.1862980645966065e-08
4.403663259 4.949396686108732e-09
4.405014489999999 4.947226776393727e-09
4.406365721999999 4.950382259489378e-09
4.407716953 4.948221142453594e-09
4.409068184 4.946127144264143e-09
4.410419416 4.944077974617053e-09
4.411770647 4.942087977518794e-09
4.413121879 4.940839374649276e-09
4.41447311 4.9439105825388235e-09
4.415824342 4.942091287109134e-09
4.417175573000001 1.5630149637866598e-08
4.418526804 2.165652069599802e-07
4.419878036 1.972481549967555e-06
4.421229266999999 2.000042584016687e-06
4.4225804989999995 1.3533185562372853e-06
4.4239317300000005 2.6793353463591327e-07
4.425282962 6.230757534258709e-09
4.426634193 4.929332681311994e-09
4.427985425 4.92793488858595e-09
4.429336656 4.926590583047595e-09
4.430687887 4.9252324001468435e-09
4.432039119 4.923878751492166e-09
4.43339035 4.922552928077417e-09
4.434741582 4.921275015697724e-09
4.436092813 4.920027832465752e-09
4.437444045 4.918813176923516e-09
4.438795276 4.917625392259867e-09
4.440146507000001 4.916472848437102e-09
4.441497739000001 4.915404932057599e-09
4.44284897 4.914351464850708e-09
4.444200202 4.9132926189134794e-09
4.445551432999999 2.9223985835349947e-08
4.446902665 1.0114575706776915e-07
4.448253896 5.190401085531277e-09
4.449605128 4.908408260799497e-09
4.450956359 4.907170890690754e-09
4.45230759 4.905937586459241e-09
4.453658822 4.904692119663649e-09
4.455010053 4.903445235937529e-09
4.456361285 4.902197478815473e-09
4.457712516 4.900950977587129e-09
4.459063747999999 4.899702224344356e-09
4.460414979 4.898451408423046e-09
4.4617662110000005 4.897235610931238e-09
4.463117442 4.896015125805672e-09
4.464468673000001 4.894801070845923e-09
4.465819905 4.893559143967562e-09
4.467171136 4.89231851585114e-09
4.468522368 3.418758251718639e-08
4.469873599 8.592734943084295e-07
4.471224831000001 1.4880099892935548e-06
4.472576062 3.990795312936047e-07
4.473927293 4.4940786529013676e-08
4.475278524999999 4.8844969447261765e-09
4.476629756 4.8865003714648966e-09
4.4779809880000006 4.8870775651801226e-09
4.479332219 4.885665968390897e-09
4.480683451 4.884216645747793e-09
4.482034682 4.882745634070087e-09
4.483385914 4.881230888553172e-09
4.484737145 4.883796282168142e-09
4.486088376 4.883687459860011e-09
4.487439608 1.0014637798775873e-08
4.488790839 5.548531814533189e-07
4.490142071 1.1182707562662065e-06
4.491493302 1.6018997902939028e-06
4.492844534 1.6700747691029517e-06
4.494195765000001 1.1721594877317114e-06
4.495546996 4.424533140567489e-07
4.496898228 7.146485608387e-08
4.498249458999999 5.702167424280229e-09
4.4996006909999995 4.865824125765211e-09
4.5009519220000005 4.863844084234333e-09
4.502303154 4.861868455058903e-09
4.503654385 4.85984317535423e-09
4.505005617 4.857762224368733e-09
4.506356848 4.9139686152880564e-09
4.507708079 1.0875506559844373e-07
4.509059311 9.172557416516393e-07
4.510410542 5.736127930809756e-07
4.511761774 8.136439734809966e-09
4.513113005 4.844468377120223e-09
4.514464237 4.8421233369329584e-09
4.5158154679999996 4.839729394016224e-09
4.517166699000001 4.837298665176291e-09
4.518517931 1.2521338442615012e-08
4.519869162 1.2946405530559977e-06
4.521220394 2.2949725113304847e-06
4.522571624999999 1.422810070862251e-06
4.523922857 9.504380630845405e-07
4.525274088 9.68912879057499e-07
4.52662532 1.0610301648492181e-06
4.527976551 1.2310426414255641e-06
4.529327782 7.33787463620173e-07
4.530679014 5.7787567795592754e-08
4.532030245 4.808382063815357e-09
4.533381477 4.805517637887555e-09
4.534732708 4.8026275397876915e-09
4.53608394 4.7997553013904035e-09
4.537435171 4.79685115154673e-09
4.5387864030000005 4.793930262541872e-09
4.540137634 4.790986959906807e-09
4.541488865 4.788048490058027e-09
4.542840097 4.785095900359905e-09
4.544191328 5.271425276882368e-09
4.5455425599999995 1.3461174018193186e-08
4.5468937910000005 4.732002690370611e-08
4.548245023000001 1.2680963756859248e-07
4.549596254 3.1011313937378555e-07
4.550947485 1.1341824458412293e-06
4.552298716999999 4.42635085178916e-06
4.553649948 7.648062064499055e-06
4.5550011800000005 1.0572357590023293e-05
4.556352411 1.5763988336077433e-05
4.557703643 2.0104975026163767e-05
4.559054874 2.5169968623570836e-05
4.560406106 3.442999720353106e-05
4.561757337 4.591862996560908e-05
4.563108568 6.056192335644842e-05
4.5644598 8.051649137714415e-05
4.565811031 0.00010722929445331075
4.567162263 0.00014000048080658144
4.568513493999999 0.00018101379956535056
4.569864726 0.00023118292719274578
4.571215957000001 0.00029135313091965196
4.572567188 0.0003645775626724532
4.57391842 0.00045228112042117527
4.575269650999999 0.0005468021629713136
4.5766208829999995 0.0006489957581395249
4.5779721140000005 0.0007560185627954667
4.579323346 0.0008429158781829031
4.580674577 0.0009188585909280032
4.582025809 0.0009805016251378349
4.58337704 0.0010098882741507618
4.584728271 0.0010324665794528602
4.586079503 0.0010494559840885749
4.587430734 0.001075451898741791
4.588781966 0.0011162833538500636
4.590133197 0.0011728693082253868
4.591484429 0.001258619738110661
4.5928356599999995 0.001367847257793894
4.5941868910000005 0.0015041841385673477
4.595538123 0.0016850945183063577
4.596889354 0.0019026867374979154
4.598240586 0.002165159393837513
4.599591817 0.002497683818280038
4.6009430490000005 0.0029006364007842927
4.60229428 0.0033919676590513726
4.603645512 0.004010608100476024
4.604996743 0.004769366656596745
4.606347974 0.005707273555168447
4.607699206 0.006890240872373879
4.609050437 0.00834957276044076
4.610401669 0.010161278946602056
4.611752900000001 0.012435617144328977
4.613104132 0.015253068038030669
4.614455363 0.01875957246682304
4.6158065950000005 0.023134493540998627
4.617157826 0.0285684511801002
4.618509057 0.03534624433127532
4.619860289 0.04377707357568157
4.62121152 0.05424234346125536
4.622562751999999 0.06719919443340347
4.6239139830000004 0.08291219753360222
4.625265215000001 0.10193846247938769
4.626616446 0.12409856836561853
4.627967677 0.1486395241686964
4.629318908999999 0.17604575181697002
4.63067014 0.20357295799642394
4.6320213720000005 0.23026164700334723
4.633372603 0.25659857553603604
4.634723835 0.277555037768441
4.636075066 0.29490478837184986
4.637426298 0.30912738624615965
4.638777529 0.3167724562055845
4.64012876 0.32193678277249527
4.641479992 0.3247688190101119
4.642831223 0.32507648837257974
4.644182455 0.3250502847525373
4.645533685999999 0.3246408496104045
4.646884918 0.3245098837366993
4.648236149000001 0.32466397705108635
4.64958738 0.32523599098597794
4.650938612 0.32616443456665406
4.652289842999999 0.32752459499403486
4.6536410749999995 0.32852304229727186
4.6549923060000005 0.32922122476764704
4.656343538 0.3296745374229448
4.657694769 0.32955727160381887
4.659046001 0.329002196840697
4.660397232 0.3281808799739503
4.661748463 0.32702421555289063
4.663099695 0.3258208957932583
4.664450926000001 0.32458297444652556
4.665802158 0.3233490089302504
4.667153389 0.321848009440848
4.668504621 0.32001515297650784
4.6698558519999995 0.31613687189140033
4.6712070830000005 0.31048750575537354
4.672558315 0.3018996991968936
4.673909546 0.2880523645492934
4.675260778 0.2715142667323507
4.676612009 0.2494929026324693
4.6779632410000005 0.22363756303387008
4.679314472 0.19724137819704912
4.680665704 0.16772847876098385
4.682016935 0.1398761601180707
4.683368166 0.11464335930983377
4.684719398 0.09120943966979955
4.686070629 0.07192303695795073
4.687421861 0.05602593664796573
4.688773092 0.043310206218149724
4.690124324 0.033443093238775395
4.691475555 0.025846025081203202
4.6928267869999996 0.02009071901341318
4.694178018 0.015681238642094017
4.695529249 0.012367538659239022
4.696880481 0.009827383018590166
4.698231712 0.00786661328845324
4.699582943999999 0.006374278583908063
4.700934175 0.0051934481084119815
4.702285407000001 0.004263892036568093
4.703636638 0.003535037688190514
4.704987869 0.0029452345610691145
4.706339100999999 0.0024747298131746137
4.707690332 0.0020926770278734417
4.7090415640000005 0.0017769151735722295
4.710392795 0.0015224329303269064
4.711744027 0.0013094265448246212
4.713095258 0.0011305696927993844
4.71444649 0.0009787609547120114
4.7157977209999995 0.0008489119497714457
4.717148952 0.0007386112270591291
4.718500184000001 0.0006452732161476851
4.719851415 0.0005648723180136442
4.721202647 0.0004957700489950126
4.722553877999999 0.000436712412537232
4.72390511 0.0003858204450573957
4.725256341000001 0.00034350328530958953
4.726607572 0.00030762411857244195
4.727958804 0.00027804546902554164
4.729310035 0.0002564270091839361
4.730661267 0.00023842599648669384
4.7320124980000005 0.00022396801935232338
4.73336373 0.0002106473391108025
4.734714961 0.00019848891381954914
4.736066193 0.00018846387860873878
4.737417424 0.00017833717597224915
4.738768654999999 0.00016781097288114203
4.740119887 0.00015564499159527337
4.741471118000001 0.00014384738438161774
4.74282235 0.00013297811961040476
4.744173581 0.00012303124006706725
4.745524813 0.00011394468246297856
4.7468760439999995 0.00010579088468357076
4.748227276 9.830823502238812e-05
4.749578507 9.134642823825577e-05
4.750929738 8.243191224569563e-05
4.75228097 7.346104782629545e-05
4.753632201 6.408134988731237e-05
4.7549834330000005 5.692073841561232e-05
4.756334664 5.146659006131659e-05
4.757685896 4.637425011259329e-05
4.759037127 4.142489549900392e-05
4.760388358 3.6314029022389016e-05
4.76173959 3.194138343539772e-05
4.763090821 2.8006260110687335e-05
4.764442053 2.27772386100457e-05
4.765793284 1.6381116480515078e-05
4.767144516 1.1678400575296046e-05
4.768495747 6.753471474760816e-06
4.7698469789999995 3.528836253243803e-06
4.77119821 1.2804670190716551e-06
4.772549441 9.455503000946164e-08
4.773900673 4.585409591700416e-09
4.775251904 4.230986629899422e-09
4.776603135999999 4.227562464812156e-09
4.777954367 4.224113588268314e-09
4.779305599000001 2.1138400449800064e-08
4.78065683 9.73543692483361e-07
4.782008061000001 1.5463924716315014e-06
4.783359293 2.9461667056160853e-06
4.784710524 3.7685517174879823e-06
4.7860617560000005 5.712652233934199e-06
4.787412987 7.386033836993364e-06
4.788764219 8.743878074462574e-06
4.79011545 9.681303784706108e-06
4.791466682 1.0378547404867875e-05
4.7928179129999995 1.0513567591862415e-05
4.7941691440000005 1.0273424751703532e-05
4.795520376000001 9.541536230332928e-06
4.796871607 8.968518624594258e-06
4.798222839 8.686177038149099e-06
4.799574069999999 9.059105076918884e-06
4.800925302 9.524813021531528e-06
4.802276533000001 9.51443008719837e-06
4.803627764 8.433652879693073e-06
4.804978996 7.893832435516528e-06
4.806330227 6.035210209975239e-06
4.807681459 4.995520470196793e-06
4.80903269 3.6359926667319532e-06
4.810383922 2.8604171275847464e-06
4.811735153 2.5132000994687425e-06
4.813086384999999 2.763335377115977e-06
4.814437616 3.55773691927213e-06
4.815788846999999 3.58683561105715e-06
4.817140079 3.3415563945807346e-06
4.818491310000001 2.961513825855826e-06
4.819842542 2.4730605156359965e-06
4.821193773 2.0585897915911926e-06
4.822545005 1.6371656974778934e-06
4.8238962359999995 6.386806041503513e-08
4.825247468 4.118106585629724e-09
4.826598699 4.11533978100791e-09
4.82794993 4.112581968105738e-09
4.829301162 4.109791787386023e-09
4.830652393 8.581136744018327e-09
4.8320036250000005 3.7706942885245716e-08
4.833354856 5.9486338536670215e-09
4.834706088 4.09814808421674e-09
4.836057318999999 4.095147309010933e-09
4.83740855 9.049054944856069e-09
4.838759782 7.623645703617892e-08
4.840111013 2.8516692469242806e-07
4.841462245 9.169909177579269e-08
4.842813476 4.9253072974395e-09
4.844164708 1.280037583246032e-08
4.845515939 2.2417141801982024e-07
4.8468671709999995 4.54566400527807e-07
4.8482184020000005 7.484101442926078e-07
4.849569633 9.7467536342125e-07
4.850920865 1.3548933085780515e-06
4.852272096 1.949034814857039e-06
4.853623327999999 2.31400901339939e-06
4.854974559 2.656674568853554e-06
4.856325791000001 2.683372951682182e-06
4.857677022 2.661284412727514e-06
4.859028253 2.6414749990457576e-06
4.860379485 2.755747204749783e-06
4.861730716 2.8672741624213317e-06
4.863081948 2.9812454211364077e-06
4.864433179 2.7755378988086975e-06
4.865784411 3.0713488842817346e-06
4.867135642 2.325368359130065e-06
4.868486874 1.7389310716026558e-06
4.8698381049999995 1.0344243550721108e-06
4.8711893360000005 2.3618110155786787e-07
4.872540568000001 2.931271093683205e-08
4.873891799 6.526178726959316e-09
4.875243031 3.960933140866959e-09
4.876594261999999 3.956925199079242e-09
4.8779454939999995 3.951999927428194e-09
4.879296725000001 3.943668551067955e-09
4.880647956 3.935242020908713e-09
4.881999188 3.92676474277317e-09
4.883350419 3.918205523588051e-09
4.884701651 3.909593973196973e-09
4.8860528819999995 3.900968559640972e-09
4.887404114 3.89232353532979e-09
4.888755345 3.8836358993133615e-09
4.890106576999999 3.874904391341554e-09
4.891457808 3.8661383084596745e-09
4.892809038999999 3.857393458418246e-09
4.894160271 3.84865871584801e-09
4.895511502000001 3.839910187175328e-09
4.896862734 3.831148981339396e-09
4.898213965 3.822403912992668e-09
4.899565197 3.813708017308971e-09
4.900916428 3.805046720445987e-09
4.902267660000001 3.7963993520437255e-09
4.903618891 3.787771256335718e-09
4.904970122 3.796826030693838e-09
4.906321354 1.2740807987697607e-08
4.907672585 1.0174620145842392e-07
4.9090238170000005 6.300177421642274e-07
4.910375048 2.1083818599558483e-06
4.91172628 3.071204996082961e-06
4.913077511 3.1693377500396206e-06
4.914428742 3.050226795053122e-06
4.915779974 2.866324770366908e-06
4.917131205 2.716420601576905e-06
4.918482437 2.9212780585988876e-06
4.919833668 2.460776244387204e-06
4.9211849 1.5777013540050223e-06
4.922536131 5.277248028585709e-07
4.9238873629999995 4.2021105035956154e-07
4.9252385940000005 5.072018448150371e-07
4.926589825 6.537687187812218e-07
4.927941057 1.062051126448383e-06
4.929292288 1.4648893651558212e-06
4.930643519999999 1.5450800111914985e-06
4.931994751 1.0000596729444506e-06
4.933345983000001 6.052661794344444e-07
4.934697214 1.7399753867819526e-07
4.936048445 4.483742086412289e-08
4.937399677 1.2077723323426748e-08
4.938750908 4.0244264572035685e-08
4.94010214 2.1003167372848218e-07
4.941453371 8.682479786687592e-09
4.942804603 3.505831966083017e-09
4.944155834 3.4905303902326626e-09
4.945507066 6.050638568742904e-09
4.9468582969999995 7.32431662176417e-08
4.9482095280000005 2.3179502028498658e-07
4.949560760000001 4.794944357188509e-07
4.950911991 5.176957787282329e-07
4.952263223 4.93526499652843e-07
4.953614453999999 3.6946175745244984e-07
4.9549656859999995 3.873627079131831e-08
4.9563169170000005 3.7031108068687696e-09
4.957668148 3.2906674658342753e-09
4.95901938 3.2653530846853737e-09
4.960370611 3.239027717106803e-09
4.961721843 3.2117259273618695e-09
4.9630730739999995 3.183308061019491e-09
4.964424306 3.153953192807375e-09
4.965775537000001 3.123486117166861e-09
4.967126769 3.092129970063054e-09
4.968478 3.0597730689983115e-09
4.969829230999999 3.026460578614776e-09
4.971180463 2.9922925090192322e-09
4.972531694000001 2.9571784224567387e-09
4.973882926 2.921339113147898e-09
4.975234157 2.8845717310004817e-09
4.976585389 2.8471116014256183e-09
4.97793662 2.8088506054043515e-09
4.979287852000001 2.769931751686543e-09
4.980639083 2.7304027570499624e-09
4.981990314 2.6902500140426034e-09
4.983341545999999 2.649624746071161e-09
4.984692777 2.6083933328769826e-09
4.986044009 4.966322208886416e-09
4.98739524 3.699803707894249e-08
4.988746472 6.724458395980304e-09
4.990097703 2.440062434364967e-09
4.991448934 2.3972796659047216e-09
4.992800166 2.3543708677659224e-09
4.9941513969999995 2.311297602418559e-09
4.995502629 2.268261110527332e-09
4.99685386 2.2251235479579745e-09
4.998205092 2.1820528225177807e-09
4.999556323 2.139014601662621e-09
5.0009075549999995 2.09632133582215e-09
5.0022587860000005 2.053891524975493e-09
5.003610017 2.0116082663774537e-09
5.004961249 1.969564267262098e-09
5.006312479999999 1.927692309646947e-09
5.007663711999999 1.8861724295031848e-09
5.009014943 1.8469342420097716e-09
5.010366175 1.806009284363222e-09
5.011717406 1.7654219470103731e-09
5.013068637 1.7252079679411292e-09
5.014419869 1.6854164759567033e-09
5.0157711 1.646027081590984e-09
5.017122332 1.607113719099048e-09
5.018473563 1.5686032711456857e-09
5.019824795000001 1.5305934080306783e-09
5.021176026 1.4930352119365252e-09
5.022527258 1.455994050698679e-09
5.0238784889999994 1.457799119037437e-09
5.0252297200000005 6.664496595481131e-09
5.026580952000001 7.943181854385276e-08
5.027932183 1.3556208690501196e-07
5.029283415 1.811421622744734e-07
5.030634646 1.8271828912179013e-07
5.031985878 1.2800649703256475e-08
5.033337109 1.2605514620570394e-09
5.034688341 1.144604496504949e-09
5.036039572 1.112393469335328e-09
5.037390803 1.080655234412556e-09
5.038742035 1.0493871257413043e-09
5.0400932659999995 1.0185510185297489e-09
5.041444498 9.88200206609305e-10
5.042795729000001 9.5826896424111e-10
5.044146961 9.288461841147289e-10
5.045498192 8.998378432418976e-10
5.046849422999999 1.982805289057667e-09
5.048200655 4.25452032265387e-08
5.049551886000001 1.3490340496898421e-08
5.050903118 3.6202330118945666e-09
5.052254349 9.729619226828352e-10
5.053605581 1.2311444786449128e-09
5.054956812 3.197489113128068e-08
5.056308044000001 1.8506960026308447e-07
5.057659275 1.4891829975164045e-07
5.059010506 1.1540823698278807e-08
5.060361737999999 7.230329759328979e-10
5.061712969 5.871248962125203e-10
5.063064201 5.640638240479759e-10
5.064415432 5.416525794927766e-10
5.065766664 5.197309123146582e-10
5.067117895 4.982810041379239e-10
5.068469126 4.773509972917673e-10
5.069820358 4.5689942369667124e-10
5.0711715889999995 4.3700488685111806e-10
5.072522821 4.176183188933926e-10
5.073874052 3.987978102824211e-10
5.075225284 3.805029915487903e-10
5.076576515 3.62769379660093e-10
5.0779277469999995 3.45935937699381e-10
5.0792789780000005 3.293230083519811e-10
5.080630209 3.1324919116448324e-10
5.081981441 2.977259549641177e-10
5.083332671999999 2.8277295070189186e-10
5.084683904 2.683610875286212e-10
5.086035135 2.5452178157634717e-10
5.087386367 2.41221751207164e-10
5.088737598 2.28478711427716e-10
5.090088829 2.1626531285020133e-10
5.091440061 2.0458874224449192e-10
5.092791292 1.9343258179320513e-10
5.094142524 1.827913871425815e-10
5.095493755000001 1.7621984581032507e-10
5.096844987000001 6.187029951415566e-10
5.098196218 8.103603413704148e-09
5.09954745 1.1736188790604273e-08
