microns throughput
2.0004663860000003 1.1892613421125826e-15
2.002074478 5.767976897190212e-16
2.00368257 4.4240642429261746e-16
2.005290662 5.308643494588822e-16
2.006898754 1.0032501556647487e-15
2.008506846 6.917476652193666e-16
2.010114938 7.154571488990574e-16
2.01172303 5.2899354677591315e-16
2.013331122 3.793458233667077e-16
2.014939214 3.68687487852859e-16
2.016547306 6.392188230941736e-16
2.018155398 4.817528137172417e-16
2.01976349 2.2092243950147822e-16
2.021371582 2.023124297357373e-16
2.022979674 1.8949629916854075e-16
2.0245877660000002 3.0972362039328293e-16
2.026195858 3.985630485194808e-16
2.027803949 3.864663962638521e-16
2.029412041 2.9609502330437413e-16
2.031020133 1.7105356329614178e-16
2.032628225 1.1228679920769604e-16
2.034236317 1.8233312141358848e-16
2.035844409 2.2029196003523678e-16
2.037452501 2.158070727816819e-16
2.039060593 1.5553494418322898e-16
2.040668685 2.2166479844179952e-16
2.042276777 2.281510883809207e-16
2.0438848689999998 2.3800280211248747e-16
2.045492961 2.8372835410654253e-16
2.047101053 2.9143491977372904e-16
2.0487091449999997 3.5997310661667886e-16
2.0503172370000002 5.202019835395596e-16
2.0519253290000004 4.511102617034823e-16
2.053533421 4.1804310025208806e-16
2.055141513 4.672539004280867e-16
2.056749605 6.831143835491957e-16
2.058357697 9.194723104826648e-16
2.059965788 9.53191448765216e-16
2.06157388 7.892421492055572e-16
2.0631819719999998 8.414313614473118e-16
2.064790064 8.881047757410765e-16
2.066398156 9.038401768708695e-16
2.068006248 8.041344240694503e-16
2.06961434 6.706941740944176e-16
2.071222432 4.735416037374135e-16
2.072830524 4.2071913563435216e-16
2.074438616 5.648108822750485e-16
2.076046708 6.627063946581956e-16
2.0776548 9.301501900035663e-16
2.079262892 1.090381062375944e-15
2.080870984 1.4586701015182619e-15
2.0824790760000003 1.272529647064398e-15
2.084087168 1.5066416762910628e-15
2.08569526 1.3356147790162303e-15
2.0873033519999997 1.4426569137395216e-15
2.088911444 1.5963564178481807e-15
2.090519536 4.205633066112007e-15
2.092127627 4.562225646757228e-15
2.0937357189999997 6.273196083458291e-15
2.0953438110000002 5.3891200157918565e-15
2.0969519030000003 7.318282455554833e-15
2.098559995 6.636992953564046e-15
2.100168087 7.178566221473756e-15
2.101776179 6.6269499821394485e-15
2.103384271 8.122339467798547e-15
2.104992363 1.5059029848854533e-14
2.1066004549999997 1.8024150658497478e-14
2.1082085470000003 1.4576471962602528e-14
2.109816639 1.607249568014012e-14
2.111424731 1.728306702252116e-14
2.113032823 1.77347863767555e-14
2.114640915 2.5164239318755853e-14
2.116249007 2.3389361825215582e-14
2.1178570989999996 2.1968299764319847e-14
2.1194651909999997 2.1659671488569574e-14
2.1210732830000003 2.8324947550563408e-14
2.122681375 2.205201460304057e-14
2.124289466 2.694320772364719e-14
2.125897558 9.856089102930258e-15
2.1275056500000002 9.502742568623017e-15
2.129113742 8.247431818238251e-15
2.130721834 7.517697840545404e-15
2.1323299259999997 1.049089435436637e-14
2.133938018 8.919828114487556e-15
2.1355461100000004 1.2650123771079357e-14
2.137154202 1.3520984602945065e-14
2.138762294 2.0336840125501026e-14
2.140370386 1.8788215355736365e-14
2.141978478 1.8773146865322924e-14
2.14358657 1.732418987561695e-14
2.1451946619999998 1.923156713109359e-14
2.146802754 2.2807704887001736e-14
2.1484108460000004 2.5707185018663266e-14
2.150018938 2.2297519428598602e-14
2.15162703 1.7977285172635677e-14
2.153235122 1.6411347441158733e-14
2.154843214 1.5280603073116928e-14
2.156451305 2.3240994616079113e-14
2.158059397 1.488400443982902e-14
2.159667489 1.1798283482312288e-14
2.161275581 1.2590345321952449e-14
2.1628836729999996 1.5714209438058483e-14
2.164491765 1.5344617569652366e-14
2.1660998570000003 1.3302664064951037e-14
2.167707949 1.461610984141557e-14
2.169316041 1.5052827949272027e-14
2.170924133 1.685567014592728e-14
2.172532225 1.8429356130299964e-14
2.174140317 2.639576961454104e-14
2.1757484089999997 2.2477929291749382e-14
2.177356501 1.9195484716166425e-14
2.1789645930000003 2.685957734439805e-14
2.180572685 3.682442571051824e-14
2.182180777 3.54165071694767e-14
2.183788869 2.3198803552464655e-14
2.185396961 2.07582859917631e-14
2.187005053 1.8369358778062233e-14
2.1886131449999997 2.2442229737215065e-14
2.1902212359999997 2.2336499275522932e-14
2.191829328 2.004906558030264e-14
2.1934374200000004 1.9380933693930322e-14
2.195045512 2.2338214683264504e-14
2.196653604 3.207069820838191e-14
2.198261696 3.937241734790739e-14
2.199869788 4.9594987042584546e-14
2.20147788 4.791493911171238e-14
2.203085972 5.211090074683102e-14
2.204694064 5.551748119870112e-14
2.206302156 6.05961849323268e-14
2.207910248 6.631263887342045e-14
2.2095183400000002 5.713341891090731e-14
2.211126432 6.794850260567595e-14
2.212734524 7.951672381933454e-14
2.2143426159999997 1.0830202276199781e-13
2.215950708 1.1968390177746978e-13
2.2175588 1.0491253775246996e-13
2.219166892 1.1077502967231845e-13
2.220774984 1.0686746264277348e-13
2.222383075 1.4718690984410113e-13
2.2239911670000003 1.6320374728378633e-13
2.225599259 1.7460283108440838e-13
2.227207351 1.8132769167040024e-13
2.228815443 1.5305378556833988e-13
2.230423535 1.5394088286253504e-13
2.232031627 1.7407791739282432e-13
2.2336397189999997 2.0732935492965808e-13
2.2352478110000003 1.2190488504209724e-13
2.236855903 1.1372945224372584e-13
2.238463995 2.6361908640873084e-13
2.240072087 2.0358768408266758e-13
2.241680179 3.2776300482084504e-13
2.243288271 1.6523395937056992e-13
2.2448963629999996 2.299347344947143e-13
2.2465044549999997 4.244501348068265e-13
2.2481125470000003 4.3522791263960214e-13
2.249720639 8.258242247063247e-13
2.251328731 8.614581597296608e-13
2.252936823 1.0009883256297742e-12
2.2545449140000002 1.0009209975044453e-12
2.256153006 1.0998121859766566e-12
2.257761098 1.8185340024033313e-12
2.2593691899999997 1.4378990145797877e-12
2.260977282 1.2561406780697958e-12
2.262585374 4.788393422454771e-13
2.264193466 7.951230403141353e-13
2.265801558 2.111560635174111e-12
2.2674096500000003 1.1632563118811624e-12
2.269017742 3.021805040553704e-12
2.270625834 1.991028007846418e-12
2.2722339259999997 1.4639572980095957e-12
2.273842018 2.087409263182606e-12
2.2754501100000004 2.3342809902260454e-12
2.277058202 3.5678223259194785e-12
2.278666294 2.461725643843174e-12
2.280274386 2.48254965337735e-12
2.281882478 2.6983020706444037e-12
2.28349057 2.8152379784231954e-12
2.285098662 3.4041636455505216e-12
2.286706753 2.7574352137636324e-12
2.288314845 2.429730846000089e-12
2.2899229369999996 2.905888880743179e-12
2.291531029 3.1629146524483227e-12
2.2931391210000003 3.948203589640405e-12
2.294747213 1.4311423900086787e-12
2.296355305 4.660307346724574e-13
2.297963397 5.678981515384846e-13
2.299571489 1.3975018545413793e-13
2.301179581 1.43303844573825e-12
2.3027876729999996 7.637948943432284e-12
2.304395765 7.103361169978568e-12
2.3060038570000003 1.0970741775680698e-11
2.307611949 8.652888985497875e-12
2.309220041 7.988228831729262e-12
2.310828133 6.8389390354064214e-12
2.312436225 7.969407050718763e-12
2.314044317 2.1668335108818197e-11
2.3156524089999997 2.4698889305340825e-11
2.3172605010000003 2.935610613016299e-11
2.318868592 1.2620907882710447e-11
2.3204766840000004 8.167325256396513e-12
2.322084776 1.6588629331682848e-11
2.323692868 4.3160443242145815e-11
2.32530096 6.785460425727407e-11
2.326909052 1.0345203253355773e-10
2.328517144 1.0291120938746796e-10
2.3301252359999998 1.4703675951956686e-10
2.331733328 2.712729461374422e-10
2.33334142 3.943296246688267e-10
2.334949512 6.244916093888374e-10
2.3365576040000002 8.490295906839339e-10
2.338165696 1.185972689843471e-09
2.339773788 1.6684903370336062e-09
2.3413818799999997 2.1530928916867473e-09
2.342989972 2.7609195113230312e-09
2.344598064 3.2063124546716984e-09
2.346206156 3.6462326133315592e-09
2.347814248 4.073907632415182e-09
2.3494223400000003 4.4116889375386905e-09
2.3510304310000003 4.781153052253114e-09
2.352638523 5.117910739428718e-09
2.354246615 5.277888135370304e-09
2.3558547069999998 5.411301107256881e-09
2.357462799 5.246984444202678e-09
2.359070891 5.0753825336164616e-09
2.3606789829999997 4.976733546529818e-09
2.3622870750000002 4.648349646217149e-09
2.363895167 4.363485096988052e-09
2.365503259 3.855484771084129e-09
2.367111351 3.4251873641045125e-09
2.368719443 3.0326078132855075e-09
2.370327535 2.6186579171768594e-09
2.371935627 2.2197566596347425e-09
2.3735437189999997 1.7479266744929316e-09
2.3751518110000003 1.292400656940429e-09
2.376759903 9.674307107710573e-10
2.378367995 6.335288400581173e-10
2.379976087 5.265347469143597e-10
2.381584179 4.773496047405726e-10
2.383192271 4.243235004246138e-10
2.384800362 3.4461684538771165e-10
2.3864084539999997 2.3946089277080183e-10
2.388016546 2.023900630736304e-10
2.389624638 2.2377696107242674e-10
2.39123273 3.0090195876480827e-10
2.392840822 2.5144551701488244e-10
2.3944489140000003 4.1057219867631853e-10
2.396057006 1.1749716702329706e-10
2.397665098 1.2320774062651773e-10
2.3992731899999997 1.8334816138648138e-10
2.400881282 2.0473729247289416e-10
2.4024893740000004 1.8439857638245007e-10
2.404097466 2.7426629864866785e-10
2.405705558 2.0639608102210964e-10
2.40731365 1.7540969496120557e-10
2.408921742 1.934602111729455e-10
2.410529834 2.343695215470839e-10
2.4121379259999998 2.8501364694915075e-10
2.413746018 2.9386299725380956e-10
2.41535411 2.381171572305527e-10
2.416962201 2.2123269557554183e-10
2.418570293 1.193468696176662e-10
2.4201783850000003 1.2048451806591496e-10
2.421786477 1.6663554771256324e-10
2.423394569 1.7841043018462546e-10
2.425002661 2.3700998829262394e-10
2.426610753 3.297540567073801e-10
2.428218845 2.3983702228546434e-10
2.4298269369999996 2.2156886181954007e-10
2.431435029 3.6104525186028116e-10
2.4330431210000003 3.8688603630496987e-10
2.434651213 4.735338182565745e-10
2.436259305 3.1136101050785333e-10
2.4378673969999998 2.726079344322735e-10
2.439475489 2.896147895555169e-10
2.441083581 3.582732164864677e-10
2.4426916729999997 3.4744193551568634e-10
2.4442997650000002 3.944757760750957e-10
2.4459078570000004 3.616445365456589e-10
2.447515949 3.119740265732866e-10
2.44912404 2.4098251473000154e-10
2.450732132 1.5276512943221754e-10
2.452340224 1.5741510840313707e-10
2.453948316 2.0735844845263352e-10
2.455556408 2.4388150040721063e-10
2.4571644999999998 2.2446906814759105e-10
2.458772592 1.6398004455115518e-10
2.460380684 1.3986232858472136e-10
2.461988776 1.7213348810014836e-10
2.463596868 2.3431552968444524e-10
2.46520496 2.1898955578912143e-10
2.466813052 2.249141521007348e-10
2.468421144 2.181152357393278e-10
2.470029236 2.2216141081832576e-10
2.471637328 2.676066481372809e-10
2.47324542 3.6443183100599347e-10
2.474853512 4.093896204383266e-10
2.4764616040000003 4.991213265053452e-10
2.478069696 4.993801513299055e-10
2.479677788 4.4439185125999845e-10
2.481285879 4.050930236303099e-10
2.4828939709999998 3.8172725093169544e-10
2.484502063 4.103052675713563e-10
2.486110155 4.520448032363068e-10
2.4877182469999997 5.186687088996988e-10
2.489326339 4.716948116455666e-10
2.4909344310000003 4.979833722187668e-10
2.492542523 2.9892186452239405e-10
2.494150615 3.2561195966755227e-09
2.495758707 2.43586293895948e-09
2.497366799 4.321768597716008e-09
2.498974891 6.9685890465354755e-09
2.499778162 1.750000164935538e-08
2.5005829829999997 1.1908376960432334e-08
2.5011293930000003 9.516874536537398e-09
2.5021910750000003 1.0097517549027962e-08
2.502480624 7.855533960814039e-09
2.5038318559999997 1.2661625376129747e-08
2.505183087 4.53158642391782e-09
2.506534319 1.1888141850642476e-09
2.50788555 3.399993347912178e-10
2.509236782 2.5539847242401082e-09
2.510588013 2.7502856248953756e-09
2.511939244 2.63626543533815e-09
2.5132904760000003 2.0982754857495815e-09
2.514641707 1.0781880722470046e-09
2.515992939 1.5309644833477877e-09
2.51734417 2.067258961583735e-09
2.5186954019999996 2.1414663819451347e-09
2.5200466329999998 1.5395557416707957e-09
2.521397865 1.313341723840614e-09
2.522749096 9.808665109363462e-10
2.524100327 7.305828441001554e-10
2.525451559 2.4804979268201154e-09
2.52680279 6.799581898993003e-10
2.5281540220000003 1.284702847290861e-10
2.529505253 1.0620357124539762e-10
2.5308564849999997 3.5591719604249005e-10
2.532207716 1.0844447573625357e-10
2.533558948 9.757376032199774e-10
2.534910179 6.836478777821109e-10
2.5362614100000003 8.488240835672188e-10
2.537612642 5.904137534612991e-10
2.538963873 4.644778980832839e-10
2.5403151050000004 8.138864220918309e-11
2.5416663359999996 6.545068815514611e-11
2.5430175680000002 1.9104997826794432e-11
2.544368799 4.859399745975047e-10
2.54572003 3.5736688693259093e-10
2.547071262 1.8878261028754516e-10
2.548422493 4.5524398747008667e-10
2.549773725 3.1979697247454474e-10
2.551124956 1.2062127268491374e-10
2.552476188 1.0571771970125934e-10
2.553827419 1.283149263041542e-10
2.5551786510000003 1.7578626692479358e-10
2.556529882 2.0788407679798435e-10
2.557881113 8.753406755165952e-11
2.559232345 2.4724715682412526e-11
2.560583576 8.746337822265239e-11
2.561934808 7.452786480866753e-11
2.5632860390000003 2.1719617552045987e-11
2.564637271 2.2737134162245002e-11
2.565988502 3.9995304532997855e-11
2.567339733 1.0824785074663123e-10
2.5686909649999996 8.276922084568033e-11
2.5700421959999997 6.7140666333191e-11
2.571393428 4.546239426197828e-11
2.572744659 5.512679656829583e-11
2.574095891 2.0928125960115335e-11
2.575447122 2.4091380652881036e-11
2.576798354 3.42184227615036e-11
2.5781495850000002 1.2014589000728171e-11
2.5795008160000004 2.2292822895641698e-11
2.580852048 2.1876855233050835e-11
2.582203279 2.3364042940891846e-11
2.583554511 3.883713094475074e-12
2.584905742 1.253007420609672e-11
2.586256974 1.9911470799583988e-11
2.587608205 1.3686402804261203e-11
2.588959437 1.0412231476418659e-11
2.590310668 2.050342930452481e-11
2.591661899 1.3450770049010995e-11
2.593013131 1.314224246057263e-11
2.594364362 4.504415532640108e-12
2.5957155939999996 1.5857815383077432e-11
2.5970668249999997 3.480035197788993e-12
2.598418057 4.731928068461425e-12
2.599769288 1.0666872090753547e-11
2.601120519 1.6133947352936116e-11
2.602471751 8.547908481587493e-12
2.603822982 4.209281193594586e-12
2.6051742140000003 1.0623555495019618e-11
2.6065254450000004 1.5505845416717064e-11
2.607876677 9.212020612194513e-12
2.609227908 1.5334554596198652e-11
2.61057914 1.253891555160448e-11
2.611930371 2.4078005602902155e-11
2.613281602 1.0968613899079564e-11
2.614632834 2.0173443665271204e-11
2.615984065 1.782853084170653e-12
2.617335297 6.499474486832879e-12
2.618686528 5.14726745507884e-12
2.62003776 1.0708373222360625e-11
2.621388991 9.605295262977198e-12
2.622740222 1.0965994939139224e-11
2.6240914539999998 7.188244974415535e-12
2.625442685 9.494454733599285e-12
2.626793917 7.691577143552049e-12
2.628145148 6.413368929899755e-12
2.62949638 5.32728891105063e-13
2.630847611 3.3214590365416714e-12
2.6321988430000003 1.7378626205443027e-11
2.6335500740000004 1.8056716277390548e-11
2.634901305 6.241047776881425e-12
2.636252537 6.385568580846453e-12
2.637603768 4.896596434109966e-12
2.6389549999999997 9.685347898126805e-12
2.640306231 7.54519053475643e-12
2.641657463 5.699221656106873e-12
2.643008694 1.3102599049246873e-11
2.6443599250000003 1.5820494895645555e-11
2.645711157 1.724829874087016e-11
2.6470623879999997 9.484565309085633e-12
2.64841362 6.753920551102453e-12
2.649764851 8.802786554947546e-12
2.651116083 8.575630133417821e-12
2.652467314 3.401979657555319e-12
2.653818546 1.0056465871723722e-11
2.6551697770000002 1.5005784768682204e-11
2.6565210080000004 1.2287706226490263e-11
2.65787224 1.0585004149593676e-11
2.659223471 9.437736113851162e-12
2.6605747030000004 1.3942791751785854e-11
2.6619259339999997 1.329315131812007e-11
2.663277166 2.021739685103033e-11
2.664628397 1.2216124965114585e-11
2.6659796289999997 7.800240178451342e-12
2.66733086 1.0394194330651641e-11
2.668682091 1.3636875487057296e-11
2.670033323 8.935527936197329e-12
2.6713845540000003 3.9333036279461995e-12
2.672735786 1.893445035857563e-12
2.6740870169999997 6.0792402473505025e-12
2.675438249 9.04115238689248e-12
2.67678948 7.843261050802507e-12
2.678140711 2.1606839548146475e-12
2.679491943 4.378155226882144e-12
2.680843174 3.954169160742232e-12
2.6821944060000003 4.965831168190119e-13
2.6835456370000004 3.7931428739117774e-12
2.684896869 7.013472394927428e-12
2.6862481 7.429338995292745e-12
2.6875993319999996 1.561152741364226e-12
2.6889505629999997 7.2393702015446845e-12
2.690301794 7.323567239658003e-12
2.691653026 2.216251709520114e-12
2.693004257 2.600700352357056e-12
2.694355489 3.0363012435768943e-12
2.69570672 2.7302155679675814e-12
2.697057952 3.0225745280083233e-12
2.6984091830000003 3.380518926636187e-12
2.699760414 1.5651248792815506e-12
2.7011116459999998 1.4643291605772179e-12
2.702462877 3.0524201498352575e-12
2.703814109 4.8987621154788135e-12
2.70516534 2.9043656639622764e-12
2.706516572 3.013479474025606e-12
2.707867803 1.1013759812850633e-12
2.7092190350000003 4.101967268041872e-13
2.7105702660000004 4.947719248108547e-14
2.7119214969999996 5.784212305346865e-12
2.713272729 6.243638761841062e-12
2.71462396 3.737622065506659e-12
2.7159751919999997 4.533125051468222e-12
2.717326423 2.9867804620376397e-12
2.718677655 1.0040925815767082e-12
2.720028886 5.513534122322345e-13
2.7213801170000003 1.0381820494569843e-12
2.722731349 4.2352171933424665e-12
2.7240825799999997 1.954170210952772e-12
2.7254338120000003 4.231054650498128e-12
2.726785043 6.584586427353106e-12
2.7281362749999998 6.930550213270029e-12
2.729487506 1.5753215318084851e-12
2.730838738 3.2329772025344275e-12
2.732189969 5.187800915876104e-12
2.7335412000000003 5.291235119814785e-12
2.734892432 4.350993491160594e-12
2.736243663 4.445145409666558e-12
2.737594895 1.2760277769095066e-12
2.7389461259999996 3.1432276175035282e-12
2.740297358 6.295948294354442e-12
2.741648589 2.9655672447377454e-12
2.7429998209999997 4.256312816326156e-12
2.744351052 3.883756458711433e-12
2.745702283 7.39698317779084e-13
2.747053515 1.0726632726142129e-13
2.7484047460000003 7.768782466990494e-12
2.749755978 3.6312101655301107e-12
2.7511072089999997 7.946619914051647e-14
2.7524584410000004 3.8765321108182035e-12
2.753809672 3.943990438018699e-12
2.755160903 3.451954056634687e-12
2.756512135 2.0065048293489893e-12
2.757863366 3.67205239448439e-13
2.7592145980000002 3.2651638712587635e-12
2.760565829 3.2169740920224566e-12
2.761917061 5.2447144184048045e-12
2.7632682920000002 2.9788741568423166e-12
2.764619524 4.296877076436588e-12
2.7659707549999997 1.5031158281311577e-12
2.767321986 1.5961137517775981e-12
2.768673218 1.6685349154791855e-12
2.770024449 4.510624678648802e-12
2.771375681 5.97494745862164e-12
2.772726912 4.868146347402113e-12
2.774078144 6.142747999580862e-12
2.7754293750000003 5.714661010279252e-12
2.776780606 9.584774514763105e-12
2.7781318379999997 5.54226471550513e-12
2.779483069 2.288074595327916e-12
2.780834301 7.649193031097513e-13
2.782185532 4.193536593184856e-12
2.783536764 5.148949933030121e-12
2.784887995 2.3612605401914717e-13
2.786239227 6.012789048441132e-13
2.787590458 3.991704408423967e-12
2.788941689 7.941764679706943e-12
2.7902929210000003 5.282148993254188e-12
2.791644152 1.717079597377087e-12
2.7929953839999997 1.3908220042014477e-12
2.794346615 5.823266850940943e-12
2.795697847 3.3514549600554e-12
2.797049078 8.521672958428852e-13
2.7984003090000003 8.408380460514032e-13
2.799751541 2.3895596479553505e-12
2.801102772 4.966839138255705e-12
2.8024540040000003 7.2067649817597235e-12
2.803805235 7.791711396157907e-12
2.8051564669999998 5.641032653562188e-12
2.806507698 6.861476825140806e-12
2.80785893 1.0833592445716551e-11
2.8092101609999998 6.038160772300872e-12
2.810561392 3.039963239378449e-12
2.811912624 4.4093341311354276e-14
2.813263855 7.2306811179504715e-12
2.814615087 2.3262107089448234e-12
2.8159663179999996 2.7557508666485805e-12
2.8173175500000003 5.862553311998467e-12
2.818668781 6.0984893620341966e-12
2.8200200129999997 4.807213297799855e-12
2.821371244 9.397994753178038e-13
2.822722475 3.268263451420323e-12
2.824073707 1.2268916487095798e-12
2.8254249380000003 1.5827750451034034e-12
2.82677617 7.2084434933469475e-12
2.828127401 1.459343009323333e-12
2.8294786330000004 1.1667501501310606e-12
2.830829864 4.2552483887965386e-13
2.8321810949999997 2.9824736743296303e-13
2.833532327 1.2588985967121873e-12
2.834883558 1.095352266044911e-13
2.83623479 2.255330523300462e-12
2.837586021 1.099396066315452e-12
2.838937253 2.0339381798285936e-12
2.8402884840000002 1.2173319845059751e-12
2.841639716 5.730998725770192e-15
2.8429909469999997 1.362310614625155e-13
2.8443421779999998 6.916074751064717e-13
2.84569341 2.3884185461660696e-13
2.847044641 4.017709485257774e-12
2.848395873 1.8832423921026277e-12
2.849747104 2.3855108535661163e-12
2.851098336 3.383919875637519e-12
2.8524495670000003 7.904194232108087e-12
2.8538007980000004 4.510302167899921e-12
2.85515203 2.8085525255473504e-12
2.856503261 1.860335054260156e-12
2.8578544929999996 3.0148933112124924e-12
2.8592057239999997 4.946154223491017e-13
2.860556956 2.1594627853293568e-13
2.861908187 7.264636466966339e-13
2.863259419 9.176113725639811e-13
2.86461065 3.2641766237621105e-12
2.865961881 3.719669530890044e-12
2.8673131130000002 1.6287412063567425e-12
2.868664344 3.504111941901056e-12
2.8700155759999997 4.31278895512493e-12
2.871366807 2.1178923701790837e-12
2.872718039 9.381797977898399e-13
2.87406927 3.405570014331971e-12
2.8754205010000002 3.685884635912988e-12
2.876771733 4.7294183665237556e-12
2.878122964 5.860362030176507e-12
2.8794741960000003 4.0057555195760175e-12
2.8808254270000004 5.671242860278554e-13
2.882176659 1.0053771218484137e-13
2.88352789 1.8158594803647968e-12
2.8848791219999996 2.022185676238432e-12
2.8862303529999997 2.4496278647183388e-12
2.887581584 2.3471469550173597e-12
2.888932816 1.10304955303491e-12
2.890284047 3.9135873537769965e-14
2.891635279 8.882324092349576e-13
2.89298651 2.8733294866001215e-12
2.8943377420000003 7.726825807053549e-13
2.895688973 2.036842215792615e-13
2.8970402049999997 6.411656240667196e-13
2.898391436 1.822782667274752e-12
2.899742667 1.5215960457413035e-12
2.901093899 7.091569702616121e-13
2.9024451300000003 7.65990980381548e-13
2.903796362 1.4819199275573894e-12
2.905147593 2.1232621562739335e-12
2.9064988250000003 2.620474884466589e-12
2.907850056 2.7703698813896673e-12
2.9092012869999997 1.6690512133020287e-12
2.910552519 5.908825008227842e-12
2.91190375 2.49017264474042e-12
2.9132549819999998 1.3090510201946208e-12
2.914606213 5.266092475726968e-13
2.915957445 6.677235034557602e-12
2.917308676 2.328241513332209e-12
2.918659908 3.574841845820838e-12
2.920011139 4.930725188469163e-12
2.9213623699999998 3.360379111772531e-12
2.922713602 4.074108961837155e-12
2.924064833 9.273304637992815e-12
2.925416065 8.598885532238861e-12
2.926767296 3.0609696581056998e-12
2.928118528 4.083435645277976e-12
2.9294697590000003 1.180033081823784e-12
2.93082099 7.417230711507064e-12
2.932172222 5.099100964240894e-12
2.933523453 4.633678066470747e-12
2.934874685 1.021658700382825e-11
2.9362259159999997 6.797620260771581e-12
2.937577148 7.047605858377204e-12
2.938928379 1.0271733099990092e-11
2.940279611 6.452911555188076e-12
2.941630842 4.0302249749620355e-12
2.942982073 2.941735086236878e-12
2.9443333050000002 3.4446633310286154e-12
2.9456845360000004 1.886137836011386e-12
2.947035768 1.0728440289026412e-12
2.948386999 4.582678077151053e-13
2.949738231 1.1886151876273124e-12
2.951089462 1.3855581733625233e-13
2.952440694 9.06551183337965e-12
2.953791925 7.690539877009122e-12
2.955143156 4.611592918786279e-12
2.956494388 7.1782509410577856e-12
2.957845619 1.1023292313642979e-11
2.959196851 1.7250044224998033e-11
2.960548082 1.0363906086415403e-11
2.9618993139999996 1.1316751146422893e-11
2.9632505449999997 8.748638494162486e-12
2.964601776 8.804312788745388e-12
2.965953008 6.458732753248682e-12
2.967304239 1.996458632892974e-12
2.968655471 1.094750385022338e-12
2.970006702 6.346205438578329e-12
2.9713579340000003 1.316782836814895e-12
2.9727091650000004 5.617237951444664e-13
2.974060397 2.72000992249141e-12
2.975411628 6.06757713018321e-12
2.976762859 1.0189303872458076e-11
2.978114091 8.554077946786829e-12
2.979465322 5.753249978842867e-12
2.980816554 6.587655461756988e-12
2.982167785 1.0506741778685125e-11
2.983519017 2.28310439749847e-12
2.984870248 2.5751720497109955e-12
2.9862214789999997 1.3794451974635322e-12
2.987572711 3.200271113399971e-12
2.988923942 4.388829374442268e-12
2.9902751739999998 2.4421214495875428e-12
2.991626405 2.1923358311343665e-12
2.992977637 2.759791789718058e-12
2.994328868 4.028231931594661e-12
2.9956801 1.1679084889041599e-11
2.997031331 1.257512158255753e-11
2.9983825619999998 9.621222153676077e-12
2.9997337940000004 5.819377714712219e-12
3.001085025 5.903602197254246e-12
3.002436257 1.0278953702395364e-11
3.003787488 1.477313820881218e-11
3.0051387199999997 7.894692026293909e-12
3.006489951 1.7618012924352525e-12
3.007841182 7.162562343939283e-14
3.009192414 4.277928524475258e-12
3.0105436450000003 2.3794562552665607e-12
3.011894877 4.397254129905982e-12
3.0132461079999997 2.255624156415681e-12
3.01459734 1.6946693444244884e-12
3.015948571 9.783365218006288e-13
3.017299803 8.613592865985163e-13
3.018651034 6.003520770388027e-12
3.020002265 4.952750830334019e-12
3.021353497 4.387982213363207e-12
3.0227047280000003 4.2996989216589655e-12
3.02405596 8.34003332404087e-12
3.0254071909999998 8.51909254521439e-12
3.0267584230000004 5.377269217020563e-12
3.0281096539999997 5.5622102287426305e-12
3.029460886 4.845310496536104e-12
3.030812117 3.301679572810447e-12
3.032163348 5.892783364062181e-12
3.03351458 4.1583480542719044e-12
3.034865811 7.64640586747434e-12
3.036217043 1.5714297856550858e-11
3.0375682740000003 1.5923529653655633e-11
3.038919506 1.3064209970215771e-11
3.0402707369999997 6.6518006377203244e-12
3.041621968 2.715355173537057e-12
3.0429732 4.518020851302946e-12
3.044324431 4.016072713861629e-12
3.045675663 8.942644735295875e-12
3.047026894 1.3305540104716637e-11
3.0483781260000002 1.5172781622648377e-11
3.0497293570000004 1.2684568234777733e-11
3.051080589 1.0784730974240683e-11
3.05243182 1.2150298262475246e-11
3.053783051 1.3630576062591822e-11
3.0551342829999997 9.969221217104048e-12
3.056485514 4.831719683672849e-12
3.057836746 3.862888629608303e-12
3.059187977 8.956977269008086e-12
3.060539209 1.3228946238474025e-11
3.06189044 1.8486404405488176e-12
3.063241671 2.861883002935821e-12
3.0645929030000003 7.182218046854286e-12
3.065944134 1.0326864534902506e-11
3.0672953659999997 7.48012527902164e-12
3.068646597 3.460707953904782e-12
3.069997829 8.207712690146277e-12
3.07134906 9.779595321707807e-12
3.072700292 9.511643929438812e-12
3.074051523 7.271793042676166e-12
3.075402754 5.5797363490563256e-12
3.0767539860000004 1.549316183092224e-11
3.0781052169999996 1.628141949240587e-11
3.079456449 1.2853388185095676e-11
3.08080768 9.494233790987585e-12
3.0821589119999997 7.131595551084105e-12
3.083510143 5.592938102356667e-12
3.084861374 1.2554063180099849e-12
3.086212606 2.931547064242277e-12
3.0875638370000003 6.2903902433731475e-12
3.088915069 9.274954122995594e-12
3.0902662999999997 6.5791523873679795e-12
3.0916175320000003 4.4401193061831014e-12
3.092968763 6.939795999586642e-12
3.0943199949999998 1.0072078586218715e-11
3.095671226 1.2931125602001298e-11
3.097022457 1.4369264231608705e-11
3.098373689 2.65541762012142e-12
3.0997249200000003 1.0948186369554109e-11
3.101076152 2.2851752176655568e-11
3.102427383 2.3057262020475656e-11
3.103778615 1.336095364220654e-11
3.1051298459999996 8.063834674367698e-12
3.106481078 1.472092483149301e-11
3.107832309 2.3173193140536714e-11
3.10918354 9.64940260347934e-12
3.110534772 4.6114619457276555e-12
3.111886003 6.886963078931122e-12
3.113237235 7.244814740959195e-12
3.1145884660000003 1.337855669012917e-11
3.115939698 1.6488063722654247e-11
3.1172909289999997 9.094223128376739e-12
3.11864216 5.839819300149221e-12
3.119993392 1.4901420151921772e-11
3.121344623 1.7798603941148156e-11
3.122695855 1.1294848678118504e-11
3.124047086 2.3050886878539796e-11
3.1253983180000002 3.342879639233873e-11
3.126749549 2.7414041673877787e-11
3.128100781 5.415149381962466e-12
3.1294520120000002 1.697052384180478e-12
3.130803243 2.942664399357306e-11
3.1321544749999997 1.4276135035014565e-11
3.133505706 3.490064950067527e-12
3.134856938 3.1546204285086077e-12
3.136208169 1.2304026627683136e-11
3.137559401 1.8996023030331e-11
3.138910632 1.9256598107858145e-11
3.140261863 1.077902387597555e-11
3.1416130950000003 1.0701497412296524e-11
3.142964326 2.0532140204358745e-11
3.1443155579999997 1.630030973534574e-11
3.145666789 4.4017194673632273e-11
3.147018021 3.5668136231589783e-11
3.148369252 2.1231924421170602e-11
3.149720484 2.5985672301885036e-11
3.151071715 3.104467940376387e-11
3.152422946 2.2441333803239578e-11
3.153774178 7.266340498468406e-12
3.155125409 3.839626834979403e-12
3.1564766410000002 1.6840903977517333e-11
3.157827872 2.0378635896198943e-11
3.1591791039999997 4.269234849221028e-11
3.160530335 5.849281461639769e-11
3.161881566 5.510031586735532e-11
3.163232798 1.7516348808863706e-11
3.1645840290000002 4.491739076177163e-13
3.165935261 1.5558700939940914e-12
3.167286492 1.0194282505285805e-11
3.1686377240000003 1.7594231902880147e-11
3.169988955 1.706525273444969e-11
3.1713401869999998 1.4575193098866152e-11
3.172691418 2.4012000603740008e-12
3.174042649 3.6341754712571826e-12
3.1753938809999998 5.471102727539368e-14
3.176745112 4.242902922818556e-13
3.178096344 1.6590167953587529e-12
3.179447575 2.6804939525783905e-12
3.180798807 4.819968437650058e-12
3.182150038 4.023126743311084e-12
3.1835012700000003 2.079305689202588e-12
3.184852501 1.5087693195246353e-12
3.186203732 1.5631419428623044e-12
3.187554964 2.145105654984173e-12
3.188906195 5.369765643446647e-12
3.190257427 9.084474309128811e-12
3.1916086580000003 1.1145771088113288e-11
3.19295989 3.0961255101500597e-12
3.194311121 1.495602355650384e-12
3.195662352 6.0029381473371594e-12
3.197013584 8.124759347469043e-12
3.1983648149999997 1.3003460327563725e-11
3.199716047 2.2535623989377894e-11
3.201067278 2.181329846825566e-11
3.2024185099999998 2.5835586480547862e-11
3.203769741 2.096385751140811e-11
3.205120973 1.5275384206165e-11
3.206472204 2.281168739411163e-11
3.207823435 2.447050437779255e-11
3.209174667 2.6961416561187397e-11
3.2105258979999998 3.1595783263409826e-11
3.21187713 1.871797568094225e-11
3.213228361 1.5908308301152704e-11
3.214579593 2.8034140263439546e-11
3.215930824 2.2597336266271758e-11
3.217282055 8.681307918266915e-12
3.2186332870000003 4.0263048443670235e-12
3.2199845180000004 1.5146090191369714e-11
3.22133575 2.1738620923231422e-11
3.222686981 7.940063148413755e-12
3.2240382129999996 2.5420407173154525e-12
3.2253894439999997 2.606101348799761e-12
3.226740676 1.2623590604513345e-11
3.228091907 1.981034082308625e-11
3.229443138 1.0191646047151718e-11
3.23079437 9.777996086270654e-12
3.232145601 1.0719113025287127e-11
3.2334968330000002 1.432074018566711e-11
3.234848064 1.409538185465416e-11
3.2361992959999997 7.52956636704588e-12
3.237550527 1.2113531830754324e-11
3.238901759 1.0871703446007861e-11
3.24025299 1.5313116446641706e-11
3.2416042210000002 1.6192294657521058e-11
3.242955453 1.846271978727125e-11
3.244306684 2.0400368547550537e-11
3.2456579160000003 1.999591425727721e-11
3.2470091470000004 2.1397191075287342e-11
3.248360379 3.08385030638283e-11
3.24971161 1.955962878748835e-11
3.251062841 7.090115740319607e-12
3.2524140729999997 8.648721336041e-12
3.253765304 1.585729327812469e-11
3.255116536 1.5174003888430204e-11
3.256467767 8.160520440802373e-12
3.257818999 1.907818645305959e-12
3.25917023 7.06551736118321e-12
3.2605214620000003 5.208092108254808e-12
3.261872693 2.0929037400266325e-11
3.263223924 3.6508372161289546e-11
3.264575156 2.412658255521068e-11
3.265926387 3.697999383443875e-11
3.267277619 3.689830028835852e-11
3.2686288500000003 2.559854200977323e-11
3.269980082 4.1422636996996586e-11
3.271331313 5.1083334409594486e-11
3.272682544 2.423221143616475e-11
3.274033776 1.1250411250579454e-11
3.2753850069999997 4.4620124942291035e-12
3.276736239 9.665990670989336e-12
3.27808747 2.0721337305602992e-11
3.2794387019999998 2.8286124897868952e-11
3.280789933 5.1344215302172584e-11
3.282141165 5.092952384731894e-11
3.283492396 3.151682612067667e-11
3.2848436270000003 2.439487469313007e-11
3.286194859 2.0563327226315167e-11
3.2875460899999998 1.416938135368207e-11
3.288897322 4.787559349681859e-12
3.290248553 5.738053791902952e-12
3.291599785 1.113241365947047e-11
3.292951016 2.207558119067165e-11
3.294302247 1.4524051756567735e-11
3.2956534790000003 1.7036253732492713e-11
3.29700471 1.9270608592681333e-11
3.298355942 1.2958785954895791e-11
3.299707173 1.879145293077254e-11
3.301058405 1.482257681376228e-11
3.3024096359999997 4.521710858718949e-12
3.303760868 6.16542913235124e-12
3.305112099 1.3148825240027228e-11
3.30646333 1.6425379165173418e-12
3.307814562 6.314615379559212e-12
3.309165793 1.0964470903028576e-11
3.3105170250000002 7.270456821256427e-12
3.3118682560000003 4.170620888834737e-12
3.313219488 1.1986551839505253e-11
3.3145707189999998 5.092370625187879e-13
3.315921951 6.389156994717913e-12
3.317273182 8.793141143406304e-12
3.318624413 1.4514600527533574e-11
3.319975645 2.149415336222921e-11
3.321326876 3.4475737092139533e-11
3.322678108 3.025929247122417e-11
3.324029339 2.0810128872802037e-11
3.325380571 9.559044749842584e-12
3.326731802 1.2717291520578904e-11
3.328083033 5.397552878434987e-12
3.3294342649999997 1.4254245205260258e-12
3.330785496 3.931993602712159e-12
3.332136728 3.1061064487030773e-12
3.333487959 3.2116020121743854e-13
3.334839191 2.5352018191965705e-12
3.336190422 6.359683312142674e-12
3.3375416540000002 1.0255098722346236e-11
3.3388928850000004 4.359470829570003e-13
3.340244116 6.158219778464602e-14
3.341595348 3.492018492719801e-13
3.342946579 1.385700735273314e-11
3.344297811 3.826578106962952e-11
3.345649042 2.600353087157635e-11
3.347000274 1.5299055259927848e-11
3.348351505 1.865146007491953e-12
3.3497027360000002 9.448779667603709e-14
3.351053968 9.212810906522548e-13
3.3524051989999997 1.0586818101094267e-11
3.353756431 1.870876291517103e-11
3.355107662 2.1896368874160917e-11
3.3564588939999997 3.328310503104424e-11
3.357810125 4.6165466118203903e-11
3.359161357 3.7752582164278906e-11
3.360512588 3.144288056474475e-11
3.3618638190000003 2.5556476633823595e-11
3.363215051 4.1087422052352534e-11
3.3645662819999997 5.18735201191572e-11
3.3659175140000004 5.6634209180275907e-11
3.367268745 5.6663346209187114e-11
3.368619977 2.1736699860987634e-11
3.369971208 2.265963687917465e-12
3.371322439 3.1698804782400775e-11
3.372673671 2.9797093528966924e-11
3.374024902 1.0055032085125605e-11
3.375376134 1.9424517213275502e-11
3.3767273650000003 4.3252214326910765e-11
3.378078597 5.2046020677804396e-11
3.3794298279999997 3.140421370900235e-11
3.38078106 3.5900244365285374e-11
3.382132291 1.1402200019588727e-11
3.383483522 7.545902524459387e-12
3.384834754 4.031195101928901e-11
3.386185985 9.746671034129948e-11
3.387537217 7.574998997613586e-11
3.3888884480000003 6.369348451684903e-11
3.39023968 5.589177140409049e-11
3.3915909109999998 2.7385665177109832e-11
3.3929421430000004 2.3724689513843875e-11
3.3942933739999996 4.7260153202241587e-11
3.3956446049999998 5.04591655798706e-11
3.396995837 4.6273552848063124e-11
3.398347068 2.9753746463398016e-11
3.3996983 1.8700313084535025e-11
3.401049531 1.6819647820574722e-11
3.402400763 2.4752284585465886e-11
3.4037519940000003 7.592438347221549e-12
3.405103225 4.421948712164702e-12
3.4064544569999997 4.0295127767456644e-11
3.407805688 3.753746438902259e-11
3.40915692 3.829085477665377e-11
3.410508151 1.1864015675624641e-11
3.411859383 6.151455851106103e-11
3.413210614 5.336576361800774e-11
3.4145618460000002 2.8359072841173032e-11
3.4159130770000004 2.350005877475238e-11
3.4172643079999996 3.439993389489231e-11
3.41861554 3.0499103364969655e-11
3.419966771 4.3238421737567236e-11
3.4213180029999997 2.047070024931243e-11
3.422669234 1.832257531240661e-12
3.424020466 1.931680216881156e-13
3.425371697 1.0605972742246708e-13
3.4267229280000002 2.9316700519947196e-11
3.42807416 3.1351566977746386e-11
3.429425391 4.194088689431941e-11
3.4307766230000003 2.7855445153221904e-11
3.432127854 3.021773477151013e-11
3.4334790859999997 5.933756718593203e-11
3.434830317 1.2375265470844771e-11
3.436181549 3.940624678599178e-12
3.43753278 3.459688404751068e-11
3.4388840110000003 3.8120974656578605e-11
3.440235243 1.691128158756332e-11
3.441586474 2.147654322058998e-11
3.4429377060000004 8.656178733094666e-12
3.4442889369999996 7.447330311614815e-12
3.445640169 9.225789030156555e-12
3.4469914 1.90699573734846e-12
3.448342631 6.080505966406511e-14
3.449693863 2.8337050808001388e-12
3.451045094 2.2577373466990896e-11
3.452396326 2.5829765082316894e-11
3.4537475570000002 4.2239217129314394e-11
3.455098789 5.578802439728706e-11
3.45645002 5.874300810729059e-11
3.4578012520000003 3.064383046541821e-11
3.459152483 3.815498651348849e-11
3.460503714 2.6612118841125272e-11
3.461854946 1.8795849732887206e-11
3.463206177 3.719022157177913e-11
3.464557409 1.9564624418374873e-11
3.4659086400000003 1.409285262610594e-12
3.467259872 2.515195850092596e-11
3.468611103 4.94406949852665e-11
3.469962335 2.6672734572592962e-11
3.4713135659999996 1.5194670272970168e-12
3.4726647969999997 5.34565261746485e-12
3.474016029 6.463377453394549e-12
3.47536726 2.542878718381166e-13
3.476718492 3.5758467450644093e-12
3.478069723 1.8558104031503402e-11
3.479420955 1.7856568480182168e-11
3.4807721860000003 2.5090782804123596e-11
3.482123417 2.6525418173698412e-11
3.483474649 1.3545774378963008e-11
3.48482588 1.2762818302645217e-12
3.486177112 9.515439960219867e-13
3.487528343 4.5629073284268676e-12
3.488879575 3.992409052072042e-11
3.490230806 2.8744570443789104e-11
3.491582038 5.079962604893253e-12
3.492933269 2.8947951495473413e-12
3.4942845 4.956730763764199e-12
3.495635732 2.666258943301346e-11
3.496986963 8.67233086269222e-12
3.4983381949999997 4.041340728190932e-12
3.4996894259999998 1.0956575316648254e-11
3.501040658 2.2595749568044698e-11
3.502391889 1.287722709851585e-11
3.50374312 5.112310700457089e-12
3.505094352 1.7298671177992655e-13
3.506445583 9.859543619614682e-13
3.5077968150000003 1.968572985906052e-12
3.509148046 5.218434211748647e-12
3.5104992779999997 2.40770825145013e-11
3.511850509 2.0571806348798097e-11
3.513201741 8.799379267754062e-12
3.514552972 2.5156507470331408e-12
3.515904203 9.661866408759685e-12
3.517255435 9.187686160094397e-12
3.518606666 1.466483598364062e-11
3.519957898 3.0841404308464985e-11
3.521309129 3.354258521493649e-11
3.5226603610000002 3.332490107224311e-11
3.524011592 5.43214172950048e-11
3.5253628239999997 5.095321662780099e-11
3.526714055 4.1028786736166456e-11
3.528065286 2.7387457624148256e-11
3.529416518 1.2710958647708651e-11
3.5307677490000002 6.804221723839425e-12
3.532118981 2.386174144671446e-12
3.533470212 5.2183006788122336e-12
3.5348214440000003 1.8742861172349207e-13
3.536172675 1.1470940890886016e-12
3.537523906 1.6484214396641247e-11
3.538875138 4.3569583774813775e-11
3.540226369 8.628020687273346e-11
3.5415776009999997 8.347633637920804e-11
3.542928832 7.138925832392296e-11
3.544280064 8.162714151934874e-11
3.545631295 7.060823694853228e-11
3.546982527 3.828995871274363e-11
3.548333758 3.339010759784907e-11
3.5496849889999997 2.4279701617045412e-11
3.551036221 2.7468798682330047e-11
3.552387452 5.23801092383089e-11
3.553738684 7.324662106820716e-12
3.555089915 3.380083536769123e-13
3.556441147 7.88334306923983e-14
3.5577923780000003 5.954145493511334e-13
3.5591436090000004 1.5370782797970193e-11
3.560494841 1.736459859542528e-11
3.561846072 9.660922594089921e-13
3.563197304 2.6840009859222637e-12
3.5645485349999997 3.4864342570294553e-12
3.565899767 3.4990677843494697e-12
3.567250998 2.5591930742732388e-11
3.5686022299999998 3.5245498287640096e-11
3.569953461 9.589562063573786e-11
3.571304692 1.7136228624208868e-10
3.572655924 1.7960127362576967e-10
3.574007155 1.0583024627488571e-10
3.575358387 2.710860556847852e-11
3.5767096179999998 1.4465467624851896e-13
3.57806085 9.450224277401058e-12
3.579412081 3.015995986044849e-11
3.580763312 5.492448041482606e-11
3.582114544 3.436350662431899e-11
3.583465775 7.840179346273447e-12
3.5848170070000003 5.263928665942431e-12
3.5861682380000004 4.2512787439462064e-11
3.58751947 8.055569661547139e-11
3.588870701 8.790070955916217e-11
3.5902219329999996 8.081951367331648e-11
3.5915731639999997 5.843954535372524e-11
3.592924395 3.5532256570857195e-11
3.594275627 1.1245137092571515e-11
3.595626858 1.5182128141602335e-11
3.59697809 4.013680288225583e-11
3.598329321 3.440134529047759e-11
3.5996805530000002 3.534137541290261e-11
3.601031784 6.246629275014161e-11
3.602383016 8.645405707627389e-11
3.603734247 7.281377449953055e-11
3.605085478 3.8271343061949734e-11
3.60643671 3.8367500703276476e-11
3.607787941 9.930752201413093e-11
3.609139173 1.0515154825557364e-10
3.610490404 4.7667292811345625e-11
3.6118416360000003 8.401051419815604e-11
3.6131928670000004 1.6447688032805623e-10
3.6145440979999997 1.4623197444263384e-10
3.61589533 4.436383897032549e-11
3.617246561 6.417062688677954e-12
3.6185977929999997 7.815605818790972e-12
3.619949024 1.800635252878285e-11
3.621300256 1.252444938795702e-11
3.622651487 3.73748550460818e-11
3.624002719 3.366181838345566e-11
3.62535395 4.277685760396672e-11
3.6267051809999997 1.0863415339334561e-10
3.628056413 1.6023308045842628e-10
3.629407644 7.386945513686144e-11
3.630758876 3.673617546735986e-11
3.632110107 6.468994594835495e-11
3.633461339 8.849998743695121e-11
3.6348125700000002 1.1091788922742652e-10
3.6361638010000004 3.060649875148201e-11
3.637515033 3.3719645736054677e-11
3.638866264 3.146503000352593e-11
3.640217496 1.7151444299102703e-11
3.6415687269999997 2.29827754962586e-11
3.642919959 4.41853033628714e-11
3.64427119 1.3859085318232496e-10
3.6456224219999998 1.3317148658608244e-10
3.646973653 1.1350782505071992e-10
3.648324884 6.933119625948633e-11
3.649676116 4.5651603243987585e-11
3.6510273470000003 7.868815390550374e-11
3.652378579 1.26007097037295e-10
3.6537298099999997 1.5052857370858265e-10
3.655081042 1.9817234389368905e-10
3.656432273 2.0550228372328357e-10
3.657783504 1.500249671932404e-10
3.659134736 7.227194142482893e-11
3.660485967 1.294650821078688e-10
3.6618371990000003 2.1973510683663106e-10
3.66318843 1.1527092587891633e-10
3.664539662 1.1427875846415383e-10
3.665890893 9.511865924979756e-11
3.667242125 1.42519904675235e-10
3.6685933559999997 1.869541344770345e-10
3.669944587 1.418640130026969e-10
3.671295819 1.2143700881051608e-10
3.67264705 1.0788813357345463e-10
3.673998282 8.180585873192927e-11
3.675349513 1.151500686752292e-10
3.676700745 1.590915603646309e-10
3.6780519760000003 1.3417685102145737e-10
3.679403208 1.391390913346958e-10
3.6807544389999998 2.157465031670341e-10
3.68210567 3.216007882308712e-10
3.683456902 2.9675963099768184e-10
3.684808133 1.8995656658297252e-10
3.686159365 1.0746988471979362e-10
3.687510596 2.429229820420402e-11
3.688861828 6.612921412030448e-11
3.690213059 1.1368335220058812e-10
3.6915642899999996 6.386259489173231e-11
3.692915522 7.197262903725851e-11
3.694266753 1.0673280823189886e-10
3.6956179849999997 1.9222217746806742e-11
3.696969216 7.634208596073018e-11
3.698320448 6.695767335623377e-11
3.699671679 1.6109969207569405e-10
3.701022911 3.406055373914327e-10
3.702374142 1.912183300767604e-10
3.703725373 9.353238562572655e-11
3.7050766050000004 6.568397008009752e-11
3.706427836 1.4086706421953822e-10
3.707779068 1.499286807445906e-10
3.709130299 3.7174323156748505e-10
3.710481531 6.193784667923186e-10
3.711832762 7.250854045225368e-10
3.713183993 6.392146729703873e-10
3.714535225 3.747180900204832e-10
3.7158864560000002 1.5757831655395182e-10
3.717237688 3.090831054189653e-11
3.7185889189999997 1.041057621353296e-10
3.719940151 2.3167546245186537e-10
3.721291382 3.4499235803386317e-10
3.7226426139999997 2.064676345392337e-10
3.723993845 2.7556947705780735e-10
3.725345076 7.265107632664941e-10
3.726696308 4.796036176553793e-10
3.7280475390000003 1.1218181663469074e-11
3.729398771 7.356420831807326e-11
3.730750002 1.348093587030559e-09
3.7321012340000004 1.900063167768947e-09
3.733452465 1.7635298522600766e-09
3.7348036959999997 9.682135667699547e-10
3.736154928 8.458398076153927e-10
3.737506159 8.65013920257393e-10
3.738857391 9.56022637444514e-10
3.740208622 1.535435830640123e-09
3.741559854 1.15808543635744e-09
3.7429110850000002 1.2400694953419819e-09
3.744262317 1.483628039875893e-09
3.7456135479999997 2.3486694896024805e-09
3.746964779 3.955165282112702e-09
3.748316011 5.373387884912065e-09
3.749667242 3.987814747985304e-09
3.751018474 2.4802242114492575e-09
3.752369705 3.267077919447991e-09
3.753720937 3.296472528929531e-09
3.7550721680000003 4.14620676542069e-09
3.7564234 3.223783139687277e-09
3.757774631 6.8087274790655864e-09
3.759125862 7.928715175550281e-09
3.7604770939999996 5.528732202684117e-09
3.7618283249999998 2.2096086917734313e-09
3.763179557 9.533545496163899e-11
3.764530788 4.44153324385061e-10
3.76588202 3.6488372689763826e-09
3.767233251 7.519554891153691e-09
3.768584482 7.229765173154206e-09
3.7699357140000003 5.883398639583833e-09
3.771286945 4.160332429092476e-09
3.7726381769999997 1.626000939303823e-10
3.773989408 7.112552967823732e-11
3.77534064 2.1719064152229058e-09
3.776691871 4.043527013094066e-09
3.778043103 1.5546040334642274e-09
3.779394334 7.613656049971257e-10
3.780745565 2.036295649312927e-09
3.7820967970000003 5.547134739448864e-09
3.7834480279999996 1.121175123462073e-08
3.7847992599999998 1.2303145368993258e-08
3.786150491 1.463742913136767e-08
3.7875017229999997 1.4097578677052628e-08
3.7888529539999998 1.6089448075307198e-08
3.790204185 1.3510200364622138e-08
3.791555417 1.2774642084084896e-08
3.792906648 1.5333685416918033e-08
3.79425788 2.3376744919159192e-08
3.795609111 4.289503468049283e-08
3.7969603430000003 4.2428177073786034e-08
3.798311574 2.7357889946689815e-08
3.7996628059999997 2.1414114034712647e-08
3.801014037 2.354169646887837e-08
3.802365268 2.93809712632398e-08
3.8037165 3.0915663668341856e-08
3.8050677310000003 3.540912312505311e-08
3.806418963 5.6347284620862e-08
3.807770194 7.146416888450129e-08
3.8091214260000004 4.497649175710478e-08
3.8104726569999996 8.560779953300373e-09
3.811823889 2.7373152566958334e-09
3.81317512 4.231824940280666e-09
3.814526351 9.647799294337176e-09
3.815877583 9.594693353806784e-09
3.817228814 9.616493253191108e-09
3.818580046 4.090883861483612e-08
3.8199312770000002 2.4900729859479662e-08
3.821282509 2.3522473536843128e-08
3.82263374 2.982943856414362e-08
3.823984971 6.195111435680728e-08
3.825336203 7.775673351739239e-08
3.826687434 5.885694668190866e-08
3.828038666 4.9609801277509624e-08
3.829389897 4.858047654817918e-08
3.830741129 5.825171614081682e-08
3.8320923600000003 6.346129489701244e-08
3.833443592 3.9437187136201245e-08
3.834794823 1.5802052020250293e-08
3.836146054 2.748040291965766e-10
3.8374972859999996 2.9590080067102497e-10
3.8388485169999997 2.079438019133436e-08
3.840199749 1.23886394819271e-07
3.84155098 2.6523592053595987e-07
3.842902212 2.8713569007095976e-07
3.844253443 2.9497842580448533e-07
3.845604674 2.464519940044721e-07
3.8469559060000003 2.33775805622691e-07
3.848307137 2.1778228534696358e-07
3.849658369 2.2407994562907379e-07
3.8510096 2.071203793916133e-07
3.852360832 3.5496317328887214e-07
3.853712063 4.463901574015248e-07
3.855063295 3.8343803123082315e-07
3.856414526 3.725143795678929e-07
3.857765757 5.104197975115788e-07
3.859116989 8.342355089933585e-07
3.86046822 1.0177244285692615e-06
3.861819452 1.2963582349488623e-06
3.863170683 1.3191819486432645e-06
3.8645219149999996 1.4808249171966757e-06
3.8658731459999998 1.7115353753311434e-06
3.867224377 1.7293803346777766e-06
3.868575609 1.5506586019727706e-06
3.86992684 1.101596634535395e-06
3.871278072 9.526285047779286e-07
3.872629303 6.707083720895798e-07
3.8739805350000003 7.566039654948824e-07
3.875331766 1.8094561054950909e-06
3.876682998 3.1082232384764746e-06
3.878034229 2.1992214854200915e-06
3.87938546 1.106470846543677e-06
3.880736692 1.0730670795169464e-06
3.882087923 1.8288992364657207e-06
3.883439155 1.7711539514056424e-06
3.884790386 1.3561785621294192e-06
3.886141618 1.1397524412181417e-06
3.887492849 8.392102929676681e-07
3.8888440810000002 2.954011447522902e-07
3.890195312 2.9544696887751033e-07
3.891546543 6.368727982499639e-07
3.892897775 1.7805288204400705e-06
3.894249006 2.4467284017337955e-06
3.895600238 1.9482556625285743e-06
3.8969514690000002 1.0341488236693616e-06
3.898302701 6.746476564969434e-07
3.899653932 8.726670615464967e-07
3.9010051629999998 6.577154415562191e-07
3.902356395 1.1666910813594314e-06
3.903707626 3.01858191490036e-06
3.905058858 3.084623697133216e-06
3.906410089 2.233667033690765e-06
3.9077613209999997 1.4427144167452793e-06
3.909112552 1.0749991044125527e-06
3.910463784 1.3219692635713557e-06
3.911815015 3.0859606301287434e-06
3.913166246 3.620115103885194e-06
3.914517478 4.376149651031314e-06
3.9158687089999997 4.410883822406555e-06
3.917219941 2.6965413631547963e-06
3.918571172 9.374126442221902e-07
3.919922404 1.0388171063895527e-06
3.921273635 9.894423930320203e-07
3.922624866 1.5886326946937576e-06
3.9239760980000002 1.356425158846441e-06
3.9253273290000004 1.7971414697857248e-06
3.926678561 6.754327634049532e-07
3.928029792 7.530809361028331e-07
3.929381024 6.745953397491509e-07
3.9307322549999997 1.0751885023669619e-06
3.932083487 1.4580318396718185e-06
3.933434718 2.030912080268075e-06
3.934785949 2.7545370480852977e-06
3.936137181 2.5621320151276057e-06
3.937488412 2.6061889266613697e-06
3.938839644 2.7283087434555905e-06
3.940190875 2.381314047679896e-06
3.941542107 1.3021819573950806e-06
3.9428933379999997 7.030681449664036e-07
3.944244569 1.2009353128249224e-06
3.945595801 1.4206028634603032e-06
3.946947032 1.1895539650059716e-06
3.948298264 1.7662861055022567e-06
3.949649495 2.2278976529610417e-06
3.9510007270000003 1.688651410157591e-06
3.9523519580000004 1.0610379170446243e-06
3.95370319 8.373602774036011e-07
3.955054421 1.1721131355589707e-06
3.956405652 2.8949399207763506e-06
3.9577568839999997 2.21887563566735e-06
3.959108115 1.267114284047089e-06
3.960459347 1.5847322212085911e-06
3.961810578 2.3618195305124506e-06
3.96316181 2.101232874497316e-06
3.964513041 2.4403992417309658e-06
3.965864273 2.2930789514144766e-06
3.967215504 3.0402569728189806e-06
3.968566735 2.8620456673019148e-06
3.9699179669999998 2.297143611947046e-06
3.971269198 1.4703201116822113e-06
3.97262043 1.9193020063083364e-06
3.973971661 3.4151333588287114e-06
3.975322893 3.0491519774038807e-06
3.976674124 2.0686990158071416e-06
3.978025355 8.25090326821323e-07
3.9793765870000004 3.307502682879638e-06
3.9807278179999996 4.5546617825181295e-06
3.98207905 5.146266693886798e-06
3.983430281 5.945065313371066e-06
3.9847815129999997 7.032434319549482e-06
3.986132744 7.236093695387539e-06
3.987483976 5.414405643620935e-06
3.988835207 3.7534779277046003e-06
3.9901864380000003 2.8546475173378264e-06
3.99153767 1.7864321234554893e-06
3.9928889009999997 2.37580770875221e-06
3.994240133 2.747288113648681e-06
3.995591364 2.4001481311431286e-06
3.996942596 3.07685400557014e-06
3.998293827 2.3623833796823778e-06
3.999645058 1.3214844113273806e-06
4.00099629 1.2292610623927017e-06
4.002347521 1.1303312591106665e-06
4.003698753 1.595400088373089e-06
4.005049984 2.694362276670648e-06
4.006401216 2.936658586070156e-06
4.007752447 2.3452754449369087e-06
4.009103679 1.230881329655706e-06
4.01045491 1.3199571365222426e-06
4.011806141 2.2683938787391173e-06
4.013157373 3.0360119235174554e-06
4.014508604 3.4115882547062315e-06
4.015859836 3.691614475676506e-06
4.017211067 3.3829807696538303e-06
4.018562299 3.1068285435981594e-06
4.01991353 2.5189953267234683e-06
4.021264761 9.75272761934918e-07
4.022615993 1.3837369920397154e-06
4.023967224 1.8367752882467831e-06
4.025318456 2.8697065671133186e-06
4.026669687 4.071308265165932e-06
4.028020919 4.803689279592648e-06
4.02937215 5.43148415897702e-06
4.030723382 4.4312482390796255e-06
4.032074613 2.693603777608585e-06
4.033425844 2.667222281729909e-06
4.034777076 3.4031810104756774e-06
4.036128307 2.795100099257894e-06
4.037479539 2.219272528801055e-06
4.03883077 2.933017857302871e-06
4.040182002 3.51547244219593e-06
4.041533233 1.6509884967742992e-06
4.042884465 1.0882572670064585e-06
4.044235696 2.008335844231751e-06
4.0455869269999996 3.6800123234632883e-06
4.046938159 4.162608753011587e-06
4.04828939 3.0652568330244637e-06
4.049640622 3.439911255763511e-06
4.050991853 2.79327609367575e-06
4.052343085 1.889722928322239e-06
4.053694316 2.1214445501214846e-06
4.055045547 3.018536766286717e-06
4.056396779 3.3567531201229676e-06
4.05774801 2.927379007784413e-06
4.059099241999999 1.3667632403089822e-06
4.0604504729999995 1.989890030028862e-06
4.061801705 2.730763330397189e-06
4.063152936 4.066597543644184e-06
4.064504168 5.035359056532186e-06
4.065855399 4.753268632487684e-06
4.06720663 3.3167423498315273e-06
4.0685578620000005 2.9225160987811407e-06
4.069909093000001 3.196645201421324e-06
4.071260325 2.2590623173029995e-06
4.072611556 1.4288632819997137e-06
4.073962788 1.7733106980293356e-06
4.075314019 2.0015275856324666e-06
4.07666525 2.1456227650748054e-06
4.078016482 2.430732693662801e-06
4.079367713 3.540315741499042e-06
4.080718945 4.508346694249658e-06
4.082070176 3.68828486982528e-06
4.083421408 3.832016321241547e-06
4.084772639 4.724101306098509e-06
4.086123871 3.870610558291582e-06
4.087475102 2.243917189164966e-06
4.088826333 1.641483322263131e-06
4.090177565 1.469313911994114e-06
4.091528796 1.4233094367673398e-06
4.092880028 1.8136981154110654e-06
4.094231259 6.681043202174863e-07
4.095582491 7.902338940938875e-07
4.096933722 6.762604096915146e-07
4.098284953 5.406728655141596e-07
4.0996361850000005 1.3213392538633548e-06
4.100987416 1.5594227516825265e-06
4.102338648 1.3880806037621792e-06
4.103689878999999 5.39100413657609e-07
4.105041110999999 1.0425192029848394e-06
4.106392342 1.4414517316010546e-06
4.107743574 2.4747387591607837e-06
4.109094805 3.353312325386566e-06
4.110446036 2.6032713522679394e-06
4.111797268 2.75150013478925e-06
4.113148499 4.6588975944382e-06
4.1144997309999995 6.074843981180163e-06
4.115850962000001 5.003259403965656e-06
4.117202194000001 3.1768515473943478e-06
4.118553425 1.6330911109336431e-06
4.119904657 8.236109353182329e-07
4.121255887999999 1.170526425995025e-06
4.122607119 2.284345334719842e-06
4.123958351000001 2.821872327962853e-06
4.125309582 2.8829364270958368e-06
4.126660814 3.4997395163495594e-06
4.128012045 4.628107175117002e-06
4.129363277 4.569335682480393e-06
4.130714508 3.171898138618313e-06
4.132065739 1.6468187629207614e-06
4.133416971 1.6566104519623066e-06
4.134768202 1.6566181591805917e-06
4.136119434 1.7718348487770751e-06
4.1374706649999995 1.2909387997178693e-06
4.138821897 1.2174665645467634e-06
4.140173128000001 4.955968333418299e-07
4.14152436 1.5807273723653992e-06
4.142875591 2.514902102553424e-06
4.144226821999999 2.58959539451635e-06
4.145578054 2.761187575798033e-06
4.146929285000001 3.771268929433294e-06
4.148280517 2.4991866765766737e-06
4.149631748 1.4495946824642944e-06
4.15098298 1.4947279027723738e-06
4.152334211 2.186740066970964e-06
4.153685442 4.9163687641802755e-06
4.155036674 5.3771215445491975e-06
4.156387905 3.86690756532584e-06
4.157739136999999 2.437210049491918e-06
4.159090368 2.11083280855041e-06
4.1604416 3.871284323748598e-06
4.161792831 5.730490383493527e-06
4.163144063 5.631855797222447e-06
4.164495294 5.254027915365973e-06
4.165846525 4.552963128600405e-06
4.167197757 4.2607578742394005e-06
4.1685489879999995 4.3622296291338746e-06
4.169900220000001 4.081960211345798e-06
4.171251451 4.2292151322213335e-06
4.172602683 5.149033945675248e-06
4.173953914 5.863241045630955e-06
4.1753051459999995 5.998843332127951e-06
4.1766563770000005 7.108257567796297e-06
4.178007608 7.385919182263067e-06
4.17935884 7.477734949177126e-06
4.180710071 5.24947169737587e-06
4.182061303 2.9191665907266197e-06
4.183412534 2.7054250402093096e-06
4.184763766 3.0105264000959115e-06
4.186114997 2.739675374248057e-06
4.187466228 2.6670080971204147e-06
4.18881746 2.4400148297312463e-06
4.190168691 2.795584302268926e-06
4.1915199229999995 3.0543524658661617e-06
4.1928711540000005 4.749235948722855e-06
4.194222386000001 5.42970534309235e-06
4.195573617 5.230446930790237e-06
4.196924849 5.221463591648602e-06
4.198276079999999 5.705079347653383e-06
4.199627311 6.4629418420058584e-06
4.200978543 6.6885589836291665e-06
4.202329774 6.7622307720118784e-06
4.203681006 7.522848564850665e-06
4.205032237 7.901457948836605e-06
4.206383469 7.683191532091769e-06
4.2077347 7.0255833287866715e-06
4.209085931 6.627684682549704e-06
4.210437163 6.120337642541859e-06
4.211788394 5.1028518228739786e-06
4.213139626 4.935323059840176e-06
4.2144908569999995 6.002116530851771e-06
4.215842089 6.5531869147827524e-06
4.217193320000001 7.09675534838915e-06
4.218544552 6.504932880653507e-06
4.219895783 4.643461053310713e-06
4.221247013999999 4.20346913500257e-06
4.2225982459999996 4.479413209815247e-06
4.223949477 6.072338013501546e-06
4.225300709 7.764774132577134e-06
4.22665194 7.951067414203103e-06
4.228003171999999 7.200141557302634e-06
4.229354403 5.874133693020093e-06
4.2307056339999995 3.790124582156339e-06
4.232056866 2.6217703609676857e-06
4.233408097000001 2.8191879057294124e-06
4.234759329 3.814918678819788e-06
4.23611056 3.6265772521515984e-06
4.237461792 2.3024070735573992e-06
4.238813023 1.0979573245117384e-06
4.240164255 9.551437373091233e-07
4.241515486 8.303223310637841e-07
4.242866717 1.0647178334659144e-06
4.244217949 1.216146183515819e-06
4.24556918 1.1057601750246477e-06
4.246920412000001 1.7120803607246784e-06
4.248271643 1.1143864673672612e-06
4.249622875 7.139014390055366e-07
4.250974105999999 1.1740881147448454e-07
4.2523253379999995 1.0189665345816619e-08
4.2536765690000005 5.106035334919992e-09
4.2550278 5.105164312545783e-09
4.256379032 5.104290558998166e-09
4.257730263 1.7357673377488853e-08
4.259081495 1.1308939392273216e-07
4.260432726 9.423641527871851e-08
4.261783958 1.048974034263902e-07
4.263135189 5.058540967007612e-07
4.26448642 8.51772433469082e-07
4.265837652 1.2951817112476048e-06
4.267188883 1.0410430987930347e-06
4.2685401149999995 9.107345167652496e-07
4.2698913460000005 1.046008109210592e-06
4.271242578000001 1.3073339895203104e-06
4.272593809 1.7615109723665742e-06
4.273945041 2.8783968400721907e-06
4.275296271999999 1.9251435360115243e-06
4.276647503 9.067111529214005e-07
4.277998735 4.343665118391013e-07
4.279349966 4.0102969000953015e-07
4.280701198 3.602678648910259e-07
4.282052429 4.3506694168192797e-07
4.283403661 7.59462334285734e-07
4.284754892 1.6349002098957818e-06
4.286106123 1.772072103099591e-06
4.287457355 1.373296503585583e-06
4.288808586 1.3509525485574286e-07
4.290159818 5.077395820882076e-09
4.2915110489999995 5.0770172616004846e-09
4.292862281 5.0766187731184886e-09
4.294213512000001 1.5932397227872838e-08
4.295564744 7.683947619604105e-07
4.296915975 1.2995000899663223e-06
4.298267206 2.613835271034295e-08
4.299618438 5.0860674708317984e-09
4.300969669 5.085107532770532e-09
4.302320901 5.083899723497586e-09
4.303672132 8.741847510291049e-09
4.305023363999999 6.096726683926566e-08
4.306374595 6.657826212114772e-07
4.3077258259999995 9.002183380621516e-07
4.309077058 5.452131921568486e-07
4.310428289000001 1.5758833766438167e-06
4.311779521 4.5769893060513676e-07
4.313130752 6.181866435701999e-09
4.314481984 7.281935502387682e-08
4.315833215 6.925631168513203e-07
4.317184447 1.0331463004833919e-06
4.318535678 7.81350128534767e-07
4.319886909 3.5264218263883615e-07
4.321238141 3.260564415999043e-08
4.322589372 2.1598129144603673e-07
4.323940604000001 9.263032420460744e-07
4.325291835 2.3644792283669968e-07
4.326643067 1.9267505546224216e-08
4.327994297999999 5.060105345189435e-09
4.329345529999999 5.058851628323501e-09
4.3306967610000004 1.2592053698463087e-07
4.332047992 1.3463558023556464e-06
4.333399224 2.184942175606994e-06
4.334750455 2.074788354475275e-06
4.336101687 1.8365023420773243e-06
4.337452918 1.9993798752773434e-06
4.33880415 6.780207918889531e-07
4.340155381 7.458175620696522e-09
4.341506612 5.046544114348567e-09
4.342857844 1.3312233941206841e-08
4.344209075 4.027076254014806e-07
4.3455603069999995 2.0212786075354594e-07
4.3469115380000005 2.3410582025076115e-08
4.34826277 1.1705843537046651e-07
4.349614001 1.2823062884172918e-07
4.350965233 6.2720520477164355e-09
4.352316464 4.267698016976367e-08
4.353667695 8.737370988246681e-07
4.355018927 1.6678751338816707e-06
4.356370158 2.0651199442764265e-06
4.35772139 2.9439482099776015e-06
4.359072621 3.064039330992947e-06
4.360423853 2.3794839205957974e-06
4.361775084 3.4586425275421706e-07
4.363126315000001 2.9214983680482525e-08
4.364477547000001 1.0675062831091795e-08
4.365828778 3.257981854441869e-07
4.36718001 8.125395814939962e-07
4.3685312409999995 1.2585909811892474e-06
4.369882473 1.353615219973579e-06
4.371233704 8.042284775253597e-07
4.372584936 3.99984347233609e-07
4.373936167 8.241508440535437e-07
4.375287398 1.0660466433952122e-06
4.37663863 7.903765213121278e-07
4.377989861 6.33467505752681e-07
4.379341093 1.429218893055349e-06
4.380692324 1.3536040707809479e-06
4.382043555999999 1.0316027597757216e-08
4.383394787 4.989444301711525e-09
4.3847460179999995 4.9866086285140005e-09
4.38609725 4.9837590079046035e-09
4.387448481000001 4.980884779428986e-09
4.388799713 6.187687117313966e-09
4.390150944 1.1008923930261763e-08
4.391502176 5.388543142425349e-09
4.392853407 4.9693103676865726e-09
4.394204639 4.96643036915579e-09
4.39555587 4.963570755531905e-09
4.396907101 4.961032804696403e-09
4.398258332999999 4.9586647230369864e-09
4.399609564 4.956314919108141e-09
4.400960796000001 4.953986547960082e-09
4.402312027 4.951672187753081e-09
4.403663259 4.949396686108732e-09
4.405014489999999 4.947226776393727e-09
4.406365721999999 4.950382259489378e-09
4.407716953 4.948221142453594e-09
4.409068184 4.946127144264143e-09
4.410419416 4.944077974617053e-09
4.411770647 4.942087977518794e-09
4.413121879 4.940839374649276e-09
4.41447311 4.9439105825388235e-09
4.415824342 4.942091287109134e-09
4.417175573000001 4.940331578493158e-09
4.418526804 4.93861589066693e-09
4.419878036 4.936941390881037e-09
4.421229266999999 4.208761031498502e-08
4.4225804989999995 3.1813743451167166e-07
4.4239317300000005 6.035990191870948e-07
4.425282962 5.015760019415666e-07
4.426634193 3.756873644314051e-07
4.427985425 6.000211456582403e-08
4.429336656 4.929434643585015e-09
4.430687887 4.9252324001468435e-09
4.432039119 1.4927442152664077e-08
4.43339035 1.5959177128520667e-07
4.434741582 6.071709620711415e-09
4.436092813 4.920027832465752e-09
4.437444045 4.918813176923516e-09
4.438795276 4.917625392259867e-09
4.440146507000001 1.1347866137511395e-07
4.441497739000001 9.848075954445682e-07
4.44284897 2.000949371795411e-06
4.444200202 2.171206104293974e-06
4.445551432999999 1.4039965149210715e-06
4.446902665 2.3451873760516815e-07
4.448253896 5.635151630508453e-09
4.449605128 4.908408260799497e-09
4.450956359 4.907170890690754e-09
4.45230759 4.905937586459241e-09
4.453658822 4.904692119663649e-09
4.455010053 4.903445235937529e-09
4.456361285 4.902197478815473e-09
4.457712516 4.900950977587129e-09
4.459063747999999 4.899702224344356e-09
4.460414979 4.898451408423046e-09
4.4617662110000005 4.897235610931238e-09
4.463117442 4.896015125805672e-09
4.464468673000001 4.894801070845923e-09
4.465819905 4.893559143967562e-09
4.467171136 4.89231851585114e-09
4.468522368 2.9330478035192656e-08
4.469873599 4.92677248213276e-07
4.471224831000001 3.633008454308698e-07
4.472576062 3.7818329850095256e-07
4.473927293 1.0118085301245255e-06
4.475278524999999 1.1315910144154704e-06
4.476629756 8.15903851761024e-07
4.4779809880000006 1.7638745483564579e-06
4.479332219 1.3601282153760046e-06
4.480683451 3.286770276407173e-07
4.482034682 2.0195405266415516e-08
4.483385914 4.881230888553172e-09
4.484737145 4.883796282168142e-09
4.486088376 4.883687459860011e-09
4.487439608 4.882095878707021e-09
4.488790839 4.880479806399882e-09
4.490142071 4.878841944826146e-09
4.491493302 4.877143605839717e-09
4.492844534 4.875401404614162e-09
4.494195765000001 4.873622870663925e-09
4.495546996 4.87171546111425e-09
4.496898228 4.869795992935832e-09
4.498249458999999 4.86782455002448e-09
4.4996006909999995 4.865824125765211e-09
4.5009519220000005 6.01477825069838e-09
4.502303154 2.9093357622088782e-08
4.503654385 7.116082179529259e-09
4.505005617 4.857762224368733e-09
4.506356848 4.855656023240274e-09
4.507708079 4.853505289601289e-09
4.509059311 4.851322534973102e-09
4.510410542 5.380931075263351e-09
4.511761774 1.3965220504513022e-07
4.513113005 8.684482581164801e-07
4.514464237 1.2292719650986278e-06
4.5158154679999996 1.329380747721999e-06
4.517166699000001 1.409313568100851e-06
4.518517931 2.4626489065093354e-06
4.519869162 2.632219683029195e-06
4.521220394 2.4044393733975586e-07
4.522571624999999 2.4141431055858427e-08
4.523922857 5.032956693501398e-09
4.525274088 4.6803433239885516e-08
4.52662532 4.656688841959476e-07
4.527976551 5.446478836156043e-07
4.529327782 1.0673939933408742e-08
4.530679014 4.811229984878736e-09
4.532030245 4.978035279655367e-09
4.533381477 2.3764296768042958e-08
4.534732708 1.4736712043660082e-08
4.53608394 4.7997553013904035e-09
4.537435171 4.79685115154673e-09
4.5387864030000005 4.793930262541872e-09
4.540137634 5.500997434810791e-09
4.541488865 4.0401378583151546e-08
4.542840097 2.8793652275475067e-07
4.544191328 9.264881918152971e-07
4.5455425599999995 7.724981634370169e-07
4.5468937910000005 2.5101945836247813e-08
4.548245023000001 4.772975157863739e-09
4.549596254 4.769906177745356e-09
4.550947485 4.766892415051702e-09
4.552298716999999 8.268476498178058e-09
4.553649948 6.858341417004406e-07
4.5550011800000005 1.953284571370108e-06
4.556352411 2.496318673198949e-06
4.557703643 2.4278483891134867e-06
4.559054874 1.7902652321743818e-06
4.560406106 1.014522016933639e-06
4.561757337 4.1700728057402124e-07
4.563108568 1.1601169258045808e-08
4.5644598 4.742492970129936e-09
4.565811031 4.7395720280526904e-09
4.567162263 4.736656269635512e-09
4.568513493999999 4.733734143335155e-09
4.569864726 4.730856091337998e-09
4.571215957000001 4.7291151378242984e-09
4.572567188 4.73043071002309e-09
4.57391842 4.727513492239621e-09
4.575269650999999 6.052621265816471e-08
4.5766208829999995 7.452612825023448e-07
4.5779721140000005 3.1340557749043378e-06
4.579323346 3.5158108475509178e-06
4.580674577 3.842440447994047e-06
4.582025809 4.164753743320668e-06
4.58337704 5.331996354912424e-06
4.584728271 6.476028681483531e-06
4.586079503 7.498484802258149e-06
4.587430734 6.326958647586142e-06
4.588781966 3.426807368537633e-06
4.590133197 2.937557144046773e-06
4.591484429 2.3402738221320473e-06
4.5928356599999995 2.121382842055623e-06
4.5941868910000005 2.1812066379353203e-06
4.595538123 3.553203170651281e-06
4.596889354 5.509357684998703e-06
4.598240586 1.0759126474898391e-05
4.599591817 1.730286511101571e-05
4.6009430490000005 2.6934352215993347e-05
4.60229428 3.879988501512272e-05
4.603645512 4.980486871754472e-05
4.604996743 6.321821715790726e-05
4.606347974 7.68369498362726e-05
4.607699206 8.651416211386926e-05
4.609050437 9.361391408155804e-05
4.610401669 9.666875824696549e-05
4.611752900000001 9.741888704725465e-05
4.613104132 9.773124407612483e-05
4.614455363 9.73425575584531e-05
4.6158065950000005 9.631651902659565e-05
4.617157826 9.662758230700641e-05
4.618509057 9.957240886758061e-05
4.619860289 0.00010508199197491786
4.62121152 0.00011176792847796018
4.622562751999999 0.00011929835528996384
4.6239139830000004 0.0001288908590598833
4.625265215000001 0.0001398706246964155
4.626616446 0.0001522361430443638
4.627967677 0.00016634469733147595
4.629318908999999 0.00018248262522733565
4.63067014 0.00020207672506958804
4.6320213720000005 0.0002235804867987656
4.633372603 0.00024744407197681355
4.634723835 0.00027462860086142216
4.636075066 0.00030690443614324266
4.637426298 0.0003448359479927392
4.638777529 0.0003921178327883019
4.64012876 0.0004508750796362696
4.641479992 0.0005234989869929284
4.642831223 0.0006160082705530525
4.644182455 0.0007264514028487337
4.645533685999999 0.0008588792411061967
4.646884918 0.0010222947435104953
4.648236149000001 0.0012187440249805909
4.64958738 0.001455353828432148
4.650938612 0.0017340375090290727
4.652289842999999 0.0020665560921811054
4.6536410749999995 0.002457244618245681
4.6549923060000005 0.0029151442632339582
4.656343538 0.0034533719729969723
4.657694769 0.004080251182843837
4.659046001 0.004817967754699781
4.660397232 0.005686427533818924
4.661748463 0.00670499779273833
4.663099695 0.007903992415354229
4.664450926000001 0.009316579084151545
4.665802158 0.011009187450817555
4.667153389 0.013039754715520397
4.668504621 0.015490961122321189
4.6698558519999995 0.01853170154498936
4.6712070830000005 0.02228276699902952
4.672558315 0.0270064483530054
4.673909546 0.03307266439522673
4.675260778 0.04075680174429226
4.676612009 0.05072788833942635
4.6779632410000005 0.06348485481680334
4.679314472 0.07967702939772865
4.680665704 0.09970648051422011
4.682016935 0.1235373158885941
4.683368166 0.15169282270336631
4.684719398 0.18000437438243996
4.686070629 0.20947160735024295
4.687421861 0.23714958115341586
4.688773092 0.2583106321475427
4.690124324 0.2764151514319047
4.691475555 0.2876483897283616
4.6928267869999996 0.29424568520516176
4.694178018 0.298276353137853
4.695529249 0.2991582466556473
4.696880481 0.29954490313058246
4.698231712 0.29985799183420603
4.699582943999999 0.3001839242569487
4.700934175 0.30075842843865447
4.702285407000001 0.3016929864097074
4.703636638 0.30278236983976065
4.704987869 0.303788819427563
4.706339100999999 0.3044125648534403
4.707690332 0.30438446777421024
4.7090415640000005 0.30394257854509826
4.710392795 0.3025528676116217
4.711744027 0.30086138685241615
4.713095258 0.29883906084142753
4.71444649 0.2968760420591166
4.7157977209999995 0.295183037421092
4.717148952 0.2940187935671783
4.718500184000001 0.29350346517462433
4.719851415 0.29319899537138583
4.721202647 0.29271421176877366
4.722553877999999 0.2906776140577202
4.72390511 0.2874382966208867
4.725256341000001 0.2781637634185235
4.726607572 0.2655473501217581
4.727958804 0.24803901244570897
4.729310035 0.2240406981773979
4.730661267 0.1987980129477172
4.7320124980000005 0.16982973126610318
4.73336373 0.14153798957759875
4.734714961 0.115984660571598
4.736066193 0.09191232071315567
4.737417424 0.07223630448199383
4.738768654999999 0.05607759638902159
4.740119887 0.04333950256683671
4.741471118000001 0.033485382903249164
4.74282235 0.02597635101633155
4.744173581 0.020277856731914137
4.745524813 0.015904648724041934
4.7468760439999995 0.012639515707792488
4.748227276 0.0101008062789043
4.749578507 0.00814595452110152
4.750929738 0.006634485589790457
4.75228097 0.00543137937436488
4.753632201 0.0044963091180819145
4.7549834330000005 0.0037456037236860956
4.756334664 0.0031382245420222233
4.757685896 0.002652761037441674
4.759037127 0.002251037427472755
4.760388358 0.001923540865198844
4.76173959 0.0016530275641319576
4.763090821 0.0014247651238411033
4.764442053 0.0012325283203611344
4.765793284 0.0010680480927116004
4.767144516 0.0009275064264231327
4.768495747 0.0008072866160175008
4.7698469789999995 0.0007032406192139652
4.77119821 0.0006133334773352609
4.772549441 0.0005378160203385449
4.773900673 0.000473593578615032
4.775251904 0.00042170066995175434
4.776603135999999 0.0003770450432700038
4.777954367 0.000339477968164705
4.779305599000001 0.00030924034169110663
4.78065683 0.0002833852953682576
4.782008061000001 0.0002620227951627526
4.783359293 0.00024226705393174853
4.784710524 0.00022396985358376473
4.7860617560000005 0.0002071004991893476
4.787412987 0.00019117809169921272
4.788764219 0.00017466288402351657
4.79011545 0.0001585653449234043
4.791466682 0.00014312197170280723
4.7928179129999995 0.00012915919679810754
4.7941691440000005 0.00011625310418109081
4.795520376000001 0.00010377583394721504
4.796871607 9.308039305547803e-05
4.798222839 8.378359540345642e-05
4.799574069999999 7.710414517416521e-05
4.800925302 7.026077300531282e-05
4.802276533000001 6.24939060564445e-05
4.803627764 5.425624660637785e-05
4.804978996 4.664206030762949e-05
4.806330227 4.0835033789774945e-05
4.807681459 3.551959779069853e-05
4.80903269 3.0623330422717475e-05
4.810383922 2.5707368534328566e-05
4.811735153 2.1848002045052e-05
4.813086384999999 1.8947413200546925e-05
4.814437616 1.576876678989563e-05
4.815788846999999 1.2297812256112442e-05
4.817140079 7.754835545916619e-06
4.818491310000001 4.901521311942362e-06
4.819842542 2.4282349954433073e-06
4.821193773 1.2038768717258101e-06
4.822545005 6.377701928393981e-07
4.8238962359999995 2.538368050697243e-08
4.825247468 4.118106585629724e-09
4.826598699 4.11533978100791e-09
4.82794993 1.2864827413056408e-08
4.829301162 7.288273682562295e-07
4.830652393 2.606667192942001e-06
4.8320036250000005 5.000143909613708e-06
4.833354856 6.617977874299845e-06
4.834706088 8.177495192730211e-06
4.836057318999999 9.283869425903856e-06
4.83740855 9.86207460201293e-06
4.838759782 1.0327693290358026e-05
4.840111013 1.0167155472938881e-05
4.841462245 1.0684375110080553e-05
4.842813476 1.0182223083710801e-05
4.844164708 9.034915549324768e-06
4.845515939 7.860628446191085e-06
4.8468671709999995 6.622690057613265e-06
4.8482184020000005 5.771662980775576e-06
4.849569633 5.6731481332480485e-06
4.850920865 5.269524806242684e-06
4.852272096 5.465611734402756e-06
4.853623327999999 4.82221401374195e-06
4.854974559 4.337178014902641e-06
4.856325791000001 4.232577424926901e-06
4.857677022 4.46371457034186e-06
4.859028253 4.822271614071223e-06
4.860379485 4.0737591491076585e-06
4.861730716 2.4825092334221056e-06
4.863081948 2.4632949990051067e-06
4.864433179 2.8991049938584058e-06
4.865784411 3.677671495556892e-06
4.867135642 3.1031566587784473e-06
4.868486874 2.2967925755854845e-06
4.8698381049999995 1.390539510062587e-06
4.8711893360000005 7.875643406758473e-07
4.872540568000001 6.531302852193123e-07
4.873891799 2.0316028716978342e-07
4.875243031 5.762871692917945e-08
4.876594261999999 6.01197872414671e-09
4.8779454939999995 3.951999927428194e-09
4.879296725000001 3.943668551067955e-09
4.880647956 1.3942756343669624e-08
4.881999188 2.3023980122343265e-07
4.883350419 3.383930598010236e-07
4.884701651 5.038350291638504e-07
4.8860528819999995 7.840900023678018e-07
4.887404114 1.1692012953536677e-06
4.888755345 2.223216746526162e-06
4.890106576999999 2.4145737854894273e-06
4.891457808 2.6711151435832602e-06
4.892809038999999 3.1198995741522863e-06
4.894160271 3.4250574227699296e-06
4.895511502000001 3.57862283013861e-06
4.896862734 2.7367026780683557e-06
4.898213965 1.6378397734470515e-06
4.899565197 3.1493689010581753e-07
4.900916428 4.154973964867557e-08
4.902267660000001 5.265397069757483e-09
4.903618891 3.787771256335718e-09
4.904970122 3.779195731542008e-09
4.906321354 3.770687777057785e-09
4.907672585 3.762231896810651e-09
4.9090238170000005 3.753789490236939e-09
4.910375048 3.745357027625994e-09
4.91172628 3.736970784310829e-09
4.913077511 3.7286203973055076e-09
4.914428742 3.720278347016137e-09
4.915779974 3.7118936741473464e-09
4.917131205 3.7034575243255426e-09
4.918482437 3.69497351029105e-09
4.919833668 3.6864477457523534e-09
4.9211849 3.6777986264168543e-09
4.922536131 3.6690004742768243e-09
4.9238873629999995 3.6600431385356943e-09
4.9252385940000005 3.6509181291908534e-09
4.926589825 3.641640200940467e-09
4.927941057 3.632122184504868e-09
4.929292288 3.62233743390011e-09
4.930643519999999 3.612236155039726e-09
4.931994751 3.6018210426213874e-09
4.933345983000001 3.5910857025121224e-09
4.934697214 3.5799301867359514e-09
4.936048445 3.5683401095289694e-09
4.937399677 3.55619556321863e-09
4.938750908 3.5435517592582967e-09
4.94010214 3.5303367193946894e-09
4.941453371 3.5182498291246223e-09
4.942804603 3.505831966083017e-09
4.944155834 3.4905303902326626e-09
4.945507066 3.4533698884693703e-09
4.9468582969999995 3.40188909848262e-09
4.9482095280000005 3.4074391739899373e-09
4.949560760000001 3.4215387759827127e-09
4.950911991 3.402089817295152e-09
4.952263223 3.3817667229186343e-09
4.953614453999999 3.360449369784406e-09
4.9549656859999995 8.691756182078417e-09
4.9563169170000005 2.645144297411905e-07
4.957668148 2.3326131863585455e-08
4.95901938 3.2653530846853737e-09
4.960370611 3.239027717106803e-09
4.961721843 3.2117259273618695e-09
4.9630730739999995 3.183308061019491e-09
4.964424306 3.153953192807375e-09
4.965775537000001 3.123486117166861e-09
4.967126769 3.092129970063054e-09
4.968478 3.0597730689983115e-09
4.969829230999999 3.026460578614776e-09
4.971180463 4.1599578195826386e-09
4.972531694000001 7.739866614164269e-08
4.973882926 6.630193871515301e-08
4.975234157 3.787229561127613e-09
4.976585389 2.8471116014256183e-09
4.97793662 2.8088506054043515e-09
4.979287852000001 2.769931751686543e-09
4.980639083 2.7304027570499624e-09
4.981990314 2.6902500140426034e-09
4.983341545999999 2.649624746071161e-09
4.984692777 2.6083933328769826e-09
4.986044009 6.5516335680919375e-09
4.98739524 1.0383548653317368e-07
4.988746472 1.0310541375570893e-08
4.990097703 2.440062434364967e-09
4.991448934 2.3972796659047216e-09
4.992800166 2.3543708677659224e-09
4.9941513969999995 2.311297602418559e-09
4.995502629 6.4999866442697115e-09
4.99685386 2.4621647026162804e-07
4.998205092 4.1854015021128115e-07
4.999556323 2.7814920204482906e-07
5.0009075549999995 9.381395631738479e-09
5.0022587860000005 2.053891524975493e-09
5.003610017 2.0116082663774537e-09
5.004961249 1.969564267262098e-09
5.006312479999999 1.927692309646947e-09
5.007663711999999 1.8861724295031848e-09
5.009014943 1.8469342420097716e-09
5.010366175 1.806009284363222e-09
5.011717406 1.7654219470103731e-09
5.013068637 1.7252079679411292e-09
5.014419869 1.6854164759567033e-09
5.0157711 1.646027081590984e-09
5.017122332 1.607113719099048e-09
5.018473563 1.5686032711456857e-09
5.019824795000001 1.5305934080306783e-09
5.021176026 1.4930352119365252e-09
5.022527258 1.455994050698679e-09
5.0238784889999994 1.419439098707488e-09
5.0252297200000005 1.383370471530776e-09
5.026580952000001 1.51127453180509e-09
5.027932183 3.1233482919861057e-09
5.029283415 4.144179422157614e-09
5.030634646 4.252880223306106e-08
5.031985878 1.543562123079619e-07
5.033337109 1.643434869152646e-07
5.034688341 8.749128517350427e-08
5.036039572 3.8196974780498304e-08
5.037390803 2.200334016923865e-09
5.038742035 1.0493871257413043e-09
5.0400932659999995 1.0185510185297489e-09
5.041444498 9.88200206609305e-10
5.042795729000001 9.5826896424111e-10
5.044146961 9.288461841147289e-10
5.045498192 8.998378432418976e-10
5.046849422999999 8.713050342631021e-10
5.048200655 8.432000499638494e-10
5.049551886000001 8.155544614685167e-10
5.050903118 7.883642083950658e-10
5.052254349 7.616121325671463e-10
5.053605581 1.268282441275157e-09
5.054956812 2.4986207005774895e-08
5.056308044000001 1.8715644486533458e-07
5.057659275 3.9518284954315965e-07
5.059010506 4.841487697463427e-07
5.060361737999999 4.492775358509091e-07
5.061712969 3.19083015290045e-07
5.063064201 2.2413314069063246e-07
5.064415432 2.031492287017998e-07
5.065766664 1.916376403207823e-07
5.067117895 1.693601283638072e-07
5.068469126 1.4208896082154889e-07
5.069820358 9.860903918509025e-08
5.0711715889999995 5.4932192758325146e-08
5.072522821 3.114533014563978e-08
5.073874052 3.8257274435832885e-09
5.075225284 4.4459114959788793e-10
5.076576515 1.0057887363373558e-09
5.0779277469999995 3.270646435709669e-08
5.0792789780000005 3.2542305238283255e-08
5.080630209 5.914738449753169e-08
5.081981441 4.719729994001318e-08
5.083332671999999 1.4415331033848904e-08
5.084683904 6.669650700020179e-10
5.086035135 2.5452178157634717e-10
5.087386367 2.41221751207164e-10
5.088737598 2.28478711427716e-10
5.090088829 2.1626531285020133e-10
5.091440061 2.0458874224449192e-10
5.092791292 1.9343258179320513e-10
5.094142524 1.827913871425815e-10
5.095493755000001 1.726520312289839e-10
5.096844987000001 1.6299760174439667e-10
5.098196218 1.538192926618073e-10
5.09954745 1.450964131499955e-10
