microns throughput
2.0004663860000003 1.8793428315418592e-12
2.002074478 1.8214926868483373e-12
2.00368257 2.049458065499909e-12
2.005290662 1.6156871555090997e-12
2.006898754 1.2715592258027025e-12
2.008506846 8.957614902140221e-13
2.010114938 1.2952485965680615e-12
2.01172303 1.5979778576437696e-12
2.013331122 1.834856772488492e-12
2.014939214 1.8609474977468374e-12
2.016547306 1.6987389722672973e-12
2.018155398 1.5337147779484535e-12
2.01976349 1.2171316607608942e-12
2.021371582 9.627843094878746e-13
2.022979674 4.711314531934166e-13
2.0245877660000002 3.0584158830772394e-13
2.026195858 3.113973051597254e-13
2.027803949 3.870661845017727e-13
2.029412041 6.251793392887449e-13
2.031020133 6.607452278762775e-13
2.032628225 4.2498522241366983e-13
2.034236317 5.103129988559707e-13
2.035844409 6.092887104350048e-13
2.037452501 7.203559518278185e-13
2.039060593 6.541087777573456e-13
2.040668685 6.912324877859503e-13
2.042276777 6.940439675465629e-13
2.0438848689999998 6.728418853360229e-13
2.045492961 7.063597021744434e-13
2.047101053 7.750143973132202e-13
2.0487091449999997 8.775799721297119e-13
2.0503172370000002 9.908509204774402e-13
2.0519253290000004 9.699155591152927e-13
2.053533421 1.103280582324308e-12
2.055141513 1.1665826573966001e-12
2.056749605 1.3330331668496562e-12
2.058357697 1.4625125595995815e-12
2.059965788 1.6253769722769749e-12
2.06157388 1.9348157491995537e-12
2.0631819719999998 2.4627205790104666e-12
2.064790064 3.1569776380658255e-12
2.066398156 3.4951060819048286e-12
2.068006248 3.206002523142826e-12
2.06961434 2.806784464838053e-12
2.071222432 2.525732055817953e-12
2.072830524 2.4990593717421145e-12
2.074438616 2.4873358745200222e-12
2.076046708 2.9946509574296285e-12
2.0776548 4.581770588410034e-12
2.079262892 5.458684348472362e-12
2.080870984 5.952514374415864e-12
2.0824790760000003 4.7030783741119954e-12
2.084087168 4.566266209192518e-12
2.08569526 4.817342251825179e-12
2.0873033519999997 6.0174968620555976e-12
2.088911444 8.229842369400246e-12
2.090519536 1.187588646002333e-11
2.092127627 1.2884605941132187e-11
2.0937357189999997 1.5724160637853158e-11
2.0953438110000002 1.699188799060173e-11
2.0969519030000003 1.861552289602127e-11
2.098559995 2.0668871096410804e-11
2.100168087 2.4613087158839626e-11
2.101776179 2.1436779420589787e-11
2.103384271 1.7364641041583425e-11
2.104992363 6.27737886183818e-12
2.1066004549999997 2.598784994185711e-12
2.1082085470000003 9.401833497374546e-13
2.109816639 3.0640382857273077e-12
2.111424731 3.330531155007894e-11
2.113032823 4.700786293803882e-11
2.114640915 6.125879090734299e-11
2.116249007 5.752699518348855e-11
2.1178570989999996 7.796040730929249e-11
2.1194651909999997 8.116638446780811e-11
2.1210732830000003 9.450584058446004e-11
2.122681375 8.328067865907554e-11
2.124289466 6.885442307746543e-11
2.125897558 3.7497142848657605e-11
2.1275056500000002 2.871956356086189e-11
2.129113742 3.2652464413993065e-11
2.130721834 4.130459265119571e-11
2.1323299259999997 5.307344799529181e-11
2.133938018 6.040283865373187e-11
2.1355461100000004 6.940128566873764e-11
2.137154202 5.89190089494519e-11
2.138762294 6.904188915349132e-11
2.140370386 5.559337195459827e-11
2.141978478 6.118479897356793e-11
2.14358657 6.299841975834449e-11
2.1451946619999998 7.525753926585809e-11
2.146802754 7.453253890991606e-11
2.1484108460000004 6.23813801107731e-11
2.150018938 4.6898479922089314e-11
2.15162703 4.1906765629458126e-11
2.153235122 5.93115016726768e-11
2.154843214 6.187287040306764e-11
2.156451305 7.189372358958118e-11
2.158059397 5.225658810739727e-11
2.159667489 5.870593137200025e-11
2.161275581 5.531043516658857e-11
2.1628836729999996 5.167861437487622e-11
2.164491765 5.899758318855434e-11
2.1660998570000003 5.977938980539198e-11
2.167707949 6.721322326548e-11
2.169316041 4.349997489717168e-11
2.170924133 5.7056912808789747e-11
2.172532225 4.6648268110343804e-11
2.174140317 5.850216578016361e-11
2.1757484089999997 5.0303866035285605e-11
2.177356501 3.4821152703100466e-11
2.1789645930000003 1.6913278270916978e-11
2.180572685 1.0793270320305179e-11
2.182180777 4.766014394370065e-11
2.183788869 2.743865601188642e-11
2.185396961 2.2260814148434408e-11
2.187005053 1.4527191777498697e-11
2.1886131449999997 1.9186479723482618e-11
2.1902212359999997 3.032331760998911e-11
2.191829328 3.668309998815231e-11
2.1934374200000004 3.934519812211296e-11
2.195045512 3.3478158270806434e-11
2.196653604 4.358148226220808e-11
2.198261696 4.182514053288559e-11
2.199869788 6.06438767282715e-11
2.20147788 7.659786946950336e-11
2.203085972 9.262494668986365e-11
2.204694064 1.1998391672235289e-10
2.206302156 1.174122307942957e-10
2.207910248 1.4278222124228901e-10
2.2095183400000002 1.738738505256514e-11
2.211126432 7.129102871395128e-11
2.212734524 3.050814312680965e-10
2.2143426159999997 4.3767495946132956e-10
2.215950708 5.778138188092622e-10
2.2175588 5.685014003198621e-10
2.219166892 7.977816356766275e-10
2.220774984 6.236977931499684e-10
2.222383075 5.664013742881882e-10
2.2239911670000003 3.459097965137958e-10
2.225599259 2.566065384870648e-10
2.227207351 6.445242265618503e-10
2.228815443 8.583098569484303e-10
2.230423535 1.2883177445413967e-09
2.232031627 1.1694241415484975e-09
2.2336397189999997 1.0174637838514011e-09
2.2352478110000003 4.0322330523488974e-10
2.236855903 4.432660716324317e-11
2.238463995 1.512709966160339e-10
2.240072087 4.1010468545225236e-10
2.241680179 1.0941545227125716e-09
2.243288271 2.0776874119901026e-09
2.2448963629999996 2.572396564825266e-09
2.2465044549999997 3.0199085760132716e-09
2.2481125470000003 2.516183432986883e-09
2.249720639 2.4417182509789385e-09
2.251328731 8.295988962805722e-10
2.252936823 9.311277292157279e-10
2.2545449140000002 1.4663176815887035e-09
2.256153006 1.571990566726151e-09
2.257761098 1.678044205676509e-09
2.2593691899999997 2.3346056342896832e-09
2.260977282 4.045625633472408e-09
2.262585374 9.704139455997319e-09
2.264193466 1.292092663036632e-08
2.265801558 1.85999147734899e-08
2.2674096500000003 1.7062974505206465e-08
2.269017742 1.4795693637508739e-08
2.270625834 1.0779483892910788e-08
2.2722339259999997 1.0920048310796793e-08
2.273842018 1.493673705674224e-08
2.2754501100000004 1.3117706680627426e-08
2.277058202 1.3691923009657797e-08
2.278666294 1.4445845288805875e-08
2.280274386 1.4022486567147654e-08
2.281882478 1.5474424309833356e-08
2.28349057 1.6218044584881383e-08
2.285098662 1.869110081859116e-08
2.286706753 2.2970813089436443e-08
2.288314845 2.7632874904553164e-08
2.2899229369999996 3.565560273127168e-08
2.291531029 3.3063498105132965e-08
2.2931391210000003 3.0403221048903797e-08
2.294747213 2.5709695691489354e-08
2.296355305 2.7837674657495253e-08
2.297963397 4.0302051922203686e-08
2.299571489 4.5567958427538525e-08
2.301179581 6.8592802208759e-08
2.3027876729999996 1.3298889443324924e-07
2.304395765 1.6673873931644585e-07
2.3060038570000003 2.270219713080163e-07
2.307611949 3.000981549678874e-07
2.309220041 3.988033983393797e-07
2.310828133 5.532933548069829e-07
2.312436225 7.447846343264992e-07
2.314044317 1.0189778833488154e-06
2.3156524089999997 1.4190982435894549e-06
2.3172605010000003 1.999520799135284e-06
2.318868592 2.818185684889751e-06
2.3204766840000004 3.7550430846179805e-06
2.322084776 4.973627767575134e-06
2.323692868 6.429344332234101e-06
2.32530096 8.086652487994169e-06
2.326909052 1.0059012585436197e-05
2.328517144 1.2248935950471846e-05
2.3301252359999998 1.4762858773629816e-05
2.331733328 1.7547521455945518e-05
2.33334142 2.0417615126944354e-05
2.334949512 2.3581909446370564e-05
2.3365576040000002 2.646075744348715e-05
2.338165696 2.9208616438277047e-05
2.339773788 3.1720751784229515e-05
2.3413818799999997 3.3289960543877225e-05
2.342989972 3.461756038698836e-05
2.344598064 3.546663589904795e-05
2.346206156 3.5917474324171684e-05
2.347814248 3.629812406784436e-05
2.3494223400000003 3.585080507262294e-05
2.3510304310000003 3.531915822144443e-05
2.352638523 3.489225961869207e-05
2.354246615 3.4688143367382016e-05
2.3558547069999998 3.461767780573259e-05
2.357462799 3.519017717423742e-05
2.359070891 3.6284491679731706e-05
2.3606789829999997 3.764809872554417e-05
2.3622870750000002 3.882897949923262e-05
2.363895167 4.009415243306278e-05
2.365503259 4.1267108873173385e-05
2.367111351 4.19330955953094e-05
2.368719443 4.251878675632029e-05
2.370327535 4.302165919930432e-05
2.371935627 4.344857335437062e-05
2.3735437189999997 4.3720705936736925e-05
2.3751518110000003 4.425722737285234e-05
2.376759903 4.482763280541547e-05
2.378367995 4.530623492353767e-05
2.379976087 4.504880645916775e-05
2.381584179 4.480980198219958e-05
2.383192271 4.414845352455905e-05
2.384800362 4.288297701552596e-05
2.3864084539999997 4.164928842787121e-05
2.388016546 4.101674192391473e-05
2.389624638 4.0658438198993404e-05
2.39123273 4.033705144639852e-05
2.392840822 4.085368766853108e-05
2.3944489140000003 4.156113278007871e-05
2.396057006 4.222641518700771e-05
2.397665098 4.2174832632897484e-05
2.3992731899999997 4.216994189867396e-05
2.400881282 4.205811911115889e-05
2.4024893740000004 4.175033549977695e-05
2.404097466 4.147463077982989e-05
2.405705558 4.145622979837062e-05
2.40731365 4.159271259110366e-05
2.408921742 4.174300281725918e-05
2.410529834 4.1672811595000315e-05
2.4121379259999998 4.1601166562315085e-05
2.413746018 4.156630266550568e-05
2.41535411 4.151075347545206e-05
2.416962201 4.1473218379203556e-05
2.418570293 4.1296707459737635e-05
2.4201783850000003 4.068003946850691e-05
2.421786477 4.0117868904562934e-05
2.423394569 3.969433911541049e-05
2.425002661 3.945821364426623e-05
2.426610753 3.9222649323381594e-05
2.428218845 3.921010061561997e-05
2.4298269369999996 3.9339083491825674e-05
2.431435029 3.948340328170164e-05
2.4330431210000003 3.9255928440998876e-05
2.434651213 3.893864560700843e-05
2.436259305 3.863434146202888e-05
2.4378673969999998 3.868491709082389e-05
2.439475489 3.87744753747818e-05
2.441083581 3.8825885883278025e-05
2.4426916729999997 3.8345450662190027e-05
2.4442997650000002 3.790878717008804e-05
2.4459078570000004 3.741139640422066e-05
2.447515949 3.658860257881257e-05
2.44912404 3.579950459453881e-05
2.450732132 3.5373292370563315e-05
2.452340224 3.558962726743209e-05
2.453948316 3.584556275831565e-05
2.455556408 3.6406667283193175e-05
2.4571644999999998 3.7294077345979663e-05
2.458772592 3.8204263944571334e-05
2.460380684 3.8753876155484616e-05
2.461988776 3.90324366408218e-05
2.463596868 3.9329980509855955e-05
2.46520496 3.904751888453737e-05
2.466813052 3.848601613916937e-05
2.468421144 3.7950060285973195e-05
2.470029236 3.7039500007240766e-05
2.471637328 3.606397927390246e-05
2.47324542 3.516108222992986e-05
2.474853512 3.4025489850032994e-05
2.4764616040000003 3.287362272832656e-05
2.478069696 3.180409290981105e-05
2.479677788 3.077983477788036e-05
2.481285879 2.9883927101547352e-05
2.4828939709999998 2.911333959946574e-05
2.484502063 2.830844537190648e-05
2.486110155 2.7650962218985775e-05
2.4877182469999997 2.713435583069244e-05
2.489326339 2.6345351149581e-05
2.4909344310000003 2.575587357362864e-05
2.492542523 2.5330223919387257e-05
2.494150615 2.4754691629487074e-05
2.495758707 2.424567512528801e-05
2.497366799 2.380817068003196e-05
2.498974891 2.3416275989295468e-05
2.499778162 0.00017000549870891703
2.5011293930000003 0.00016389115790659337
2.502480624 0.00015305504040615103
2.5038318559999997 0.00014516577200226083
2.505183087 0.0001431763717784498
2.506534319 0.00013154175451996785
2.50788555 0.00011685357947637726
2.509236782 0.00011368685724578409
2.510588013 0.00010560428369044332
2.511939244 9.38949615377931e-05
2.5132904760000003 8.58821558458242e-05
2.514641707 7.771884058258428e-05
2.515992939 6.859943358125029e-05
2.51734417 6.848567227463625e-05
2.5186954019999996 5.668560107426698e-05
2.5200466329999998 5.3208649226420186e-05
2.521397865 4.52134416527431e-05
2.522749096 4.072487876417363e-05
2.524100327 3.617811618619811e-05
2.525451559 3.007198983239307e-05
2.52680279 2.886311640696735e-05
2.5281540220000003 2.3490278991282635e-05
2.529505253 2.460894298084779e-05
2.5308564849999997 2.554588423828251e-05
2.532207716 1.968180769109158e-05
2.533558948 2.0323877040458374e-05
2.534910179 1.6832269478603976e-05
2.5362614100000003 1.3194832022561899e-05
2.537612642 1.0554475531762351e-05
2.538963873 9.784041665237764e-06
2.5403151050000004 1.0860873470879546e-05
2.5416663359999996 8.416510910701e-06
2.5430175680000002 6.923789558684212e-06
2.544368799 7.759745255385854e-06
2.54572003 1.0249873258985734e-05
2.547071262 8.61136984378654e-06
2.548422493 1.1481408964444614e-05
2.549773725 1.3267573020502005e-05
2.551124956 9.02578135547825e-06
2.552476188 7.3823042007363414e-06
2.553827419 5.581193788646191e-06
2.5551786510000003 4.071431255928011e-06
2.556529882 6.506564748249672e-06
2.557881113 5.27185184117966e-06
2.559232345 8.617213382031885e-06
2.560583576 8.724124895545022e-06
2.561934808 6.6535140190044665e-06
2.5632860390000003 4.914814682206721e-06
2.564637271 6.440919252871636e-06
2.565988502 1.029488139616663e-05
2.567339733 6.484278471386335e-06
2.5686909649999996 4.522964119009767e-06
2.5700421959999997 2.8419104880513804e-06
2.571393428 3.3935822993986916e-07
2.572744659 3.701345910568562e-06
2.574095891 5.6666525647409655e-06
2.575447122 4.879365689939155e-06
2.576798354 3.075266236489628e-06
2.5781495850000002 3.2560863774759924e-06
2.5795008160000004 1.8468017615619921e-06
2.580852048 2.584457229834984e-06
2.582203279 5.599642890700348e-06
2.583554511 5.756655324783869e-06
2.584905742 2.4414124195314593e-06
2.586256974 5.121938002825464e-06
2.587608205 5.3127511152115854e-06
2.588959437 3.0294572868838702e-06
2.590310668 7.1003039414154995e-06
2.591661899 5.973486261575808e-06
2.593013131 4.078798591036743e-06
2.594364362 5.761368641071113e-06
2.5957155939999996 5.94623920080165e-06
2.5970668249999997 3.806138490184652e-06
2.598418057 4.726321271840381e-06
2.599769288 2.7849176230839447e-06
2.601120519 1.208251553740045e-06
2.602471751 7.65446570271553e-07
2.603822982 6.313209582322897e-07
2.6051742140000003 1.745357352529692e-06
2.6065254450000004 2.5262957370606445e-06
2.607876677 3.557148558752795e-06
2.609227908 2.786756634393502e-06
2.61057914 5.3501996670137285e-06
2.611930371 2.882638941146279e-06
2.613281602 2.291250655390764e-06
2.614632834 1.3596150219861152e-06
2.615984065 2.3830908695163016e-06
2.617335297 1.0663472052238084e-06
2.618686528 1.3695216803834322e-06
2.62003776 9.055635369698347e-07
2.621388991 2.02120630623775e-06
2.622740222 3.585121728867188e-06
2.6240914539999998 1.0901098796374494e-06
2.625442685 7.115193227187339e-07
2.626793917 6.511916821688382e-07
2.628145148 2.5867638998139025e-06
2.62949638 6.872512759361512e-06
2.630847611 4.750409159611246e-06
2.6321988430000003 1.1176078777407233e-06
2.6335500740000004 2.441661612875584e-06
2.634901305 1.033238764888263e-06
2.636252537 1.2656811094313477e-06
2.637603768 3.5193746029943067e-06
2.6389549999999997 3.3941699648010568e-06
2.640306231 2.0902683366868146e-06
2.641657463 3.349440503498765e-06
2.643008694 2.9265169175898586e-06
2.6443599250000003 3.732145077772164e-06
2.645711157 3.1062849626945633e-06
2.6470623879999997 4.242875316263381e-06
2.64841362 8.315247614227835e-07
2.649764851 2.298880339265437e-06
2.651116083 2.659483490242871e-06
2.652467314 1.5952663635153053e-06
2.653818546 4.1018956970737906e-06
2.6551697770000002 2.524035571403971e-06
2.6565210080000004 4.907717518421561e-07
2.65787224 2.1253032868341827e-06
2.659223471 7.922190775100703e-07
2.6605747030000004 2.472685967334667e-08
2.6619259339999997 2.7095586901431283e-07
2.663277166 1.8046708064795363e-06
2.664628397 1.3351762238929438e-06
2.6659796289999997 3.5800299457348033e-07
2.66733086 9.66956909762674e-07
2.668682091 1.1439317699188485e-06
2.670033323 1.7301736342112647e-06
2.6713845540000003 2.7694968978518267e-06
2.672735786 2.0158052318371954e-06
2.6740870169999997 2.654718172343473e-07
2.675438249 1.405551419664451e-06
2.67678948 1.1828962897837707e-06
2.678140711 3.5906136044376947e-06
2.679491943 1.5095363218426862e-06
2.680843174 1.5825303212558182e-06
2.6821944060000003 1.7670572335275323e-06
2.6835456370000004 4.389711125205134e-07
2.684896869 8.978211737091442e-07
2.6862481 8.165663258790047e-07
2.6875993319999996 3.6422776578383076e-07
2.6889505629999997 1.3971980485070056e-06
2.690301794 2.284823719226312e-06
2.691653026 1.080393091586583e-08
2.693004257 2.3547234145488025e-07
2.694355489 5.48409015685372e-07
2.69570672 1.83587099748656e-06
2.697057952 1.1038383005097507e-06
2.6984091830000003 9.745451272341984e-08
2.699760414 3.629066429569576e-07
2.7011116459999998 2.8327922427735826e-07
2.702462877 5.782997803338353e-07
2.703814109 3.139685241183952e-07
2.70516534 9.725845913423452e-07
2.706516572 1.5325741862549414e-06
2.707867803 6.384343699842629e-09
2.7092190350000003 8.176931122314638e-07
2.7105702660000004 4.629350876893466e-08
2.7119214969999996 1.8073879115268894e-08
2.713272729 7.647255931053142e-07
2.71462396 6.545979713348073e-07
2.7159751919999997 5.1680676325323e-07
2.717326423 9.427065288269821e-07
2.718677655 1.2503950700244433e-06
2.720028886 1.010082022046859e-06
2.7213801170000003 6.789708400368582e-07
2.722731349 9.491264099147388e-07
2.7240825799999997 6.365181370665783e-07
2.7254338120000003 1.3372329175554583e-07
2.726785043 7.150246864995758e-07
2.7281362749999998 2.656930824740827e-07
2.729487506 7.416792299802377e-07
2.730838738 5.43983562068516e-07
2.732189969 1.0595418875035657e-07
2.7335412000000003 6.187063441926288e-07
2.734892432 2.944446311308229e-07
2.736243663 1.672653909779289e-06
2.737594895 2.21829318793114e-06
2.7389461259999996 1.4942394955627001e-06
2.740297358 1.2288105791376716e-06
2.741648589 5.110030456359647e-09
2.7429998209999997 5.441614253027922e-07
2.744351052 1.4872394292408675e-06
2.745702283 1.905538640996172e-06
2.747053515 2.14608537381996e-06
2.7484047460000003 1.685325475284315e-06
2.749755978 9.407213805437219e-07
2.7511072089999997 2.3657607176181003e-06
2.7524584410000004 9.164406087607486e-07
2.753809672 2.0633675181380056e-07
2.755160903 3.190243139817223e-08
2.756512135 1.6982345654306553e-06
2.757863366 1.44801546883287e-06
2.7592145980000002 1.3092826891525e-06
2.760565829 6.020769817680631e-07
2.761917061 9.517273573446947e-07
2.7632682920000002 8.249071774989246e-07
2.764619524 8.828118602602675e-07
2.7659707549999997 1.5886163135495108e-06
2.767321986 1.4975180467030243e-06
2.768673218 1.5965884910198877e-06
2.770024449 7.117594537366529e-07
2.771375681 2.5885909662870117e-06
2.772726912 1.50213302029421e-06
2.774078144 2.6252526982797888e-06
2.7754293750000003 2.9197025358989384e-06
2.776780606 1.5701578840983595e-06
2.7781318379999997 3.4215260367338366e-08
2.779483069 7.7562875224929e-07
2.780834301 1.3142246483738491e-06
2.782185532 7.964366203184577e-07
2.783536764 2.2943312759226597e-06
2.784887995 1.393054066470335e-07
2.786239227 1.4166903159243514e-06
2.787590458 1.651056769357072e-06
2.788941689 1.043673494259516e-06
2.7902929210000003 1.5234416995560835e-06
2.791644152 1.0401160853532202e-06
2.7929953839999997 4.6225812827784395e-06
2.794346615 3.526612627835661e-06
2.795697847 2.6984718346808186e-06
2.797049078 2.1455508137256663e-06
2.7984003090000003 2.1799423388990346e-06
2.799751541 2.886268328821761e-07
2.801102772 1.2384253305931224e-06
2.8024540040000003 9.423463600719038e-07
2.803805235 1.3536301274559663e-06
2.8051564669999998 2.048671867015863e-06
2.806507698 2.350981531686829e-06
2.80785893 5.601550904265023e-06
2.8092101609999998 5.9606669451126505e-06
2.810561392 2.950477823530112e-06
2.811912624 2.1810153851477007e-06
2.813263855 2.6238323405782493e-06
2.814615087 8.997972632947184e-07
2.8159663179999996 1.8814952334536862e-06
2.8173175500000003 4.030744667452825e-08
2.818668781 1.1290373277282201e-08
2.8200200129999997 3.750218776208734e-06
2.821371244 5.0934560527505905e-06
2.822722475 3.98609561715196e-06
2.824073707 4.388519913783693e-06
2.8254249380000003 6.6669602078301525e-06
2.82677617 4.364685360879487e-06
2.828127401 1.6688953164152932e-06
2.8294786330000004 1.9015578685922806e-06
2.830829864 2.477356723635317e-06
2.8321810949999997 5.155790492067113e-07
2.833532327 1.4519218910000658e-06
2.834883558 3.600909617277269e-06
2.83623479 2.7389894473447736e-06
2.837586021 1.2632983356664987e-06
2.838937253 4.3240583645987656e-07
2.8402884840000002 2.4351968058560125e-06
2.841639716 2.359241772206094e-06
2.8429909469999997 1.2048665879253455e-06
2.8443421779999998 1.7553207915698508e-06
2.84569341 3.3927835063793433e-06
2.847044641 2.488003373595709e-06
2.848395873 1.3528349806583382e-06
2.849747104 3.7834701394504602e-06
2.851098336 3.47705476820845e-06
2.8524495670000003 2.100003486895523e-06
2.8538007980000004 4.334633407091838e-06
2.85515203 5.8468571160743514e-06
2.856503261 4.021507123940951e-06
2.8578544929999996 3.0679965805789334e-06
2.8592057239999997 7.31746374257047e-07
2.860556956 5.853433312983917e-09
2.861908187 9.727784731397587e-07
2.863259419 1.2514257658386469e-06
2.86461065 1.1806025905458602e-07
2.865961881 2.78945360181778e-07
2.8673131130000002 8.15551583895246e-07
2.868664344 5.088347713553037e-07
2.8700155759999997 2.5046424643856147e-06
2.871366807 2.174931426777434e-06
2.872718039 1.619488021477198e-06
2.87406927 5.616521213818928e-07
2.8754205010000002 4.2469372505466633e-07
2.876771733 1.0083414641642784e-06
2.878122964 1.1284965847005894e-06
2.8794741960000003 2.8440464803098928e-06
2.8808254270000004 3.019952344664081e-06
2.882176659 2.6503749047729545e-06
2.88352789 2.5989623979881976e-06
2.8848791219999996 2.1623814961477637e-06
2.8862303529999997 3.156686907305178e-06
2.887581584 3.2032886764602547e-06
2.888932816 2.4811096915541234e-06
2.890284047 3.961957514710101e-08
2.891635279 7.726858835327121e-08
2.89298651 3.3866173653002736e-07
2.8943377420000003 2.461639724112364e-06
2.895688973 4.897215667183299e-06
2.8970402049999997 1.8212239603254658e-06
2.898391436 1.0259520655079043e-06
2.899742667 1.390489587237319e-06
2.901093899 6.200920904608448e-07
2.9024451300000003 6.346094714606597e-07
2.903796362 2.6112203292042556e-07
2.905147593 5.520660332623905e-09
2.9064988250000003 2.948669117488128e-08
2.907850056 3.290454753269674e-06
2.9092012869999997 1.5441302104864818e-06
2.910552519 5.846271275299208e-07
2.91190375 1.5438146684854767e-06
2.9132549819999998 5.328368051417814e-07
2.914606213 3.028631118311477e-08
2.915957445 1.3880869801995212e-06
2.917308676 1.457892164186954e-06
2.918659908 1.3672041804025744e-06
2.920011139 1.8867434688571637e-06
2.9213623699999998 4.6025392550696304e-07
2.922713602 2.2476762877683437e-06
2.924064833 3.5085217619665137e-06
2.925416065 3.952395387562868e-06
2.926767296 2.9315110293244347e-06
2.928118528 1.7091736697354916e-06
2.9294697590000003 2.3424668248299576e-06
2.93082099 2.3416693520906746e-06
2.932172222 7.328458915752845e-07
2.933523453 2.747969264623324e-06
2.934874685 3.087744324784253e-06
2.9362259159999997 3.998958649900313e-06
2.937577148 3.3379927256279934e-06
2.938928379 2.5483135164433143e-06
2.940279611 2.4408514189196787e-06
2.941630842 4.4275831218840574e-06
2.942982073 1.5825757155569119e-06
2.9443333050000002 8.747594870007819e-07
2.9456845360000004 2.533673061400065e-06
2.947035768 2.10588848258185e-06
2.948386999 1.7056793957751539e-06
2.949738231 2.4915933832051364e-06
2.951089462 2.00335488993558e-06
2.952440694 3.8093872047149916e-06
2.953791925 4.007918480979636e-06
2.955143156 4.693610568944366e-06
2.956494388 2.298531833880495e-06
2.957845619 1.666934403080224e-06
2.959196851 4.746266574849589e-07
2.960548082 1.3757112339940122e-06
2.9618993139999996 1.9299666997624404e-06
2.9632505449999997 3.3062159312682287e-06
2.964601776 1.4252819710775572e-06
2.965953008 1.4182050689105265e-06
2.967304239 1.3743055773050525e-06
2.968655471 4.6579649050117545e-06
2.970006702 5.4887487523889096e-06
2.9713579340000003 2.913314626020885e-06
2.9727091650000004 1.0206446267910884e-06
2.974060397 2.7856932216154157e-06
2.975411628 2.9344584389104577e-06
2.976762859 4.2704725197762185e-07
2.978114091 3.173355962962432e-06
2.979465322 5.046999479882786e-06
2.980816554 4.812796014086217e-06
2.982167785 4.509635903008247e-06
2.983519017 1.4589303892449483e-06
2.984870248 5.85621965343233e-07
2.9862214789999997 2.17866711070272e-06
2.987572711 4.231661054111411e-06
2.988923942 6.077219477228032e-06
2.9902751739999998 5.935933509358091e-06
2.991626405 4.6335718302275915e-06
2.992977637 4.1903140150455315e-06
2.994328868 3.85768028382162e-06
2.9956801 2.2607252593089625e-06
2.997031331 3.196287100313889e-06
2.9983825619999998 5.145748625530444e-06
2.9997337940000004 4.496740132489623e-06
3.001085025 3.08556746383527e-06
3.002436257 2.3268939494782578e-06
3.003787488 2.0126324766168074e-06
3.0051387199999997 3.287346780239054e-06
3.006489951 4.053980666351381e-06
3.007841182 2.9505684687873825e-06
3.009192414 3.7979954863855125e-06
3.0105436450000003 4.061526455077566e-06
3.011894877 3.8508515309242866e-06
3.0132461079999997 5.611967524384469e-06
3.01459734 5.75933935469045e-06
3.015948571 5.427055028409733e-06
3.017299803 5.847001057067722e-06
3.018651034 4.500472865639035e-06
3.020002265 3.007284105267997e-06
3.021353497 3.2148799603387044e-06
3.0227047280000003 1.4227438320295417e-06
3.02405596 1.9289830431351865e-06
3.0254071909999998 2.5983172472794037e-06
3.0267584230000004 1.7946498307808986e-06
3.0281096539999997 9.525897431741222e-07
3.029460886 2.7438901431351983e-06
3.030812117 3.924238379683018e-06
3.032163348 2.9603729541991086e-06
3.03351458 2.9137945956857324e-06
3.034865811 1.805408417968636e-06
3.036217043 1.1064206363154946e-06
3.0375682740000003 1.9949705019717657e-06
3.038919506 4.227368919672213e-06
3.0402707369999997 6.138416317013889e-06
3.041621968 4.406936186953825e-06
3.0429732 3.745101216338128e-06
3.044324431 5.951332530923212e-06
3.045675663 5.136082453915894e-06
3.047026894 3.953213505061261e-06
3.0483781260000002 4.253952139471109e-06
3.0497293570000004 6.138836495846778e-06
3.051080589 4.744403494540454e-06
3.05243182 7.94910728608361e-06
3.053783051 7.226973453411492e-06
3.0551342829999997 5.723822558426831e-06
3.056485514 2.721045297733259e-06
3.057836746 4.357576815581909e-06
3.059187977 4.256306743026866e-06
3.060539209 5.024072088567148e-06
3.06189044 3.2697179573505107e-06
3.063241671 4.5871350365551455e-06
3.0645929030000003 3.851915360316649e-06
3.065944134 4.727388875153008e-06
3.0672953659999997 5.4327872597189535e-06
3.068646597 4.285860877246115e-06
3.069997829 1.9903475701563794e-06
3.07134906 4.210546360467751e-06
3.072700292 3.82066383605777e-06
3.074051523 3.8203068225749194e-06
3.075402754 4.476947602881469e-06
3.0767539860000004 4.76615133931215e-06
3.0781052169999996 3.1997017523475694e-06
3.079456449 2.8394589960963326e-06
3.08080768 5.219951438225471e-06
3.0821589119999997 5.1103215990612635e-06
3.083510143 2.642713917116948e-06
3.084861374 3.569629121805208e-06
3.086212606 5.257817429336608e-06
3.0875638370000003 4.330660577726506e-06
3.088915069 2.5319679077810468e-06
3.0902662999999997 3.398723317438058e-06
3.0916175320000003 2.2265375211164038e-06
3.092968763 1.1707696040226121e-06
3.0943199949999998 3.761366383536372e-06
3.095671226 4.224356211984833e-06
3.097022457 3.848114577731081e-06
3.098373689 2.7403922231699905e-06
3.0997249200000003 2.3366473060156414e-06
3.101076152 4.633409956812236e-06
3.102427383 9.158215152426699e-06
3.103778615 5.249084605551466e-06
3.1051298459999996 4.0985352970527425e-06
3.106481078 4.154110274897977e-06
3.107832309 4.126163690446746e-06
3.10918354 4.8534871146500925e-06
3.110534772 2.9253231286478013e-06
3.111886003 1.2733959694181942e-06
3.113237235 2.896473493287624e-06
3.1145884660000003 3.2117945293562174e-06
3.115939698 5.4891833037264154e-06
3.1172909289999997 8.085775712326531e-06
3.11864216 7.4022594975240375e-06
3.119993392 4.154700221178764e-06
3.121344623 1.4981634031756382e-06
3.122695855 1.5085170866993263e-06
3.124047086 1.8801892188979374e-06
3.1253983180000002 3.447627927271867e-06
3.126749549 3.7745882728030186e-06
3.128100781 5.7645116228211794e-06
3.1294520120000002 6.243860568499919e-06
3.130803243 3.1609328915682974e-06
3.1321544749999997 4.1445182573883345e-06
3.133505706 3.736096311693846e-06
3.134856938 2.792196222321084e-06
3.136208169 2.882132350864323e-06
3.137559401 5.027949278268123e-06
3.138910632 5.716374377433486e-06
3.140261863 4.740194393487724e-06
3.1416130950000003 3.9564154659772766e-06
3.142964326 1.6246796830751062e-06
3.1443155579999997 1.0880155718024858e-06
3.145666789 3.6225232166879525e-06
3.147018021 5.000016953984372e-06
3.148369252 4.196741491691499e-06
3.149720484 3.566165990957124e-06
3.151071715 4.089648580093754e-06
3.152422946 4.005740550392677e-06
3.153774178 3.825305889185088e-06
3.155125409 2.9075988910581473e-06
3.1564766410000002 3.4969484577031503e-06
3.157827872 5.777877254299704e-06
3.1591791039999997 5.233392539854099e-06
3.160530335 3.5822460185707148e-06
3.161881566 1.606676570753641e-06
3.163232798 5.3250461374108345e-06
3.1645840290000002 5.487388334947766e-06
3.165935261 3.7548947034274367e-06
3.167286492 2.976945264079932e-06
3.1686377240000003 2.512434479100191e-06
3.169988955 3.4348297190527156e-06
3.1713401869999998 2.1770020932216935e-06
3.172691418 1.7496293138273442e-06
3.174042649 7.065412531881225e-07
3.1753938809999998 6.601303084114485e-07
3.176745112 1.2389906473801312e-06
3.178096344 1.7268547751122525e-06
3.179447575 4.245886877475487e-06
3.180798807 5.848733014561295e-06
3.182150038 2.844164976461488e-06
3.1835012700000003 2.0048074220711998e-06
3.184852501 1.4665158434153492e-06
3.186203732 1.776127342150954e-06
3.187554964 3.2692614030819285e-06
3.188906195 3.1983880041488985e-06
3.190257427 4.196221062811496e-06
3.1916086580000003 4.425597691534552e-06
3.19295989 3.5057746645222652e-06
3.194311121 2.3386360611099324e-06
3.195662352 2.6288852666048735e-06
3.197013584 1.988620798450538e-06
3.1983648149999997 4.078038464335884e-06
3.199716047 5.126431911019563e-06
3.201067278 3.826608916989295e-06
3.2024185099999998 5.176540188072285e-06
3.203769741 4.661473466945611e-06
3.205120973 3.9692263640960455e-06
3.206472204 6.15078233099149e-07
3.207823435 1.466408514600537e-07
3.209174667 1.1627035396518007e-06
3.2105258979999998 1.471950591744074e-06
3.21187713 1.3340835712546726e-06
3.213228361 2.0823894510828607e-06
3.214579593 2.4455527372454137e-06
3.215930824 3.4330789943355157e-06
3.217282055 3.5552980471491946e-06
3.2186332870000003 2.845526585405056e-06
3.2199845180000004 4.273072234054254e-06
3.22133575 4.5117808536751704e-06
3.222686981 4.43098820133187e-06
3.2240382129999996 3.9497892942108165e-06
3.2253894439999997 2.218757283799118e-06
3.226740676 6.244595092940889e-08
3.228091907 1.3624028388457861e-06
3.229443138 2.245628602560973e-06
3.23079437 2.5469215373002793e-06
3.232145601 3.925735736235132e-06
3.2334968330000002 2.5125870577330293e-06
3.234848064 2.570043550903544e-06
3.2361992959999997 1.2023631284127683e-06
3.237550527 7.261473080088676e-07
3.238901759 1.1501172728991595e-06
3.24025299 2.9967962449267076e-06
3.2416042210000002 6.131569891219855e-06
3.242955453 5.925176541121169e-06
3.244306684 8.65745820959041e-06
3.2456579160000003 9.0772813992332e-06
3.2470091470000004 8.365475922529307e-06
3.248360379 6.967162180605655e-06
3.24971161 6.080766030638577e-06
3.251062841 6.676497594358323e-06
3.2524140729999997 4.601627196463505e-06
3.253765304 5.40927975020485e-06
3.255116536 3.0504971172972563e-06
3.256467767 2.588597549908092e-06
3.257818999 5.274652159434018e-06
3.25917023 4.883735700814368e-06
3.2605214620000003 4.038286919047109e-06
3.261872693 4.9794142399252105e-06
3.263223924 6.420251211390384e-06
3.264575156 4.991806016599772e-06
3.265926387 3.941049705857973e-06
3.267277619 4.188239179294856e-06
3.2686288500000003 2.5681554287862413e-06
3.269980082 2.2481336561811704e-06
3.271331313 1.4033993655424167e-06
3.272682544 2.928164650270491e-06
3.274033776 3.4640512225240846e-06
3.2753850069999997 2.844964761814508e-06
3.276736239 3.205449494489577e-06
3.27808747 4.303102971335803e-06
3.2794387019999998 3.6503322651992823e-06
3.280789933 5.069500491471987e-06
3.282141165 6.030528328735709e-06
3.283492396 3.4257691299751497e-06
3.2848436270000003 3.1395175028289547e-06
3.286194859 3.629004430656154e-06
3.2875460899999998 4.7069677939659584e-06
3.288897322 2.0183177885103496e-06
3.290248553 1.6056364202429116e-06
3.291599785 3.0849469663034646e-06
3.292951016 3.742180824266459e-06
3.294302247 5.891948559355835e-06
3.2956534790000003 7.086969125942349e-06
3.29700471 4.667849639214315e-06
3.298355942 3.7992112349936474e-06
3.299707173 3.910772427837661e-06
3.301058405 2.925240691496262e-06
3.3024096359999997 1.4141763481374378e-06
3.303760868 1.759479614480328e-06
3.305112099 3.173459800212624e-06
3.30646333 5.0967818186222016e-06
3.307814562 3.436109207977697e-06
3.309165793 1.2431210674691403e-06
3.3105170250000002 9.892000715903222e-07
3.3118682560000003 2.81278212460479e-06
3.313219488 3.236986072979682e-06
3.3145707189999998 2.6704676613686554e-06
3.315921951 1.257447529226176e-06
3.317273182 6.338007497656491e-07
3.318624413 1.8767514339428661e-06
3.319975645 1.6414014615450722e-06
3.321326876 3.3213281878216556e-06
3.322678108 3.6198322985434535e-06
3.324029339 2.5918616244077534e-06
3.325380571 3.493950205005124e-06
3.326731802 2.424293033022185e-06
3.328083033 1.1440490829567065e-06
3.3294342649999997 7.578640724057975e-07
3.330785496 2.1215438570263123e-06
3.332136728 2.0595116037588206e-06
3.333487959 3.8966819342406e-06
3.334839191 3.719394890387555e-06
3.336190422 3.238263418890866e-06
3.3375416540000002 1.210366593332036e-06
3.3388928850000004 1.849118844876425e-06
3.340244116 2.586141064935027e-06
3.341595348 2.5723125809376395e-06
3.342946579 3.0102473829234892e-06
3.344297811 3.390665899583181e-06
3.345649042 2.5184389055608128e-06
3.347000274 1.6653280248444325e-06
3.348351505 4.2374293731169405e-06
3.3497027360000002 1.79239492276292e-06
3.351053968 4.781335370952489e-07
3.3524051989999997 6.055996892544877e-07
3.353756431 2.4236196527264833e-06
3.355107662 1.8776790110452195e-06
3.3564588939999997 1.8088258385218382e-06
3.357810125 2.4785367653504975e-06
3.359161357 1.679600980171046e-06
3.360512588 1.2832280416991006e-06
3.3618638190000003 1.366428892595615e-06
3.363215051 2.500219809009791e-06
3.3645662819999997 3.8600841130014425e-06
3.3659175140000004 1.6094119328915967e-06
3.367268745 1.3138563275790384e-06
3.368619977 3.994649970195823e-06
3.369971208 3.974072073000406e-06
3.371322439 6.481410526162884e-07
3.372673671 7.580996992256116e-07
3.374024902 3.3603216844838156e-06
3.375376134 5.360265423235662e-06
3.3767273650000003 3.489840447060946e-06
3.378078597 2.7329739634445877e-06
3.3794298279999997 2.965233447875361e-06
3.38078106 2.5255343895564036e-06
3.382132291 2.648200757039688e-06
3.383483522 3.736367378072317e-06
3.384834754 4.06670708073655e-06
3.386185985 3.050795202646778e-06
3.387537217 2.9629803267750257e-06
3.3888884480000003 2.697627758895304e-06
3.39023968 1.2336487183543582e-06
3.3915909109999998 2.5678341048151128e-06
3.3929421430000004 2.8422418913998725e-06
3.3942933739999996 1.855482626392234e-06
3.3956446049999998 1.7858060115524559e-06
3.396995837 1.3669736530842527e-06
3.398347068 2.9408935870941767e-06
3.3996983 3.1300217563122416e-06
3.401049531 1.619453167939439e-06
3.402400763 3.2613365372388488e-06
3.4037519940000003 5.017936480768816e-06
3.405103225 3.354335238498127e-06
3.4064544569999997 2.191995678147732e-06
3.407805688 3.1531846042922693e-06
3.40915692 1.9268668504708592e-06
3.410508151 4.181827000889607e-06
3.411859383 5.688231945655551e-06
3.413210614 4.391260946617563e-06
3.4145618460000002 3.8239593288601315e-06
3.4159130770000004 3.736422064397897e-06
3.4172643079999996 4.535143565131977e-06
3.41861554 5.035451156897026e-06
3.419966771 2.3214069985501493e-06
3.4213180029999997 2.9522941715830892e-06
3.422669234 6.8196369053339515e-06
3.424020466 9.783016019764833e-06
3.425371697 7.792891624510812e-06
3.4267229280000002 6.683696284274712e-06
3.42807416 4.271425308715739e-06
3.429425391 2.2185312519304487e-06
3.4307766230000003 1.816784507723389e-06
3.432127854 3.980187221870303e-06
3.4334790859999997 4.133658988134312e-06
3.434830317 2.646503745429458e-06
3.436181549 1.820610663841389e-06
3.43753278 4.439902071099531e-06
3.4388840110000003 6.641974948592258e-06
3.440235243 4.581369242774491e-06
3.441586474 2.312301568059515e-06
3.4429377060000004 1.7146528519786314e-06
3.4442889369999996 3.250059140822049e-06
3.445640169 2.3365302137753026e-06
3.4469914 2.4031202633897015e-06
3.448342631 4.07023308795267e-06
3.449693863 4.623429747764036e-06
3.451045094 4.228486414926535e-06
3.452396326 3.717911598786804e-06
3.4537475570000002 3.2913622520038407e-06
3.455098789 5.430862164288198e-06
3.45645002 7.128871354804576e-06
3.4578012520000003 7.2781329216666184e-06
3.459152483 7.945959420329434e-06
3.460503714 6.354536940704098e-06
3.461854946 4.243465909030277e-06
3.463206177 2.8550045606578628e-06
3.464557409 3.06333380733632e-06
3.4659086400000003 2.4137560073384386e-06
3.467259872 4.6521051924350895e-07
3.468611103 8.108630138292127e-07
3.469962335 2.3747422423285107e-06
3.4713135659999996 1.2961435651470152e-06
3.4726647969999997 5.370090000174014e-07
3.474016029 1.841595042112873e-06
3.47536726 4.194533209534186e-06
3.476718492 4.172828615047437e-06
3.478069723 2.9655199666438514e-06
3.479420955 9.63924381179e-07
3.4807721860000003 2.527570489724898e-06
3.482123417 3.815590782106185e-06
3.483474649 2.5598540557099904e-06
3.48482588 8.109176604319545e-07
3.486177112 1.0246838593645921e-06
3.487528343 8.398767336910757e-07
3.488879575 2.106433401067523e-06
3.490230806 1.153056406378316e-06
3.491582038 4.3956069616929074e-07
3.492933269 6.679356420778645e-08
3.4942845 2.3700591128710505e-06
3.495635732 1.9525906154148718e-06
3.496986963 7.926678118278111e-09
3.4983381949999997 2.097726655816496e-07
3.4996894259999998 5.559003229357911e-09
3.501040658 4.717988490697417e-08
3.502391889 1.3785356854446103e-07
3.50374312 2.1128235290935506e-08
3.505094352 1.9868323094636468e-07
3.506445583 1.6914057746454156e-06
3.5077968150000003 1.1340977856424315e-06
3.509148046 1.8828461325421649e-06
3.5104992779999997 1.7315554646102357e-06
3.511850509 2.8770025416094486e-06
3.513201741 2.400687151842451e-06
3.514552972 8.193024383224084e-07
3.515904203 1.1438756490034934e-06
3.517255435 2.9377694899848946e-06
3.518606666 4.056477586607812e-06
3.519957898 2.640302733583504e-06
3.521309129 3.203155786259203e-06
3.5226603610000002 3.3076398087598765e-06
3.524011592 1.4082508777042716e-06
3.5253628239999997 1.127457143732399e-06
3.526714055 7.39756274335672e-07
3.528065286 2.871240609374605e-06
3.529416518 4.470922875914909e-06
3.5307677490000002 5.405640664855026e-06
3.532118981 4.922969700992749e-06
3.533470212 2.5038628244814227e-06
3.5348214440000003 2.5309509614343368e-06
3.536172675 2.5701232580446717e-06
3.537523906 1.8237699249504163e-06
3.538875138 2.0202130448493983e-06
3.540226369 2.750016092224392e-06
3.5415776009999997 1.3252644335642557e-06
3.542928832 2.102291051500496e-07
3.544280064 4.655162116222976e-07
3.545631295 5.281564544194831e-07
3.546982527 2.0634751478696995e-06
3.548333758 1.1856885712588063e-06
3.5496849889999997 2.4991948460126807e-07
3.551036221 4.404200611420328e-07
3.552387452 8.152982342513234e-07
3.553738684 6.781242930461746e-08
3.555089915 1.0401247103763226e-08
3.556441147 3.6707018093244906e-08
3.5577923780000003 1.1217520262464398e-06
3.5591436090000004 1.6984124110382738e-08
3.560494841 5.238865839467743e-09
3.561846072 7.979030948633544e-08
3.563197304 1.3772663195128097e-06
3.5645485349999997 3.795424959889596e-06
3.565899767 3.894532737439036e-06
3.567250998 3.775070120002031e-06
3.5686022299999998 3.056623777578513e-06
3.569953461 3.853237889476225e-06
3.571304692 3.837895470967223e-06
3.572655924 2.1819773837285752e-06
3.574007155 3.6047745599155557e-06
3.575358387 5.163303014552051e-06
3.5767096179999998 5.247897777898894e-06
3.57806085 3.2440621543664545e-06
3.579412081 9.859691353173001e-07
3.580763312 3.2354966085838726e-07
3.582114544 9.593204345708499e-07
3.583465775 2.6428664476800972e-06
3.5848170070000003 2.52773217444244e-06
3.5861682380000004 1.6564237621399412e-06
3.58751947 8.61364643692087e-07
3.588870701 4.011113780859621e-07
3.5902219329999996 7.848361486263501e-07
3.5915731639999997 5.85636562961239e-07
3.592924395 8.489951460608568e-07
3.594275627 2.1958931124331756e-06
3.595626858 2.3270857265159623e-06
3.59697809 1.420047017115162e-06
3.598329321 1.10019904701157e-06
3.5996805530000002 1.0406279461953332e-06
3.601031784 1.5335261745850326e-06
3.602383016 1.8084900520974395e-06
3.603734247 1.4293847200874471e-06
3.605085478 8.584793182462182e-07
3.60643671 1.6533549698985844e-06
3.607787941 4.622674603221952e-06
3.609139173 4.4477210920917045e-06
3.610490404 4.455586733407798e-06
3.6118416360000003 4.655368109499525e-06
3.6131928670000004 5.191344349825867e-06
3.6145440979999997 6.577991706620542e-06
3.61589533 7.937981666119606e-06
3.617246561 8.534099929160807e-06
3.6185977929999997 8.876829251824725e-06
3.619949024 8.613735394103566e-06
3.621300256 8.016586289746614e-06
3.622651487 7.31463769184692e-06
3.624002719 5.0797130860985685e-06
3.62535395 4.846657684945346e-06
3.6267051809999997 8.945037046916695e-06
3.628056413 1.4048047002668764e-05
3.629407644 1.5004868955433498e-05
3.630758876 1.5216590672938666e-05
3.632110107 1.783387665096411e-05
3.633461339 1.8436865938776797e-05
3.6348125700000002 1.908475278101781e-05
3.6361638010000004 1.8044824684337355e-05
3.637515033 1.3954817436258326e-05
3.638866264 9.979248329933504e-06
3.640217496 9.382149032589605e-06
3.6415687269999997 1.092531035851747e-05
3.642919959 1.2696811935018857e-05
3.64427119 1.4375029328518598e-05
3.6456224219999998 1.5386992705067127e-05
3.646973653 1.7303440583349867e-05
3.648324884 2.060820055655161e-05
3.649676116 2.160816910049301e-05
3.6510273470000003 1.9456186541901007e-05
3.652378579 1.663794125125189e-05
3.6537298099999997 1.4395294187874079e-05
3.655081042 1.0898801994289741e-05
3.656432273 1.0107695744783686e-05
3.657783504 8.925833502422762e-06
3.659134736 2.851884245053548e-06
3.660485967 1.8045222526504392e-06
3.6618371990000003 2.5184126770588396e-06
3.66318843 1.9415810317264384e-06
3.664539662 1.6762539577032202e-06
3.665890893 6.706775054660172e-07
3.667242125 1.093620482399419e-07
3.6685933559999997 1.0258893077011741e-07
3.669944587 2.339911239744139e-06
3.671295819 3.001851410507974e-06
3.67264705 4.02898111223017e-06
3.673998282 6.005832127844597e-06
3.675349513 6.673491363296769e-06
3.676700745 7.718431003443357e-06
3.6780519760000003 7.033467240736474e-06
3.679403208 4.50855451179819e-06
3.6807544389999998 2.2391699248142136e-06
3.68210567 1.359718030549234e-07
3.683456902 1.4353056612758178e-06
3.684808133 1.4012037136527344e-06
3.686159365 1.2773246028688471e-06
3.687510596 1.7944000659904153e-06
3.688861828 1.869512615633858e-07
3.690213059 2.628053513684707e-06
3.6915642899999996 5.79119071562769e-06
3.692915522 9.15815159619403e-06
3.694266753 1.0587494966742786e-05
3.6956179849999997 6.099950501065052e-06
3.696969216 3.97546671653214e-06
3.698320448 1.1438021243363464e-06
3.699671679 6.1207743045462e-07
3.701022911 3.4042304527114415e-07
3.702374142 4.979710052734973e-08
3.703725373 1.1689281255775263e-08
3.7050766050000004 3.410153558412038e-08
3.706427836 2.205051615337804e-08
3.707779068 9.095478490358005e-07
3.709130299 1.8223365426304956e-06
3.710481531 1.9196360120964055e-06
3.711832762 4.125233410606441e-06
3.713183993 5.4444832745889905e-06
3.714535225 6.9194477446460724e-06
3.7158864560000002 1.083858347826865e-05
3.717237688 1.4102915307356624e-05
3.7185889189999997 1.4492755706577153e-05
3.719940151 1.3520546964436523e-05
3.721291382 1.4025149740331805e-05
3.7226426139999997 1.6855835833943857e-05
3.723993845 1.7577021458559916e-05
3.725345076 1.668370474394197e-05
3.726696308 1.410118364050247e-05
3.7280475390000003 1.2002429328880164e-05
3.729398771 1.212183529571872e-05
3.730750002 1.1393295589429916e-05
3.7321012340000004 1.0249397444069393e-05
3.733452465 9.612206432963326e-06
3.7348036959999997 9.948983484436619e-06
3.736154928 1.0181570921708753e-05
3.737506159 1.0967313149982421e-05
3.738857391 1.215471495536104e-05
3.740208622 1.1945868469468578e-05
3.741559854 8.600995297319897e-06
3.7429110850000002 6.1446182856465425e-06
3.744262317 4.435747541504781e-06
3.7456135479999997 3.052007068910707e-06
3.746964779 1.1178036166887304e-06
3.748316011 2.4437999128801065e-06
3.749667242 4.610101100566765e-06
3.751018474 5.266031909607541e-06
3.752369705 3.5445517535893047e-06
3.753720937 2.5632167138793513e-06
3.7550721680000003 2.600985816197029e-06
3.7564234 2.9680010506200434e-06
3.757774631 2.3767417197740465e-06
3.759125862 2.6017057980506827e-06
3.7604770939999996 3.311048942564903e-06
3.7618283249999998 2.621118742488338e-06
3.763179557 1.156493366478303e-06
3.764530788 1.2869347709376818e-06
3.76588202 2.58717135975027e-06
3.767233251 1.4488977986383387e-06
3.768584482 1.0257276659749244e-06
3.7699357140000003 3.355941930697795e-08
3.771286945 9.386398769090403e-09
3.7726381769999997 6.474182159174121e-08
3.773989408 1.366850460303678e-06
3.77534064 1.3550823021710677e-06
3.776691871 2.9801654320242623e-07
3.778043103 2.808206815245562e-08
3.779394334 4.105878402875863e-07
3.780745565 9.251942504979266e-07
3.7820967970000003 3.3565168826840293e-07
3.7834480279999996 2.776552251416545e-07
3.7847992599999998 2.0960864265809998e-07
3.786150491 3.142319374332678e-07
3.7875017229999997 1.69852319271148e-07
3.7888529539999998 3.1561309521678854e-08
3.790204185 5.499932533022096e-09
3.791555417 9.21759563317337e-09
3.792906648 1.7123219373880431e-06
3.79425788 3.379859302520772e-06
3.795609111 3.852487366908418e-06
3.7969603430000003 3.669919824724581e-06
3.798311574 6.101379467971688e-06
3.7996628059999997 6.769339136806329e-06
3.801014037 5.666560128177098e-06
3.802365268 2.357622327352809e-06
3.8037165 3.76155565552889e-07
3.8050677310000003 5.984075298280626e-09
3.806418963 5.500133083430011e-09
3.807770194 5.50090945043207e-09
3.8091214260000004 1.997298107501924e-07
3.8104726569999996 8.803473400954195e-08
3.811823889 1.8942919017242636e-07
3.81317512 1.0902203282646578e-06
3.814526351 1.2536417021836408e-06
3.815877583 3.9768236128477665e-07
3.817228814 2.7680237158523523e-08
3.818580046 4.190901594639998e-07
3.8199312770000002 1.8470137114098214e-06
3.821282509 2.9043975385238376e-06
3.82263374 3.3696643851756187e-06
3.823984971 2.6388423641611874e-06
3.825336203 3.6458293412923283e-06
3.826687434 3.2938471438341497e-06
3.828038666 1.829713408219667e-06
3.829389897 2.43988254664998e-06
3.830741129 2.298048138453141e-06
3.8320923600000003 2.9562453758920054e-06
3.833443592 3.026319118262096e-06
3.834794823 3.2677205123002846e-06
3.836146054 2.993078903715352e-06
3.8374972859999996 2.369206850352388e-06
3.8388485169999997 2.578451525365176e-06
3.840199749 1.7579672631117574e-06
3.84155098 1.7695834975118897e-06
3.842902212 9.532673379033732e-07
3.844253443 1.340414799264635e-06
3.845604674 1.5695654633853703e-06
3.8469559060000003 1.1131291643202086e-06
3.848307137 1.8285120198733304e-06
3.849658369 3.051842272466713e-06
3.8510096 2.372170400670081e-06
3.852360832 1.4176210159514288e-06
3.853712063 1.1936259708490142e-06
3.855063295 4.013771359845185e-07
3.856414526 1.9321406828013826e-06
3.857765757 2.1389878927369008e-06
3.859116989 1.658806519372251e-06
3.86046822 8.994727136527183e-07
3.861819452 6.868948611066839e-07
3.863170683 9.830399246284587e-08
3.8645219149999996 6.520588897481795e-09
3.8658731459999998 5.582017021835921e-07
3.867224377 4.098431476702749e-06
3.868575609 3.947070686411099e-06
3.86992684 3.269781302228242e-06
3.871278072 3.2365585579983185e-06
3.872629303 2.885947355278374e-06
3.8739805350000003 2.3291073389240786e-06
3.875331766 9.601274254948654e-07
3.876682998 1.3582311191954648e-07
3.878034229 1.1197460745056297e-06
3.87938546 2.5831840980642862e-06
3.880736692 3.2033095788983404e-06
3.882087923 3.614920325843813e-06
3.883439155 3.504470235287598e-06
3.884790386 2.475746567275958e-06
3.886141618 2.3726817137245577e-06
3.887492849 2.2775700257224094e-06
3.8888440810000002 2.7462411310820808e-06
3.890195312 2.907373452002507e-06
3.891546543 2.626219320162223e-06
3.892897775 1.5630363746563782e-06
3.894249006 4.800544147504954e-07
3.895600238 2.876461664483598e-06
3.8969514690000002 4.5494593008633125e-06
3.898302701 5.456500465916793e-06
3.899653932 6.761069588788949e-06
3.9010051629999998 7.4628510765975675e-06
3.902356395 7.033496823693962e-06
3.903707626 5.220988213214175e-06
3.905058858 2.9282272160674202e-06
3.906410089 4.140319988930499e-06
3.9077613209999997 4.56975795960365e-06
3.909112552 4.050535140709369e-06
3.910463784 3.876531403582328e-06
3.911815015 5.1903693479653145e-06
3.913166246 4.84175082890864e-06
3.914517478 4.092051333394889e-06
3.9158687089999997 5.02604841492813e-06
3.917219941 5.4079088942503895e-06
3.918571172 4.451353951113089e-06
3.919922404 4.9778166643829795e-06
3.921273635 5.8542638122328015e-06
3.922624866 5.590392021493591e-06
3.9239760980000002 5.638275053173029e-06
3.9253273290000004 6.876204491690589e-06
3.926678561 5.2594942030309155e-06
3.928029792 3.362776355943818e-06
3.929381024 2.7967445279105148e-06
3.9307322549999997 5.508723127102047e-06
3.932083487 6.014011601892429e-06
3.933434718 5.241816857520337e-06
3.934785949 4.409228339391093e-06
3.936137181 4.306767099414262e-06
3.937488412 4.03835941547053e-06
3.938839644 2.7556168716265298e-06
3.940190875 2.659059825153655e-06
3.941542107 5.6275242060070006e-06
3.9428933379999997 9.258147763233203e-06
3.944244569 1.1501825186114742e-05
3.945595801 1.2323026557034465e-05
3.946947032 1.0976684220702351e-05
3.948298264 9.824840150487789e-06
3.949649495 1.0344619488095188e-05
3.9510007270000003 9.431648848854337e-06
3.9523519580000004 6.4443485466408744e-06
3.95370319 5.165474116812813e-06
3.955054421 4.218004773239051e-06
3.956405652 3.565521346018255e-06
3.9577568839999997 1.6593089187581539e-06
3.959108115 1.196325128177867e-06
3.960459347 1.7159302288456145e-06
3.961810578 3.1517600214634848e-06
3.96316181 4.988317460519257e-06
3.964513041 7.1872787089381636e-06
3.965864273 9.760031661223554e-06
3.967215504 6.614740328858479e-06
3.968566735 2.943175925627359e-06
3.9699179669999998 1.2506966665462887e-06
3.971269198 1.5882522827396048e-06
3.97262043 3.147193787921956e-06
3.973971661 2.845943479839489e-06
3.975322893 2.0051787235301697e-06
3.976674124 1.9401516830425632e-06
3.978025355 2.8552540824278106e-06
3.9793765870000004 4.362516115841554e-06
3.9807278179999996 5.4489502666295476e-06
3.98207905 4.893857388099217e-06
3.983430281 2.5676955972096076e-06
3.9847815129999997 2.9403748662228365e-06
3.986132744 3.8919700677197545e-06
3.987483976 2.6993196336786886e-06
3.988835207 2.1467088208462985e-06
3.9901864380000003 1.237203679052367e-06
3.99153767 1.2046046103996957e-06
3.9928889009999997 6.459990817981714e-07
3.994240133 1.4959271416634022e-06
3.995591364 3.2063962984539595e-06
3.996942596 3.4382787476178663e-06
3.998293827 5.216702954628279e-06
3.999645058 6.050015525208465e-06
4.00099629 5.846382595217123e-06
4.002347521 3.936976964699031e-06
4.003698753 4.357005926372034e-06
4.005049984 5.081049303683912e-06
4.006401216 5.109732493827874e-06
4.007752447 4.6262047531413804e-06
4.009103679 3.961235559984443e-06
4.01045491 5.432477114166429e-06
4.011806141 7.894074509568438e-06
4.013157373 8.267176836247159e-06
4.014508604 5.835344295356295e-06
4.015859836 5.587589965376586e-06
4.017211067 5.877060939592053e-06
4.018562299 3.8099111872720286e-06
4.01991353 3.966826263625335e-06
4.021264761 4.710710751778034e-06
4.022615993 7.550360704090952e-06
4.023967224 8.495089932752564e-06
4.025318456 7.436261576627193e-06
4.026669687 5.35516658946231e-06
4.028020919 3.675776118041716e-06
4.02937215 4.269810766510741e-06
4.030723382 6.0680026471291456e-06
4.032074613 8.292029608225222e-06
4.033425844 7.345348542541159e-06
4.034777076 7.510861720348277e-06
4.036128307 8.270493976199038e-06
4.037479539 8.32864139650242e-06
4.03883077 7.94458992681683e-06
4.040182002 9.069811800392392e-06
4.041533233 8.569661681402289e-06
4.042884465 7.825738539504757e-06
4.044235696 8.209444608557341e-06
4.0455869269999996 7.941439982530424e-06
4.046938159 6.403157644747477e-06
4.04828939 5.770406917829164e-06
4.049640622 6.655819510083109e-06
4.050991853 7.38071420947849e-06
4.052343085 8.209430281257161e-06
4.053694316 9.492893798784622e-06
4.055045547 7.911585001577595e-06
4.056396779 6.564912297860909e-06
4.05774801 7.616542496949584e-06
4.059099241999999 8.659052557947516e-06
4.0604504729999995 7.809412571828673e-06
4.061801705 6.16428360330587e-06
4.063152936 6.110341474940598e-06
4.064504168 6.200415248331408e-06
4.065855399 6.21088754567078e-06
4.06720663 6.37173514556372e-06
4.0685578620000005 5.5384004485565304e-06
4.069909093000001 4.059031746692002e-06
4.071260325 4.425946514540425e-06
4.072611556 5.486110748477016e-06
4.073962788 7.277860407338032e-06
4.075314019 8.052226251112069e-06
4.07666525 6.777163662033685e-06
4.078016482 8.654909277826561e-06
4.079367713 8.96313058094754e-06
4.080718945 1.1282931585183105e-05
4.082070176 1.1227318899368292e-05
4.083421408 1.153748589846945e-05
4.084772639 1.2294834487392218e-05
4.086123871 1.4053734641245012e-05
4.087475102 1.3364858030004692e-05
4.088826333 1.2982798029007973e-05
4.090177565 1.388566761080987e-05
4.091528796 1.195230359745153e-05
4.092880028 1.0689967871235258e-05
4.094231259 1.1286300607527979e-05
4.095582491 1.1602158064039984e-05
4.096933722 9.616177978718186e-06
4.098284953 7.742226143011813e-06
4.0996361850000005 6.478258391365998e-06
4.100987416 3.6099084401173023e-06
4.102338648 3.38693072903886e-06
4.103689878999999 4.063005334648347e-06
4.105041110999999 4.899462814095664e-06
4.106392342 4.9270491768349865e-06
4.107743574 5.579351346370137e-06
4.109094805 6.663756816403677e-06
4.110446036 9.255514721663246e-06
4.111797268 9.56919506830738e-06
4.113148499 8.861365136374982e-06
4.1144997309999995 5.874231530030637e-06
4.115850962000001 3.3908383225601858e-06
4.117202194000001 3.20255888685644e-06
4.118553425 3.5285204877821414e-06
4.119904657 4.883198219803341e-06
4.121255887999999 7.432198763580033e-06
4.122607119 9.169066256961551e-06
4.123958351000001 7.26924765376008e-06
4.125309582 4.662726769271335e-06
4.126660814 5.066264394015821e-06
4.128012045 7.662791250710098e-06
4.129363277 7.192719821139043e-06
4.130714508 7.149986094450346e-06
4.132065739 7.551467476462293e-06
4.133416971 7.027868798559348e-06
4.134768202 5.905627961723865e-06
4.136119434 6.548468587647756e-06
4.1374706649999995 6.353663827329267e-06
4.138821897 2.824645691611809e-06
4.140173128000001 2.9655498880074496e-06
4.14152436 5.401966789662431e-06
4.142875591 7.964421807268937e-06
4.144226821999999 8.500070236795692e-06
4.145578054 9.179440200338525e-06
4.146929285000001 7.502073800809782e-06
4.148280517 6.074110689546105e-06
4.149631748 5.364218483223587e-06
4.15098298 5.715926778445319e-06
4.152334211 5.4764415165815246e-06
4.153685442 3.955566936811597e-06
4.155036674 4.001290623246705e-06
4.156387905 3.944729056402306e-06
4.157739136999999 2.978779853641569e-06
4.159090368 4.840204859650012e-07
4.1604416 8.084898350771999e-07
4.161792831 3.071952248880666e-06
4.163144063 6.023299158852319e-06
4.164495294 7.446304839883304e-06
4.165846525 1.0765642210642031e-05
4.167197757 1.2920479221576782e-05
4.1685489879999995 1.3813894741997753e-05
4.169900220000001 1.2221931670756138e-05
4.171251451 1.0599620834021045e-05
4.172602683 1.0214497798035283e-05
4.173953914 1.1855201838532681e-05
4.1753051459999995 1.3149344693778436e-05
4.1766563770000005 1.2223325051711816e-05
4.178007608 1.0525479346146538e-05
4.17935884 9.12127793072167e-06
4.180710071 7.357608670709721e-06
4.182061303 4.301212641436172e-06
4.183412534 2.099443181156399e-06
4.184763766 2.42690189614887e-06
4.186114997 4.080630238582185e-06
4.187466228 3.94811879001904e-06
4.18881746 4.621203744877788e-06
4.190168691 5.811566597598913e-06
4.1915199229999995 7.400002334460709e-06
4.1928711540000005 8.533642260186064e-06
4.194222386000001 8.18104893970064e-06
4.195573617 7.528883672382842e-06
4.196924849 6.805471873471436e-06
4.198276079999999 7.792431347874217e-06
4.199627311 1.0194743900883914e-05
4.200978543 1.0215432848793134e-05
4.202329774 8.755433246865223e-06
4.203681006 7.588495672652675e-06
4.205032237 8.173871852143128e-06
4.206383469 8.719828420164946e-06
4.2077347 9.340046357392548e-06
4.209085931 1.0400292395349068e-05
4.210437163 1.0696223347846523e-05
4.211788394 9.602536955312611e-06
4.213139626 8.485627704576667e-06
4.2144908569999995 8.296612994652202e-06
4.215842089 8.823710218649243e-06
4.217193320000001 8.951498121012934e-06
4.218544552 9.666827840844122e-06
4.219895783 1.0725528210650092e-05
4.221247013999999 1.169802176277918e-05
4.2225982459999996 1.3380070059155741e-05
4.223949477 1.673946669462294e-05
4.225300709 1.8158772346910688e-05
4.22665194 1.556246645571552e-05
4.228003171999999 1.585163313250668e-05
4.229354403 1.680624836504844e-05
4.2307056339999995 1.5464030903251546e-05
4.232056866 1.2392102138136168e-05
4.233408097000001 1.3875200807781206e-05
4.234759329 1.4916528582286208e-05
4.23611056 1.4029624856330268e-05
4.237461792 1.2764389667598817e-05
4.238813023 1.388828630192055e-05
4.240164255 1.3155080630160443e-05
4.241515486 1.404301444381314e-05
4.242866717 1.4529660330046042e-05
4.244217949 1.853776538337354e-05
4.24556918 1.93462403941722e-05
4.246920412000001 1.7865700022940997e-05
4.248271643 1.606321098982337e-05
4.249622875 1.594923817847575e-05
4.250974105999999 1.3510299463947076e-05
4.2523253379999995 1.4117789078678558e-05
4.2536765690000005 1.6398615633765525e-05
4.2550278 1.6845813163600598e-05
4.256379032 1.4314961770435725e-05
4.257730263 1.433630537197684e-05
4.259081495 1.569991889320055e-05
4.260432726 1.7865871905839634e-05
4.261783958 1.8765582434193052e-05
4.263135189 2.040211539589371e-05
4.26448642 2.1414639734755305e-05
4.265837652 1.9387568136639462e-05
4.267188883 1.4546833701731087e-05
4.2685401149999995 1.217526164565273e-05
4.2698913460000005 1.3823893249927402e-05
4.271242578000001 1.5060452181630989e-05
4.272593809 1.445351456205301e-05
4.273945041 1.3530473643939974e-05
4.275296271999999 1.2371356016473194e-05
4.276647503 1.1328698725342644e-05
4.277998735 1.0636484978243315e-05
4.279349966 1.1432929684671178e-05
4.280701198 1.264693911198203e-05
4.282052429 1.3889475406262729e-05
4.283403661 1.4996036914822436e-05
4.284754892 1.5997767850027216e-05
4.286106123 1.3473062477586857e-05
4.287457355 1.2859906693091518e-05
4.288808586 1.3842270156941963e-05
4.290159818 1.8426808753212545e-05
4.2915110489999995 1.772041216914753e-05
4.292862281 1.5556457333467705e-05
4.294213512000001 1.4241087816562519e-05
4.295564744 1.4211486146214664e-05
4.296915975 1.3483882950905708e-05
4.298267206 1.3849955255017666e-05
4.299618438 1.706654340960919e-05
4.300969669 1.8830196219047962e-05
4.302320901 1.629749261028661e-05
4.303672132 1.5518879069082463e-05
4.305023363999999 1.5489360014057533e-05
4.306374595 1.6765793506998918e-05
4.3077258259999995 1.4746659937527701e-05
4.309077058 1.1256186663692546e-05
4.310428289000001 1.1170838815451665e-05
4.311779521 1.2259395701757164e-05
4.313130752 1.28546888918722e-05
4.314481984 1.347016313479e-05
4.315833215 1.4763302690948645e-05
4.317184447 1.6476495139580645e-05
4.318535678 1.5727106000901277e-05
4.319886909 1.4415849934556803e-05
4.321238141 1.4437233983457795e-05
4.322589372 1.4717776939185855e-05
4.323940604000001 1.529205432067691e-05
4.325291835 1.76637223405422e-05
4.326643067 2.0508581430328272e-05
4.327994297999999 2.2610253426303606e-05
4.329345529999999 2.1002212721381162e-05
4.3306967610000004 2.116896612290357e-05
4.332047992 1.9837645499341597e-05
4.333399224 2.248301014643534e-05
4.334750455 2.3083203197830726e-05
4.336101687 2.2836911821913973e-05
4.337452918 2.1669432068246902e-05
4.33880415 2.0151762494996685e-05
4.340155381 2.0134835970335223e-05
4.341506612 2.1942104610981283e-05
4.342857844 2.093121894450472e-05
4.344209075 1.8590663518268564e-05
4.3455603069999995 1.7481943843281134e-05
4.3469115380000005 1.940898426324799e-05
4.34826277 1.913201694409535e-05
4.349614001 1.6623704453976685e-05
4.350965233 1.4144567784151516e-05
4.352316464 1.4967651931299295e-05
4.353667695 1.67985121280268e-05
4.355018927 1.617092919992594e-05
4.356370158 1.6482051587916416e-05
4.35772139 1.6701825182825345e-05
4.359072621 1.5305641525490282e-05
4.360423853 1.250523856934859e-05
4.361775084 9.822304101082535e-06
4.363126315000001 1.0231466783771069e-05
4.364477547000001 1.0840375746468275e-05
4.365828778 1.1583384285647883e-05
4.36718001 1.2307284305495913e-05
4.3685312409999995 1.2826901923559208e-05
4.369882473 1.202439563395854e-05
4.371233704 9.359449150513121e-06
4.372584936 8.634083537355497e-06
4.373936167 9.273923859632815e-06
4.375287398 8.185264390428605e-06
4.37663863 6.882719012303946e-06
4.377989861 7.327102301437571e-06
4.379341093 7.892342725085957e-06
4.380692324 7.619080346798606e-06
4.382043555999999 6.574398335506106e-06
4.383394787 7.140057706010336e-06
4.3847460179999995 9.094021709985624e-06
4.38609725 7.247480439865471e-06
4.387448481000001 3.938393209104027e-06
4.388799713 4.923076264832774e-06
4.390150944 6.501454666687882e-06
4.391502176 5.27456927929653e-06
4.392853407 3.4347827723372575e-06
4.394204639 3.0010465377114982e-06
4.39555587 5.265350649573438e-06
4.396907101 4.616319828600123e-06
4.398258332999999 5.429700013125732e-06
4.399609564 6.310174698517966e-06
4.400960796000001 7.201335151610637e-06
4.402312027 5.977250366979285e-06
4.403663259 5.277426227298782e-06
4.405014489999999 6.529745105415582e-06
4.406365721999999 8.18088598063803e-06
4.407716953 8.606967604391427e-06
4.409068184 9.073306709469999e-06
4.410419416 9.957977245192812e-06
4.411770647 9.941150155417505e-06
4.413121879 6.943043294838156e-06
4.41447311 4.9261551245159555e-06
4.415824342 4.676470473290843e-06
4.417175573000001 6.450386469107093e-06
4.418526804 8.933373645278498e-06
4.419878036 1.029670299157858e-05
4.421229266999999 1.3181921492146626e-05
4.4225804989999995 1.8974687277786648e-05
4.4239317300000005 2.2044325422335046e-05
4.425282962 2.0524130304389188e-05
4.426634193 2.097539949972878e-05
4.427985425 2.2382683473893272e-05
4.429336656 2.3005505641479995e-05
4.430687887 1.763667937484519e-05
4.432039119 1.659123744967685e-05
4.43339035 1.7435034679270362e-05
4.434741582 1.9016591173763553e-05
4.436092813 1.936219225302593e-05
4.437444045 2.1266924007729972e-05
4.438795276 2.707226266801714e-05
4.440146507000001 3.0982128768536594e-05
4.441497739000001 3.326734307893568e-05
4.44284897 3.4460016302545636e-05
4.444200202 3.726057493051343e-05
4.445551432999999 3.696908276234041e-05
4.446902665 3.5739783652601345e-05
4.448253896 3.4756904252136904e-05
4.449605128 3.728874684076879e-05
4.450956359 3.7953576462673055e-05
4.45230759 3.815520290891047e-05
4.453658822 4.0193912461700686e-05
4.455010053 4.399131895668821e-05
4.456361285 4.6073129443619354e-05
4.457712516 4.2565259362440165e-05
4.459063747999999 4.237769209288788e-05
4.460414979 4.576925563522961e-05
4.4617662110000005 5.2280636513022134e-05
4.463117442 5.343220924385303e-05
4.464468673000001 5.5280772886853644e-05
4.465819905 5.844884154859283e-05
4.467171136 5.972611731878103e-05
4.468522368 5.809167356977476e-05
4.469873599 5.7331012160327735e-05
4.471224831000001 6.210199068631692e-05
4.472576062 6.563141052092282e-05
4.473927293 6.595762417954985e-05
4.475278524999999 6.390318278496395e-05
4.476629756 6.904799022455637e-05
4.4779809880000006 7.299322069230812e-05
4.479332219 7.66752387333665e-05
4.480683451 7.440788937646647e-05
4.482034682 7.582593090827984e-05
4.483385914 7.750983397821563e-05
4.484737145 8.164856863699246e-05
4.486088376 8.341159295240895e-05
4.487439608 8.95189262509419e-05
4.488790839 0.00010320995079753815
4.490142071 0.00010824583419136311
4.491493302 0.00011169794629360562
4.492844534 0.00011334501887215887
4.494195765000001 0.00011779203679823795
4.495546996 0.00011858568494820123
4.496898228 0.00011823557718765384
4.498249458999999 0.00011957368606840646
4.4996006909999995 0.00012798465126793765
4.5009519220000005 0.00013558568277108543
4.502303154 0.00013660233340393395
4.503654385 0.00014081681990132553
4.505005617 0.0001477892959058342
4.506356848 0.00015699282090530356
4.507708079 0.00015912712886821426
4.509059311 0.00016473899491320273
4.510410542 0.00017488920727304672
4.511761774 0.0001862174149663139
4.513113005 0.00019305301556609165
4.514464237 0.00019996411466470117
4.5158154679999996 0.00021507132222974945
4.517166699000001 0.00022813035127231747
4.518517931 0.0002374561226105332
4.519869162 0.00024159190574674295
4.521220394 0.0002561375454933014
4.522571624999999 0.0002738406235840968
4.523922857 0.0002895955162398138
4.525274088 0.00030191138555638183
4.52662532 0.00031968168149757397
4.527976551 0.0003453498861438452
4.529327782 0.0003643024819583633
4.530679014 0.00038393168910411937
4.532030245 0.00040566272647808813
4.533381477 0.0004403354206910222
4.534732708 0.0004704732241303326
4.53608394 0.0004966854321761557
4.537435171 0.0005231398400777406
4.5387864030000005 0.0005596577197204489
4.540137634 0.0006017272846951348
4.541488865 0.0006382581182736119
4.542840097 0.0006787430168001725
4.544191328 0.0007250145091884936
4.5455425599999995 0.0007809714627455258
4.5468937910000005 0.0008314317741242136
4.548245023000001 0.0008833813301023505
4.549596254 0.0009420225426624723
4.550947485 0.001007393667826642
4.552298716999999 0.0010734593534893282
4.553649948 0.0011347736214520495
4.5550011800000005 0.001208320283540694
4.556352411 0.0012889719648796765
4.557703643 0.0013757520294515764
4.559054874 0.0014555101188899583
4.560406106 0.0015438819650541924
4.561757337 0.0016471810060767578
4.563108568 0.0017552168014043797
4.5644598 0.0018642325276771693
4.565811031 0.00197292616455358
4.567162263 0.002102880223406061
4.568513493999999 0.002238878072472159
4.569864726 0.0023795995109230526
4.571215957000001 0.002517836793901825
4.572567188 0.0026757528710215014
4.57391842 0.0028522833560895083
4.575269650999999 0.003032718504385411
4.5766208829999995 0.0032188793874536443
4.5779721140000005 0.003410924754430126
4.579323346 0.003634208684648947
4.580674577 0.0038679517563918655
4.582025809 0.004112288110185417
4.58337704 0.004368396266943505
4.584728271 0.004650992092159717
4.586079503 0.004962098640030113
4.587430734 0.005280230272498304
4.588781966 0.00561860634865849
4.590133197 0.005978864768722442
4.591484429 0.006381843849150624
4.5928356599999995 0.006803426081050277
4.5941868910000005 0.0072438923406852405
4.595538123 0.007720488828690503
4.596889354 0.00823956683107713
4.598240586 0.008805573616538673
4.599591817 0.009391970610950977
4.6009430490000005 0.010021811212578821
4.60229428 0.010699597880521747
4.603645512 0.011441800197465322
4.604996743 0.012227820079184928
4.606347974 0.013056982636742088
4.607699206 0.013960892585441038
4.609050437 0.014935991245932246
4.610401669 0.015990467488458802
4.611752900000001 0.0171027637722054
4.613104132 0.01829899305902429
4.614455363 0.019593709510234945
4.6158065950000005 0.02099161910436716
4.617157826 0.022484386130537964
4.618509057 0.024070485524570584
4.619860289 0.02579501592093037
4.62121152 0.027647558976228063
4.622562751999999 0.029639375350746892
4.6239139830000004 0.03175969324439088
4.625265215000001 0.03403414614495994
4.626616446 0.036495601715827455
4.627967677 0.03913153161292353
4.629318908999999 0.041950820305369174
4.63067014 0.0449523519197047
4.6320213720000005 0.048188003446975006
4.633372603 0.05166275592700098
4.634723835 0.05536581224291531
4.636075066 0.05930840018468554
4.637426298 0.06351349177943408
4.638777529 0.06802646153454833
4.64012876 0.0728277908511662
4.641479992 0.07793827344372198
4.642831223 0.08332741881234419
4.644182455 0.08906843285041469
4.645533685999999 0.09518031232897103
4.646884918 0.10159153154472536
4.648236149000001 0.10837004669819612
4.64958738 0.11550744320177653
4.650938612 0.12300269650220591
4.652289842999999 0.1310337626422809
4.6536410749999995 0.13925251482696144
4.6549923060000005 0.14777934540069462
4.656343538 0.15670294130181825
4.657694769 0.1659307970049147
4.659046001 0.17542792725250378
4.660397232 0.18527646413897164
4.661748463 0.19524963866560152
4.663099695 0.20549463205848778
4.664450926000001 0.21605749202279734
4.665802158 0.2264906804501809
4.667153389 0.23713201198551848
4.668504621 0.24787961671626152
4.6698558519999995 0.25841935112794245
4.6712070830000005 0.26903206628647325
4.672558315 0.2794509717660755
4.673909546 0.2895180515421844
4.675260778 0.2995223908043726
4.676612009 0.30906087862597403
4.6779632410000005 0.3181661292643593
4.679314472 0.3270480009495337
4.680665704 0.3351339097854902
4.682016935 0.3428397854684944
4.683368166 0.35020021085764586
4.684719398 0.35661234667840414
4.686070629 0.3626912540059196
4.687421861 0.3682360931159681
4.688773092 0.37306307447157017
4.690124324 0.3775515570966682
4.691475555 0.38141083256668473
4.6928267869999996 0.38474481511016667
4.694178018 0.3877714899842617
4.695529249 0.3902050721547497
4.696880481 0.3923121098027422
4.698231712 0.3945926658963137
4.699582943999999 0.39592296000309346
4.700934175 0.3970784560202809
4.702285407000001 0.397984314176531
4.703636638 0.398593476490393
4.704987869 0.3990717539956286
4.706339100999999 0.3993416495420846
4.707690332 0.39948867479932404
4.7090415640000005 0.3995599512484162
4.710392795 0.39950005930149224
4.711744027 0.39942284129928307
4.713095258 0.39929029743559835
4.71444649 0.39910542788758524
4.7157977209999995 0.39889790955107207
4.717148952 0.3986524961196278
4.718500184000001 0.3983872531954866
4.719851415 0.3981148372590455
4.721202647 0.3977947169558312
4.722553877999999 0.39745765377787434
4.72390511 0.39711248879683514
4.725256341000001 0.39676239075775444
4.726607572 0.3964195426725916
4.727958804 0.3960878256856556
4.729310035 0.39575486587034536
4.730661267 0.3954257161609342
4.7320124980000005 0.3951132422955015
4.73336373 0.3948212139086067
4.734714961 0.39485217780664555
4.736066193 0.39469476625028704
4.737417424 0.39441872115670784
4.738768654999999 0.39414908415358674
4.740119887 0.39389370130123963
4.741471118000001 0.39364265330127907
4.74282235 0.3933753949151527
4.744173581 0.3931043489908843
4.745524813 0.3928309809491881
4.7468760439999995 0.39254876688406926
4.748227276 0.39225530988723767
4.749578507 0.3919396282825507
4.750929738 0.3916220577311732
4.75228097 0.39130459464072936
4.753632201 0.3909865802883218
4.7549834330000005 0.39065571790146564
4.756334664 0.3903137744279316
4.757685896 0.3899817621610558
4.759037127 0.3896539288513694
4.760388358 0.38933231417296266
4.76173959 0.38900138085272984
4.763090821 0.38865077477388416
4.764442053 0.38831035351377996
4.765793284 0.3879768073161623
4.767144516 0.38765135027193603
4.768495747 0.3873077791137324
4.7698469789999995 0.38696369950220944
4.77119821 0.38662976885535716
4.772549441 0.3862973432333963
4.773900673 0.38596551469201285
4.775251904 0.3856324211626899
4.776603135999999 0.3853108446912832
4.777954367 0.38501426914978837
4.779305599000001 0.38472580179249444
4.78065683 0.38443874692168417
4.782008061000001 0.3841605038804584
4.783359293 0.38390205833579993
4.784710524 0.3836689344700122
4.7860617560000005 0.38344100004291914
4.787412987 0.38321671482201747
4.788764219 0.3830029265715903
4.79011545 0.3828072199634911
4.791466682 0.38263050738716
4.7928179129999995 0.38244142903870093
4.7941691440000005 0.382250787327715
4.795520376000001 0.3820597635759533
4.796871607 0.38188100819684545
4.798222839 0.3817108550033911
4.799574069999999 0.3815222816050899
4.800925302 0.381339095621994
4.802276533000001 0.3811640613624921
4.803627764 0.38100419459361534
4.804978996 0.38085102933156045
4.806330227 0.38067468047246217
4.807681459 0.38050092659770385
4.80903269 0.38074670868067495
4.810383922 0.38057640273503235
4.811735153 0.3803981334287906
4.813086384999999 0.3801838176375637
4.814437616 0.3799709615523173
4.815788846999999 0.3797603596132988
4.817140079 0.37954200112911274
4.818491310000001 0.3793153495876525
4.819842542 0.37904283893437024
4.821193773 0.3787763075928495
4.822545005 0.37850899402294436
4.8238962359999995 0.3782292074875242
4.825247468 0.3779404629602399
4.826598699 0.3776174873973061
4.82794993 0.37730378490053573
4.829301162 0.3770006459309891
4.830652393 0.3766926035593209
4.8320036250000005 0.37637771082077737
4.833354856 0.37603994879123226
4.834706088 0.37570962210774816
4.836057318999999 0.3753876745676883
4.83740855 0.37505802131854044
4.838759782 0.374722361160882
4.840111013 0.37436356705383245
4.841462245 0.3740117245728293
4.842813476 0.3736695652830121
4.844164708 0.3733027895136928
4.845515939 0.3729256649154347
4.8468671709999995 0.3725252684315482
4.8482184020000005 0.3721306453850447
4.849569633 0.37174384478931144
4.850920865 0.37133756847674754
4.852272096 0.37092419594660253
4.853623327999999 0.3704995135451857
4.854974559 0.37007992749748814
4.856325791000001 0.3696695727325192
4.857677022 0.3692304448030571
4.859028253 0.36877878153978005
4.860379485 0.3683146956948798
4.861730716 0.3678452697808383
4.863081948 0.36736967502428275
4.864433179 0.3668461640622146
4.865784411 0.36629805394105497
4.867135642 0.3657291882326725
4.868486874 0.36515595046577554
4.8698381049999995 0.3645736400647198
4.8711893360000005 0.36395073087998986
4.872540568000001 0.36330120744789723
4.873891799 0.36264901056298177
4.875243031 0.36199486939754943
4.876594261999999 0.36157164311371526
4.8779454939999995 0.3610529250720357
4.879296725000001 0.3602084209982995
4.880647956 0.35938065481430315
4.881999188 0.35856154789050887
4.883350419 0.3577508217339175
4.884701651 0.35693525017886
4.8860528819999995 0.3561130402100788
4.887404114 0.3553268272523259
4.888755345 0.3545565352927781
4.890106576999999 0.35379998678249447
4.891457808 0.35304315303494993
4.892809038999999 0.35229042807104805
4.894160271 0.35158057380718466
4.895511502000001 0.3509022840146246
4.896862734 0.3502481424298343
4.898213965 0.3496020450398825
4.899565197 0.348983263864682
4.900916428 0.34840114134700106
4.902267660000001 0.3478658324188758
4.903618891 0.3473367279178294
4.904970122 0.3468086015707482
4.906321354 0.3462860371374975
4.907672585 0.3457697524972964
4.9090238170000005 0.3452707014615207
4.910375048 0.3447240872215085
4.91172628 0.34414202420477213
4.913077511 0.34347073759198377
4.914428742 0.3427652268211208
4.915779974 0.3419421242297159
4.917131205 0.3410056250342418
4.918482437 0.33990416241275795
4.919833668 0.33860938894688086
4.9211849 0.3372245678722233
4.922536131 0.3355290464503604
4.9238873629999995 0.33372230833805894
4.9252385940000005 0.33155539966246805
4.926589825 0.3291823721868867
4.927941057 0.3266040109335438
4.929292288 0.32369023354045906
4.930643519999999 0.32069745990547405
4.931994751 0.31718546083113514
4.933345983000001 0.3136072094862074
4.934697214 0.30975825378260957
4.936048445 0.305740902734523
4.937399677 0.3016271206739017
4.938750908 0.2972141424612834
4.94010214 0.292835007567863
4.941453371 0.28839667808939595
4.942804603 0.28405341193427264
4.944155834 0.2794954351111205
4.945507066 0.2749374207881857
4.9468582969999995 0.27045214299823084
4.9482095280000005 0.2660210749889343
4.949560760000001 0.2617662979916942
4.950911991 0.2575730451168974
4.952263223 0.25353625835047783
4.953614453999999 0.24959651151027223
4.9549656859999995 0.24583086279013094
4.9563169170000005 0.24224151766260987
4.957668148 0.23877607197780207
4.95901938 0.2354700134310955
4.960370611 0.23224657705022195
4.961721843 0.22918135417028934
4.9630730739999995 0.22625832710196436
4.964424306 0.22343135280434645
4.965775537000001 0.22070122970067022
4.967126769 0.21800541298779302
4.968478 0.21540135607745003
4.969829230999999 0.212846881096539
4.971180463 0.21035112453835264
4.972531694000001 0.20783934673707213
4.973882926 0.20532520538775417
4.975234157 0.20281232230350207
4.976585389 0.20027409722228365
4.97793662 0.1977767348973233
4.979287852000001 0.19510454868971527
4.980639083 0.1924424713016894
4.981990314 0.18964323632953406
4.983341545999999 0.18680405534079783
4.984692777 0.18389855035010483
4.986044009 0.18082189681376024
4.98739524 0.17770403844019023
4.988746472 0.17434496237751904
4.990097703 0.17099237892844643
4.991448934 0.1674262848591293
4.992800166 0.16380128190686036
4.9941513969999995 0.15999137952454975
4.995502629 0.15605904104980997
4.99685386 0.15206861861414744
4.998205092 0.1478971513040115
4.999556323 0.14377298787881787
5.0009075549999995 0.1393510096762112
5.0022587860000005 0.13500240068724048
5.003610017 0.13051388980526038
5.004961249 0.1260387188150789
5.006312479999999 0.12153824246869371
5.007663711999999 0.11696441644743197
5.009014943 0.11256321305614948
5.010366175 0.10797043695934724
5.011717406 0.10351651979963254
5.013068637 0.0990157737852372
5.014419869 0.09464280620196613
5.0157711 0.09027108370551856
5.017122332 0.08601861304843596
5.018473563 0.08187673522625052
5.019824795000001 0.0778333089253739
5.021176026 0.07394533618550299
5.022527258 0.07010875240011856
5.0238784889999994 0.0664489297941869
5.0252297200000005 0.06290035237533123
5.026580952000001 0.05952174320451497
5.027932183 0.05626884707611799
5.029283415 0.05315085904657958
5.030634646 0.05015955691105749
5.031985878 0.04732175942464343
5.033337109 0.044638371659673645
5.034688341 0.04208206623417699
5.036039572 0.03966705268145228
5.037390803 0.03734395491061466
5.038742035 0.03515912317940874
5.0400932659999995 0.033104685015663375
5.041444498 0.03116710241816888
5.042795729000001 0.029338177714281113
5.044146961 0.027604557701528917
5.045498192 0.025966557800746592
5.046849422999999 0.024442743112003628
5.048200655 0.023013081387998
5.049551886000001 0.021661726297298123
5.050903118 0.02038801831613277
5.052254349 0.01917861048885112
5.053605581 0.01805060484121247
5.054956812 0.017006257446616692
5.056308044000001 0.01602151407951103
5.057659275 0.015093089657791764
5.059010506 0.014214227774131324
5.060361737999999 0.013385059534935354
5.061712969 0.01262644541764867
5.063064201 0.011914606246388383
5.064415432 0.01124277494320466
5.065766664 0.010608417044022541
5.067117895 0.01000759761578145
5.068469126 0.00944902393740244
5.069820358 0.00893490289809161
5.0711715889999995 0.008444768952026402
5.072522821 0.007978233592742866
5.073874052 0.0075383002506650195
5.075225284 0.007123156441907412
5.076576515 0.006747957400085907
5.0779277469999995 0.006401682711895238
5.0792789780000005 0.006057716009970906
5.080630209 0.005732366843662926
5.081981441 0.0054265401322240005
5.083332671999999 0.005142785623807223
5.084683904 0.004884678397626184
5.086035135 0.004634189175135052
5.087386367 0.004391137069719033
5.088737598 0.0041640069446452505
5.090088829 0.00395035299463951
5.091440061 0.00375777878953774
5.092791292 0.003577320889588441
5.094142524 0.003393983375124081
5.095493755000001 0.003220087933253324
5.096844987000001 0.0030602682219060297
5.098196218 0.0029107014186312836
5.09954745 0.0027753622503659675
