# WAVE T_TOTAL T_FILTER T_TELESCOPE T_NI-OA T_QE
1405 7.39323e-05 9.33327e-05 0.892197 0.939733 0.94479
1406 7.87152e-05 9.94054e-05 0.892028 0.939565 0.944808
1407 8.80195e-05 0.000111139 0.892299 0.939398 0.944827
1408 7.98104e-05 0.000100787 0.892321 0.939232 0.944846
1409 8.04887e-05 0.000101581 0.893008 0.939068 0.944866
1410 8.96503e-05 0.000113211 0.892609 0.938906 0.944887
1411 8.68784e-05 0.000109826 0.891803 0.938745 0.944909
1412 8.0046e-05 0.000101211 0.891739 0.938586 0.944931
1413 9.3824e-05 0.000118704 0.891327 0.938428 0.944954
1414 8.66659e-05 0.000109466 0.892933 0.938272 0.944977
1415 8.03055e-05 0.000101524 0.892251 0.938117 0.945001
1416 7.79284e-05 9.84914e-05 0.892622 0.937964 0.945026
1417 7.65934e-05 9.68994e-05 0.891863 0.937813 0.945052
1418 7.4442e-05 9.40761e-05 0.892945 0.937662 0.945078
1419 6.86357e-05 8.67011e-05 0.893444 0.937514 0.945105
1420 7.16165e-05 9.05779e-05 0.89246 0.937367 0.945132
1421 6.53319e-05 8.26349e-05 0.892512 0.937221 0.945161
1422 5.90971e-05 7.47355e-05 0.892781 0.937077 0.94519
1423 5.90591e-05 7.46765e-05 0.893019 0.936935 0.94522
1424 5.24493e-05 6.63188e-05 0.893125 0.936794 0.94525
1425 6.19594e-05 7.83478e-05 0.893181 0.936655 0.945281
1426 6.99315e-05 8.84655e-05 0.89291 0.936517 0.945313
1427 6.8377e-05 8.65558e-05 0.892423 0.93638 0.945346
1428 6.15276e-05 7.78272e-05 0.893187 0.936245 0.94538
1429 6.08152e-05 7.69474e-05 0.893035 0.936112 0.945414
1430 6.09746e-05 7.71689e-05 0.892898 0.93598 0.945449
1431 5.59075e-05 7.08047e-05 0.892374 0.93585 0.945485
1432 6.0059e-05 7.60971e-05 0.892055 0.935721 0.945522
1433 7.32291e-05 9.27549e-05 0.892423 0.935593 0.94556
1434 6.01578e-05 7.61836e-05 0.892679 0.935467 0.945598
1435 5.73082e-05 7.25592e-05 0.892954 0.935343 0.945637
1436 6.50065e-05 8.23424e-05 0.892641 0.93522 0.945677
1437 6.72835e-05 8.52591e-05 0.892379 0.935098 0.945718
1438 6.99598e-05 8.86337e-05 0.892621 0.934978 0.94576
1439 7.30334e-05 9.24484e-05 0.89346 0.93486 0.945802
1440 6.94575e-05 8.79594e-05 0.893151 0.934742 0.945846
1441 7.03754e-05 8.92115e-05 0.892321 0.934627 0.94589
1442 7.71861e-05 9.77905e-05 0.892886 0.934513 0.945935
1443 8.04869e-05 0.000101983 0.892858 0.9344 0.945981
1444 7.7133e-05 9.77372e-05 0.892884 0.934289 0.946028
1445 8.13834e-05 0.000103196 0.892312 0.934179 0.946076
1446 8.7556e-05 0.000111011 0.892467 0.93407 0.946125
1447 8.60918e-05 0.00010921 0.892069 0.933963 0.946175
1448 8.68341e-05 0.000110185 0.891852 0.933858 0.946225
1449 8.1573e-05 0.000103476 0.892187 0.933754 0.946277
1450 9.2378e-05 0.000117184 0.892223 0.933651 0.946329
1451 9.60159e-05 0.000121793 0.892295 0.93355 0.9464
1452 9.41343e-05 0.000119525 0.891436 0.93345 0.946472
1453 9.52216e-05 0.000120798 0.892256 0.933352 0.946544
1454 9.52347e-05 0.000120876 0.891826 0.933255 0.946618
1455 9.31461e-05 0.000118325 0.891094 0.93316 0.946692
1456 8.73947e-05 0.000110982 0.891409 0.933066 0.946767
1457 9.52506e-05 0.000120903 0.891833 0.932973 0.946843
1458 9.13414e-05 0.000115801 0.892927 0.932882 0.946919
1459 8.86748e-05 0.000112485 0.892427 0.932792 0.946996
1460 9.51156e-05 0.000120609 0.89278 0.932704 0.947074
1461 8.93641e-05 0.000113322 0.892741 0.932617 0.947153
1462 9.07162e-05 0.000115101 0.89225 0.932531 0.947231
1463 8.18078e-05 0.00010376 0.892582 0.932447 0.947311
1464 8.73969e-05 0.000110887 0.892279 0.932364 0.947391
1465 9.07752e-05 0.000115137 0.892562 0.932283 0.947471
1466 9.03505e-05 0.000114552 0.892924 0.932203 0.947552
1467 9.09592e-05 0.000115389 0.892418 0.932124 0.947633
1468 8.78956e-05 0.000111533 0.892171 0.932047 0.947715
1469 9.30295e-05 0.00011799 0.892603 0.931971 0.947796
1470 9.15267e-05 0.000116173 0.891912 0.931897 0.947879
1471 9.45012e-05 0.000119975 0.891707 0.931824 0.947961
1472 0.000100035 0.00012706 0.891276 0.931752 0.948044
1473 0.000108739 0.000137976 0.892174 0.931682 0.948126
1474 0.000114919 0.000145742 0.892621 0.931613 0.948209
1475 0.000113776 0.000144273 0.892727 0.931545 0.948292
1476 0.000116091 0.000147176 0.892913 0.931479 0.948375
1477 0.000124944 0.000158514 0.892254 0.931414 0.948458
1478 0.000137812 0.000174802 0.892427 0.931351 0.948541
1479 0.000141931 0.00018 0.892537 0.931289 0.948625
1480 0.00014338 0.000182059 0.89143 0.931228 0.948708
1481 0.000159024 0.000201838 0.89179 0.931168 0.94879
1482 0.00017842 0.000226572 0.891307 0.93111 0.948873
1483 0.000189318 0.000240317 0.891636 0.931054 0.948956
1484 0.000202388 0.000256923 0.891558 0.930998 0.949038
1485 0.000225402 0.000286176 0.891414 0.930944 0.94912
1486 0.000242987 0.000308383 0.891732 0.930891 0.949202
1487 0.000271876 0.000345153 0.891432 0.93084 0.949284
1488 0.000305781 0.000388105 0.891612 0.93079 0.949365
1489 0.00034163 0.000433857 0.891068 0.930741 0.949446
1490 0.000376218 0.000477573 0.891427 0.930694 0.949526
1491 0.00041923 0.000532175 0.891392 0.930648 0.949606
1492 0.000476692 0.000605811 0.89034 0.930603 0.949686
1493 0.000543016 0.000689258 0.891396 0.930559 0.949765
1494 0.000632657 0.000803217 0.891167 0.930517 0.949843
1495 0.000722235 0.000917894 0.890211 0.930477 0.949921
1496 0.00083504 0.0010609 0.890478 0.930437 0.949998
1497 0.000980891 0.00124718 0.889743 0.930399 0.950075
1498 0.00116038 0.00147419 0.890434 0.930362 0.950151
1499 0.00137198 0.00174235 0.890737 0.930326 0.950226
1500 0.00162886 0.00206763 0.89111 0.930292 0.9503
1501 0.00195542 0.00248643 0.889566 0.930259 0.950347
1502 0.00235931 0.00300147 0.889117 0.930227 0.950393
1503 0.00288759 0.00366945 0.890093 0.930197 0.950438
1504 0.00356297 0.00453175 0.889284 0.930168 0.950483
1505 0.00443364 0.0056334 0.890179 0.93014 0.950527
1506 0.00557431 0.00709066 0.88917 0.930113 0.95057
1507 0.00706914 0.00899108 0.889256 0.930088 0.950613
1508 0.00902959 0.011482 0.889436 0.930064 0.950655
1509 0.0116515 0.0148251 0.888871 0.930041 0.950696
1510 0.0152647 0.0194254 0.888721 0.930019 0.950737
1511 0.0202314 0.0257511 0.888524 0.929999 0.950778
1512 0.0269514 0.034324 0.888 0.92998 0.950818
1513 0.0360307 0.0458339 0.889007 0.929962 0.950857
1514 0.0488028 0.0621582 0.887883 0.929946 0.950896
1515 0.0664098 0.0845864 0.887831 0.929931 0.950935
1516 0.0903584 0.115072 0.887945 0.929917 0.950974
1517 0.121673 0.15486 0.888442 0.929904 0.951012
1518 0.16406 0.208677 0.88898 0.929893 0.95105
1519 0.216612 0.275985 0.887459 0.929882 0.951087
1520 0.280621 0.357428 0.887708 0.929873 0.951124
1521 0.352135 0.448417 0.887877 0.929866 0.951161
1522 0.430497 0.548909 0.88671 0.929859 0.951198
1523 0.511821 0.652197 0.887231 0.929854 0.951235
1524 0.587219 0.748312 0.887155 0.92985 0.951272
1525 0.651441 0.830256 0.887014 0.929847 0.951308
1526 0.700785 0.893187 0.886939 0.929845 0.951345
1527 0.733658 0.935999 0.88604 0.929845 0.951381
1528 0.754616 0.961496 0.887148 0.929846 0.951418
1529 0.765391 0.975609 0.886763 0.929848 0.951454
1530 0.771366 0.982634 0.887259 0.929851 0.951491
1531 0.773498 0.985928 0.886702 0.929855 0.951527
1532 0.773704 0.987624 0.885375 0.929861 0.951564
1533 0.775868 0.988698 0.886845 0.929868 0.951601
1534 0.776319 0.989699 0.886421 0.929876 0.951638
1535 0.7774 0.990618 0.886789 0.929885 0.951675
1536 0.777375 0.991327 0.886081 0.929896 0.951713
1537 0.777207 0.991688 0.885521 0.929907 0.951751
1538 0.777688 0.991759 0.885958 0.92992 0.951789
1539 0.777066 0.991695 0.885257 0.929934 0.951827
1540 0.777448 0.9912 0.886084 0.929949 0.951866
1541 0.775572 0.990517 0.884503 0.929966 0.951905
1542 0.775593 0.989885 0.88504 0.929983 0.951944
1543 0.775613 0.989295 0.885535 0.930002 0.951984
1544 0.774861 0.989115 0.88478 0.930022 0.952025
1545 0.775547 0.98917 0.885456 0.930043 0.952066
1546 0.775386 0.989527 0.884894 0.930065 0.952107
1547 0.774579 0.990218 0.883295 0.930088 0.952149
1548 0.77736 0.9912 0.885525 0.930113 0.952192
1549 0.776683 0.992261 0.883743 0.930139 0.952235
1550 0.7784 0.993451 0.884569 0.930166 0.952279
1551 0.779675 0.994531 0.884951 0.930194 0.952363
1552 0.780004 0.995527 0.884331 0.930223 0.952449
1553 0.78105 0.996174 0.884834 0.930253 0.952534
1554 0.781216 0.996529 0.884598 0.930284 0.95262
1555 0.78195 0.996577 0.885274 0.930317 0.952707
1556 0.78109 0.996049 0.884656 0.930351 0.952794
1557 0.780006 0.995305 0.883975 0.930386 0.952881
1558 0.779429 0.994119 0.88426 0.930422 0.952968
1559 0.779296 0.992908 0.88507 0.930459 0.953056
1560 0.776952 0.991483 0.88356 0.930497 0.953143
1561 0.775822 0.990124 0.883367 0.930536 0.953231
1562 0.774648 0.988676 0.883202 0.930577 0.953318
1563 0.774038 0.987425 0.883505 0.930618 0.953406
1564 0.772641 0.986403 0.882702 0.930661 0.953493
1565 0.774036 0.985552 0.884937 0.930705 0.95358
1566 0.7729 0.985149 0.883877 0.93075 0.953666
1567 0.772385 0.98487 0.883415 0.930796 0.953753
1568 0.773483 0.985084 0.884354 0.930843 0.953839
1569 0.773353 0.985555 0.883658 0.930891 0.953924
1570 0.774669 0.986176 0.884479 0.93094 0.954009
1571 0.774705 0.987145 0.883526 0.930991 0.954093
1572 0.775934 0.988181 0.883874 0.931042 0.954176
1573 0.77672 0.98924 0.883695 0.931095 0.954259
1574 0.777643 0.990543 0.883455 0.931149 0.95434
1575 0.778683 0.99149 0.883666 0.931203 0.954421
1576 0.779649 0.99246 0.88377 0.931259 0.954501
1577 0.780245 0.993473 0.883417 0.931316 0.95458
1578 0.781533 0.994239 0.884067 0.931374 0.954657
1579 0.781738 0.994946 0.883543 0.931433 0.954734
1580 0.781826 0.995289 0.883212 0.931493 0.954809
1581 0.782136 0.995577 0.88318 0.931554 0.954883
1582 0.781484 0.995691 0.882216 0.931617 0.954956
1583 0.782654 0.995682 0.883419 0.93168 0.955027
1584 0.782676 0.995548 0.883438 0.931744 0.955096
1585 0.782393 0.995186 0.883315 0.93181 0.955164
1586 0.782926 0.994828 0.88411 0.931876 0.955231
1587 0.782079 0.994902 0.882964 0.931944 0.955295
1588 0.782179 0.994547 0.883269 0.932012 0.955358
1589 0.782099 0.994211 0.883355 0.932082 0.955419
1590 0.782078 0.994027 0.883373 0.932153 0.955478
1591 0.781239 0.993852 0.88246 0.932224 0.955536
1592 0.781483 0.993769 0.882689 0.932297 0.955591
1593 0.781931 0.993833 0.883019 0.932371 0.955644
1594 0.782502 0.993858 0.883525 0.932445 0.955694
1595 0.782937 0.993888 0.883873 0.932521 0.955743
1596 0.782629 0.993964 0.883342 0.932598 0.955789
1597 0.783103 0.994108 0.883634 0.932676 0.955833
1598 0.783027 0.994137 0.883409 0.932755 0.955875
1599 0.783 0.994132 0.883271 0.932835 0.955914
1600 0.78323 0.994227 0.883336 0.932916 0.95595
1601 0.78256 0.99418 0.882561 0.932997 0.955934
1602 0.782482 0.994006 0.882565 0.93308 0.955916
1603 0.783148 0.993958 0.883299 0.933164 0.955895
1604 0.782419 0.993613 0.882725 0.933249 0.955871
1605 0.781809 0.993332 0.882229 0.933335 0.955845
1606 0.782311 0.993032 0.883006 0.933422 0.955817
1607 0.782183 0.992766 0.883043 0.93351 0.955786
1608 0.782052 0.992431 0.883139 0.933599 0.955754
1609 0.781581 0.99219 0.882769 0.933688 0.955719
1610 0.781176 0.991892 0.882526 0.933779 0.955681
1611 0.780612 0.991762 0.881953 0.933871 0.955642
1612 0.780367 0.991604 0.881767 0.933964 0.955601
1613 0.780822 0.991523 0.882305 0.934058 0.955557
1614 0.780737 0.991627 0.882069 0.934152 0.955512
1615 0.781046 0.991767 0.882248 0.934248 0.955464
1616 0.780457 0.991908 0.881411 0.934345 0.955415
1617 0.780464 0.992135 0.881172 0.934442 0.955364
1618 0.780737 0.992459 0.881147 0.934541 0.955312
1619 0.780862 0.99289 0.880863 0.934641 0.955257
1620 0.781096 0.99325 0.880764 0.934741 0.955201
1621 0.78091 0.993641 0.880166 0.934842 0.955144
1622 0.781695 0.994142 0.880564 0.934945 0.955085
1623 0.782523 0.994758 0.88091 0.935048 0.955024
1624 0.782104 0.995102 0.880093 0.935152 0.954962
1625 0.782253 0.995359 0.879992 0.935258 0.954899
1626 0.782672 0.995625 0.880188 0.935364 0.954834
1627 0.782221 0.995791 0.879494 0.935471 0.954768
1628 0.782626 0.99589 0.879822 0.935579 0.954701
1629 0.782444 0.995854 0.87961 0.935688 0.954633
1630 0.782082 0.995681 0.879317 0.935798 0.954563
1631 0.781973 0.995505 0.87931 0.935909 0.954493
1632 0.78152 0.995247 0.87899 0.93602 0.954421
1633 0.781204 0.994928 0.878877 0.936133 0.954349
1634 0.780994 0.994556 0.87893 0.936247 0.954275
1635 0.78045 0.99418 0.878611 0.936361 0.954201
1636 0.779584 0.993706 0.878016 0.936476 0.954126
1637 0.779287 0.99337 0.877938 0.936593 0.954051
1638 0.779349 0.992958 0.878333 0.93671 0.953974
1639 0.778824 0.992587 0.87803 0.936828 0.953897
1640 0.778509 0.992406 0.877795 0.936947 0.953819
1641 0.777928 0.992282 0.877209 0.937067 0.953741
1642 0.77768 0.992242 0.876924 0.937187 0.953663
1643 0.77797 0.99226 0.877194 0.937309 0.953584
1644 0.77756 0.992312 0.876644 0.937432 0.953504
1645 0.777674 0.992527 0.876541 0.937555 0.953425
1646 0.777349 0.992769 0.875918 0.937679 0.953345
1647 0.777509 0.992977 0.875872 0.937805 0.953264
1648 0.778341 0.993473 0.876327 0.937931 0.953184
1649 0.778532 0.994068 0.875973 0.938057 0.953104
1650 0.77875 0.994564 0.875737 0.938185 0.953023
1651 0.779106 0.995011 0.875677 0.938314 0.952964
1652 0.779805 0.995468 0.875993 0.938443 0.952906
1653 0.77952 0.99597 0.875164 0.938574 0.952847
1654 0.780142 0.996456 0.875366 0.938705 0.952789
1655 0.780608 0.996873 0.875454 0.938837 0.95273
1656 0.78011 0.997084 0.874639 0.93897 0.952672
1657 0.780092 0.997178 0.874466 0.939104 0.952613
1658 0.780571 0.997314 0.874812 0.939238 0.952555
1659 0.781069 0.997261 0.875344 0.939374 0.952496
1660 0.780749 0.997125 0.875032 0.93951 0.952438
1661 0.780577 0.99684 0.875016 0.939647 0.952379
1662 0.780441 0.996535 0.875056 0.939785 0.952321
1663 0.77983 0.996227 0.874566 0.939924 0.952262
1664 0.779561 0.995763 0.874594 0.940064 0.952204
1665 0.779293 0.99528 0.874642 0.940204 0.952145
1666 0.778277 0.99478 0.873862 0.940346 0.952087
1667 0.778633 0.994313 0.874594 0.940488 0.952028
1668 0.778127 0.993767 0.874428 0.94063 0.95197
1669 0.777799 0.993352 0.874345 0.940774 0.951911
1670 0.777958 0.992947 0.874799 0.940918 0.951853
1671 0.777496 0.992535 0.874562 0.941063 0.951794
1672 0.777447 0.992234 0.87469 0.941209 0.951736
1673 0.776989 0.991959 0.874336 0.941355 0.951677
1674 0.777205 0.99174 0.874689 0.941502 0.951619
1675 0.776967 0.991661 0.874407 0.94165 0.95156
1676 0.777256 0.99174 0.874579 0.941798 0.951501
1677 0.777575 0.99192 0.874694 0.941947 0.951443
1678 0.777388 0.992142 0.874204 0.942097 0.951384
1679 0.778106 0.992467 0.874638 0.942247 0.951326
1680 0.77938 0.992904 0.8756 0.942397 0.951267
1681 0.779553 0.993388 0.875281 0.942548 0.951209
1682 0.779726 0.99392 0.874919 0.9427 0.95115
1683 0.779757 0.994427 0.87442 0.942852 0.951092
1684 0.780549 0.994886 0.874818 0.943004 0.951033
1685 0.781729 0.995476 0.875533 0.943157 0.950975
1686 0.782091 0.996005 0.875385 0.94331 0.950916
1687 0.781805 0.996485 0.874554 0.943464 0.950858
1688 0.782595 0.996924 0.874964 0.943618 0.950799
1689 0.782849 0.997341 0.874792 0.943773 0.950741
1690 0.783519 0.997626 0.875202 0.943927 0.950682
1691 0.783055 0.997835 0.874409 0.944083 0.950624
1692 0.783398 0.998088 0.874481 0.944238 0.950565
1693 0.783807 0.998085 0.874849 0.944394 0.950507
1694 0.784092 0.99809 0.875072 0.94455 0.950448
1695 0.784547 0.99824 0.875358 0.944706 0.95039
1696 0.78443 0.998155 0.875211 0.944862 0.950331
1697 0.78396 0.997992 0.874738 0.945019 0.950273
1698 0.784175 0.997787 0.875067 0.945176 0.950214
1699 0.784031 0.997524 0.875044 0.945333 0.950156
1700 0.784885 0.997247 0.87615 0.94549 0.950097
1701 0.784783 0.996985 0.876175 0.945647 0.950038
1702 0.78413 0.996737 0.875571 0.945805 0.94998
1703 0.783649 0.996468 0.875179 0.945962 0.949921
1704 0.783723 0.996226 0.875382 0.94612 0.949863
1705 0.784645 0.995953 0.876561 0.946277 0.949804
1706 0.78347 0.995684 0.875392 0.946435 0.949746
1707 0.783924 0.995495 0.875974 0.946593 0.949687
1708 0.78362 0.99539 0.875635 0.94675 0.949629
1709 0.783484 0.995294 0.875476 0.946908 0.94957
1710 0.784176 0.995199 0.87624 0.947066 0.949512
1711 0.784061 0.995166 0.876049 0.947223 0.949453
1712 0.783598 0.995145 0.875459 0.94738 0.949395
1713 0.783368 0.995216 0.875048 0.947538 0.949336
1714 0.78391 0.995303 0.875486 0.947695 0.949277
1715 0.784952 0.995433 0.876444 0.947852 0.949219
1716 0.785438 0.995608 0.876742 0.948009 0.94916
1717 0.78482 0.995787 0.875803 0.948166 0.949102
1718 0.784194 0.995939 0.874881 0.948322 0.949043
1719 0.784994 0.996106 0.875536 0.948478 0.948985
1720 0.785792 0.996226 0.876231 0.948634 0.948926
1721 0.785695 0.996296 0.875971 0.94879 0.948868
1722 0.785568 0.996324 0.875715 0.948946 0.948809
1723 0.784724 0.996412 0.874608 0.949101 0.948751
1724 0.785605 0.996446 0.875471 0.949256 0.948692
1725 0.786192 0.996421 0.876058 0.949411 0.948634
1726 0.785639 0.996301 0.87546 0.949565 0.948575
1727 0.785329 0.996127 0.875179 0.949719 0.948516
1728 0.785345 0.99595 0.875265 0.949872 0.948458
1729 0.785001 0.995746 0.874975 0.950025 0.948399
1730 0.78512 0.995532 0.875208 0.950178 0.948341
1731 0.785484 0.995286 0.875745 0.95033 0.948282
1732 0.784315 0.995026 0.874584 0.950481 0.948224
1733 0.784088 0.994751 0.874487 0.950633 0.948165
1734 0.783944 0.994443 0.874513 0.950783 0.948107
1735 0.78449 0.994123 0.875319 0.950934 0.948048
1736 0.784243 0.993805 0.87524 0.951083 0.94799
1737 0.782729 0.993548 0.873694 0.951232 0.947931
1738 0.782444 0.993389 0.873432 0.951381 0.947873
1739 0.782518 0.993102 0.873687 0.951528 0.947814
1740 0.782921 0.992826 0.874298 0.951676 0.947755
1741 0.782708 0.992586 0.874191 0.951822 0.947697
1742 0.781887 0.992465 0.873301 0.951968 0.947638
1743 0.782115 0.992333 0.873592 0.952113 0.94758
1744 0.782191 0.992277 0.873648 0.952258 0.947521
1745 0.782179 0.992171 0.873649 0.952402 0.947463
1746 0.781438 0.992252 0.872674 0.952545 0.947404
1747 0.781222 0.992258 0.87235 0.952687 0.947346
1748 0.781511 0.992346 0.87252 0.952829 0.947287
1749 0.781795 0.992499 0.872628 0.952969 0.947229
1750 0.782367 0.992573 0.873127 0.953109 0.94717
1751 0.782486 0.992646 0.873152 0.953248 0.94708
1752 0.782347 0.992937 0.872697 0.953386 0.94699
1753 0.782334 0.993254 0.872361 0.953524 0.9469
1754 0.78349 0.993411 0.87347 0.95366 0.94681
1755 0.783142 0.99352 0.872945 0.953796 0.94672
1756 0.782602 0.99379 0.872066 0.95393 0.946631
1757 0.782911 0.994059 0.872132 0.954064 0.946543
1758 0.783305 0.994272 0.872345 0.954196 0.946455
1759 0.783152 0.99432 0.872093 0.954328 0.946367
1760 0.783254 0.994525 0.871987 0.954459 0.94628
1761 0.782914 0.994616 0.87149 0.954588 0.946194
1762 0.782685 0.994746 0.871082 0.954717 0.946109
1763 0.782858 0.994952 0.871055 0.954844 0.946025
1764 0.783726 0.995023 0.87192 0.954971 0.945942
1765 0.783936 0.995089 0.872058 0.955096 0.945859
1766 0.783709 0.995109 0.871749 0.95522 0.945778
1767 0.783711 0.99516 0.871668 0.955343 0.945698
1768 0.783854 0.99522 0.871735 0.955465 0.94562
1769 0.784347 0.995158 0.872298 0.955586 0.945543
1770 0.783709 0.995118 0.871586 0.955705 0.945467
1771 0.784518 0.995121 0.872443 0.955823 0.945393
1772 0.783213 0.994986 0.871071 0.95594 0.94532
1773 0.782885 0.99496 0.870689 0.956056 0.945249
1774 0.783729 0.994995 0.871556 0.95617 0.94518
1775 0.784404 0.995125 0.872152 0.956283 0.945112
1776 0.783979 0.995096 0.871663 0.956395 0.945047
1777 0.782883 0.994904 0.870571 0.956506 0.944983
1778 0.7843 0.994973 0.872043 0.956615 0.944922
1779 0.784058 0.994961 0.871741 0.956722 0.944863
1780 0.783711 0.995026 0.871254 0.956829 0.944805
1781 0.783621 0.995028 0.871107 0.956934 0.944751
1782 0.783893 0.995098 0.871303 0.957037 0.944698
1783 0.784846 0.995067 0.872343 0.957139 0.944648
1784 0.784943 0.995121 0.872355 0.95724 0.944601
1785 0.785023 0.995117 0.872398 0.957339 0.944556
1786 0.784939 0.995161 0.872218 0.957436 0.944513
1787 0.784102 0.99521 0.871193 0.957532 0.944474
1788 0.78395 0.995057 0.871106 0.957627 0.944437
1789 0.784844 0.995184 0.871936 0.957719 0.944403
1790 0.784615 0.995211 0.871603 0.957811 0.944372
1791 0.78523 0.995425 0.872043 0.9579 0.944344
1792 0.784244 0.995107 0.871169 0.957988 0.94432
1793 0.78518 0.995109 0.872148 0.958075 0.944298
1794 0.78436 0.995065 0.871216 0.958159 0.94428
1795 0.785156 0.995104 0.872004 0.958242 0.944265
1796 0.785355 0.995148 0.872124 0.958323 0.944253
1797 0.784839 0.99512 0.87151 0.958403 0.944245
1798 0.785073 0.994912 0.871885 0.958481 0.944241
1799 0.784786 0.994613 0.87176 0.958557 0.94424
1800 0.784362 0.99308 0.872564 0.958631 0.944243
1801 0.784084 0.993079 0.8721 0.958704 0.944339
1802 0.783829 0.992772 0.871931 0.958774 0.944438
1803 0.783869 0.992643 0.871931 0.958843 0.944541
1804 0.783765 0.992489 0.871792 0.95891 0.944647
1805 0.784564 0.992605 0.872419 0.958975 0.944756
1806 0.78436 0.992718 0.871931 0.959038 0.944869
1807 0.784611 0.992881 0.871905 0.959099 0.944984
1808 0.785576 0.992946 0.872758 0.959158 0.945102
1809 0.784746 0.992735 0.871856 0.959216 0.945224
1810 0.78549 0.992959 0.872322 0.959271 0.945347
1811 0.785304 0.993175 0.871761 0.959324 0.945473
1812 0.785136 0.993129 0.871449 0.959376 0.945602
1813 0.786133 0.993376 0.872174 0.959425 0.945732
1814 0.786126 0.993336 0.872037 0.959472 0.945864
1815 0.786775 0.993148 0.872757 0.959517 0.945999
1816 0.787118 0.993638 0.872542 0.95956 0.946135
1817 0.787223 0.993777 0.872372 0.959601 0.946273
1818 0.787375 0.993671 0.87247 0.95964 0.946412
1819 0.787205 0.993559 0.872218 0.959676 0.946552
1820 0.787899 0.993609 0.87278 0.959711 0.946694
1821 0.787419 0.993843 0.871882 0.959743 0.946837
1822 0.787028 0.994035 0.871122 0.959773 0.946981
1823 0.788158 0.994448 0.871852 0.959801 0.947125
1824 0.788303 0.994454 0.87185 0.959827 0.94727
1825 0.788003 0.993955 0.8718 0.95985 0.947416
1826 0.788258 0.994243 0.871676 0.959871 0.947562
1827 0.789794 0.99506 0.872507 0.959889 0.947708
1828 0.790127 0.995339 0.87248 0.959906 0.947855
1829 0.789555 0.995084 0.871924 0.95992 0.948001
1830 0.788853 0.994859 0.871202 0.959931 0.948147
1831 0.788861 0.994714 0.871195 0.959941 0.948293
1832 0.789785 0.994781 0.872017 0.959948 0.948438
1833 0.78966 0.994892 0.871644 0.959952 0.948583
1834 0.789539 0.994394 0.871813 0.959954 0.948727
1835 0.790136 0.994272 0.872448 0.959954 0.94887
1836 0.790082 0.994481 0.872077 0.959951 0.949012
1837 0.789426 0.994121 0.871544 0.959946 0.949153
1838 0.788893 0.99357 0.871317 0.959938 0.949293
1839 0.790082 0.993785 0.872323 0.959928 0.949432
1840 0.790606 0.993866 0.872717 0.959915 0.949568
1841 0.789082 0.992694 0.871952 0.9599 0.949704
1842 0.788545 0.993101 0.870895 0.959883 0.949837
1843 0.78949 0.993685 0.871324 0.959863 0.949968
1844 0.789241 0.993669 0.870966 0.95984 0.950097
1845 0.789959 0.993934 0.871432 0.959815 0.950224
1846 0.789683 0.99437 0.870656 0.959788 0.950349
1847 0.78983 0.994015 0.871044 0.959758 0.950471
1848 0.79015 0.993524 0.871747 0.959726 0.950591
1849 0.790164 0.993491 0.871716 0.959691 0.950707
1850 0.790147 0.993582 0.871547 0.959654 0.950821
1851 0.790461 0.994 0.871536 0.959614 0.95085
1852 0.790329 0.994322 0.871123 0.959572 0.950876
1853 0.791048 0.994574 0.871714 0.959527 0.950899
1854 0.79041 0.994482 0.871116 0.95948 0.950919
1855 0.790467 0.994617 0.87109 0.95943 0.950937
1856 0.790872 0.995296 0.870976 0.959378 0.950951
1857 0.79095 0.995613 0.870823 0.959323 0.950963
1858 0.791838 0.996101 0.871417 0.959266 0.950972
1859 0.791957 0.996145 0.871558 0.959206 0.950979
1860 0.791403 0.996233 0.870925 0.959143 0.950983
1861 0.791886 0.996063 0.871662 0.959078 0.950985
1862 0.792465 0.996191 0.872249 0.959011 0.950984
1863 0.792335 0.996526 0.87188 0.958941 0.950981
1864 0.791951 0.996616 0.87145 0.958868 0.950975
1865 0.791845 0.996918 0.871144 0.958793 0.950968
1866 0.792469 0.997528 0.871378 0.958715 0.950958
1867 0.792439 0.997232 0.871687 0.958635 0.950946
1868 0.792756 0.997272 0.872089 0.958552 0.950932
1869 0.792456 0.99662 0.872421 0.958467 0.950916
1870 0.79158 0.996415 0.871734 0.958378 0.950898
1871 0.792136 0.99712 0.871829 0.958288 0.950878
1872 0.791753 0.996261 0.872264 0.958195 0.950856
1873 0.792017 0.996265 0.87266 0.958099 0.950833
1874 0.791057 0.99598 0.871964 0.958 0.950808
1875 0.789857 0.995351 0.871309 0.957899 0.950781
1876 0.789798 0.99501 0.871661 0.957796 0.950753
1877 0.789741 0.994735 0.871965 0.957689 0.950723
1878 0.789033 0.994337 0.871659 0.957581 0.950691
1879 0.788264 0.994095 0.871153 0.957469 0.950659
1880 0.787586 0.993499 0.87106 0.957355 0.950625
1881 0.78801 0.993536 0.871636 0.957238 0.950589
1882 0.788038 0.993598 0.871755 0.957119 0.950553
1883 0.787704 0.993276 0.871813 0.956997 0.950515
1884 0.787138 0.993232 0.871375 0.956872 0.950476
1885 0.786423 0.992904 0.871023 0.956745 0.950436
1886 0.786751 0.993208 0.871276 0.956615 0.950395
1887 0.786775 0.993991 0.870776 0.956482 0.950353
1888 0.78603 0.993534 0.870515 0.956346 0.95031
1889 0.78557 0.993493 0.870206 0.956208 0.950267
1890 0.785558 0.993772 0.870117 0.956068 0.950222
1891 0.785282 0.993911 0.869862 0.955924 0.950177
1892 0.785147 0.993962 0.869842 0.955778 0.950132
1893 0.785373 0.994194 0.870067 0.95563 0.950085
1894 0.78541 0.994383 0.870123 0.955478 0.950039
1895 0.785458 0.995018 0.869805 0.955324 0.949991
1896 0.785554 0.995298 0.869852 0.955167 0.949944
1897 0.784749 0.994828 0.86956 0.955008 0.949896
1898 0.785456 0.995792 0.869694 0.954845 0.949847
1899 0.785399 0.995897 0.869734 0.95468 0.949799
1900 0.78537 0.996388 0.86947 0.954513 0.94975
1901 0.785298 0.996716 0.86928 0.954342 0.949728
1902 0.784493 0.996038 0.869159 0.954169 0.949705
1903 0.784131 0.996663 0.868393 0.953993 0.949683
1904 0.784657 0.996727 0.869104 0.953814 0.94966
1905 0.784848 0.996393 0.869792 0.953633 0.949638
1906 0.783752 0.995842 0.869247 0.953449 0.949615
1907 0.783136 0.995792 0.868799 0.953262 0.949592
1908 0.782946 0.995784 0.868789 0.953072 0.949569
1909 0.782407 0.995216 0.868883 0.95288 0.949546
1910 0.782332 0.995027 0.869165 0.952684 0.949522
1911 0.781474 0.99477 0.868638 0.952486 0.949499
1912 0.780487 0.994053 0.868371 0.952286 0.949475
1913 0.779686 0.99335 0.868302 0.952082 0.949451
1914 0.78005 0.9932 0.869048 0.951876 0.949427
1915 0.779746 0.992603 0.869445 0.951667 0.949403
1916 0.77902 0.9922 0.869204 0.951455 0.949378
1917 0.778518 0.99212 0.868934 0.95124 0.949353
1918 0.777723 0.991798 0.868549 0.951022 0.949329
1919 0.777697 0.991051 0.869399 0.950802 0.949304
1920 0.776706 0.990859 0.868687 0.950579 0.949278
1921 0.776875 0.990738 0.869211 0.950353 0.949253
1922 0.776562 0.990677 0.869148 0.950124 0.949227
1923 0.775662 0.990253 0.868748 0.949892 0.949201
1924 0.775413 0.990701 0.868314 0.949658 0.949175
1925 0.775848 0.990859 0.868904 0.949421 0.949149
1926 0.775459 0.991036 0.868558 0.94918 0.949122
1927 0.77614 0.991131 0.869485 0.948937 0.949095
1928 0.775399 0.991129 0.868905 0.948692 0.949068
1929 0.775472 0.991296 0.869094 0.948443 0.949041
1930 0.775418 0.991543 0.869073 0.948191 0.949013
1931 0.775149 0.991751 0.868848 0.947937 0.948985
1932 0.775039 0.992372 0.868443 0.947679 0.948957
1933 0.774799 0.992755 0.868103 0.947419 0.948929
1934 0.775624 0.992656 0.869382 0.947156 0.9489
1935 0.774676 0.992999 0.86829 0.94689 0.948871
1936 0.775086 0.993721 0.868391 0.946621 0.948842
1937 0.775903 0.994057 0.86929 0.946349 0.948812
1938 0.775005 0.993795 0.868791 0.946075 0.948783
1939 0.775384 0.993928 0.869382 0.945797 0.948753
1940 0.774859 0.994003 0.869014 0.945517 0.948722
1941 0.774337 0.993602 0.869068 0.945233 0.948691
1942 0.773853 0.993546 0.868865 0.944947 0.94866
1943 0.77327 0.993933 0.868166 0.944658 0.948629
1944 0.773948 0.994051 0.869123 0.944366 0.948597
1945 0.77305 0.993825 0.868613 0.94407 0.948565
1946 0.772543 0.993696 0.86846 0.943772 0.948533
1947 0.772398 0.993045 0.869173 0.943471 0.9485
1948 0.77081 0.992511 0.868163 0.943167 0.948467
1949 0.77159 0.992267 0.869567 0.942861 0.948434
1950 0.770118 0.991834 0.868604 0.942551 0.9484
1951 0.769618 0.991355 0.8688 0.942238 0.948343
1952 0.76913 0.991134 0.868788 0.941922 0.948285
1953 0.768522 0.990557 0.868954 0.941603 0.948227
1954 0.76855 0.990226 0.869626 0.941282 0.948169
1955 0.767581 0.990181 0.868922 0.940957 0.948111
1956 0.76739 0.989732 0.869456 0.940629 0.948053
1957 0.766557 0.989519 0.869057 0.940299 0.947995
1958 0.765805 0.989595 0.8685 0.939965 0.947936
1959 0.765842 0.989622 0.868883 0.939628 0.947878
1960 0.766011 0.989771 0.869311 0.939289 0.94782
1961 0.76534 0.989955 0.868759 0.938946 0.947762
1962 0.766141 0.989639 0.870319 0.9386 0.947704
1963 0.764585 0.990113 0.868511 0.938252 0.947646
1964 0.765535 0.990544 0.86959 0.9379 0.947589
1965 0.765135 0.990715 0.869367 0.937545 0.947532
1966 0.766176 0.99127 0.870446 0.937187 0.947476
1967 0.765197 0.991618 0.869415 0.936827 0.94742
1968 0.764724 0.991475 0.869392 0.936463 0.947364
1969 0.765172 0.991886 0.869932 0.936096 0.947309
1970 0.765396 0.992531 0.870015 0.935726 0.947254
1971 0.766029 0.992901 0.870806 0.935353 0.947201
1972 0.764993 0.993228 0.869741 0.934977 0.947147
1973 0.765353 0.993457 0.870351 0.934598 0.947095
1974 0.765633 0.993513 0.871024 0.934215 0.947044
1975 0.764941 0.993751 0.870434 0.93383 0.946993
1976 0.763977 0.993876 0.869635 0.933442 0.946943
1977 0.763936 0.993655 0.870192 0.93305 0.946894
1978 0.763678 0.993892 0.870102 0.932656 0.946846
1979 0.764162 0.993806 0.871143 0.932258 0.9468
1980 0.764382 0.993711 0.871894 0.931857 0.946754
1981 0.763307 0.993873 0.870944 0.931454 0.946709
1982 0.762961 0.993722 0.871102 0.931047 0.946666
1983 0.762256 0.993623 0.870806 0.930637 0.946624
1984 0.762888 0.993558 0.87201 0.930224 0.946583
1985 0.7612 0.99347 0.870584 0.929807 0.946544
1986 0.76136 0.993433 0.871226 0.929388 0.946506
1987 0.761157 0.993538 0.871333 0.928965 0.946469
1988 0.760521 0.993438 0.871123 0.92854 0.946434
1989 0.76097 0.993265 0.872222 0.928111 0.946401
1990 0.76026 0.993447 0.871684 0.927679 0.946369
1991 0.760623 0.993436 0.872547 0.927244 0.946339
1992 0.759622 0.993161 0.872078 0.926806 0.94631
1993 0.759093 0.993005 0.872048 0.926364 0.946284
1994 0.759408 0.992949 0.872901 0.92592 0.946259
1995 0.758108 0.992692 0.872075 0.925472 0.946236
1996 0.757422 0.99239 0.871996 0.925021 0.946214
1997 0.756707 0.99209 0.871882 0.924567 0.946195
1998 0.756262 0.991797 0.872073 0.92411 0.946178
1999 0.755633 0.991196 0.872325 0.923649 0.946163
2000 0.754983 0.99041 0.872716 0.923186 0.94615
2001 0.754625 0.989839 0.873184 0.922719 0.946218
2002 0.752571 0.988966 0.871955 0.922249 0.946289
2003 0.752001 0.988041 0.872492 0.921776 0.946361
2004 0.751835 0.987362 0.873283 0.921299 0.946435
2005 0.749975 0.986211 0.872523 0.92082 0.94651
2006 0.748331 0.984506 0.872505 0.920337 0.946587
2007 0.746257 0.982338 0.872395 0.919851 0.946666
2008 0.743318 0.979005 0.872309 0.919361 0.946745
2009 0.740312 0.974983 0.872758 0.918869 0.946826
2010 0.735641 0.968383 0.873559 0.918373 0.946907
2011 0.726973 0.959095 0.872024 0.917874 0.946989
2012 0.71708 0.945825 0.872626 0.917373 0.947072
2013 0.701749 0.926733 0.871964 0.916868 0.947156
2014 0.683284 0.901488 0.873204 0.91636 0.947239
2015 0.658185 0.869118 0.872866 0.915849 0.947323
2016 0.626732 0.82845 0.872367 0.915335 0.947407
2017 0.58954 0.779885 0.872113 0.914818 0.947491
2018 0.54755 0.724036 0.872896 0.914298 0.947575
2019 0.500416 0.661607 0.873454 0.913775 0.947659
2020 0.44845 0.593232 0.873393 0.91325 0.947741
2021 0.394375 0.522011 0.873301 0.912721 0.947824
2022 0.341116 0.452128 0.872551 0.91219 0.947905
2023 0.291085 0.386165 0.872196 0.911656 0.947986
2024 0.245152 0.324724 0.873991 0.911119 0.948066
2025 0.202982 0.269015 0.873955 0.910579 0.948144
2026 0.166649 0.221071 0.873579 0.910037 0.948221
2027 0.136019 0.180604 0.873233 0.909492 0.948297
2028 0.110772 0.147218 0.872881 0.908944 0.948371
2029 0.0897548 0.119271 0.873449 0.908394 0.948443
2030 0.0725337 0.0964968 0.872918 0.907841 0.948514
2031 0.0591463 0.0786728 0.873542 0.907286 0.948582
2032 0.0482512 0.0642435 0.873166 0.906728 0.948648
2033 0.0393561 0.0524098 0.873487 0.906168 0.948712
2034 0.0320839 0.0427544 0.873383 0.905605 0.948774
2035 0.0261867 0.034888 0.874074 0.905039 0.948833
2036 0.0215135 0.0287293 0.872521 0.904471 0.948889
2037 0.0178506 0.0238245 0.873508 0.903901 0.948943
2038 0.0146506 0.0195708 0.873249 0.903329 0.948993
2039 0.0121181 0.0161895 0.873666 0.902754 0.94904
2040 0.0102393 0.013697 0.873071 0.902177 0.949084
2041 0.00851747 0.0113981 0.873257 0.901597 0.949125
2042 0.00722383 0.00967496 0.873064 0.901015 0.949162
2043 0.00608612 0.00816265 0.872376 0.900431 0.949195
2044 0.00510095 0.00683753 0.873403 0.899845 0.949225
2045 0.00437793 0.00587716 0.872643 0.899257 0.94925
2046 0.00369812 0.00496707 0.872753 0.898666 0.949272
2047 0.00309185 0.00415191 0.873493 0.898074 0.949289
2048 0.00268526 0.00360795 0.87357 0.897479 0.949302
2049 0.00229602 0.00308842 0.873163 0.896882 0.94931
2050 0.00199001 0.00268165 0.872161 0.896284 0.949314
2051 0.00161642 0.00217884 0.872606 0.895683 0.949199
2052 0.00143054 0.00192826 0.87331 0.89508 0.94908
2053 0.00141524 0.00190949 0.873168 0.894475 0.948956
2054 0.0011792 0.0015932 0.872683 0.893869 0.948828
2055 0.000915568 0.00123845 0.872384 0.89326 0.948695
2056 0.000820442 0.00111061 0.87245 0.89265 0.948559
2057 0.000717119 0.000971382 0.872607 0.892037 0.948418
2058 0.00069946 0.000948264 0.872602 0.891423 0.948274
2059 0.000491356 0.000666726 0.872568 0.890808 0.948125
2060 0.000303227 0.000411782 0.872614 0.89019 0.947973
2061 0.000469009 0.000637962 0.871928 0.889571 0.947818
2062 0.000420228 0.00057212 0.871904 0.88895 0.947659
2063 0.000363711 0.000495182 0.872651 0.888327 0.947497
2064 0.000454089 0.000618886 0.872489 0.887703 0.947332
2065 0.000417373 0.000569723 0.871915 0.887077 0.947165
2066 0.000257031 0.000350951 0.872445 0.88645 0.946994
2067 0.000150792 0.000206078 0.872435 0.885821 0.94682
2068 0.000155075 0.000212318 0.871627 0.88519 0.946645
2069 0.000264057 0.000361759 0.871859 0.884558 0.946466
2070 0.000290414 0.000398038 0.872281 0.883924 0.946286
2071 4.96491e-05 6.8143e-05 0.871865 0.883289 0.946103
2072 4.46202e-05 6.13198e-05 0.871539 0.882653 0.945918
2073 0.000171089 0.000235398 0.871316 0.882015 0.945732
2074 0.000115189 0.000158467 0.872231 0.881376 0.945543
2075 3.55206e-05 4.89276e-05 0.871939 0.880736 0.945353
2076 0.000246658 0.000340149 0.871747 0.880094 0.945162
2077 -6.40886e-05 -8.85078e-05 0.871305 0.879451 0.944969
2078 2.9269e-05 4.04722e-05 0.871022 0.878807 0.944775
2079 0.000241174 0.000333377 0.87213 0.878161 0.94458
2080 5.7033e-05 7.89154e-05 0.87209 0.877515 0.944384
2081 -5.88928e-05 -8.16143e-05 0.871574 0.876867 0.944187
2082 3.93991e-05 5.46886e-05 0.870984 0.876218 0.94399
2083 8.36753e-05 0.000116154 0.87176 0.875568 0.943792
2084 2.52797e-05 3.5097e-05 0.872468 0.874917 0.943593
2085 8.08937e-05 0.00011247 0.872052 0.874264 0.943394
2086 0.000114519 0.000159472 0.871509 0.873611 0.943196
2087 0.000101491 0.000141381 0.872032 0.872957 0.942997
2088 0.000196291 0.000273665 0.872158 0.872302 0.942798
2089 0.000130042 0.000181433 0.872366 0.871646 0.942599
2090 6.6507e-05 9.28463e-05 0.872678 0.870989 0.942401
2091 -2.46928e-05 -3.45188e-05 0.87234 0.870331 0.942204
2092 -0.000117344 -0.00016425 0.872057 0.869672 0.942007
2093 -6.723e-05 -9.4116e-05 0.87279 0.869013 0.941811
2094 2.22424e-05 3.11525e-05 0.873212 0.868352 0.941615
2095 0.000115568 0.00016205 0.873048 0.867691 0.941421
2096 7.04467e-05 9.89243e-05 0.872628 0.867029 0.941228
2097 -0.000125533 -0.00017649 0.872428 0.866367 0.941037
2098 -3.65619e-05 -5.144e-05 0.87265 0.865703 0.940846
2099 4.11527e-05 5.78934e-05 0.873579 0.865039 0.940658
2100 -3.40488e-05 -4.79498e-05 0.873508 0.864375 0.940471
2101 -0.000119995 -0.000169152 0.873417 0.86371 0.940362
2102 5.84785e-05 8.25006e-05 0.873495 0.863044 0.940256
2103 -1.61571e-05 -2.2802e-05 0.873965 0.862378 0.940151
2104 0.000130578 0.000184477 0.873806 0.861711 0.940047
2105 0.000264688 0.000374352 0.873628 0.861044 0.939946
2106 0.000133714 0.00018937 0.873211 0.860376 0.939846
2107 -0.000111219 -0.000157759 0.872615 0.859708 0.939747
2108 1.21877e-05 1.72972e-05 0.872907 0.859039 0.93965
2109 2.29811e-05 3.26368e-05 0.873107 0.85837 0.939554
2110 3.7852e-05 5.38024e-05 0.873118 0.857701 0.93946
2111 0.00020528 0.000292391 0.872067 0.857032 0.939368
2112 0.000161287 0.000230183 0.871114 0.856362 0.939276
2113 9.59891e-05 0.00013716 0.870814 0.855692 0.939186
2114 0.000110717 0.000158453 0.870217 0.855021 0.939097
2115 0.000235205 0.000337402 0.868945 0.854351 0.939009
2116 0.000133026 0.000191288 0.867612 0.85368 0.938922
2117 7.88886e-06 1.13596e-05 0.867177 0.853009 0.938836
2118 0.000230194 0.000332041 0.866444 0.852338 0.938751
2119 0.000262786 0.000380428 0.864068 0.851667 0.938668
2120 2.49745e-05 3.62734e-05 0.862002 0.850996 0.938585
2121 -2.63215e-05 -3.83323e-05 0.860449 0.850324 0.938503
2122 -2.03839e-05 -2.97933e-05 0.858083 0.849653 0.938421
2123 4.39725e-06 6.45049e-06 0.855716 0.848982 0.938341
2124 2.30363e-05 3.39643e-05 0.852138 0.848312 0.938261
2125 0.000110835 0.00016406 0.849518 0.847643 0.938182
2126 0.000148201 0.000220403 0.846274 0.846976 0.938103
2127 -2.92328e-05 -4.37376e-05 0.841921 0.84631 0.938025
2128 3.16327e-05 4.76046e-05 0.837761 0.845646 0.937948
2129 2.56206e-05 3.87666e-05 0.833949 0.844985 0.93787
2130 3.62312e-05 5.51505e-05 0.829689 0.844327 0.937794
2131 3.1871e-05 4.88725e-05 0.824301 0.843672 0.937717
2132 0.000104125 0.000160932 0.818534 0.84302 0.937641
2133 6.69694e-05 0.0001044 0.812213 0.842373 0.937565
2134 3.44666e-05 5.41951e-05 0.805933 0.841729 0.93749
2135 9.83981e-05 0.000156126 0.79935 0.841091 0.937414
2136 1.38216e-06 2.21591e-06 0.79176 0.840457 0.937339
2137 -6.53993e-05 -0.00010604 0.783522 0.839829 0.937263
2138 -0.000124372 -0.000203937 0.775409 0.839207 0.937188
2139 0.000183219 0.000304228 0.766354 0.83859 0.937112
2140 0.000122586 0.000206046 0.757678 0.83798 0.937037
2141 -5.39949e-05 -9.19952e-05 0.748075 0.837377 0.936961
2142 -9.22186e-05 -0.000159498 0.737505 0.836781 0.936885
2143 -2.5946e-05 -4.55186e-05 0.727652 0.836193 0.936809
2144 7.47643e-06 1.33144e-05 0.717384 0.835613 0.936733
2145 -6.39296e-05 -0.000115796 0.705864 0.83504 0.936656

