4369.190 0.00056679011507854
4379.190 0.00095861003123264
4389.180 0.0014222192668852
4399.180 0.0017743627364614
4409.170 0.0017759292855133
4419.170 0.0015893083675879
4429.160 0.0015197711551908
4439.150 0.0016367665308994
4449.150 0.0017004749033207
4459.140 0.001630730073096
4469.140 0.0021505801024037
4479.130 0.0038159666691211
4489.120 0.005469151955157
4499.120 0.0049075209173836
4509.110 0.002649285648969
4519.110 0.0013916987804899
4529.100 0.0023998297521869
4539.090 0.0038630219733651
4549.090 0.0041725310261388
4559.080 0.0031289801957178
4569.080 0.0020110738305816
4579.070 0.0019870963483393
4589.070 0.002191420037652
4599.060 0.0018406845500468
4609.050 0.0011385280750117
4619.050 0.0007594274011402
4629.040 0.00087678522847243
4639.040 0.0011249222580268
4649.030 0.0011341370502031
4659.020 0.0011462535246013
4669.020 0.0015963659028934
4679.010 0.0024726424098241
4689.010 0.0030068413053051
4699.000 0.002603962680456
4708.990 0.0017987888079545
4718.990 0.0014040251456908
4728.980 0.0016755087444703
4738.980 0.002177489295466
4748.970 0.0023486920333469
4758.970 0.0020829558832946
4768.960 0.0018660000177174
4778.950 0.002215059040708
4788.950 0.0031384776820817
4798.940 0.0041855519026953
4808.940 0.0047026021430328
4818.930 0.0042623183842051
4828.920 0.0033869108483343
4838.920 0.0024023710308675
4848.910 0.0015861923787352
4858.910 0.0014205437245275
4868.900 0.0022510422288618
4878.890 0.0041980197268167
4888.890 0.0061275472601809
4898.880 0.0066743229446149
4908.880 0.0054680387927494
4918.870 0.0036412071136536
4928.870 0.0026423834721874
4938.860 0.0032095535171861
4948.850 0.0051665785288905
4958.850 0.0080215399077462
4968.840 0.010915676381017
4978.840 0.013184261377986
4988.830 0.014638163290972
4998.820 0.015207171139077
5008.820 0.01488566079731
5018.810 0.013719511350726
5028.810 0.012188537989717
5038.800 0.010463857759635
5048.790 0.008857850265311
5058.790 0.0074643941465607
5068.780 0.0064922333486447
5078.780 0.0063862841182279
5088.770 0.0072924135461072
5098.770 0.0085739047796755
5108.760 0.0092846913453615
5118.750 0.0092293286644982
5128.750 0.0090154575040874
5138.740 0.0096418264754396
5148.740 0.010918794268614
5158.730 0.011769548684928
5168.720 0.011494670377109
5178.720 0.010647697788314
5188.710 0.011119396055422
5198.710 0.013504491527394
5208.700 0.016668611773929
5218.690 0.018062780681459
5228.690 0.017033208329435
5238.680 0.015005380433075
5248.680 0.01447860609999
5258.670 0.01657785767815
5268.670 0.01958232809472
5278.660 0.021642875109229
5288.650 0.022208101952549
5298.650 0.022101448625035
5308.640 0.021265715551366
5318.640 0.018455490536066
5328.630 0.013472882331065
5338.620 0.0093757519838535
5348.620 0.008158786498743
5358.610 0.0089445409322939
5368.610 0.013055939482046
5378.600 0.029430699622136
5388.590 0.055072583791663
5398.590 0.098966162555504
5408.580 0.26478578413047
5418.580 0.52152093739391
5428.570 0.65157221422763
5438.570 0.68504800885672
5448.560 0.69348490596313
5458.550 0.69751282390087
5468.550 0.69939616531267
5478.540 0.70129426661459
5488.540 0.70261323352984
5498.530 0.70402755910426
5508.520 0.70552192536322
5518.520 0.70746272258824
5528.510 0.70862337773673
5538.510 0.71042760078267
5548.500 0.71194072195338
5558.500 0.71301196344608
5568.490 0.71401303884674
5578.480 0.71574991366373
5588.480 0.71695938760185
5598.470 0.71800488631136
5608.470 0.71906084394614
5618.460 0.7206412789746
5628.450 0.72168347895724
5638.450 0.7222594049741
5648.440 0.72354792212106
5658.440 0.72498348934643
5668.430 0.72577626604428
5678.420 0.72642182621488
5688.420 0.72741663950544
5698.410 0.72814100430195
5708.410 0.72981989075814
5718.400 0.73072607649955
5728.400 0.73186649434245
5738.390 0.73267253149841
5748.380 0.73353661853071
5758.380 0.73456251910471
5768.370 0.73481520001219
5778.370 0.73604177629867
5788.360 0.73697881160407
5798.350 0.73772872920691
5808.350 0.73821850752894
5818.340 0.73949869568861
5828.340 0.74002529645517
5838.330 0.74063631239788
5848.320 0.74223180963898
5858.320 0.74267049496043
5868.310 0.74312341983756
5878.310 0.74404893509719
5888.300 0.74379323328503
5898.300 0.74408539218787
5908.290 0.7453677969365
5918.280 0.74621855406871
5928.280 0.74677909372091
5938.270 0.74790338452716
5948.270 0.74854737239955
5958.260 0.74874648042409
5968.250 0.74946942932513
5978.250 0.74982619560218
5988.240 0.75029640748311
5998.240 0.75078244598891
6008.230 0.75167738992787
6018.220 0.75195028577403
6028.220 0.75209550464419
6038.210 0.75279616292191
6048.210 0.7534604638549
6058.200 0.75336748320712
6068.200 0.75446717013109
6078.190 0.75444559209972
6088.180 0.75383962468349
6098.180 0.75384594311573
6108.170 0.75448129495368
6118.170 0.75471794302129
6128.160 0.75489300675431
6138.150 0.75525094503945
6148.150 0.75542455037631
6158.140 0.75573453084327
6168.140 0.75570310648917
6178.130 0.75564670829285
6188.120 0.75622134457586
6198.120 0.75598650906028
6208.110 0.75594613506249
6218.110 0.756256647077
6228.100 0.75669562009595
6238.100 0.75719862123529
6248.090 0.75696775032618
6258.080 0.75767115461061
6268.080 0.75747051249984
6278.070 0.75802497185897
6288.070 0.75823516226824
6298.060 0.75722442224016
6308.050 0.75709657180328
6318.050 0.75741417842801
6328.040 0.75775965771516
6338.040 0.75798612056007
6348.030 0.7575653850704
6358.020 0.7577846789686
6368.020 0.75805908533789
6378.010 0.75820198155069
6388.010 0.75893427095814
6398.000 0.75950923206492
6408.000 0.75979778732508
6417.990 0.75852932871412
6427.980 0.75787985015038
6437.980 0.75811778193895
6447.970 0.7577258448963
6457.970 0.75846837242834
6467.960 0.75885069685602
6477.950 0.75824809501231
6487.950 0.7575648821369
6497.940 0.75767216305622
6507.940 0.75882348814418
6517.930 0.75888951773332
6527.920 0.75853024397401
6537.920 0.75775284355406
6547.910 0.75731717390092
6557.910 0.75700209169956
6567.900 0.75795848480387
6577.900 0.75754399909288
6587.890 0.75722829692287
6597.880 0.75747243197232
6607.880 0.75708854103291
6617.870 0.75751727971505
6627.870 0.75680299174188
6637.860 0.75705834765783
6647.850 0.75590949797028
6657.850 0.75556853192996
6667.840 0.75605248397383
6677.840 0.75607149004025
6687.830 0.75652840128407
6697.820 0.75584335243906
6707.820 0.75542388541319
6717.810 0.75619600205319
6727.810 0.75711659768978
6737.800 0.75674770449548
6747.800 0.75702552552465
6757.790 0.75692031251085
6767.780 0.75735958138062
6777.780 0.7575182565327
6787.770 0.75716700468388
6797.770 0.75645374034373
6807.760 0.75824515375142
6817.750 0.75715939577143
6827.750 0.75789535459157
6837.740 0.75735986249054
6847.740 0.75680089335351
6857.730 0.75733590098527
6867.720 0.75788969312547
6877.720 0.75705557905583
6887.710 0.75766741756827
6897.710 0.75752812354956
6907.700 0.75683216515874
6917.700 0.75686380340304
6927.690 0.75830353259964
6937.680 0.75638839858959
6947.680 0.75741581074026
6957.670 0.75623493442731
6967.670 0.75666254125879
6977.660 0.75673545796586
6987.650 0.7565582892044
6997.650 0.75567848030726
7007.640 0.75677776974179
7017.640 0.75627224048648
7027.630 0.7553807753322
7037.620 0.75616255841218
7047.620 0.75648844227034
7057.610 0.75622967612262
7067.610 0.75591929304253
7077.600 0.75590370492396
7087.600 0.75433122590147
7097.590 0.75506590345157
7107.580 0.75519745318298
7117.580 0.75495535374232
7127.570 0.75388872863049
7137.570 0.75412459122268
7147.560 0.75451647510116
7157.550 0.75452027205857
7167.550 0.75418106927016
7177.540 0.75317150138935
7187.540 0.75251775840512
7197.530 0.75388235301711
7207.520 0.75337132789133
7217.520 0.75434311338633
7227.510 0.75417841223249
7237.510 0.75362399218033
7247.500 0.75339777473383
7257.500 0.75214848920468
7267.490 0.75334289716519
7277.480 0.75190899294069
7287.480 0.75102489262193
7297.470 0.75178627371052
7307.470 0.75128284298361
7317.460 0.7505331801578
7327.450 0.75026413003566
7337.450 0.75109533639664
7347.440 0.75084114431948
7357.440 0.75042690648153
7367.430 0.75034274417101
7377.430 0.74927680597834
7387.420 0.74950257972589
7397.410 0.74903597653949
7407.410 0.74816016362582
7417.400 0.74694885541503
7427.400 0.74627142819768
7437.390 0.74617200383489
7447.380 0.7468706725726
7457.380 0.74636660711056
7467.370 0.74529050764697
7477.370 0.74422467433808
7487.360 0.74446252310029
7497.350 0.7434215702289
7507.350 0.7414989483712
7517.340 0.74160470400977
7527.340 0.74146098717775
7537.330 0.74025387579879
7547.330 0.7405986214532
7557.320 0.73982573054869
7567.310 0.73967782025902
7577.310 0.73897117538846
7587.300 0.73832886734726
7597.300 0.73698272259756
7607.290 0.73641068114224
7617.280 0.73615653828958
7627.280 0.73503503066034
7637.270 0.73364433768867
7647.270 0.73378968647958
7657.260 0.7333577233541
7667.250 0.73288964198882
7677.250 0.73308713262742
7687.240 0.73247890542474
7697.240 0.73166173021043
7707.230 0.73116929329985
7717.230 0.73016066587466
7727.220 0.7289491240918
7737.210 0.72875909338676
7747.210 0.72747139833289
7757.200 0.72582881555014
7767.200 0.72573458329529
7777.190 0.72482075917079
7787.180 0.72365271970866
7797.180 0.7236466436918
7807.170 0.72293215573379
7817.170 0.72154114475589
7827.160 0.72087095899613
7837.150 0.71804705559577
7847.150 0.71812810609631
7857.140 0.71779147019493
7867.140 0.71520878937939
7877.130 0.71317311273569
7887.130 0.712551049217
7897.120 0.71319305096669
7907.110 0.71224744037969
7917.110 0.71099189644703
7927.100 0.71002733626669
7937.100 0.70863721040215
7947.090 0.70714558557684
7957.080 0.70506396271971
7967.080 0.70424931752515
7977.070 0.70230486212971
7987.070 0.70126147860348
7997.060 0.70091705912214
8007.050 0.69792382125994
8017.050 0.69709252099253
8027.040 0.69643469604925
8037.040 0.69310315958
8047.030 0.69178717801081
8057.030 0.69127798422358
8067.020 0.69002670321429
8077.010 0.6882244731268
8087.010 0.6870896762242
8097.000 0.6839128511515
8107.000 0.68310659129323
8116.990 0.68241911629537
8126.980 0.68079905383961
8136.980 0.67901690309709
8146.970 0.67669912895804
8156.970 0.67533405919467
8166.960 0.67327867005991
8176.950 0.66976952659535
8186.950 0.66902906836705
8196.940 0.66666055898708
8206.940 0.66502866460775
8216.930 0.66263355545988
8226.930 0.66099337692568
8236.920 0.65926464899262
8246.910 0.65644217831596
8256.910 0.65625805207753
8266.900 0.65290295765942
8276.900 0.6520249135266
8286.890 0.6505936518845
8296.880 0.64842586169791
8306.880 0.64580795810202
8316.870 0.6434841963777
8326.870 0.63909997455472
8336.860 0.63681651896476
8346.850 0.63535792809447
8356.850 0.63378590628387
8366.840 0.63167478736561
8376.840 0.62955393175452
8386.830 0.62744343020531
8396.830 0.62396875417645
8406.820 0.6211783641969
8416.810 0.61957539889752
8426.810 0.61688645785512
8436.800 0.61436837236046
8446.800 0.61175763749629
8456.790 0.60778526127727
8466.780 0.60432424479245
8476.780 0.60376609775782
8486.770 0.60142892309807
8496.770 0.59826167765443
8506.760 0.59555270867158
8516.750 0.59198426090626
8526.750 0.58720181621604
8536.740 0.5853846753161
8546.740 0.58316269474943
8556.730 0.57879959545287
8566.730 0.57618336780876
8576.720 0.57494939953259
8586.710 0.5716794607612
8596.710 0.56763477538524
8606.700 0.56508799673329
8616.700 0.561631312651
8626.690 0.55856438852838
8636.680 0.5553352513111
8646.680 0.55152131774258
8656.670 0.54783954233821
8666.670 0.54469497628019
8676.660 0.54222105365277
8686.650 0.538258847283
8696.650 0.53534984611295
8706.640 0.53202365037088
8716.640 0.52865826149872
8726.630 0.52506654787573
8736.630 0.52163561373824
8746.620 0.51820272966638
8756.610 0.51460413474214
8766.610 0.51108045171206
8776.600 0.50616320433653
8786.600 0.50321086680027
8796.590 0.4993327922659
8806.580 0.49593686876588
8816.580 0.49278241286922
8826.570 0.48925400721951
8836.570 0.48518375620363
8846.560 0.48162773761241
8856.550 0.47831343522124
8866.550 0.47482064405227
8876.540 0.4708890055848
8886.540 0.46710540497257
8896.530 0.46279636748755
8906.530 0.45924203066999
8916.520 0.45585563313013
8926.510 0.45216001375879
8936.510 0.44835063479816
8946.500 0.44439151179595
8956.500 0.44053211998481
8966.490 0.43699475204292
8976.480 0.43239239580763
8986.480 0.42877146859883
8996.470 0.424942079699
9006.470 0.42139591587241
9016.460 0.4173577485544
9026.460 0.41367606825463
9036.450 0.41016835953673
9046.440 0.40608342577266
9056.440 0.40250899901318
9066.430 0.39858307848528
9076.430 0.39417758377766
9086.420 0.3897875284369
9096.410 0.38618637671885
9106.410 0.38235294457334
9116.400 0.37794774381993
9126.400 0.37341137021638
9136.390 0.36895202440457
9146.380 0.36328714818545
9156.380 0.35754208681169
9166.370 0.3508166362847
9176.370 0.34260519968671
9186.360 0.33253879327
9196.360 0.31844023715854
9206.350 0.3006215619
9216.340 0.27810519532471
9226.340 0.24885600788643
9236.330 0.21402132304545
9246.330 0.17581040981818
9256.320 0.1363696798
9266.310 0.098953051090909
9276.310 0.06665592
9286.300 0.041176490522727
9296.300 0.023414895014091
9306.290 0.012590144566364
9316.280 0.0064553619204545
9326.280 0.0034280374725
9336.270 0.002226009088707
9346.270 0.0019523646681218
9356.260 0.0020848321319623
9366.260 0.0020779097569996
9376.250 0.0016824318087958
9386.240 0.0017966062039917
9396.240 0.0018048528048282
9406.230 0.0017333761404298
9416.230 0.0017535617263281
9426.220 0.0016186719509396
9436.210 0.0015486743936481
9446.210 0.0017731119130382
9456.200 0.0016531220250123
9466.200 0.0017179207674836
9476.190 0.0017453710317067
9486.180 0.0020272159867925
9496.180 0.0020784246398906
9506.170 0.0020680387522659
9516.170 0.0020882107793435
9526.160 0.0019371734179243
9536.160 0.0022359544177331
9546.150 0.0018944983631254
9556.140 0.001724830936193
9566.140 0.0015570323169351
9576.130 0.0013026837379996
9586.130 0.0012895514161936
9596.120 0.00096282755438635
9606.110 0.0008088432407245
9616.110 0.00074326667497407
9626.100 0.00062661809949121
9636.100 0.00057290349305953
9646.090 0.00071019040475772
9656.080 0.00077073183609538
9666.080 0.00068011344382201
9676.070 0.00065359859877905
9686.070 0.00078419422311556
9696.060 0.0007481979450244
9706.060 0.00079932257049638
9716.050 0.00085253228420119
9726.040 0.00086729775556006
9736.040 0.00078571303618106
9746.030 0.00087756426995614
9756.030 0.00078327224179827
9766.020 0.00071942994733045
9776.010 0.00073511791287835
9786.010 0.00069026505263581
9796.000 0.00061793427523083
9806.000 0.00052330574625916
9815.990 0.0004866337237607
9825.980 0.00051533510351816
9835.980 0.0005196795904907
9845.970 0.00044117052286289
9855.970 0.00041505572377556
9865.960 0.00040388144251169
