#Wavelength Transmission
3676.0 0.0057098365
3677.0 0.0053801776
3678.0 0.0058869194
3679.0 0.0056829190
3680.0 0.0058281030
3681.0 0.0049662549
3682.0 0.0046848928
3683.0 0.0059284758
3684.0 0.0056425537
3685.0 0.0050403226
3686.0 0.0052405607
3687.0 0.0051291793
3688.0 0.0049381173
3689.0 0.0050792864
3690.0 0.0049872203
3691.0 0.0050941169
3692.0 0.0047352561
3693.0 0.0046043342
3694.0 0.0046048996
3695.0 0.0045232274
3696.0 0.0045424263
3697.0 0.0047495942
3698.0 0.0053905127
3699.0 0.0054273275
3700.0 0.0050831240
3701.0 0.0054396557
3702.0 0.0049976202
3703.0 0.0055114377
3704.0 0.0047585478
3705.0 0.0052628467
3706.0 0.0049780381
3707.0 0.0045696877
3708.0 0.0048065786
3709.0 0.0045612009
3710.0 0.0047398778
3711.0 0.0042343786
3712.0 0.0046878573
3713.0 0.0045162019
3714.0 0.0052168982
3715.0 0.0049088755
3716.0 0.0048236020
3717.0 0.0047817626
3718.0 0.0047966981
3719.0 0.0054599603
3720.0 0.0046475600
3721.0 0.0051662545
3722.0 0.0051164816
3723.0 0.0043049425
3724.0 0.0039763568
3725.0 0.0041134445
3726.0 0.0044722237
3727.0 0.0045657195
3728.0 0.0044078598
3729.0 0.0046200414
3730.0 0.0049764413
3731.0 0.0049158038
3732.0 0.0048579189
3733.0 0.0044805668
3734.0 0.0043357077
3735.0 0.0049390338
3736.0 0.0043724280
3737.0 0.0041090965
3738.0 0.0047842019
3739.0 0.0042924957
3740.0 0.0036250126
3741.0 0.0045321785
3742.0 0.0045832711
3743.0 0.0039716030
3744.0 0.0034336900
3745.0 0.0041009931
3746.0 0.0044085231
3747.0 0.0038072924
3748.0 0.0047130849
3749.0 0.0043880799
3750.0 0.0040096618
3751.0 0.0043014864
3752.0 0.0047160823
3753.0 0.0042867349
3754.0 0.0042194093
3755.0 0.0039368234
3756.0 0.0038667598
3757.0 0.0040705563
3758.0 0.0041585805
3759.0 0.0031420386
3760.0 0.0039660579
3761.0 0.0037953267
3762.0 0.0038979287
3763.0 0.0038140211
3764.0 0.0040205999
3765.0 0.0038154233
3766.0 0.0037845058
3767.0 0.0037315090
3768.0 0.0040251238
3769.0 0.0040329729
3770.0 0.0035632588
3771.0 0.0034431660
3772.0 0.0036764706
3773.0 0.0037952301
3774.0 0.0040360670
3775.0 0.0041146972
3776.0 0.0033258005
3777.0 0.0030066909
3778.0 0.0031279060
3779.0 0.0040048902
3780.0 0.0039026437
3781.0 0.0030829480
3782.0 0.0034550223
3783.0 0.0034627752
3784.0 0.0035805416
3785.0 0.0034807535
3786.0 0.0031799095
3787.0 0.0038155545
3788.0 0.0040678239
3789.0 0.0032498796
3790.0 0.0027646446
3791.0 0.0036221789
3792.0 0.0034444532
3793.0 0.0039690337
3794.0 0.0035561878
3795.0 0.0036894576
3796.0 0.0032019993
3797.0 0.0035254920
3798.0 0.0031297091
3799.0 0.0034896652
3800.0 0.0033204840
3801.0 0.0030336354
3802.0 0.0033668760
3803.0 0.0038447041
3804.0 0.0034142498
3805.0 0.0037600983
3806.0 0.0032363663
3807.0 0.0027281106
3808.0 0.0033531081
3809.0 0.0032368411
3810.0 0.0030817772
3811.0 0.0031552606
3812.0 0.0030188405
3813.0 0.0028174101
3814.0 0.0033473707
3815.0 0.0032213035
3816.0 0.0031838121
3817.0 0.0027895480
3818.0 0.0035734503
3819.0 0.0033982623
3820.0 0.0031121057
3821.0 0.0029528243
3822.0 0.0026915114
3823.0 0.0026826248
3824.0 0.0029911625
3825.0 0.0033408332
3826.0 0.0028674561
3827.0 0.0029989554
3828.0 0.0030994172
3829.0 0.0025781826
3830.0 0.0025883524
3831.0 0.0029346050
3832.0 0.0030029028
3833.0 0.0028730887
3834.0 0.0032673332
3835.0 0.0026427406
3836.0 0.0034522065
3837.0 0.0030221193
3838.0 0.0029154519
3839.0 0.0029715308
3840.0 0.0028261146
3841.0 0.0027534260
3842.0 0.0025486926
3843.0 0.0029632432
3844.0 0.0030746063
3845.0 0.0034651765
3846.0 0.0025136544
3847.0 0.0029591271
3848.0 0.0023460411
3849.0 0.0028875100
3850.0 0.0028131976
3851.0 0.0029694270
3852.0 0.0027619279
3853.0 0.0025570062
3854.0 0.0027660854
3855.0 0.0026964676
3856.0 0.0026404794
3857.0 0.0028512028
3858.0 0.0027079531
3859.0 0.0025394201
3860.0 0.0023895559
3861.0 0.0025581395
3862.0 0.0026855328
3863.0 0.0026490829
3864.0 0.0028438470
3865.0 0.0023424556
3866.0 0.0028032037
3867.0 0.0024734179
3868.0 0.0026588222
3869.0 0.0028096201
3870.0 0.0028811995
3871.0 0.0025542784
3872.0 0.0027807130
3873.0 0.0026603039
3874.0 0.0027798420
3875.0 0.0028423202
3876.0 0.0025752014
3877.0 0.0026589250
3878.0 0.0025222391
3879.0 0.0027618326
3880.0 0.0022183746
3881.0 0.0024786780
3882.0 0.0023419204
3883.0 0.0027839644
3884.0 0.0025097086
3885.0 0.0025574099
3886.0 0.0023635695
3887.0 0.0025978074
3888.0 0.0027079102
3889.0 0.0027789321
3890.0 0.0023775682
3891.0 0.0023405350
3892.0 0.0023088171
3893.0 0.0027254203
3894.0 0.0021320879
3895.0 0.0025964859
3896.0 0.0023477110
3897.0 0.0024956949
3898.0 0.0024658763
3899.0 0.0024639124
3900.0 0.0025233784
3901.0 0.0023572744
3902.0 0.0025941607
3903.0 0.0026957481
3904.0 0.0026816187
3905.0 0.0025258658
3906.0 0.0021258093
3907.0 0.0023089134
3908.0 0.0023013305
3909.0 0.0025282038
3910.0 0.0023056810
3911.0 0.0024460329
3912.0 0.0023389326
3913.0 0.0024332050
3914.0 0.0026305900
3915.0 0.0023819532
3916.0 0.0022563912
3917.0 0.0023839282
3918.0 0.0024973408
3919.0 0.0023219458
3920.0 0.0023449893
3921.0 0.0021738633
3922.0 0.0024147503
3923.0 0.0022708693
3924.0 0.0023087892
3925.0 0.0021927346
3926.0 0.0023135150
3927.0 0.0024607951
3928.0 0.0024241076
3929.0 0.0020881464
3930.0 0.0021580199
3931.0 0.0023087071
3932.0 0.0022619466
3933.0 0.0020973979
3934.0 0.0023622564
3935.0 0.0022316109
3936.0 0.0021970448
3937.0 0.0023686987
3938.0 0.0022799131
3939.0 0.0019869672
3940.0 0.0021750256
3941.0 0.0022063815
3942.0 0.0024377835
3943.0 0.0025344795
3944.0 0.0021717794
3945.0 0.0022957320
3946.0 0.0021975722
3947.0 0.0019967137
3948.0 0.0020584260
3949.0 0.0022067316
3950.0 0.0022090551
3951.0 0.0022884698
3952.0 0.0018428650
3953.0 0.0022623973
3954.0 0.0021731183
3955.0 0.0023268519
3956.0 0.0021068838
3957.0 0.0023640662
3958.0 0.0019835307
3959.0 0.0023886777
3960.0 0.0024076248
3961.0 0.0019338924
3962.0 0.0020229795
3963.0 0.0021208075
3964.0 0.0025855990
3965.0 0.0022618258
3966.0 0.0021133861
3967.0 0.0019206891
3968.0 0.0022072063
3969.0 0.0020990602
3970.0 0.0021151406
3971.0 0.0019284009
3972.0 0.0022459934
3973.0 0.0021455560
3974.0 0.0021585594
3975.0 0.0024584893
3976.0 0.0022003648
3977.0 0.0019692054
3978.0 0.0023162417
3979.0 0.0021751255
3980.0 0.0022709927
3981.0 0.0021029124
3982.0 0.0022198790
3983.0 0.0023186912
3984.0 0.0019687212
3985.0 0.0020275454
3986.0 0.0022296137
3987.0 0.0023172873
3988.0 0.0023021844
3989.0 0.0023031446
3990.0 0.0024407000
3991.0 0.0021650098
3992.0 0.0021639602
3993.0 0.0020698023
3994.0 0.0023269134
3995.0 0.0020874964
3996.0 0.0021339783
3997.0 0.0023684536
3998.0 0.0021918196
3999.0 0.0024455470
4000.0 0.0021896020
4001.0 0.0023010145
4002.0 0.0023911753
4003.0 0.0023617261
4004.0 0.0023060651
4005.0 0.0023497702
4006.0 0.0020777169
4007.0 0.0022056796
4008.0 0.0025633086
4009.0 0.0024066773
4010.0 0.0022671871
4011.0 0.0023773540
4012.0 0.0022022700
4013.0 0.0025348114
4014.0 0.0021329541
4015.0 0.0023557522
4016.0 0.0023062653
4017.0 0.0023590430
4018.0 0.0024420024
4019.0 0.0024434840
4020.0 0.0026095339
4021.0 0.0024200232
4022.0 0.0025390335
4023.0 0.0025386987
4024.0 0.0025379464
4025.0 0.0024595406
4026.0 0.0025624286
4027.0 0.0026329561
4028.0 0.0025567584
4029.0 0.0027826596
4030.0 0.0026741868
4031.0 0.0026613762
4032.0 0.0028096691
4033.0 0.0028488194
4034.0 0.0025420071
4035.0 0.0028983187
4036.0 0.0028554658
4037.0 0.0027894887
4038.0 0.0030566994
4039.0 0.0031618054
4040.0 0.0029255487
4041.0 0.0030025759
4042.0 0.0030815672
4043.0 0.0031410488
4044.0 0.0030211005
4045.0 0.0031293244
4046.0 0.0032666394
4047.0 0.0031161385
4048.0 0.0033233477
4049.0 0.0031712967
4050.0 0.0032398754
4051.0 0.0031818464
4052.0 0.0032418914
4053.0 0.0031337800
4054.0 0.0035271467
4055.0 0.0034162632
4056.0 0.0035451781
4057.0 0.0035125229
4058.0 0.0036963495
4059.0 0.0034687885
4060.0 0.0039868525
4061.0 0.0038723786
4062.0 0.0035232565
4063.0 0.0036894789
4064.0 0.0039254023
4065.0 0.0039693279
4066.0 0.0037448677
4067.0 0.0042617460
4068.0 0.0042086660
4069.0 0.0043670075
4070.0 0.0044819679
4071.0 0.0044486104
4072.0 0.0046502645
4073.0 0.0048910233
4074.0 0.0048657123
4075.0 0.0052362991
4076.0 0.0054675411
4077.0 0.0056110458
4078.0 0.0061932227
4079.0 0.0061701190
4080.0 0.0060529855
4081.0 0.0065325091
4082.0 0.0072866927
4083.0 0.0073638776
4084.0 0.0079587133
4085.0 0.0082944606
4086.0 0.0090127947
4087.0 0.0095516090
4088.0 0.0097291385
4089.0 0.0106269466
4090.0 0.0112053648
4091.0 0.0126457194
4092.0 0.0137944765
4093.0 0.0146576774
4094.0 0.0151937851
4095.0 0.0180938145
4096.0 0.0190083348
4097.0 0.0210608424
4098.0 0.0222162323
4099.0 0.0262392738
4100.0 0.0279998308
4101.0 0.0300654332
4102.0 0.0327346996
4103.0 0.0382615052
4104.0 0.0417115592
4105.0 0.0437635234
4106.0 0.0477646533
4107.0 0.0510883928
4108.0 0.0600763624
4109.0 0.0642256652
4110.0 0.0696748047
4111.0 0.0737788706
4112.0 0.0843253694
4113.0 0.0894985600
4114.0 0.0948126801
4115.0 0.1005247283
4116.0 0.1122299197
4117.0 0.1192626652
4118.0 0.1249897224
4119.0 0.1306834430
4120.0 0.1369541805
4121.0 0.1524439184
4122.0 0.1577703208
4123.0 0.1642428847
4124.0 0.1719956645
4125.0 0.1884423132
4126.0 0.1949602122
4127.0 0.2040659192
4128.0 0.2128730915
4129.0 0.2313420776
4130.0 0.2392250060
4131.0 0.2520682177
4132.0 0.2620077456
4133.0 0.2836521786
4134.0 0.2985236010
4135.0 0.3096790471
4136.0 0.3267293754
4137.0 0.3560817455
4138.0 0.3682180338
4139.0 0.3859280130
4140.0 0.4035268340
4141.0 0.4168741392
4142.0 0.4520031629
4143.0 0.4725273276
4144.0 0.4892460380
4145.0 0.5066955779
4146.0 0.5441815865
4147.0 0.5615903583
4148.0 0.5776204003
4149.0 0.5935283283
4150.0 0.6279633831
4151.0 0.6465033280
4152.0 0.6629821322
4153.0 0.6764702063
4154.0 0.7062342651
4155.0 0.7157482452
4156.0 0.7265464417
4157.0 0.7390198231
4158.0 0.7581256771
4159.0 0.7657129607
4160.0 0.7728996593
4161.0 0.7851046823
4162.0 0.7943056661
4163.0 0.7992441227
4164.0 0.8020555327
4165.0 0.8067643340
4166.0 0.8096432801
4167.0 0.8112678926
4168.0 0.8122804785
4169.0 0.8130982112
4170.0 0.8216212785
4171.0 0.8178295555
4172.0 0.8214773763
4173.0 0.8216116335
4174.0 0.8179708097
4175.0 0.8163922062
4176.0 0.8208455104
4177.0 0.8192872804
4178.0 0.8181533999
4179.0 0.8208416834
4180.0 0.8214607755
4181.0 0.8218328268
4182.0 0.8221984368
4183.0 0.8236267496
4184.0 0.8223336428
4185.0 0.8284617765
4186.0 0.8284139666
4187.0 0.8316802658
4188.0 0.8330845434
4189.0 0.8357075960
4190.0 0.8368322365
4191.0 0.8439491619
4192.0 0.8483265646
4193.0 0.8487600376
4194.0 0.8517767737
4195.0 0.8572571262
4196.0 0.8623751523
4197.0 0.8604642706
4198.0 0.8688498675
4199.0 0.8739135698
4200.0 0.8778049430
4201.0 0.8833213856
4202.0 0.8827815848
4203.0 0.8935508465
4204.0 0.8971103857
4205.0 0.8965666839
4206.0 0.9003067114
4207.0 0.9036392272
4208.0 0.9051567483
4209.0 0.9068406028
4210.0 0.9070262342
4211.0 0.9124739327
4212.0 0.9127331614
4213.0 0.9102995201
4214.0 0.9103085386
4215.0 0.9108883718
4216.0 0.9128546025
4217.0 0.9119696464
4218.0 0.9115411690
4219.0 0.9069886276
4220.0 0.9084527988
4221.0 0.9047929457
4222.0 0.8991756425
4223.0 0.9056668561
4224.0 0.9025448339
4225.0 0.8921950184
4226.0 0.8962506481
4227.0 0.8909313870
4228.0 0.8937798139
4229.0 0.8886690690
4230.0 0.8843712231
4231.0 0.8827876148
4232.0 0.8822357862
4233.0 0.8751913079
4234.0 0.8759727796
4235.0 0.8740896604
4236.0 0.8755438903
4237.0 0.8704204344
4238.0 0.8707912262
4239.0 0.8740693196
4240.0 0.8721339262
4241.0 0.8657621080
4242.0 0.8680580365
4243.0 0.8666051022
4244.0 0.8695340087
4245.0 0.8657275692
4246.0 0.8707979313
4247.0 0.8692773646
4248.0 0.8728074225
4249.0 0.8675987031
4250.0 0.8727527702
4251.0 0.8751553224
4252.0 0.8718039773
4253.0 0.8778004307
4254.0 0.8762698858
4255.0 0.8786593175
4256.0 0.8712450256
4257.0 0.8804842703
4258.0 0.8749388795
4259.0 0.8762625114
4260.0 0.8789988623
4261.0 0.8792702963
4262.0 0.8732972949
4263.0 0.8820559266
4264.0 0.8795205270
4265.0 0.8819972474
4266.0 0.8814381365
4267.0 0.8835788190
4268.0 0.8844997466
4269.0 0.8805811084
4270.0 0.8879519698
4271.0 0.8810248718
4272.0 0.8851621576
4273.0 0.8839163180
4274.0 0.8831847148
4275.0 0.8813147361
4276.0 0.8829058592
4277.0 0.8865011568
4278.0 0.8836458807
4279.0 0.8827323301
4280.0 0.8855992815
4281.0 0.8803985611
4282.0 0.8839896407
4283.0 0.8835996376
4284.0 0.8863608832
4285.0 0.8824145535
4286.0 0.8849684830
4287.0 0.8857890340
4288.0 0.8861531709
4289.0 0.8866314241
4290.0 0.8857124101
4291.0 0.8850188700
4292.0 0.8908414487
4293.0 0.8892007601
4294.0 0.8884344393
4295.0 0.8933086312
4296.0 0.8904091710
4297.0 0.8900642032
4298.0 0.8943104401
4299.0 0.8973675947
4300.0 0.8932370903
4301.0 0.8939469088
4302.0 0.8961899325
4303.0 0.8957753442
4304.0 0.8992575511
4305.0 0.8995559179
4306.0 0.8979256302
4307.0 0.9007514290
4308.0 0.9014787786
4309.0 0.9060578139
4310.0 0.9049596038
4311.0 0.9079586845
4312.0 0.9069926119
4313.0 0.9072480133
4314.0 0.9111883356
4315.0 0.9083222547
4316.0 0.9091747202
4317.0 0.9120896565
4318.0 0.9086716453
4319.0 0.9124839534
4320.0 0.9145986018
4321.0 0.9137178406
4322.0 0.9183472856
4323.0 0.9123124895
4324.0 0.9178833079
4325.0 0.9138664063
4326.0 0.9133085424
4327.0 0.9192348119
4328.0 0.9207597145
4329.0 0.9182445956
4330.0 0.9169508903
4331.0 0.9213349225
4332.0 0.9172264175
4333.0 0.9204752243
4334.0 0.9193278707
4335.0 0.9193935879
4336.0 0.9227172860
4337.0 0.9179827430
4338.0 0.9230920821
4339.0 0.9218892576
4340.0 0.9202836292
4341.0 0.9217070066
4342.0 0.9190823000
4343.0 0.9144849873
4344.0 0.9183413602
4345.0 0.9205881447
4346.0 0.9230634978
4347.0 0.9207760380
4348.0 0.9212538852
4349.0 0.9207055653
4350.0 0.9202480899
4351.0 0.9192343604
4352.0 0.9241774696
4353.0 0.9195979386
4354.0 0.9221826518
4355.0 0.9227669302
4356.0 0.9229913221
4357.0 0.9246020010
4358.0 0.9196622927
4359.0 0.9188646120
4360.0 0.9183338234
4361.0 0.9209517045
4362.0 0.9210697052
4363.0 0.9181628646
4364.0 0.9205055241
4365.0 0.9156870448
4366.0 0.9162004415
4367.0 0.9163056837
4368.0 0.9170160358
4369.0 0.9133236604
4370.0 0.9156511805
4371.0 0.9121199083
4372.0 0.9106389799
4373.0 0.9069426872
4374.0 0.9052738458
4375.0 0.9058096045
4376.0 0.9026193808
4377.0 0.9056789877
4378.0 0.8998088863
4379.0 0.8983830292
4380.0 0.8949793360
4381.0 0.8951373331
4382.0 0.8890068308
4383.0 0.8929186386
4384.0 0.8892862406
4385.0 0.8856775662
4386.0 0.8887558517
4387.0 0.8835675422
4388.0 0.8810122372
4389.0 0.8790508581
4390.0 0.8789431717
4391.0 0.8807027818
4392.0 0.8733829032
4393.0 0.8707224335
4394.0 0.8735565203
4395.0 0.8689225341
4396.0 0.8652477488
4397.0 0.8600356438
4398.0 0.8646302932
4399.0 0.8616025475
4400.0 0.8619867066
4401.0 0.8602934825
4402.0 0.8597217431
4403.0 0.8611251261
4404.0 0.8570352074
4405.0 0.8580197604
4406.0 0.8552752870
4407.0 0.8539863900
4408.0 0.8528133099
4409.0 0.8514202172
4410.0 0.8571667433
4411.0 0.8583263598
4412.0 0.8644096274
4413.0 0.8608288379
4414.0 0.8660177139
4415.0 0.8551712670
4416.0 0.8601087904
4417.0 0.8563561077
4418.0 0.8651638835
4419.0 0.8729431368
4420.0 0.8678151400
4421.0 0.8645811895
4422.0 0.8766075342
4423.0 0.8706551767
4424.0 0.8724103913
4425.0 0.8709915828
4426.0 0.8667183104
4427.0 0.8761486708
4428.0 0.8809748492
4429.0 0.8732302420
4430.0 0.8862921348
4431.0 0.8794481639
4432.0 0.8821847298
4433.0 0.8912593794
4434.0 0.8959241011
4435.0 0.8981013690
4436.0 0.8921418188
4437.0 0.9002150712
4438.0 0.9025238635
4439.0 0.9026473446
4440.0 0.9005214601
4441.0 0.9076674085
4442.0 0.9068739705
4443.0 0.9118429539
4444.0 0.9041068421
4445.0 0.9125702811
4446.0 0.9162932138
4447.0 0.9097448534
4448.0 0.9113878720
4449.0 0.9137649077
4450.0 0.9202886993
4451.0 0.9189641434
4452.0 0.9143083317
4453.0 0.9280095352
4454.0 0.9197599115
4455.0 0.9189477006
4456.0 0.9172213956
4457.0 0.9221646836
4458.0 0.9260207095
4459.0 0.9155519049
4460.0 0.9172213956
4461.0 0.9183266153
4462.0 0.9212102235
4463.0 0.9142400499
4464.0 0.9140113826
4465.0 0.9087209302
4466.0 0.9190198366
4467.0 0.9132856314
4468.0 0.9070872782
4469.0 0.9128673918
4470.0 0.9078612717
4471.0 0.9064892103
4472.0 0.9120190645
4473.0 0.9113048823
4474.0 0.9003279189
4475.0 0.9062559422
4476.0 0.9049380362
4477.0 0.9050091631
4478.0 0.9060469383
4479.0 0.9053956698
4480.0 0.8972932046
4481.0 0.8971181013
4482.0 0.9019910422
4483.0 0.8948515596
4484.0 0.9037193353
4485.0 0.8954429621
4486.0 0.8886534315
4487.0 0.8938541240
4488.0 0.8990860054
4489.0 0.8941834452
4490.0 0.8929670411
4491.0 0.8894865707
4492.0 0.8948927817
4493.0 0.8899797011
4494.0 0.8903371118
4495.0 0.8935448174
4496.0 0.8904436609
4497.0 0.8856724611
4498.0 0.8908977556
4499.0 0.8859588164
4500.0 0.8872695153
4501.0 0.8885811131
4502.0 0.8876761335
4503.0 0.8899632847
4504.0 0.8875131622
4505.0 0.8860828291
4506.0 0.8894979804
4507.0 0.8902332679
4508.0 0.8826316356
4509.0 0.8860841424
4510.0 0.8863416209
4511.0 0.8883453237
4512.0 0.8879041229
4513.0 0.8822900709
4514.0 0.8862680824
4515.0 0.8854362726
4516.0 0.8841843088
4517.0 0.8795048241
4518.0 0.8824779513
4519.0 0.8819615574
4520.0 0.8924434053
4521.0 0.8856870431
4522.0 0.8825528040
4523.0 0.8837339884
4524.0 0.8897306397
4525.0 0.8896194740
4526.0 0.8865307545
4527.0 0.8853454292
4528.0 0.8886963153
4529.0 0.8869670711
4530.0 0.8878759626
4531.0 0.8856520838
4532.0 0.8982175059
4533.0 0.8882413793
4534.0 0.8857142857
4535.0 0.8879135951
4536.0 0.8943956647
4537.0 0.8933392723
4538.0 0.8919636475
4539.0 0.8904680560
4540.0 0.8923547401
4541.0 0.8902248489
4542.0 0.8888476714
4543.0 0.8920360555
4544.0 0.8952906151
4545.0 0.8930088317
4546.0 0.8963648603
4547.0 0.8952249740
4548.0 0.8965180824
4549.0 0.8971247075
4550.0 0.9070219541
4551.0 0.9006713203
4552.0 0.8969374168
4553.0 0.9033333333
4554.0 0.8958056368
4555.0 0.9059160369
4556.0 0.8994735274
4557.0 0.9062304166
4558.0 0.8978281521
4559.0 0.9000359465
4560.0 0.9049148100
4561.0 0.9083944366
4562.0 0.9051044990
4563.0 0.9077991070
4564.0 0.9131057376
4565.0 0.9095368024
4566.0 0.9093882574
4567.0 0.9072894779
4568.0 0.9167151821
4569.0 0.9146282197
4570.0 0.9057433625
4571.0 0.9110356754
4572.0 0.9174860227
4573.0 0.9142501675
4574.0 0.9158330679
4575.0 0.9183965869
4576.0 0.9206647952
4577.0 0.9166877610
4578.0 0.9206976083
4579.0 0.9252422266
4580.0 0.9314516129
4581.0 0.9147159825
4582.0 0.9217282011
4583.0 0.9214672885
4584.0 0.9243681689
4585.0 0.9214672806
4586.0 0.9211192747
4587.0 0.9324612585
4588.0 0.9245083724
4589.0 0.9226510794
4590.0 0.9307056777
4591.0 0.9296359411
4592.0 0.9298142232
4593.0 0.9306770930
4594.0 0.9250253293
4595.0 0.9304862267
4596.0 0.9288628486
4597.0 0.9299363057
4598.0 0.9282542793
4599.0 0.9264343327
4600.0 0.9251172422
4601.0 0.9228482146
4602.0 0.9224536687
4603.0 0.9228956432
4604.0 0.9286102719
4605.0 0.9330204391
4606.0 0.9234287090
4607.0 0.9244042975
4608.0 0.9321047234
4609.0 0.9200155252
4610.0 0.9201384744
4611.0 0.9254985201
4612.0 0.9220833210
4613.0 0.9156330482
4614.0 0.9242676333
4615.0 0.9252555177
4616.0 0.9266251113
4617.0 0.9160415380
4618.0 0.9153140438
4619.0 0.9218400283
4620.0 0.9158153558
4621.0 0.9176750470
4622.0 0.9167977168
4623.0 0.9189976690
4624.0 0.9180198598
4625.0 0.9178930836
4626.0 0.9188148839
4627.0 0.9122183709
4628.0 0.9166907975
4629.0 0.9167052827
4630.0 0.9152249135
4631.0 0.9128988400
4632.0 0.9150148163
4633.0 0.9198520702
4634.0 0.9086272600
4635.0 0.9127095572
4636.0 0.9104072657
4637.0 0.9114653132
4638.0 0.9107741239
4639.0 0.9076953635
4640.0 0.9108500738
4641.0 0.9091988802
4642.0 0.9123673515
4643.0 0.9161749344
4644.0 0.9092568156
4645.0 0.9101186636
4646.0 0.9102412688
4647.0 0.9126346719
4648.0 0.9064553860
4649.0 0.9126593603
4650.0 0.9115172050
4651.0 0.9052771031
4652.0 0.9085923218
4653.0 0.9110803324
4654.0 0.9088068575
4655.0 0.9088271861
4656.0 0.9101262689
4657.0 0.9136525656
4658.0 0.9135396094
4659.0 0.9124914113
4660.0 0.9082999209
4661.0 0.9129199672
4662.0 0.9071778140
4663.0 0.9126411757
4664.0 0.9119120209
4665.0 0.9118994065
4666.0 0.9182427482
4667.0 0.9117044229
4668.0 0.9113244998
4669.0 0.9180261670
4670.0 0.9182261783
4671.0 0.9178439061
4672.0 0.9134311573
4673.0 0.9102840561
4674.0 0.9108023786
4675.0 0.9094632806
4676.0 0.9098232917
4677.0 0.9119572935
4678.0 0.9088385374
4679.0 0.9178064211
4680.0 0.9120801135
4681.0 0.9076159373
4682.0 0.9095537742
4683.0 0.9150978027
4684.0 0.9138818488
4685.0 0.9127335172
4686.0 0.9131204750
4687.0 0.9189322788
4688.0 0.9142232744
4689.0 0.9079235748
4690.0 0.9077423183
4691.0 0.9113786969
4692.0 0.9095543369
4693.0 0.9083838176
4694.0 0.9099664455
4695.0 0.9137824950
4696.0 0.9081523402
4697.0 0.9114136659
4698.0 0.9076457422
4699.0 0.9062436651
4700.0 0.9077238551
4701.0 0.9036880077
4702.0 0.9035913968
4703.0 0.9066186107
4704.0 0.9087583876
4705.0 0.9069615809
4706.0 0.9052826506
4707.0 0.9087679800
4708.0 0.9022312979
4709.0 0.9061292654
4710.0 0.9027388772
4711.0 0.9078486422
4712.0 0.9060376146
4713.0 0.9025216687
4714.0 0.8995132983
4715.0 0.9083169291
4716.0 0.9043738648
4717.0 0.9104602100
4718.0 0.9009477747
4719.0 0.9090241754
4720.0 0.9115970744
4721.0 0.9035185906
4722.0 0.9082822980
4723.0 0.9086021505
4724.0 0.9114712009
4725.0 0.9052147535
4726.0 0.9143381997
4727.0 0.9141748789
4728.0 0.9158294477
4729.0 0.9111254419
4730.0 0.9093602887
4731.0 0.9137675972
4732.0 0.9177287426
4733.0 0.9153577454
4734.0 0.9172944839
4735.0 0.9154138013
4736.0 0.9180095459
4737.0 0.9215222227
4738.0 0.9193300735
4739.0 0.9242139399
4740.0 0.9259503044
4741.0 0.9194632444
4742.0 0.9245941577
4743.0 0.9259285116
4744.0 0.9259492050
4745.0 0.9254708686
4746.0 0.9272188527
4747.0 0.9297590613
4748.0 0.9292511664
4749.0 0.9290546760
4750.0 0.9276551724
4751.0 0.9252802279
4752.0 0.9319147958
4753.0 0.9311007411
4754.0 0.9294547948
4755.0 0.9308379685
4756.0 0.9369075085
4757.0 0.9324622202
4758.0 0.9325368939
4759.0 0.9337802337
4760.0 0.9332609875
4761.0 0.9312461910
4762.0 0.9379180980
4763.0 0.9368323585
4764.0 0.9293874247
4765.0 0.9329389004
4766.0 0.9313101904
4767.0 0.9305208147
4768.0 0.9340988964
4769.0 0.9355724169
4770.0 0.9277357192
4771.0 0.9287078153
4772.0 0.9295163980
4773.0 0.9330873199
4774.0 0.9276282433
4775.0 0.9306135987
4776.0 0.9323071463
4777.0 0.9272135187
4778.0 0.9337703037
4779.0 0.9262935493
4780.0 0.9256693052
4781.0 0.9230398493
4782.0 0.9301269820
4783.0 0.9227110064
4784.0 0.9243453382
4785.0 0.9177440347
4786.0 0.9247440645
4787.0 0.9220366123
4788.0 0.9239900857
4789.0 0.9156009678
4790.0 0.9212871287
4791.0 0.9239434179
4792.0 0.9190372931
4793.0 0.9131020042
4794.0 0.9162525703
4795.0 0.9197389537
4796.0 0.9155191187
4797.0 0.9093959732
4798.0 0.9061436351
4799.0 0.9131494194
4800.0 0.9099446694
4801.0 0.9039444620
4802.0 0.9059839865
4803.0 0.9068771517
4804.0 0.9010158132
4805.0 0.9042577724
4806.0 0.9079540710
4807.0 0.9005496215
4808.0 0.9014221743
4809.0 0.9049308192
4810.0 0.9037780034
4811.0 0.8980517472
4812.0 0.8995699677
4813.0 0.8990897163
4814.0 0.8996189618
4815.0 0.8977924312
4816.0 0.9008732013
4817.0 0.8962256460
4818.0 0.8931199935
4819.0 0.8950711227
4820.0 0.8930252288
4821.0 0.9036560965
4822.0 0.8954385681
4823.0 0.8944278587
4824.0 0.8934630038
4825.0 0.8910962326
4826.0 0.8898706468
4827.0 0.8950072690
4828.0 0.8940951470
4829.0 0.8922010193
4830.0 0.8913507531
4831.0 0.8990084902
4832.0 0.8896799953
4833.0 0.8888039366
4834.0 0.8953351396
4835.0 0.8894529267
4836.0 0.8940724264
4837.0 0.8934244766
4838.0 0.8979719311
4839.0 0.8970665219
4840.0 0.8914271394
4841.0 0.8927336976
4842.0 0.8986782441
4843.0 0.8928159816
4844.0 0.8944234929
4845.0 0.8945194477
4846.0 0.8957373930
4847.0 0.8970013535
4848.0 0.8992485494
4849.0 0.8993711883
4850.0 0.8958769300
4851.0 0.8956213731
4852.0 0.9036235153
4853.0 0.9028865476
4854.0 0.9042593079
4855.0 0.9069129071
4856.0 0.8993032977
4857.0 0.8996805584
4858.0 0.9048473636
4859.0 0.9008488152
4860.0 0.9048615317
4861.0 0.9069074592
4862.0 0.9013021118
4863.0 0.9069461930
4864.0 0.9045917065
4865.0 0.9098014979
4866.0 0.9050409680
4867.0 0.9163544212
4868.0 0.9076419885
4869.0 0.9092183792
4870.0 0.9118930862
4871.0 0.9131889764
4872.0 0.9103734884
4873.0 0.9172550632
4874.0 0.9128548826
4875.0 0.9142953210
4876.0 0.9156863440
4877.0 0.9145991860
4878.0 0.9228421352
4879.0 0.9210767873
4880.0 0.9174173118
4881.0 0.9144162277
4882.0 0.9157025083
4883.0 0.9197394684
4884.0 0.9222754595
4885.0 0.9152010812
4886.0 0.9197838736
4887.0 0.9202559301
4888.0 0.9200946361
4889.0 0.9243500043
4890.0 0.9268615877
4891.0 0.9244843418
4892.0 0.9204679160
4893.0 0.9243198148
4894.0 0.9257213744
4895.0 0.9264003806
4896.0 0.9275943795
4897.0 0.9263342436
4898.0 0.9242388601
4899.0 0.9254031582
4900.0 0.9225545972
4901.0 0.9324639419
4902.0 0.9291538653
4903.0 0.9283204614
4904.0 0.9341061522
4905.0 0.9287751636
4906.0 0.9255598608
4907.0 0.9259459018
4908.0 0.9284792446
4909.0 0.9256984057
4910.0 0.9285679576
4911.0 0.9297337638
4912.0 0.9256181076
4913.0 0.9317368743
4914.0 0.9298625827
4915.0 0.9261705163
4916.0 0.9281993749
4917.0 0.9325059177
4918.0 0.9286146016
4919.0 0.9284079349
4920.0 0.9281678773
4921.0 0.9238089246
4922.0 0.9275298346
4923.0 0.9210436958
4924.0 0.9273357638
4925.0 0.9326156157
4926.0 0.9307200971
4927.0 0.9261971032
4928.0 0.9264867160
4929.0 0.9188551714
4930.0 0.9219758136
4931.0 0.9277376124
4932.0 0.9263444162
4933.0 0.9246011637
4934.0 0.9263126648
4935.0 0.9270216619
4936.0 0.9247811483
4937.0 0.9198980742
4938.0 0.9214646116
4939.0 0.9246511306
4940.0 0.9226937397
4941.0 0.9232300353
4942.0 0.9204638893
4943.0 0.9190887667
4944.0 0.9174005621
4945.0 0.9176741899
4946.0 0.9220942266
4947.0 0.9172707961
4948.0 0.9234234234
4949.0 0.9161945430
4950.0 0.9239413873
4951.0 0.9160180117
4952.0 0.9166777586
4953.0 0.9195479056
4954.0 0.9150398589
4955.0 0.9173915213
4956.0 0.9125867195
4957.0 0.9149996699
4958.0 0.9171500818
4959.0 0.9159863611
4960.0 0.9122449984
4961.0 0.9130783064
4962.0 0.9156129831
4963.0 0.9128013029
4964.0 0.9134582568
4965.0 0.9151075391
4966.0 0.9113239911
4967.0 0.9077971893
4968.0 0.9132863971
4969.0 0.9091421667
4970.0 0.9124082904
4971.0 0.9108793515
4972.0 0.9062006980
4973.0 0.9038596045
4974.0 0.9099740003
4975.0 0.9079341911
4976.0 0.9105862572
4977.0 0.9048234756
4978.0 0.9030075070
4979.0 0.8998838049
4980.0 0.9012436334
4981.0 0.9057740769
4982.0 0.9025967939
4983.0 0.9032826236
4984.0 0.9023760652
4985.0 0.9070937004
4986.0 0.9042967840
4987.0 0.9013253646
4988.0 0.9007207124
4989.0 0.9012899952
4990.0 0.9034053348
4991.0 0.9031362200
4992.0 0.8963582017
4993.0 0.9022871567
4994.0 0.8982230877
4995.0 0.8973859887
4996.0 0.9001849269
4997.0 0.8958097737
4998.0 0.9015669429
4999.0 0.9022316043
5000.0 0.8992928077
5001.0 0.8992420263
5002.0 0.8974228577
5003.0 0.9030910235
5004.0 0.8975273419
5005.0 0.8986882418
5006.0 0.8999317649
5007.0 0.9004869097
5008.0 0.9015739304
5009.0 0.8965766457
5010.0 0.8936323001
5011.0 0.8998914096
5012.0 0.8986236452
5013.0 0.8988594603
5014.0 0.8994788331
5015.0 0.8990158198
5016.0 0.8977568436
5017.0 0.9014544031
5018.0 0.9026766456
5019.0 0.8981652169
5020.0 0.9044130397
5021.0 0.9018661982
5022.0 0.9023019887
5023.0 0.9034011849
5024.0 0.9076360508
5025.0 0.9049879198
5026.0 0.9083454758
5027.0 0.9070307051
5028.0 0.9060158910
5029.0 0.9051166216
5030.0 0.9071546146
5031.0 0.9038450688
5032.0 0.9085709444
5033.0 0.9092913828
5034.0 0.9081924284
5035.0 0.9102249288
5036.0 0.9121389873
5037.0 0.9098686606
5038.0 0.9093440249
5039.0 0.9089025476
5040.0 0.9106984356
5041.0 0.9151514310
5042.0 0.9152955515
5043.0 0.9113707294
5044.0 0.9110921549
5045.0 0.9127548145
5046.0 0.9170913287
5047.0 0.9136447112
5048.0 0.9162145871
5049.0 0.9160873544
5050.0 0.9165725790
5051.0 0.9119889308
5052.0 0.9162052869
5053.0 0.9146367898
5054.0 0.9166542277
5055.0 0.9207335985
5056.0 0.9179200861
5057.0 0.9198857820
5058.0 0.9201993669
5059.0 0.9202311674
5060.0 0.9218401911
5061.0 0.9193216168
5062.0 0.9216998360
5063.0 0.9220605899
5064.0 0.9180961232
5065.0 0.9213745522
5066.0 0.9232179145
5067.0 0.9248021633
5068.0 0.9248141227
5069.0 0.9251143847
5070.0 0.9207706249
5071.0 0.9223657215
5072.0 0.9232456140
5073.0 0.9267874216
5074.0 0.9236416457
5075.0 0.9222061185
5076.0 0.9223042951
5077.0 0.9274035573
5078.0 0.9259211040
5079.0 0.9209191944
5080.0 0.9260089105
5081.0 0.9243275429
5082.0 0.9250077672
5083.0 0.9190459027
5084.0 0.9201189500
5085.0 0.9250549648
5086.0 0.9231005805
5087.0 0.9206150545
5088.0 0.9236282653
5089.0 0.9250076640
5090.0 0.9205372132
5091.0 0.9230612634
5092.0 0.9242866943
5093.0 0.9218374218
5094.0 0.9233529897
5095.0 0.9238676883
5096.0 0.9234114977
5097.0 0.9212831290
5098.0 0.9211151771
5099.0 0.9222268217
5100.0 0.9244097057
5101.0 0.9208319272
5102.0 0.9217863095
5103.0 0.9242088944
5104.0 0.9209124624
5105.0 0.9246571076
5106.0 0.9198340022
5107.0 0.9202135566
5108.0 0.9261405228
5109.0 0.9199950660
5110.0 0.9183374565
5111.0 0.9219668165
5112.0 0.9196722925
5113.0 0.9213548212
5114.0 0.9180556746
5115.0 0.9184690753
5116.0 0.9196704050
5117.0 0.9216709864
5118.0 0.9189752719
5119.0 0.9229004746
5120.0 0.9148980087
5121.0 0.9190979015
5122.0 0.9191621487
5123.0 0.9219598969
5124.0 0.9179139637
5125.0 0.9184541577
5126.0 0.9200410727
5127.0 0.9246634824
5128.0 0.9161429363
5129.0 0.9191357211
5130.0 0.9199894439
5131.0 0.9192352899
5132.0 0.9208227266
5133.0 0.9158789381
5134.0 0.9189693935
5135.0 0.9175220859
5136.0 0.9178155328
5137.0 0.9191619246
5138.0 0.9199776627
5139.0 0.9170727081
5140.0 0.9181825733
5141.0 0.9221941649
5142.0 0.9199407056
5143.0 0.9173610130
5144.0 0.9188722534
5145.0 0.9174968793
5146.0 0.9208408239
5147.0 0.9175636928
5148.0 0.9185834889
5149.0 0.9171627449
5150.0 0.9154827469
5151.0 0.9173259079
5152.0 0.9165606360
5153.0 0.9125441696
5154.0 0.9180064496
5155.0 0.9150191660
5156.0 0.9165661393
5157.0 0.9158476658
5158.0 0.9164724075
5159.0 0.9143973806
5160.0 0.9154942571
5161.0 0.9135852275
5162.0 0.9176881652
5163.0 0.9151041068
5164.0 0.9155742786
5165.0 0.9114928706
5166.0 0.9138685464
5167.0 0.9142730031
5168.0 0.9116173433
5169.0 0.9137273648
5170.0 0.9116950272
5171.0 0.9130677354
5172.0 0.9144583385
5173.0 0.9140093116
5174.0 0.9144945603
5175.0 0.9141404397
5176.0 0.9120343743
5177.0 0.9192521968
5178.0 0.9140011968
5179.0 0.9138394413
5180.0 0.9165504050
5181.0 0.9088141474
5182.0 0.9148857361
5183.0 0.9133785070
5184.0 0.9148044224
5185.0 0.9117000257
5186.0 0.9164365645
5187.0 0.9123162809
5188.0 0.9128033845
5189.0 0.9115944279
5190.0 0.9164906273
5191.0 0.9126139481
5192.0 0.9107840960
5193.0 0.9131650803
5194.0 0.9135433280
5195.0 0.9132430698
5196.0 0.9140718035
5197.0 0.9089525574
5198.0 0.9108396812
5199.0 0.9163047900
5200.0 0.9109010989
5201.0 0.9115930763
5202.0 0.9145470479
5203.0 0.9141657121
5204.0 0.9154606270
5205.0 0.9159387929
5206.0 0.9108934674
5207.0 0.9130392082
5208.0 0.9138141277
5209.0 0.9079293580
5210.0 0.9146853602
5211.0 0.9150551886
5212.0 0.9143746420
5213.0 0.9157779393
5214.0 0.9137058030
5215.0 0.9158934967
5216.0 0.9182837313
5217.0 0.9154759596
5218.0 0.9108744756
5219.0 0.9135608876
5220.0 0.9156316089
5221.0 0.9192097844
5222.0 0.9150390416
5223.0 0.9190168093
5224.0 0.9164786277
5225.0 0.9194103089
5226.0 0.9122590397
5227.0 0.9204463029
5228.0 0.9207742732
5229.0 0.9196697096
5230.0 0.9216464778
5231.0 0.9220353766
5232.0 0.9186045276
5233.0 0.9199568021
5234.0 0.9191015282
5235.0 0.9180041870
5236.0 0.9195863901
5237.0 0.9227201166
5238.0 0.9197815867
5239.0 0.9219915701
5240.0 0.9215228234
5241.0 0.9246477091
5242.0 0.9225042727
5243.0 0.9202776962
5244.0 0.9223849022
5245.0 0.9213436086
5246.0 0.9187505868
5247.0 0.9205165591
5248.0 0.9187432062
5249.0 0.9235125120
5250.0 0.9199287886
5251.0 0.9183997839
5252.0 0.9197750917
5253.0 0.9203010020
5254.0 0.9215347822
5255.0 0.9218621586
5256.0 0.9198009538
5257.0 0.9198466162
5258.0 0.9211408701
5259.0 0.9172420199
5260.0 0.9200897659
5261.0 0.9208899621
5262.0 0.9212077419
5263.0 0.9152385364
5264.0 0.9207335931
5265.0 0.9168449638
5266.0 0.9183974273
5267.0 0.9169901063
5268.0 0.9169350441
5269.0 0.9152932001
5270.0 0.9181647824
5271.0 0.9125117688
5272.0 0.9126316975
5273.0 0.9161257960
5274.0 0.9083979578
5275.0 0.9120485137
5276.0 0.9093513883
5277.0 0.9108297770
5278.0 0.9113665598
5279.0 0.9097483603
5280.0 0.9072293936
5281.0 0.9056973462
5282.0 0.9051054891
5283.0 0.9071644188
5284.0 0.9058429061
5285.0 0.9046580954
5286.0 0.9023037370
5287.0 0.9051929249
5288.0 0.8998230088
5289.0 0.9051613100
5290.0 0.9069273483
5291.0 0.9042232201
5292.0 0.9032528115
5293.0 0.9022913356
5294.0 0.9005799086
5295.0 0.9020203952
5296.0 0.9037110023
5297.0 0.9030299985
5298.0 0.9009650435
5299.0 0.8997081214
5300.0 0.9035806319
5301.0 0.9014910755
5302.0 0.9020377510
5303.0 0.8985278391
5304.0 0.9001659071
5305.0 0.9013979031
5306.0 0.8968267385
5307.0 0.9022423759
5308.0 0.9001472959
5309.0 0.8998754174
5310.0 0.8994738410
5311.0 0.9035574850
5312.0 0.9033994953
5313.0 0.9035279673
5314.0 0.8984686095
5315.0 0.9038165072
5316.0 0.9021123285
5317.0 0.9024691236
5318.0 0.9045642744
5319.0 0.9047929637
5320.0 0.9000235701
5321.0 0.9047998662
5322.0 0.9062970804
5323.0 0.9051291372
5324.0 0.9049772418
5325.0 0.9084255939
5326.0 0.9072348024
5327.0 0.9126726999
5328.0 0.9055195251
5329.0 0.9053964284
5330.0 0.9083274537
5331.0 0.9112362195
5332.0 0.9103479342
5333.0 0.9092180820
5334.0 0.9076762372
5335.0 0.9087428393
5336.0 0.9122943866
5337.0 0.9154224974
5338.0 0.9108268464
5339.0 0.9101467587
5340.0 0.9121678023
5341.0 0.9139883268
5342.0 0.9115701114
5343.0 0.9129526530
5344.0 0.9152005903
5345.0 0.9137578197
5346.0 0.9116820437
5347.0 0.9135041343
5348.0 0.9131015525
5349.0 0.9147082149
5350.0 0.9096948248
5351.0 0.9116561105
5352.0 0.9150762990
5353.0 0.9109955724
5354.0 0.9127668803
5355.0 0.9111490527
5356.0 0.9108476700
5357.0 0.9122302297
5358.0 0.9156169344
5359.0 0.9063772179
5360.0 0.9129921033
5361.0 0.9116693213
5362.0 0.9081678549
5363.0 0.9096333043
5364.0 0.9108938440
5365.0 0.9097257528
5366.0 0.9098876232
5367.0 0.9118771011
5368.0 0.9133975473
5369.0 0.9072216171
5370.0 0.9078150561
5371.0 0.9109544427
5372.0 0.9093748508
5373.0 0.9077618516
5374.0 0.9061308692
5375.0 0.9089256655
5376.0 0.9070680006
5377.0 0.9049954931
5378.0 0.9043443603
5379.0 0.9032676152
5380.0 0.9076779756
5381.0 0.9041226957
5382.0 0.9035356690
5383.0 0.9071998337
5384.0 0.9033441780
5385.0 0.9096535946
5386.0 0.9049667839
5387.0 0.9082640086
5388.0 0.9002452136
5389.0 0.9002952747
5390.0 0.9024865090
5391.0 0.9027321582
5392.0 0.9021870629
5393.0 0.9027346735
5394.0 0.9051916389
5395.0 0.8990714232
5396.0 0.9035050456
5397.0 0.8981237284
5398.0 0.8994380806
5399.0 0.9005907459
5400.0 0.8974049601
5401.0 0.8979192166
5402.0 0.8958622761
5403.0 0.8980614061
5404.0 0.8959724600
5405.0 0.8935365499
5406.0 0.8943086379
5407.0 0.8953530953
5408.0 0.8950609148
5409.0 0.8887815855
5410.0 0.8925301160
5411.0 0.8903758329
5412.0 0.8912085754
5413.0 0.8891323893
5414.0 0.8904317802
5415.0 0.8864305544
5416.0 0.8826052423
5417.0 0.8872508694
5418.0 0.8870546129
5419.0 0.8816538192
5420.0 0.8822947853
5421.0 0.8805477968
5422.0 0.8801154568
5423.0 0.8807878369
5424.0 0.8783665160
5425.0 0.8775837624
5426.0 0.8751025966
5427.0 0.8748822855
5428.0 0.8783312287
5429.0 0.8713921032
5430.0 0.8720046974
5431.0 0.8714420323
5432.0 0.8717007094
5433.0 0.8664961875
5434.0 0.8671563386
5435.0 0.8644479387
5436.0 0.8609951756
5437.0 0.8602055773
5438.0 0.8581500989
5439.0 0.8579473122
5440.0 0.8494930850
5441.0 0.8469935726
5442.0 0.8388544877
5443.0 0.8349339624
5444.0 0.8327581408
5445.0 0.8208198560
5446.0 0.8093992848
5447.0 0.7978191018
5448.0 0.7916674368
5449.0 0.7736524846
5450.0 0.7673039320
5451.0 0.7424000738
5452.0 0.7326795756
5453.0 0.7097075267
5454.0 0.6947504382
5455.0 0.6657765582
5456.0 0.6535271436
5457.0 0.6369776549
5458.0 0.6039573009
5459.0 0.5890774174
5460.0 0.5547511145
5461.0 0.5364268928
5462.0 0.5014103141
5463.0 0.4812649165
5464.0 0.4486218069
5465.0 0.4303122480
5466.0 0.3959826385
5467.0 0.3796603947
5468.0 0.3468484971
5469.0 0.3316667892
5470.0 0.3170469873
5471.0 0.2880304629
5472.0 0.2749311597
5473.0 0.2488773448
5474.0 0.2380197838
5475.0 0.2144814126
5476.0 0.2034766697
5477.0 0.1837739738
5478.0 0.1735705765
5479.0 0.1579830392
5480.0 0.1496395497
5481.0 0.1348335129
5482.0 0.1284635684
5483.0 0.1149083343
5484.0 0.1096958314
5485.0 0.1036861314
5486.0 0.0932825276
5487.0 0.0885188831
5488.0 0.0800474517
5489.0 0.0758513791
5490.0 0.0692017846
5491.0 0.0656577606
5492.0 0.0590795907
5493.0 0.0571685859
5494.0 0.0511341897
5495.0 0.0489524504
5496.0 0.0448335998
5497.0 0.0423742667
5498.0 0.0386634932
5499.0 0.0368993291
5500.0 0.0335012801
5501.0 0.0326689822
5502.0 0.0296768461
5503.0 0.0283294605
5504.0 0.0271826873
5505.0 0.0243256000
5506.0 0.0237176805
5507.0 0.0215512556
5508.0 0.0211722249
5509.0 0.0192857208
5510.0 0.0181014333
5511.0 0.0172460644
5512.0 0.0165018586
5513.0 0.0151627286
5514.0 0.0145935872
5515.0 0.0136267777
5516.0 0.0131396644
5517.0 0.0121899311
5518.0 0.0116942668
5519.0 0.0107867733
5520.0 0.0104593409
5521.0 0.0098578302
5522.0 0.0093423189
5523.0 0.0089276831
5524.0 0.0085300590
5525.0 0.0081774006
5526.0 0.0075783641
5527.0 0.0072056414
5528.0 0.0070434026
5529.0 0.0066047099
5530.0 0.0064534155
5531.0 0.0062646687
5532.0 0.0059329228
5533.0 0.0055469510
5534.0 0.0053725154
5535.0 0.0050636561
5536.0 0.0051531945
5537.0 0.0047643922
5538.0 0.0044323526
5539.0 0.0042100718
5540.0 0.0041771696
5541.0 0.0040452273
5542.0 0.0039829175
5543.0 0.0038754811
5544.0 0.0036133532
5545.0 0.0033768573
5546.0 0.0035935120
5547.0 0.0031737209
5548.0 0.0032554835
5549.0 0.0029950591
5550.0 0.0029722205
5551.0 0.0029875845
5552.0 0.0026739887
5553.0 0.0027258671
5554.0 0.0025814779
5555.0 0.0024383466
5556.0 0.0023889838
5557.0 0.0023347348
5558.0 0.0022910018
5559.0 0.0023980815
5560.0 0.0022885136
5561.0 0.0021333381
5562.0 0.0020912463
5563.0 0.0019180502
5564.0 0.0020442596
5565.0 0.0018413737
5566.0 0.0020304749
5567.0 0.0018537664
5568.0 0.0017325787
5569.0 0.0015987282
5570.0 0.0018133817
5571.0 0.0016456293
5572.0 0.0015075018
5573.0 0.0014114138
5574.0 0.0016984421
5575.0 0.0016366758
5576.0 0.0016549662
5577.0 0.0013842918
5578.0 0.0015967072
5579.0 0.0013735777
5580.0 0.0014515972
5581.0 0.0012333082
5582.0 0.0013708929
5583.0 0.0012950955
5584.0 0.0011771474
5585.0 0.0012813375
5586.0 0.0012990456
5587.0 0.0012548825
5588.0 0.0011592920
5589.0 0.0012025076
5590.0 0.0011481665
5591.0 0.0010411244
5592.0 0.0010930503
5593.0 0.0010941112
5594.0 0.0010566264
5595.0 0.0011518610
5596.0 0.0009982508
5597.0 0.0011041784
5598.0 0.0008970345
5599.0 0.0010428899
5600.0 0.0009393793
5601.0 0.0009930748
5602.0 0.0009025904
5603.0 0.0008427188
5604.0 0.0009564760
5605.0 0.0007526957
5606.0 0.0008327563
5607.0 0.0008584969
5608.0 0.0008578506
5609.0 0.0007959137
5610.0 0.0008130863
5611.0 0.0007750520
5612.0 0.0007849430
5613.0 0.0007910017
5614.0 0.0008700494
5615.0 0.0008167734
5616.0 0.0007105165
5617.0 0.0007710167
5618.0 0.0007611601
5619.0 0.0007788432
5620.0 0.0007176082
5621.0 0.0007674531
5622.0 0.0006443465
5623.0 0.0007918747
5624.0 0.0006689193
5625.0 0.0006771874
5626.0 0.0007518283
5627.0 0.0007097050
5628.0 0.0006652112
5629.0 0.0006384011
5630.0 0.0006209595
5631.0 0.0006549624
5632.0 0.0006779891
5633.0 0.0004832597
5634.0 0.0006765328
5635.0 0.0005085349
5636.0 0.0006423965
5637.0 0.0006165436
5638.0 0.0006152861
5639.0 0.0005986913
5640.0 0.0005997787
5641.0 0.0005988074
5642.0 0.0006305647
5643.0 0.0005227215
5644.0 0.0005889331
5645.0 0.0005534220
5646.0 0.0005299684
5647.0 0.0005018779
5648.0 0.0004691099
