#Wavelength Transmission
3000.0 0.0083934800
3002.0 0.0075434160
3004.0 0.0066933520
3006.0 0.0058432880
3008.0 0.0049932240
3010.0 0.0041431600
3012.0 0.0041201320
3014.0 0.0040971040
3016.0 0.0040740760
3018.0 0.0040510480
3020.0 0.0040280200
3022.0 0.0036855820
3024.0 0.0033431440
3026.0 0.0030007060
3028.0 0.0026582680
3030.0 0.0023158300
3032.0 0.0021065580
3034.0 0.0018972860
3036.0 0.0016880140
3038.0 0.0014787420
3040.0 0.0012694700
3042.0 0.0012092400
3044.0 0.0011490100
3046.0 0.0010887800
3048.0 0.0010285500
3050.0 0.0009683200
3052.0 0.0008130400
3054.0 0.0006577600
3056.0 0.0005024800
3058.0 0.0003472000
3060.0 0.0001919200
3062.0 0.0002253020
3064.0 0.0002586840
3066.0 0.0002920660
3068.0 0.0003254480
3070.0 0.0003588300
3072.0 0.0003045640
3074.0 0.0002502980
3076.0 0.0001960320
3078.0 0.0001417660
3080.0 0.0000875000
3082.0 0.0000708380
3084.0 0.0000541760
3086.0 0.0000375140
3088.0 0.0000208520
3090.0 0.0000041900
3092.0 0.0000302980
3094.0 0.0000564060
3096.0 0.0000825140
3098.0 0.0001086220
3100.0 0.0001347300
3102.0 0.0001377800
3104.0 0.0001408300
3106.0 0.0001438800
3108.0 0.0001469300
3110.0 0.0001499800
3112.0 0.0001268340
3114.0 0.0001036880
3116.0 0.0000805420
3118.0 0.0000573960
3120.0 0.0000342500
3122.0 0.0000454660
3124.0 0.0000566820
3126.0 0.0000678980
3128.0 0.0000791140
3130.0 0.0000903300
3132.0 0.0000725620
3134.0 0.0000547940
3136.0 0.0000370260
3138.0 0.0000192580
3140.0 0.0000014900
3142.0 0.0000403720
3144.0 0.0000792540
3146.0 0.0001181360
3148.0 0.0001570180
3150.0 0.0001959000
3152.0 0.0001684200
3154.0 0.0001409400
3156.0 0.0001134600
3158.0 0.0000859800
3160.0 0.0000585000
3162.0 0.0000571640
3164.0 0.0000558280
3166.0 0.0000544920
3168.0 0.0000531560
3170.0 0.0000518200
3172.0 0.0000627640
3174.0 0.0000737080
3176.0 0.0000846520
3178.0 0.0000955960
3180.0 0.0001065400
3182.0 0.0000985120
3184.0 0.0000904840
3186.0 0.0000824560
3188.0 0.0000744280
3190.0 0.0000664000
3192.0 0.0000674620
3194.0 0.0000685240
3196.0 0.0000695860
3198.0 0.0000706480
3200.0 0.0000717100
3202.0 0.0000712380
3204.0 0.0000707660
3206.0 0.0000702940
3208.0 0.0000698220
3210.0 0.0000693500
3212.0 0.0000564580
3214.0 0.0000435660
3216.0 0.0000306740
3218.0 0.0000177820
3220.0 0.0000048900
3222.0 0.0000222220
3224.0 0.0000395540
3226.0 0.0000568860
3228.0 0.0000742180
3230.0 0.0000915500
3232.0 0.0000770900
3234.0 0.0000626300
3236.0 0.0000481700
3238.0 0.0000337100
3240.0 0.0000192500
3242.0 0.0000365500
3244.0 0.0000538500
3246.0 0.0000711500
3248.0 0.0000884500
3250.0 0.0001057500
3252.0 0.0000873800
3254.0 0.0000690100
3256.0 0.0000506400
3258.0 0.0000322700
3260.0 0.0000139000
3262.0 0.0000231860
3264.0 0.0000324720
3266.0 0.0000417580
3268.0 0.0000510440
3270.0 0.0000603300
3272.0 0.0000727500
3274.0 0.0000851700
3276.0 0.0000975900
3278.0 0.0001100100
3280.0 0.0001224300
3282.0 0.0001022000
3284.0 0.0000819700
3286.0 0.0000617400
3288.0 0.0000415100
3290.0 0.0000212800
3292.0 0.0000248240
3294.0 0.0000283680
3296.0 0.0000319120
3298.0 0.0000354560
3300.0 0.0000390000
3302.0 0.0000415520
3304.0 0.0000441040
3306.0 0.0000466560
3308.0 0.0000492080
3310.0 0.0000517600
3312.0 0.0000493780
3314.0 0.0000469960
3316.0 0.0000446140
3318.0 0.0000422320
3320.0 0.0000398500
3322.0 0.0000321740
3324.0 0.0000244980
3326.0 0.0000168220
3328.0 0.0000091460
3330.0 0.0000014700
3332.0 0.0000022480
3334.0 0.0000030260
3336.0 0.0000038040
3338.0 0.0000045820
3340.0 0.0000053600
3342.0 0.0000090200
3344.0 0.0000126800
3346.0 0.0000163400
3348.0 0.0000200000
3350.0 0.0000236600
3352.0 0.0000209060
3354.0 0.0000181520
3356.0 0.0000153980
3358.0 0.0000126440
3360.0 0.0000098900
3362.0 0.0000178440
3364.0 0.0000257980
3366.0 0.0000337520
3368.0 0.0000417060
3370.0 0.0000496600
3372.0 0.0000483420
3374.0 0.0000470240
3376.0 0.0000457060
3378.0 0.0000443880
3380.0 0.0000430700
3382.0 0.0000364560
3384.0 0.0000298420
3386.0 0.0000232280
3388.0 0.0000166140
3390.0 0.0000100000
3392.0 0.0000179280
3394.0 0.0000258560
3396.0 0.0000337840
3398.0 0.0000417120
3400.0 0.0000496400
3402.0 0.0000400240
3404.0 0.0000304080
3406.0 0.0000207920
3408.0 0.0000111760
3410.0 0.0000015600
3412.0 0.0000096080
3414.0 0.0000176560
3416.0 0.0000257040
3418.0 0.0000337520
3420.0 0.0000418000
3422.0 0.0000382880
3424.0 0.0000347760
3426.0 0.0000312640
3428.0 0.0000277520
3430.0 0.0000242400
3432.0 0.0000242460
3434.0 0.0000242520
3436.0 0.0000242580
3438.0 0.0000242640
3440.0 0.0000242700
3442.0 0.0000255380
3444.0 0.0000268060
3446.0 0.0000280740
3448.0 0.0000293420
3450.0 0.0000306100
3452.0 0.0000257160
3454.0 0.0000208220
3456.0 0.0000159280
3458.0 0.0000110340
3460.0 0.0000061400
3462.0 0.0000126180
3464.0 0.0000190960
3466.0 0.0000255740
3468.0 0.0000320520
3470.0 0.0000385300
3472.0 0.0000345280
3474.0 0.0000305260
3476.0 0.0000265240
3478.0 0.0000225220
3480.0 0.0000185200
3482.0 0.0000204780
3484.0 0.0000224360
3486.0 0.0000243940
3488.0 0.0000263520
3490.0 0.0000283100
3492.0 0.0000278680
3494.0 0.0000274260
3496.0 0.0000269840
3498.0 0.0000265420
3500.0 0.0000261000
3502.0 0.0000235800
3504.0 0.0000210600
3506.0 0.0000185400
3508.0 0.0000160200
3510.0 0.0000135000
3512.0 0.0000139840
3514.0 0.0000144680
3516.0 0.0000149520
3518.0 0.0000154360
3520.0 0.0000159200
3522.0 0.0000222500
3524.0 0.0000285800
3526.0 0.0000349100
3528.0 0.0000412400
3530.0 0.0000475700
3532.0 0.0000418280
3534.0 0.0000360860
3536.0 0.0000303440
3538.0 0.0000246020
3540.0 0.0000188600
3542.0 0.0000240680
3544.0 0.0000292760
3546.0 0.0000344840
3548.0 0.0000396920
3550.0 0.0000449000
3552.0 0.0000361060
3554.0 0.0000273120
3556.0 0.0000185180
3558.0 0.0000097240
3560.0 0.0000009300
3562.0 0.0000025620
3564.0 0.0000041940
3566.0 0.0000058260
3568.0 0.0000074580
3570.0 0.0000090900
3572.0 0.0000156340
3574.0 0.0000221780
3576.0 0.0000287220
3578.0 0.0000352660
3580.0 0.0000418100
3582.0 0.0000398920
3584.0 0.0000379740
3586.0 0.0000360560
3588.0 0.0000341380
3590.0 0.0000322200
3592.0 0.0000288580
3594.0 0.0000254960
3596.0 0.0000221340
3598.0 0.0000187720
3600.0 0.0000154100
3602.0 0.0000181860
3604.0 0.0000209620
3606.0 0.0000237380
3608.0 0.0000265140
3610.0 0.0000292900
3612.0 0.0000274140
3614.0 0.0000255380
3616.0 0.0000236620
3618.0 0.0000217860
3620.0 0.0000199100
3622.0 0.0000185840
3624.0 0.0000172580
3626.0 0.0000159320
3628.0 0.0000146060
3630.0 0.0000132800
3632.0 0.0000132040
3634.0 0.0000131280
3636.0 0.0000130520
3638.0 0.0000129760
3640.0 0.0000129000
3642.0 0.0000133600
3644.0 0.0000138200
3646.0 0.0000142800
3648.0 0.0000147400
3650.0 0.0000152000
3652.0 0.0000173800
3654.0 0.0000195600
3656.0 0.0000217400
3658.0 0.0000239200
3660.0 0.0000261000
3662.0 0.0000224380
3664.0 0.0000187760
3666.0 0.0000151140
3668.0 0.0000114520
3670.0 0.0000077900
3672.0 0.0000121480
3674.0 0.0000165060
3676.0 0.0000208640
3678.0 0.0000252220
3680.0 0.0000295800
3682.0 0.0000236640
3684.0 0.0000177480
3686.0 0.0000118320
3688.0 0.0000059160
3690.0 0.0000000000
3692.0 0.0000357640
3694.0 0.0000715280
3696.0 0.0001072920
3698.0 0.0001430560
3700.0 0.0001788200
3702.0 0.0001831080
3704.0 0.0001873960
3706.0 0.0001916840
3708.0 0.0001959720
3710.0 0.0002002600
3712.0 0.0002105960
3714.0 0.0002209320
3716.0 0.0002312680
3718.0 0.0002416040
3720.0 0.0002519400
3722.0 0.0002134960
3724.0 0.0001750520
3726.0 0.0001366080
3728.0 0.0000981640
3730.0 0.0000597200
3732.0 0.0000880960
3734.0 0.0001164720
3736.0 0.0001448480
3738.0 0.0001732240
3740.0 0.0002016000
3742.0 0.0002063980
3744.0 0.0002111960
3746.0 0.0002159940
3748.0 0.0002207920
3750.0 0.0002255900
3752.0 0.0002063740
3754.0 0.0001871580
3756.0 0.0001679420
3758.0 0.0001487260
3760.0 0.0001295100
3762.0 0.0001221480
3764.0 0.0001147860
3766.0 0.0001074240
3768.0 0.0001000620
3770.0 0.0000927000
3772.0 0.0000931740
3774.0 0.0000936480
3776.0 0.0000941220
3778.0 0.0000945960
3780.0 0.0000950700
3782.0 0.0001226560
3784.0 0.0001502420
3786.0 0.0001778280
3788.0 0.0002054140
3790.0 0.0002330000
3792.0 0.0001943920
3794.0 0.0001557840
3796.0 0.0001171760
3798.0 0.0000785680
3800.0 0.0000399600
3802.0 0.0000438560
3804.0 0.0000477520
3806.0 0.0000516480
3808.0 0.0000555440
3810.0 0.0000594400
3812.0 0.0000523360
3814.0 0.0000452320
3816.0 0.0000381280
3818.0 0.0000310240
3820.0 0.0000239200
3822.0 0.0000357560
3824.0 0.0000475920
3826.0 0.0000594280
3828.0 0.0000712640
3830.0 0.0000831000
3832.0 0.0000721280
3834.0 0.0000611560
3836.0 0.0000501840
3838.0 0.0000392120
3840.0 0.0000282400
3842.0 0.0000427040
3844.0 0.0000571680
3846.0 0.0000716320
3848.0 0.0000860960
3850.0 0.0001005600
3852.0 0.0000857740
3854.0 0.0000709880
3856.0 0.0000562020
3858.0 0.0000414160
3860.0 0.0000266300
3862.0 0.0000626540
3864.0 0.0000986780
3866.0 0.0001347020
3868.0 0.0001707260
3870.0 0.0002067500
3872.0 0.0001747420
3874.0 0.0001427340
3876.0 0.0001107260
3878.0 0.0000787180
3880.0 0.0000467100
3882.0 0.0000512920
3884.0 0.0000558740
3886.0 0.0000604560
3888.0 0.0000650380
3890.0 0.0000696200
3892.0 0.0000832820
3894.0 0.0000969440
3896.0 0.0001106060
3898.0 0.0001242680
3900.0 0.0001379300
3902.0 0.0001203340
3904.0 0.0001027380
3906.0 0.0000851420
3908.0 0.0000675460
3910.0 0.0000499500
3912.0 0.0000751240
3914.0 0.0001002980
3916.0 0.0001254720
3918.0 0.0001506460
3920.0 0.0001758200
3922.0 0.0002058200
3924.0 0.0002358200
3926.0 0.0002658200
3928.0 0.0002958200
3930.0 0.0003258200
3932.0 0.0002925320
3934.0 0.0002592440
3936.0 0.0002259560
3938.0 0.0001926680
3940.0 0.0001593800
3942.0 0.0001577900
3944.0 0.0001562000
3946.0 0.0001546100
3948.0 0.0001530200
3950.0 0.0001514300
3952.0 0.0001330720
3954.0 0.0001147140
3956.0 0.0000963560
3958.0 0.0000779980
3960.0 0.0000596400
3962.0 0.0000602140
3964.0 0.0000607880
3966.0 0.0000613620
3968.0 0.0000619360
3970.0 0.0000625100
3972.0 0.0000670400
3974.0 0.0000715700
3976.0 0.0000761000
3978.0 0.0000806300
3980.0 0.0000851600
3982.0 0.0000962040
3984.0 0.0001072480
3986.0 0.0001182920
3988.0 0.0001293360
3990.0 0.0001403800
3992.0 0.0001483440
3994.0 0.0001563080
3996.0 0.0001642720
3998.0 0.0001722360
4000.0 0.0001802000
4002.0 0.0001895800
4004.0 0.0001989600
4006.0 0.0002083400
4008.0 0.0002177200
4010.0 0.0002271000
4012.0 0.0002775500
4014.0 0.0003280000
4016.0 0.0003784500
4018.0 0.0004289000
4020.0 0.0004793500
4022.0 0.0004218680
4024.0 0.0003643860
4026.0 0.0003069040
4028.0 0.0002494220
4030.0 0.0001919400
4032.0 0.0001695020
4034.0 0.0001470640
4036.0 0.0001246260
4038.0 0.0001021880
4040.0 0.0000797500
4042.0 0.0000673460
4044.0 0.0000549420
4046.0 0.0000425380
4048.0 0.0000301340
4050.0 0.0000177300
4052.0 0.0000222900
4054.0 0.0000268500
4056.0 0.0000314100
4058.0 0.0000359700
4060.0 0.0000405300
4062.0 0.0000514820
4064.0 0.0000624340
4066.0 0.0000733860
4068.0 0.0000843380
4070.0 0.0000952900
4072.0 0.0000869000
4074.0 0.0000785100
4076.0 0.0000701200
4078.0 0.0000617300
4080.0 0.0000533400
4082.0 0.0000485720
4084.0 0.0000438040
4086.0 0.0000390360
4088.0 0.0000342680
4090.0 0.0000295000
4092.0 0.0000291680
4094.0 0.0000288360
4096.0 0.0000285040
4098.0 0.0000281720
4100.0 0.0000278400
4102.0 0.0000303040
4104.0 0.0000327680
4106.0 0.0000352320
4108.0 0.0000376960
4110.0 0.0000401600
4112.0 0.0000399180
4114.0 0.0000396760
4116.0 0.0000394340
4118.0 0.0000391920
4120.0 0.0000389500
4122.0 0.0000311600
4124.0 0.0000233700
4126.0 0.0000155800
4128.0 0.0000077900
4130.0 0.0000000000
4132.0 0.0000186760
4134.0 0.0000373520
4136.0 0.0000560280
4138.0 0.0000747040
4140.0 0.0000933800
4142.0 0.0000770420
4144.0 0.0000607040
4146.0 0.0000443660
4148.0 0.0000280280
4150.0 0.0000116900
4152.0 0.0000222120
4154.0 0.0000327340
4156.0 0.0000432560
4158.0 0.0000537780
4160.0 0.0000643000
4162.0 0.0000541800
4164.0 0.0000440600
4166.0 0.0000339400
4168.0 0.0000238200
4170.0 0.0000137000
4172.0 0.0000114660
4174.0 0.0000092320
4176.0 0.0000069980
4178.0 0.0000047640
4180.0 0.0000025300
4182.0 0.0000090720
4184.0 0.0000156140
4186.0 0.0000221560
4188.0 0.0000286980
4190.0 0.0000352400
4192.0 0.0000324020
4194.0 0.0000295640
4196.0 0.0000267260
4198.0 0.0000238880
4200.0 0.0000210500
4202.0 0.0000281100
4204.0 0.0000351700
4206.0 0.0000422300
4208.0 0.0000492900
4210.0 0.0000563500
4212.0 0.0000451940
4214.0 0.0000340380
4216.0 0.0000228820
4218.0 0.0000117260
4220.0 0.0000005700
4222.0 0.0000044720
4224.0 0.0000083740
4226.0 0.0000122760
4228.0 0.0000161780
4230.0 0.0000200800
4232.0 0.0000177000
4234.0 0.0000153200
4236.0 0.0000129400
4238.0 0.0000105600
4240.0 0.0000081800
4242.0 0.0000205960
4244.0 0.0000330120
4246.0 0.0000454280
4248.0 0.0000578440
4250.0 0.0000702600
4252.0 0.0000570420
4254.0 0.0000438240
4256.0 0.0000306060
4258.0 0.0000173880
4260.0 0.0000041700
4262.0 0.0000048620
4264.0 0.0000055540
4266.0 0.0000062460
4268.0 0.0000069380
4270.0 0.0000076300
4272.0 0.0000116860
4274.0 0.0000157420
4276.0 0.0000197980
4278.0 0.0000238540
4280.0 0.0000279100
4282.0 0.0000262280
4284.0 0.0000245460
4286.0 0.0000228640
4288.0 0.0000211820
4290.0 0.0000195000
4292.0 0.0000216100
4294.0 0.0000237200
4296.0 0.0000258300
4298.0 0.0000279400
4300.0 0.0000300500
4302.0 0.0000363760
4304.0 0.0000427020
4306.0 0.0000490280
4308.0 0.0000553540
4310.0 0.0000616800
4312.0 0.0000672380
4314.0 0.0000727960
4316.0 0.0000783540
4318.0 0.0000839120
4320.0 0.0000894700
4322.0 0.0000797460
4324.0 0.0000700220
4326.0 0.0000602980
4328.0 0.0000505740
4330.0 0.0000408500
4332.0 0.0000373480
4334.0 0.0000338460
4336.0 0.0000303440
4338.0 0.0000268420
4340.0 0.0000233400
4342.0 0.0000196220
4344.0 0.0000159040
4346.0 0.0000121860
4348.0 0.0000084680
4350.0 0.0000047500
4352.0 0.0000044780
4354.0 0.0000042060
4356.0 0.0000039340
4358.0 0.0000036620
4360.0 0.0000033900
4362.0 0.0000041240
4364.0 0.0000048580
4366.0 0.0000055920
4368.0 0.0000063260
4370.0 0.0000070600
4372.0 0.0000057280
4374.0 0.0000043960
4376.0 0.0000030640
4378.0 0.0000017320
4380.0 0.0000004000
4382.0 0.0000020020
4384.0 0.0000036040
4386.0 0.0000052060
4388.0 0.0000068080
4390.0 0.0000084100
4392.0 0.0000095580
4394.0 0.0000107060
4396.0 0.0000118540
4398.0 0.0000130020
4400.0 0.0000141500
4402.0 0.0000137180
4404.0 0.0000132860
4406.0 0.0000128540
4408.0 0.0000124220
4410.0 0.0000119900
4412.0 0.0000162180
4414.0 0.0000204460
4416.0 0.0000246740
4418.0 0.0000289020
4420.0 0.0000331300
4422.0 0.0000316000
4424.0 0.0000300700
4426.0 0.0000285400
4428.0 0.0000270100
4430.0 0.0000254800
4432.0 0.0000324460
4434.0 0.0000394120
4436.0 0.0000463780
4438.0 0.0000533440
4440.0 0.0000603100
4442.0 0.0000489000
4444.0 0.0000374900
4446.0 0.0000260800
4448.0 0.0000146700
4450.0 0.0000032600
4452.0 0.0000085960
4454.0 0.0000139320
4456.0 0.0000192680
4458.0 0.0000246040
4460.0 0.0000299400
4462.0 0.0000265500
4464.0 0.0000231600
4466.0 0.0000197700
4468.0 0.0000163800
4470.0 0.0000129900
4472.0 0.0000141900
4474.0 0.0000153900
4476.0 0.0000165900
4478.0 0.0000177900
4480.0 0.0000189900
4482.0 0.0000222620
4484.0 0.0000255340
4486.0 0.0000288060
4488.0 0.0000320780
4490.0 0.0000353500
4492.0 0.0000400540
4494.0 0.0000447580
4496.0 0.0000494620
4498.0 0.0000541660
4500.0 0.0000588700
4502.0 0.0000664440
4504.0 0.0000740180
4506.0 0.0000815920
4508.0 0.0000891660
4510.0 0.0000967400
4512.0 0.0000869600
4514.0 0.0000771800
4516.0 0.0000674000
4518.0 0.0000576200
4520.0 0.0000478400
4522.0 0.0000588740
4524.0 0.0000699080
4526.0 0.0000809420
4528.0 0.0000919760
4530.0 0.0001030100
4532.0 0.0000945340
4534.0 0.0000860580
4536.0 0.0000775820
4538.0 0.0000691060
4540.0 0.0000606300
4542.0 0.0000597460
4544.0 0.0000588620
4546.0 0.0000579780
4548.0 0.0000570940
4550.0 0.0000562100
4552.0 0.0000636440
4554.0 0.0000710780
4556.0 0.0000785120
4558.0 0.0000859460
4560.0 0.0000933800
4562.0 0.0000921580
4564.0 0.0000909360
4566.0 0.0000897140
4568.0 0.0000884920
4570.0 0.0000872700
4572.0 0.0000743020
4574.0 0.0000613340
4576.0 0.0000483660
4578.0 0.0000353980
4580.0 0.0000224300
4582.0 0.0000256760
4584.0 0.0000289220
4586.0 0.0000321680
4588.0 0.0000354140
4590.0 0.0000386600
4592.0 0.0000360860
4594.0 0.0000335120
4596.0 0.0000309380
4598.0 0.0000283640
4600.0 0.0000257900
4602.0 0.0000329020
4604.0 0.0000400140
4606.0 0.0000471260
4608.0 0.0000542380
4610.0 0.0000613500
4612.0 0.0000508720
4614.0 0.0000403940
4616.0 0.0000299160
4618.0 0.0000194380
4620.0 0.0000089600
4622.0 0.0000113800
4624.0 0.0000138000
4626.0 0.0000162200
4628.0 0.0000186400
4630.0 0.0000210600
4632.0 0.0000227740
4634.0 0.0000244880
4636.0 0.0000262020
4638.0 0.0000279160
4640.0 0.0000296300
4642.0 0.0000300880
4644.0 0.0000305460
4646.0 0.0000310040
4648.0 0.0000314620
4650.0 0.0000319200
4652.0 0.0000584320
4654.0 0.0000849440
4656.0 0.0001114560
4658.0 0.0001379680
4660.0 0.0001644800
4662.0 0.0001835660
4664.0 0.0002026520
4666.0 0.0002217380
4668.0 0.0002408240
4670.0 0.0002599100
4672.0 0.0002639380
4674.0 0.0002679660
4676.0 0.0002719940
4678.0 0.0002760220
4680.0 0.0002800500
4682.0 0.0002479420
4684.0 0.0002158340
4686.0 0.0001837260
4688.0 0.0001516180
4690.0 0.0001195100
4692.0 0.0001143180
4694.0 0.0001091260
4696.0 0.0001039340
4698.0 0.0000987420
4700.0 0.0000935500
4702.0 0.0000847100
4704.0 0.0000758700
4706.0 0.0000670300
4708.0 0.0000581900
4710.0 0.0000493500
4712.0 0.0000422380
4714.0 0.0000351260
4716.0 0.0000280140
4718.0 0.0000209020
4720.0 0.0000137900
4722.0 0.0000153300
4724.0 0.0000168700
4726.0 0.0000184100
4728.0 0.0000199500
4730.0 0.0000214900
4732.0 0.0000214000
4734.0 0.0000213100
4736.0 0.0000212200
4738.0 0.0000211300
4740.0 0.0000210400
4742.0 0.0000267940
4744.0 0.0000325480
4746.0 0.0000383020
4748.0 0.0000440560
4750.0 0.0000498100
4752.0 0.0000430500
4754.0 0.0000362900
4756.0 0.0000295300
4758.0 0.0000227700
4760.0 0.0000160100
4762.0 0.0000159000
4764.0 0.0000157900
4766.0 0.0000156800
4768.0 0.0000155700
4770.0 0.0000154600
4772.0 0.0000213660
4774.0 0.0000272720
4776.0 0.0000331780
4778.0 0.0000390840
4780.0 0.0000449900
4782.0 0.0000467140
4784.0 0.0000484380
4786.0 0.0000501620
4788.0 0.0000518860
4790.0 0.0000536100
4792.0 0.0000745580
4794.0 0.0000955060
4796.0 0.0001164540
4798.0 0.0001374020
4800.0 0.0001583500
4802.0 0.0001468380
4804.0 0.0001353260
4806.0 0.0001238140
4808.0 0.0001123020
4810.0 0.0001007900
4812.0 0.0000844880
4814.0 0.0000681860
4816.0 0.0000518840
4818.0 0.0000355820
4820.0 0.0000192800
4822.0 0.0000195940
4824.0 0.0000199080
4826.0 0.0000202220
4828.0 0.0000205360
4830.0 0.0000208500
4832.0 0.0000174280
4834.0 0.0000140060
4836.0 0.0000105840
4838.0 0.0000071620
4840.0 0.0000037400
4842.0 0.0000032220
4844.0 0.0000027040
4846.0 0.0000021860
4848.0 0.0000016680
4850.0 0.0000011500
4852.0 0.0000043660
4854.0 0.0000075820
4856.0 0.0000107980
4858.0 0.0000140140
4860.0 0.0000172300
4862.0 0.0000192080
4864.0 0.0000211860
4866.0 0.0000231640
4868.0 0.0000251420
4870.0 0.0000271200
4872.0 0.0000259880
4874.0 0.0000248560
4876.0 0.0000237240
4878.0 0.0000225920
4880.0 0.0000214600
4882.0 0.0000183920
4884.0 0.0000153240
4886.0 0.0000122560
4888.0 0.0000091880
4890.0 0.0000061200
4892.0 0.0000064080
4894.0 0.0000066960
4896.0 0.0000069840
4898.0 0.0000072720
4900.0 0.0000075600
4902.0 0.0000095060
4904.0 0.0000114520
4906.0 0.0000133980
4908.0 0.0000153440
4910.0 0.0000172900
4912.0 0.0000189440
4914.0 0.0000205980
4916.0 0.0000222520
4918.0 0.0000239060
4920.0 0.0000255600
4922.0 0.0000216160
4924.0 0.0000176720
4926.0 0.0000137280
4928.0 0.0000097840
4930.0 0.0000058400
4932.0 0.0000065320
4934.0 0.0000072240
4936.0 0.0000079160
4938.0 0.0000086080
4940.0 0.0000093000
4942.0 0.0000105080
4944.0 0.0000117160
4946.0 0.0000129240
4948.0 0.0000141320
4950.0 0.0000153400
4952.0 0.0000185460
4954.0 0.0000217520
4956.0 0.0000249580
4958.0 0.0000281640
4960.0 0.0000313700
4962.0 0.0000281880
4964.0 0.0000250060
4966.0 0.0000218240
4968.0 0.0000186420
4970.0 0.0000154600
4972.0 0.0000196460
4974.0 0.0000238320
4976.0 0.0000280180
4978.0 0.0000322040
4980.0 0.0000363900
4982.0 0.0000349160
4984.0 0.0000334420
4986.0 0.0000319680
4988.0 0.0000304940
4990.0 0.0000290200
4992.0 0.0000252460
4994.0 0.0000214720
4996.0 0.0000176980
4998.0 0.0000139240
5000.0 0.0000101500
5002.0 0.0000160660
5004.0 0.0000219820
5006.0 0.0000278980
5008.0 0.0000338140
5010.0 0.0000397300
5012.0 0.0000334740
5014.0 0.0000272180
5016.0 0.0000209620
5018.0 0.0000147060
5020.0 0.0000084500
5022.0 0.0000107300
5024.0 0.0000130100
5026.0 0.0000152900
5028.0 0.0000175700
5030.0 0.0000198500
5032.0 0.0000190260
5034.0 0.0000182020
5036.0 0.0000173780
5038.0 0.0000165540
5040.0 0.0000157300
5042.0 0.0000128840
5044.0 0.0000100380
5046.0 0.0000071920
5048.0 0.0000043460
5050.0 0.0000015000
5052.0 0.0000081840
5054.0 0.0000148680
5056.0 0.0000215520
5058.0 0.0000282360
5060.0 0.0000349200
5062.0 0.0000326840
5064.0 0.0000304480
5066.0 0.0000282120
5068.0 0.0000259760
5070.0 0.0000237400
5072.0 0.0000208700
5074.0 0.0000180000
5076.0 0.0000151300
5078.0 0.0000122600
5080.0 0.0000093900
5082.0 0.0000075120
5084.0 0.0000056340
5086.0 0.0000037560
5088.0 0.0000018780
5090.0 0.0000000000
5092.0 0.0000029140
5094.0 0.0000058280
5096.0 0.0000087420
5098.0 0.0000116560
5100.0 0.0000145700
5102.0 0.0000133920
5104.0 0.0000122140
5106.0 0.0000110360
5108.0 0.0000098580
5110.0 0.0000086800
5112.0 0.0000094280
5114.0 0.0000101760
5116.0 0.0000109240
5118.0 0.0000116720
5120.0 0.0000124200
5122.0 0.0000121900
5124.0 0.0000119600
5126.0 0.0000117300
5128.0 0.0000115000
5130.0 0.0000112700
5132.0 0.0000141480
5134.0 0.0000170260
5136.0 0.0000199040
5138.0 0.0000227820
5140.0 0.0000256600
5142.0 0.0000245000
5144.0 0.0000233400
5146.0 0.0000221800
5148.0 0.0000210200
5150.0 0.0000198600
5152.0 0.0000176140
5154.0 0.0000153680
5156.0 0.0000131220
5158.0 0.0000108760
5160.0 0.0000086300
5162.0 0.0000091080
5164.0 0.0000095860
5166.0 0.0000100640
5168.0 0.0000105420
5170.0 0.0000110200
5172.0 0.0000111920
5174.0 0.0000113640
5176.0 0.0000115360
5178.0 0.0000117080
5180.0 0.0000118800
5182.0 0.0000099200
5184.0 0.0000079600
5186.0 0.0000060000
5188.0 0.0000040400
5190.0 0.0000020800
5192.0 0.0000049860
5194.0 0.0000078920
5196.0 0.0000107980
5198.0 0.0000137040
5200.0 0.0000166100
5202.0 0.0000135640
5204.0 0.0000105180
5206.0 0.0000074720
5208.0 0.0000044260
5210.0 0.0000013800
5212.0 0.0000013440
5214.0 0.0000013080
5216.0 0.0000012720
5218.0 0.0000012360
5220.0 0.0000012000
5222.0 0.0000057860
5224.0 0.0000103720
5226.0 0.0000149580
5228.0 0.0000195440
5230.0 0.0000241300
5232.0 0.0000257180
5234.0 0.0000273060
5236.0 0.0000288940
5238.0 0.0000304820
5240.0 0.0000320700
5242.0 0.0000270480
5244.0 0.0000220260
5246.0 0.0000170040
5248.0 0.0000119820
5250.0 0.0000069600
5252.0 0.0000095280
5254.0 0.0000120960
5256.0 0.0000146640
5258.0 0.0000172320
5260.0 0.0000198000
5262.0 0.0000182740
5264.0 0.0000167480
5266.0 0.0000152220
5268.0 0.0000136960
5270.0 0.0000121700
5272.0 0.0000105780
5274.0 0.0000089860
5276.0 0.0000073940
5278.0 0.0000058020
5280.0 0.0000042100
5282.0 0.0000092820
5284.0 0.0000143540
5286.0 0.0000194260
5288.0 0.0000244980
5290.0 0.0000295700
5292.0 0.0000271400
5294.0 0.0000247100
5296.0 0.0000222800
5298.0 0.0000198500
5300.0 0.0000174200
5302.0 0.0000200560
5304.0 0.0000226920
5306.0 0.0000253280
5308.0 0.0000279640
5310.0 0.0000306000
5312.0 0.0000260820
5314.0 0.0000215640
5316.0 0.0000170460
5318.0 0.0000125280
5320.0 0.0000080100
5322.0 0.0000075080
5324.0 0.0000070060
5326.0 0.0000065040
5328.0 0.0000060020
5330.0 0.0000055000
5332.0 0.0000090160
5334.0 0.0000125320
5336.0 0.0000160480
5338.0 0.0000195640
5340.0 0.0000230800
5342.0 0.0000233280
5344.0 0.0000235760
5346.0 0.0000238240
5348.0 0.0000240720
5350.0 0.0000243200
5352.0 0.0000205120
5354.0 0.0000167040
5356.0 0.0000128960
5358.0 0.0000090880
5360.0 0.0000052800
5362.0 0.0000092400
5364.0 0.0000132000
5366.0 0.0000171600
5368.0 0.0000211200
5370.0 0.0000250800
5372.0 0.0000245840
5374.0 0.0000240880
5376.0 0.0000235920
5378.0 0.0000230960
5380.0 0.0000226000
5382.0 0.0000266320
5384.0 0.0000306640
5386.0 0.0000346960
5388.0 0.0000387280
5390.0 0.0000427600
5392.0 0.0000406500
5394.0 0.0000385400
5396.0 0.0000364300
5398.0 0.0000343200
5400.0 0.0000322100
5402.0 0.0000318400
5404.0 0.0000314700
5406.0 0.0000311000
5408.0 0.0000307300
5410.0 0.0000303600
5412.0 0.0000245500
5414.0 0.0000187400
5416.0 0.0000129300
5418.0 0.0000071200
5420.0 0.0000013100
5422.0 0.0000041960
5424.0 0.0000070820
5426.0 0.0000099680
5428.0 0.0000128540
5430.0 0.0000157400
5432.0 0.0000157640
5434.0 0.0000157880
5436.0 0.0000158120
5438.0 0.0000158360
5440.0 0.0000158600
5442.0 0.0000144900
5444.0 0.0000131200
5446.0 0.0000117500
5448.0 0.0000103800
5450.0 0.0000090100
5452.0 0.0000114960
5454.0 0.0000139820
5456.0 0.0000164680
5458.0 0.0000189540
5460.0 0.0000214400
5462.0 0.0000196020
5464.0 0.0000177640
5466.0 0.0000159260
5468.0 0.0000140880
5470.0 0.0000122500
5472.0 0.0000125140
5474.0 0.0000127780
5476.0 0.0000130420
5478.0 0.0000133060
5480.0 0.0000135700
5482.0 0.0000125580
5484.0 0.0000115460
5486.0 0.0000105340
5488.0 0.0000095220
5490.0 0.0000085100
5492.0 0.0000124000
5494.0 0.0000162900
5496.0 0.0000201800
5498.0 0.0000240700
5500.0 0.0000279600
5502.0 0.0000239680
5504.0 0.0000199760
5506.0 0.0000159840
5508.0 0.0000119920
5510.0 0.0000080000
5512.0 0.0000073140
5514.0 0.0000066280
5516.0 0.0000059420
5518.0 0.0000052560
5520.0 0.0000045700
5522.0 0.0000120280
5524.0 0.0000194860
5526.0 0.0000269440
5528.0 0.0000344020
5530.0 0.0000418600
5532.0 0.0000383240
5534.0 0.0000347880
5536.0 0.0000312520
5538.0 0.0000277160
5540.0 0.0000241800
5542.0 0.0000237900
5544.0 0.0000234000
5546.0 0.0000230100
5548.0 0.0000226200
5550.0 0.0000222300
5552.0 0.0000201380
5554.0 0.0000180460
5556.0 0.0000159540
5558.0 0.0000138620
5560.0 0.0000117700
5562.0 0.0000102320
5564.0 0.0000086940
5566.0 0.0000071560
5568.0 0.0000056180
5570.0 0.0000040800
5572.0 0.0000100760
5574.0 0.0000160720
5576.0 0.0000220680
5578.0 0.0000280640
5580.0 0.0000340600
5582.0 0.0000299040
5584.0 0.0000257480
5586.0 0.0000215920
5588.0 0.0000174360
5590.0 0.0000132800
5592.0 0.0000119400
5594.0 0.0000106000
5596.0 0.0000092600
5598.0 0.0000079200
5600.0 0.0000065800
5602.0 0.0000098380
5604.0 0.0000130960
5606.0 0.0000163540
5608.0 0.0000196120
5610.0 0.0000228700
5612.0 0.0000217520
5614.0 0.0000206340
5616.0 0.0000195160
5618.0 0.0000183980
5620.0 0.0000172800
5622.0 0.0000159320
5624.0 0.0000145840
5626.0 0.0000132360
5628.0 0.0000118880
5630.0 0.0000105400
5632.0 0.0000112040
5634.0 0.0000118680
5636.0 0.0000125320
5638.0 0.0000131960
5640.0 0.0000138600
5642.0 0.0000181340
5644.0 0.0000224080
5646.0 0.0000266820
5648.0 0.0000309560
5650.0 0.0000352300
5652.0 0.0000318900
5654.0 0.0000285500
5656.0 0.0000252100
5658.0 0.0000218700
5660.0 0.0000185300
5662.0 0.0000155200
5664.0 0.0000125100
5666.0 0.0000095000
5668.0 0.0000064900
5670.0 0.0000034800
5672.0 0.0000039460
5674.0 0.0000044120
5676.0 0.0000048780
5678.0 0.0000053440
5680.0 0.0000058100
5682.0 0.0000111420
5684.0 0.0000164740
5686.0 0.0000218060
5688.0 0.0000271380
5690.0 0.0000324700
5692.0 0.0000274780
5694.0 0.0000224860
5696.0 0.0000174940
5698.0 0.0000125020
5700.0 0.0000075100
5702.0 0.0000094880
5704.0 0.0000114660
5706.0 0.0000134440
5708.0 0.0000154220
5710.0 0.0000174000
5712.0 0.0000169980
5714.0 0.0000165960
5716.0 0.0000161940
5718.0 0.0000157920
5720.0 0.0000153900
5722.0 0.0000156720
5724.0 0.0000159540
5726.0 0.0000162360
5728.0 0.0000165180
5730.0 0.0000168000
5732.0 0.0000179180
5734.0 0.0000190360
5736.0 0.0000201540
5738.0 0.0000212720
5740.0 0.0000223900
5742.0 0.0000233000
5744.0 0.0000242100
5746.0 0.0000251200
5748.0 0.0000260300
5750.0 0.0000269400
5752.0 0.0000220580
5754.0 0.0000171760
5756.0 0.0000122940
5758.0 0.0000074120
5760.0 0.0000025300
5762.0 0.0000031060
5764.0 0.0000036820
5766.0 0.0000042580
5768.0 0.0000048340
5770.0 0.0000054100
5772.0 0.0000058220
5774.0 0.0000062340
5776.0 0.0000066460
5778.0 0.0000070580
5780.0 0.0000074700
5782.0 0.0000059760
5784.0 0.0000044820
5786.0 0.0000029880
5788.0 0.0000014940
5790.0 0.0000000000
5792.0 0.0000005460
5794.0 0.0000010920
5796.0 0.0000016380
5798.0 0.0000021840
5800.0 0.0000027300
5802.0 0.0000028340
5804.0 0.0000029380
5806.0 0.0000030420
5808.0 0.0000031460
5810.0 0.0000032500
5812.0 0.0000081000
5814.0 0.0000129500
5816.0 0.0000178000
5818.0 0.0000226500
5820.0 0.0000275000
5822.0 0.0000272480
5824.0 0.0000269960
5826.0 0.0000267440
5828.0 0.0000264920
5830.0 0.0000262400
5832.0 0.0000222020
5834.0 0.0000181640
5836.0 0.0000141260
5838.0 0.0000100880
5840.0 0.0000060500
5842.0 0.0000120740
5844.0 0.0000180980
5846.0 0.0000241220
5848.0 0.0000301460
5850.0 0.0000361700
5852.0 0.0000350380
5854.0 0.0000339060
5856.0 0.0000327740
5858.0 0.0000316420
5860.0 0.0000305100
5862.0 0.0000263640
5864.0 0.0000222180
5866.0 0.0000180720
5868.0 0.0000139260
5870.0 0.0000097800
5872.0 0.0000108040
5874.0 0.0000118280
5876.0 0.0000128520
5878.0 0.0000138760
5880.0 0.0000149000
5882.0 0.0000130800
5884.0 0.0000112600
5886.0 0.0000094400
5888.0 0.0000076200
5890.0 0.0000058000
5892.0 0.0000050620
5894.0 0.0000043240
5896.0 0.0000035860
5898.0 0.0000028480
5900.0 0.0000021100
5902.0 0.0000062560
5904.0 0.0000104020
5906.0 0.0000145480
5908.0 0.0000186940
5910.0 0.0000228400
5912.0 0.0000196600
5914.0 0.0000164800
5916.0 0.0000133000
5918.0 0.0000101200
5920.0 0.0000069400
5922.0 0.0000092580
5924.0 0.0000115760
5926.0 0.0000138940
5928.0 0.0000162120
5930.0 0.0000185300
5932.0 0.0000165400
5934.0 0.0000145500
5936.0 0.0000125600
5938.0 0.0000105700
5940.0 0.0000085800
5942.0 0.0000095940
5944.0 0.0000106080
5946.0 0.0000116220
5948.0 0.0000126360
5950.0 0.0000136500
5952.0 0.0000136260
5954.0 0.0000136020
5956.0 0.0000135780
5958.0 0.0000135540
5960.0 0.0000135300
5962.0 0.0000168020
5964.0 0.0000200740
5966.0 0.0000233460
5968.0 0.0000266180
5970.0 0.0000298900
5972.0 0.0000261960
5974.0 0.0000225020
5976.0 0.0000188080
5978.0 0.0000151140
5980.0 0.0000114200
5982.0 0.0000117620
5984.0 0.0000121040
5986.0 0.0000124460
5988.0 0.0000127880
5990.0 0.0000131300
5992.0 0.0000169160
5994.0 0.0000207020
5996.0 0.0000244880
5998.0 0.0000282740
6000.0 0.0000320600
6002.0 0.0000297260
6004.0 0.0000273920
6006.0 0.0000250580
6008.0 0.0000227240
6010.0 0.0000203900
6012.0 0.0000235520
6014.0 0.0000267140
6016.0 0.0000298760
6018.0 0.0000330380
6020.0 0.0000362000
6022.0 0.0000413140
6024.0 0.0000464280
6026.0 0.0000515420
6028.0 0.0000566560
6030.0 0.0000617700
6032.0 0.0000546540
6034.0 0.0000475380
6036.0 0.0000404220
6038.0 0.0000333060
6040.0 0.0000261900
6042.0 0.0000231680
6044.0 0.0000201460
6046.0 0.0000171240
6048.0 0.0000141020
6050.0 0.0000110800
6052.0 0.0000162780
6054.0 0.0000214760
6056.0 0.0000266740
6058.0 0.0000318720
6060.0 0.0000370700
6062.0 0.0000352260
6064.0 0.0000333820
6066.0 0.0000315380
6068.0 0.0000296940
6070.0 0.0000278500
6072.0 0.0000242640
6074.0 0.0000206780
6076.0 0.0000170920
6078.0 0.0000135060
6080.0 0.0000099200
6082.0 0.0000099720
6084.0 0.0000100240
6086.0 0.0000100760
6088.0 0.0000101280
6090.0 0.0000101800
6092.0 0.0000115440
6094.0 0.0000129080
6096.0 0.0000142720
6098.0 0.0000156360
6100.0 0.0000170000
6102.0 0.0000205520
6104.0 0.0000241040
6106.0 0.0000276560
6108.0 0.0000312080
6110.0 0.0000347600
6112.0 0.0000289400
6114.0 0.0000231200
6116.0 0.0000173000
6118.0 0.0000114800
6120.0 0.0000056600
6122.0 0.0000054300
6124.0 0.0000052000
6126.0 0.0000049700
6128.0 0.0000047400
6130.0 0.0000045100
6132.0 0.0000087080
6134.0 0.0000129060
6136.0 0.0000171040
6138.0 0.0000213020
6140.0 0.0000255000
6142.0 0.0000259740
6144.0 0.0000264480
6146.0 0.0000269220
6148.0 0.0000273960
6150.0 0.0000278700
6152.0 0.0000237360
6154.0 0.0000196020
6156.0 0.0000154680
6158.0 0.0000113340
6160.0 0.0000072000
6162.0 0.0000084640
6164.0 0.0000097280
6166.0 0.0000109920
6168.0 0.0000122560
6170.0 0.0000135200
6172.0 0.0000119940
6174.0 0.0000104680
6176.0 0.0000089420
6178.0 0.0000074160
6180.0 0.0000058900
6182.0 0.0000071700
6184.0 0.0000084500
6186.0 0.0000097300
6188.0 0.0000110100
6190.0 0.0000122900
6192.0 0.0000124520
6194.0 0.0000126140
6196.0 0.0000127760
6198.0 0.0000129380
6200.0 0.0000131000
6202.0 0.0000124160
6204.0 0.0000117320
6206.0 0.0000110480
6208.0 0.0000103640
6210.0 0.0000096800
6212.0 0.0000101960
6214.0 0.0000107120
6216.0 0.0000112280
6218.0 0.0000117440
6220.0 0.0000122600
6222.0 0.0000174700
6224.0 0.0000226800
6226.0 0.0000278900
6228.0 0.0000331000
6230.0 0.0000383100
6232.0 0.0000371820
6234.0 0.0000360540
6236.0 0.0000349260
6238.0 0.0000337980
6240.0 0.0000326700
6242.0 0.0000268160
6244.0 0.0000209620
6246.0 0.0000151080
6248.0 0.0000092540
6250.0 0.0000034000
6252.0 0.0000055880
6254.0 0.0000077760
6256.0 0.0000099640
6258.0 0.0000121520
6260.0 0.0000143400
6262.0 0.0000192380
6264.0 0.0000241360
6266.0 0.0000290340
6268.0 0.0000339320
6270.0 0.0000388300
6272.0 0.0000366360
6274.0 0.0000344420
6276.0 0.0000322480
6278.0 0.0000300540
6280.0 0.0000278600
6282.0 0.0000244360
6284.0 0.0000210120
6286.0 0.0000175880
6288.0 0.0000141640
6290.0 0.0000107400
6292.0 0.0000137160
6294.0 0.0000166920
6296.0 0.0000196680
6298.0 0.0000226440
6300.0 0.0000256200
6302.0 0.0000285180
6304.0 0.0000314160
6306.0 0.0000343140
6308.0 0.0000372120
6310.0 0.0000401100
6312.0 0.0000444520
6314.0 0.0000487940
6316.0 0.0000531360
6318.0 0.0000574780
6320.0 0.0000618200
6322.0 0.0000511340
6324.0 0.0000404480
6326.0 0.0000297620
6328.0 0.0000190760
6330.0 0.0000083900
6332.0 0.0000072620
6334.0 0.0000061340
6336.0 0.0000050060
6338.0 0.0000038780
6340.0 0.0000027500
6342.0 0.0000046000
6344.0 0.0000064500
6346.0 0.0000083000
6348.0 0.0000101500
6350.0 0.0000120000
6352.0 0.0000129420
6354.0 0.0000138840
6356.0 0.0000148260
6358.0 0.0000157680
6360.0 0.0000167100
6362.0 0.0000146380
6364.0 0.0000125660
6366.0 0.0000104940
6368.0 0.0000084220
6370.0 0.0000063500
6372.0 0.0000052220
6374.0 0.0000040940
6376.0 0.0000029660
6378.0 0.0000018380
6380.0 0.0000007100
6382.0 0.0000051680
6384.0 0.0000096260
6386.0 0.0000140840
6388.0 0.0000185420
6390.0 0.0000230000
6392.0 0.0000247360
6394.0 0.0000264720
6396.0 0.0000282080
6398.0 0.0000299440
6400.0 0.0000316800
6402.0 0.0000261260
6404.0 0.0000205720
6406.0 0.0000150180
6408.0 0.0000094640
6410.0 0.0000039100
6412.0 0.0000074220
6414.0 0.0000109340
6416.0 0.0000144460
6418.0 0.0000179580
6420.0 0.0000214700
6422.0 0.0000228980
6424.0 0.0000243260
6426.0 0.0000257540
6428.0 0.0000271820
6430.0 0.0000286100
6432.0 0.0000339160
6434.0 0.0000392220
6436.0 0.0000445280
6438.0 0.0000498340
6440.0 0.0000551400
6442.0 0.0000483680
6444.0 0.0000415960
6446.0 0.0000348240
6448.0 0.0000280520
6450.0 0.0000212800
6452.0 0.0000205120
6454.0 0.0000197440
6456.0 0.0000189760
6458.0 0.0000182080
6460.0 0.0000174400
6462.0 0.0000176740
6464.0 0.0000179080
6466.0 0.0000181420
6468.0 0.0000183760
6470.0 0.0000186100
6472.0 0.0000156720
6474.0 0.0000127340
6476.0 0.0000097960
6478.0 0.0000068580
6480.0 0.0000039200
6482.0 0.0000056720
6484.0 0.0000074240
6486.0 0.0000091760
6488.0 0.0000109280
6490.0 0.0000126800
6492.0 0.0000159120
6494.0 0.0000191440
6496.0 0.0000223760
6498.0 0.0000256080
6500.0 0.0000288400
6502.0 0.0000259300
6504.0 0.0000230200
6506.0 0.0000201100
6508.0 0.0000172000
6510.0 0.0000142900
6512.0 0.0000218800
6514.0 0.0000294700
6516.0 0.0000370600
6518.0 0.0000446500
6520.0 0.0000522400
6522.0 0.0000435520
6524.0 0.0000348640
6526.0 0.0000261760
6528.0 0.0000174880
6530.0 0.0000088000
6532.0 0.0000088740
6534.0 0.0000089480
6536.0 0.0000090220
6538.0 0.0000090960
6540.0 0.0000091700
6542.0 0.0000098660
6544.0 0.0000105620
6546.0 0.0000112580
6548.0 0.0000119540
6550.0 0.0000126500
6552.0 0.0000263360
6554.0 0.0000400220
6556.0 0.0000537080
6558.0 0.0000673940
6560.0 0.0000810800
6562.0 0.0000747500
6564.0 0.0000684200
6566.0 0.0000620900
6568.0 0.0000557600
6570.0 0.0000494300
6572.0 0.0000425020
6574.0 0.0000355740
6576.0 0.0000286460
6578.0 0.0000217180
6580.0 0.0000147900
6582.0 0.0000154200
6584.0 0.0000160500
6586.0 0.0000166800
6588.0 0.0000173100
6590.0 0.0000179400
6592.0 0.0000255180
6594.0 0.0000330960
6596.0 0.0000406740
6598.0 0.0000482520
6600.0 0.0000558300
6602.0 0.0000514580
6604.0 0.0000470860
6606.0 0.0000427140
6608.0 0.0000383420
6610.0 0.0000339700
6612.0 0.0000301540
6614.0 0.0000263380
6616.0 0.0000225220
6618.0 0.0000187060
6620.0 0.0000148900
6622.0 0.0000242100
6624.0 0.0000335300
6626.0 0.0000428500
6628.0 0.0000521700
6630.0 0.0000614900
6632.0 0.0000693980
6634.0 0.0000773060
6636.0 0.0000852140
6638.0 0.0000931220
6640.0 0.0001010300
6642.0 0.0001096940
6644.0 0.0001183580
6646.0 0.0001270220
6648.0 0.0001356860
6650.0 0.0001443500
6652.0 0.0001330240
6654.0 0.0001216980
6656.0 0.0001103720
6658.0 0.0000990460
6660.0 0.0000877200
6662.0 0.0000797620
6664.0 0.0000718040
6666.0 0.0000638460
6668.0 0.0000558880
6670.0 0.0000479300
6672.0 0.0000596980
6674.0 0.0000714660
6676.0 0.0000832340
6678.0 0.0000950020
6680.0 0.0001067700
6682.0 0.0001238700
6684.0 0.0001409700
6686.0 0.0001580700
6688.0 0.0001751700
6690.0 0.0001922700
6692.0 0.0001868300
6694.0 0.0001813900
6696.0 0.0001759500
6698.0 0.0001705100
6700.0 0.0001650700
6702.0 0.0001568040
6704.0 0.0001485380
6706.0 0.0001402720
6708.0 0.0001320060
6710.0 0.0001237400
6712.0 0.0001257580
6714.0 0.0001277760
6716.0 0.0001297940
6718.0 0.0001318120
6720.0 0.0001338300
6722.0 0.0001434220
6724.0 0.0001530140
6726.0 0.0001626060
6728.0 0.0001721980
6730.0 0.0001817900
6732.0 0.0001893740
6734.0 0.0001969580
6736.0 0.0002045420
6738.0 0.0002121260
6740.0 0.0002197100
6742.0 0.0002168200
6744.0 0.0002139300
6746.0 0.0002110400
6748.0 0.0002081500
6750.0 0.0002052600
6752.0 0.0001947960
6754.0 0.0001843320
6756.0 0.0001738680
6758.0 0.0001634040
6760.0 0.0001529400
6762.0 0.0001663800
6764.0 0.0001798200
6766.0 0.0001932600
6768.0 0.0002067000
6770.0 0.0002201400
6772.0 0.0002258180
6774.0 0.0002314960
6776.0 0.0002371740
6778.0 0.0002428520
6780.0 0.0002485300
6782.0 0.0002463880
6784.0 0.0002442460
6786.0 0.0002421040
6788.0 0.0002399620
6790.0 0.0002378200
6792.0 0.0002424140
6794.0 0.0002470080
6796.0 0.0002516020
6798.0 0.0002561960
6800.0 0.0002607900
6802.0 0.0002783920
6804.0 0.0002959940
6806.0 0.0003135960
6808.0 0.0003311980
6810.0 0.0003488000
6812.0 0.0003579660
6814.0 0.0003671320
6816.0 0.0003762980
6818.0 0.0003854640
6820.0 0.0003946300
6822.0 0.0003971520
6824.0 0.0003996740
6826.0 0.0004021960
6828.0 0.0004047180
6830.0 0.0004072400
6832.0 0.0004303180
6834.0 0.0004533960
6836.0 0.0004764740
6838.0 0.0004995520
6840.0 0.0005226300
6842.0 0.0005566640
6844.0 0.0005906980
6846.0 0.0006247320
6848.0 0.0006587660
6850.0 0.0006928000
6852.0 0.0007137620
6854.0 0.0007347240
6856.0 0.0007556860
6858.0 0.0007766480
6860.0 0.0007976100
6862.0 0.0008340100
6864.0 0.0008704100
6866.0 0.0009068100
6868.0 0.0009432100
6870.0 0.0009796100
6872.0 0.0010187080
6874.0 0.0010578060
6876.0 0.0010969040
6878.0 0.0011360020
6880.0 0.0011751000
6882.0 0.0012161360
6884.0 0.0012571720
6886.0 0.0012982080
6888.0 0.0013392440
6890.0 0.0013802800
6892.0 0.0014285360
6894.0 0.0014767920
6896.0 0.0015250480
6898.0 0.0015733040
6900.0 0.0016215600
6902.0 0.0016855320
6904.0 0.0017495040
6906.0 0.0018134760
6908.0 0.0018774480
6910.0 0.0019414200
6912.0 0.0019913380
6914.0 0.0020412560
6916.0 0.0020911740
6918.0 0.0021410920
6920.0 0.0021910100
6922.0 0.0022357900
6924.0 0.0022805700
6926.0 0.0023253500
6928.0 0.0023701300
6930.0 0.0024149100
6932.0 0.0024650180
6934.0 0.0025151260
6936.0 0.0025652340
6938.0 0.0026153420
6940.0 0.0026654500
6942.0 0.0027283440
6944.0 0.0027912380
6946.0 0.0028541320
6948.0 0.0029170260
6950.0 0.0029799200
6952.0 0.0030600920
6954.0 0.0031402640
6956.0 0.0032204360
6958.0 0.0033006080
6960.0 0.0033807800
6962.0 0.0034490320
6964.0 0.0035172840
6966.0 0.0035855360
6968.0 0.0036537880
6970.0 0.0037220400
6972.0 0.0038397220
6974.0 0.0039574040
6976.0 0.0040750860
6978.0 0.0041927680
6980.0 0.0043104500
6982.0 0.0044310480
6984.0 0.0045516460
6986.0 0.0046722440
6988.0 0.0047928420
6990.0 0.0049134400
6992.0 0.0051054500
6994.0 0.0052974600
6996.0 0.0054894700
6998.0 0.0056814800
7000.0 0.0058734900
7002.0 0.0061035420
7004.0 0.0063335940
7006.0 0.0065636460
7008.0 0.0067936980
7010.0 0.0070237500
7012.0 0.0073274560
7014.0 0.0076311620
7016.0 0.0079348680
7018.0 0.0082385740
7020.0 0.0085422800
7022.0 0.0089523440
7024.0 0.0093624080
7026.0 0.0097724720
7028.0 0.0101825360
7030.0 0.0105926000
7032.0 0.0111116800
7034.0 0.0116307600
7036.0 0.0121498400
7038.0 0.0126689200
7040.0 0.0131880000
7042.0 0.0138984200
7044.0 0.0146088400
7046.0 0.0153192600
7048.0 0.0160296800
7050.0 0.0167401000
7052.0 0.0176912000
7054.0 0.0186423000
7056.0 0.0195934000
7058.0 0.0205445000
7060.0 0.0214956000
7062.0 0.0227311600
7064.0 0.0239667200
7066.0 0.0252022800
7068.0 0.0264378400
7070.0 0.0276734000
7072.0 0.0293103400
7074.0 0.0309472800
7076.0 0.0325842200
7078.0 0.0342211600
7080.0 0.0358581000
7082.0 0.0378713200
7084.0 0.0398845400
7086.0 0.0418977600
7088.0 0.0439109800
7090.0 0.0459242000
7092.0 0.0484782000
7094.0 0.0510322000
7096.0 0.0535862000
7098.0 0.0561402000
7100.0 0.0586942000
7102.0 0.0616721000
7104.0 0.0646500000
7106.0 0.0676279000
7108.0 0.0706058000
7110.0 0.0735837000
7112.0 0.0771412400
7114.0 0.0806987800
7116.0 0.0842563200
7118.0 0.0878138600
7120.0 0.0913714000
7122.0 0.0956379200
7124.0 0.0999044400
7126.0 0.1041709600
7128.0 0.1084374800
7130.0 0.1127040000
7132.0 0.1175324000
7134.0 0.1223608000
7136.0 0.1271892000
7138.0 0.1320176000
7140.0 0.1368460000
7142.0 0.1424728000
7144.0 0.1480996000
7146.0 0.1537264000
7148.0 0.1593532000
7150.0 0.1649800000
7152.0 0.1716436000
7154.0 0.1783072000
7156.0 0.1849708000
7158.0 0.1916344000
7160.0 0.1982980000
7162.0 0.2063710000
7164.0 0.2144440000
7166.0 0.2225170000
7168.0 0.2305900000
7170.0 0.2386630000
7172.0 0.2481562000
7174.0 0.2576494000
7176.0 0.2671426000
7178.0 0.2766358000
7180.0 0.2861290000
7182.0 0.2980106000
7184.0 0.3098922000
7186.0 0.3217738000
7188.0 0.3336554000
7190.0 0.3455370000
7192.0 0.3596518000
7194.0 0.3737666000
7196.0 0.3878814000
7198.0 0.4019962000
7200.0 0.4161110000
7202.0 0.4320604000
7204.0 0.4480098000
7206.0 0.4639592000
7208.0 0.4799086000
7210.0 0.4958580000
7212.0 0.5137924000
7214.0 0.5317268000
7216.0 0.5496612000
7218.0 0.5675956000
7220.0 0.5855300000
7222.0 0.6041932000
7224.0 0.6228564000
7226.0 0.6415196000
7228.0 0.6601828000
7230.0 0.6788460000
7232.0 0.6964558000
7234.0 0.7140656000
7236.0 0.7316754000
7238.0 0.7492852000
7240.0 0.7668950000
7242.0 0.7820664000
7244.0 0.7972378000
7246.0 0.8124092000
7248.0 0.8275806000
7250.0 0.8427520000
7252.0 0.8549990000
7254.0 0.8672460000
7256.0 0.8794930000
7258.0 0.8917400000
7260.0 0.9039870000
7262.0 0.9118244000
7264.0 0.9196618000
7266.0 0.9274992000
7268.0 0.9353366000
7270.0 0.9431740000
7272.0 0.9486172000
7274.0 0.9540604000
7276.0 0.9595036000
7278.0 0.9649468000
7280.0 0.9703900000
7282.0 0.9735532000
7284.0 0.9767164000
7286.0 0.9798796000
7288.0 0.9830428000
7290.0 0.9862060000
7292.0 0.9872854000
7294.0 0.9883648000
7296.0 0.9894442000
7298.0 0.9905236000
7300.0 0.9916030000
7302.0 0.9921380000
7304.0 0.9926730000
7306.0 0.9932080000
7308.0 0.9937430000
7310.0 0.9942780000
7312.0 0.9941326000
7314.0 0.9939872000
7316.0 0.9938418000
7318.0 0.9936964000
7320.0 0.9935510000
7322.0 0.9931756000
7324.0 0.9928002000
7326.0 0.9924248000
7328.0 0.9920494000
7330.0 0.9916740000
7332.0 0.9918746000
7334.0 0.9920752000
7336.0 0.9922758000
7338.0 0.9924764000
7340.0 0.9926770000
7342.0 0.9925710000
7344.0 0.9924650000
7346.0 0.9923590000
7348.0 0.9922530000
7350.0 0.9921470000
7352.0 0.9924052000
7354.0 0.9926634000
7356.0 0.9929216000
7358.0 0.9931798000
7360.0 0.9934380000
7362.0 0.9937484000
7364.0 0.9940588000
7366.0 0.9943692000
7368.0 0.9946796000
7370.0 0.9949900000
7372.0 0.9954698000
7374.0 0.9959496000
7376.0 0.9964294000
7378.0 0.9969092000
7380.0 0.9973890000
7382.0 0.9970986000
7384.0 0.9968082000
7386.0 0.9965178000
7388.0 0.9962274000
7390.0 0.9959370000
7392.0 0.9959614000
7394.0 0.9959858000
7396.0 0.9960102000
7398.0 0.9960346000
7400.0 0.9960590000
7402.0 0.9963348000
7404.0 0.9966106000
7406.0 0.9968864000
7408.0 0.9971622000
7410.0 0.9974380000
7412.0 0.9969840000
7414.0 0.9965300000
7416.0 0.9960760000
7418.0 0.9956220000
7420.0 0.9951680000
7422.0 0.9951766000
7424.0 0.9951852000
7426.0 0.9951938000
7428.0 0.9952024000
7430.0 0.9952110000
7432.0 0.9954160000
7434.0 0.9956210000
7436.0 0.9958260000
7438.0 0.9960310000
7440.0 0.9962360000
7442.0 0.9963684000
7444.0 0.9965008000
7446.0 0.9966332000
7448.0 0.9967656000
7450.0 0.9968980000
7452.0 0.9969076000
7454.0 0.9969172000
7456.0 0.9969268000
7458.0 0.9969364000
7460.0 0.9969460000
7462.0 0.9970146000
7464.0 0.9970832000
7466.0 0.9971518000
7468.0 0.9972204000
7470.0 0.9972890000
7472.0 0.9969560000
7474.0 0.9966230000
7476.0 0.9962900000
7478.0 0.9959570000
7480.0 0.9956240000
7482.0 0.9959930000
7484.0 0.9963620000
7486.0 0.9967310000
7488.0 0.9971000000
7490.0 0.9974690000
7492.0 0.9977714000
7494.0 0.9980738000
7496.0 0.9983762000
7498.0 0.9986786000
7500.0 0.9989810000
7502.0 0.9983438000
7504.0 0.9977066000
7506.0 0.9970694000
7508.0 0.9964322000
7510.0 0.9957950000
7512.0 0.9960616000
7514.0 0.9963282000
7516.0 0.9965948000
7518.0 0.9968614000
7520.0 0.9971280000
7522.0 0.9970230000
7524.0 0.9969180000
7526.0 0.9968130000
7528.0 0.9967080000
7530.0 0.9966030000
7532.0 0.9963694000
7534.0 0.9961358000
7536.0 0.9959022000
7538.0 0.9956686000
7540.0 0.9954350000
7542.0 0.9958700000
7544.0 0.9963050000
7546.0 0.9967400000
7548.0 0.9971750000
7550.0 0.9976100000
7552.0 0.9974360000
7554.0 0.9972620000
7556.0 0.9970880000
7558.0 0.9969140000
7560.0 0.9967400000
7562.0 0.9966440000
7564.0 0.9965480000
7566.0 0.9964520000
7568.0 0.9963560000
7570.0 0.9962600000
7572.0 0.9963012000
7574.0 0.9963424000
7576.0 0.9963836000
7578.0 0.9964248000
7580.0 0.9964660000
7582.0 0.9966390000
7584.0 0.9968120000
7586.0 0.9969850000
7588.0 0.9971580000
7590.0 0.9973310000
7592.0 0.9971952000
7594.0 0.9970594000
7596.0 0.9969236000
7598.0 0.9967878000
7600.0 0.9966520000
7602.0 0.9967652000
7604.0 0.9968784000
7606.0 0.9969916000
7608.0 0.9971048000
7610.0 0.9972180000
7612.0 0.9971252000
7614.0 0.9970324000
7616.0 0.9969396000
7618.0 0.9968468000
7620.0 0.9967540000
7622.0 0.9966942000
7624.0 0.9966344000
7626.0 0.9965746000
7628.0 0.9965148000
7630.0 0.9964550000
7632.0 0.9968206000
7634.0 0.9971862000
7636.0 0.9975518000
7638.0 0.9979174000
7640.0 0.9982830000
7642.0 0.9983396000
7644.0 0.9983962000
7646.0 0.9984528000
7648.0 0.9985094000
7650.0 0.9985660000
7652.0 0.9979942000
7654.0 0.9974224000
7656.0 0.9968506000
7658.0 0.9962788000
7660.0 0.9957070000
7662.0 0.9958790000
7664.0 0.9960510000
7666.0 0.9962230000
7668.0 0.9963950000
7670.0 0.9965670000
7672.0 0.9967070000
7674.0 0.9968470000
7676.0 0.9969870000
7678.0 0.9971270000
7680.0 0.9972670000
7682.0 0.9975652000
7684.0 0.9978634000
7686.0 0.9981616000
7688.0 0.9984598000
7690.0 0.9987580000
7692.0 0.9983310000
7694.0 0.9979040000
7696.0 0.9974770000
7698.0 0.9970500000
7700.0 0.9966230000
7702.0 0.9967668000
7704.0 0.9969106000
7706.0 0.9970544000
7708.0 0.9971982000
7710.0 0.9973420000
7712.0 0.9973746000
7714.0 0.9974072000
7716.0 0.9974398000
7718.0 0.9974724000
7720.0 0.9975050000
7722.0 0.9970440000
7724.0 0.9965830000
7726.0 0.9961220000
7728.0 0.9956610000
7730.0 0.9952000000
7732.0 0.9955176000
7734.0 0.9958352000
7736.0 0.9961528000
7738.0 0.9964704000
7740.0 0.9967880000
7742.0 0.9964650000
7744.0 0.9961420000
7746.0 0.9958190000
7748.0 0.9954960000
7750.0 0.9951730000
7752.0 0.9956232000
7754.0 0.9960734000
7756.0 0.9965236000
7758.0 0.9969738000
7760.0 0.9974240000
7762.0 0.9978220000
7764.0 0.9982200000
7766.0 0.9986180000
7768.0 0.9990160000
7770.0 0.9994140000
7772.0 0.9990376000
7774.0 0.9986612000
7776.0 0.9982848000
7778.0 0.9979084000
7780.0 0.9975320000
7782.0 0.9975914000
7784.0 0.9976508000
7786.0 0.9977102000
7788.0 0.9977696000
7790.0 0.9978290000
7792.0 0.9975832000
7794.0 0.9973374000
7796.0 0.9970916000
7798.0 0.9968458000
7800.0 0.9966000000
7802.0 0.9971828000
7804.0 0.9977656000
7806.0 0.9983484000
7808.0 0.9989312000
7810.0 0.9995140000
7812.0 0.9988656000
7814.0 0.9982172000
7816.0 0.9975688000
7818.0 0.9969204000
7820.0 0.9962720000
7822.0 0.9968800000
7824.0 0.9974880000
7826.0 0.9980960000
7828.0 0.9987040000
7830.0 0.9993120000
7832.0 0.9987882000
7834.0 0.9982644000
7836.0 0.9977406000
7838.0 0.9972168000
7840.0 0.9966930000
7842.0 0.9969894000
7844.0 0.9972858000
7846.0 0.9975822000
7848.0 0.9978786000
7850.0 0.9981750000
7852.0 0.9978892000
7854.0 0.9976034000
7856.0 0.9973176000
7858.0 0.9970318000
7860.0 0.9967460000
7862.0 0.9967920000
7864.0 0.9968380000
7866.0 0.9968840000
7868.0 0.9969300000
7870.0 0.9969760000
7872.0 0.9974994000
7874.0 0.9980228000
7876.0 0.9985462000
7878.0 0.9990696000
7880.0 0.9995930000
7882.0 0.9991132000
7884.0 0.9986334000
7886.0 0.9981536000
7888.0 0.9976738000
7890.0 0.9971940000
7892.0 0.9974030000
7894.0 0.9976120000
7896.0 0.9978210000
7898.0 0.9980300000
7900.0 0.9982390000
7902.0 0.9981656000
7904.0 0.9980922000
7906.0 0.9980188000
7908.0 0.9979454000
7910.0 0.9978720000
7912.0 0.9974168000
7914.0 0.9969616000
7916.0 0.9965064000
7918.0 0.9960512000
7920.0 0.9955960000
7922.0 0.9961604000
7924.0 0.9967248000
7926.0 0.9972892000
7928.0 0.9978536000
7930.0 0.9984180000
7932.0 0.9987110000
7934.0 0.9990040000
7936.0 0.9992970000
7938.0 0.9995900000
7940.0 0.9998830000
7942.0 0.9996776000
7944.0 0.9994722000
7946.0 0.9992668000
7948.0 0.9990614000
7950.0 0.9988560000
7952.0 0.9989826000
7954.0 0.9991092000
7956.0 0.9992358000
7958.0 0.9993624000
7960.0 0.9994890000
7962.0 0.9991410000
7964.0 0.9987930000
7966.0 0.9984450000
7968.0 0.9980970000
7970.0 0.9977490000
7972.0 0.9974010000
7974.0 0.9970530000
7976.0 0.9967050000
7978.0 0.9963570000
7980.0 0.9960090000
7982.0 0.9961770000
7984.0 0.9963450000
7986.0 0.9965130000
7988.0 0.9966810000
7990.0 0.9968490000
7992.0 0.9972138000
7994.0 0.9975786000
7996.0 0.9979434000
7998.0 0.9983082000
8000.0 0.9986730000
8002.0 0.9988556000
8004.0 0.9990382000
8006.0 0.9992208000
8008.0 0.9994034000
8010.0 0.9995860000
8012.0 0.9991996000
8014.0 0.9988132000
8016.0 0.9984268000
8018.0 0.9980404000
8020.0 0.9976540000
8022.0 0.9976538000
8024.0 0.9976536000
8026.0 0.9976534000
8028.0 0.9976532000
8030.0 0.9976530000
8032.0 0.9976528000
8034.0 0.9976526000
8036.0 0.9976524000
8038.0 0.9976522000
8040.0 0.9976520000
8042.0 0.9979712000
8044.0 0.9982904000
8046.0 0.9986096000
8048.0 0.9989288000
8050.0 0.9992480000
8052.0 0.9988604000
8054.0 0.9984728000
8056.0 0.9980852000
8058.0 0.9976976000
8060.0 0.9973100000
8062.0 0.9976856000
8064.0 0.9980612000
8066.0 0.9984368000
8068.0 0.9988124000
8070.0 0.9991880000
8072.0 0.9992664000
8074.0 0.9993448000
8076.0 0.9994232000
8078.0 0.9995016000
8080.0 0.9995800000
8082.0 0.9989330000
8084.0 0.9982860000
8086.0 0.9976390000
8088.0 0.9969920000
8090.0 0.9963450000
8092.0 0.9967392000
8094.0 0.9971334000
8096.0 0.9975276000
8098.0 0.9979218000
8100.0 0.9983160000
8102.0 0.9983608000
8104.0 0.9984056000
8106.0 0.9984504000
8108.0 0.9984952000
8110.0 0.9985400000
8112.0 0.9985756000
8114.0 0.9986112000
8116.0 0.9986468000
8118.0 0.9986824000
8120.0 0.9987180000
8122.0 0.9986780000
8124.0 0.9986380000
8126.0 0.9985980000
8128.0 0.9985580000
8130.0 0.9985180000
8132.0 0.9984780000
8134.0 0.9984380000
8136.0 0.9983980000
8138.0 0.9983580000
8140.0 0.9983180000
8142.0 0.9980998000
8144.0 0.9978816000
8146.0 0.9976634000
8148.0 0.9974452000
8150.0 0.9972270000
8152.0 0.9972438000
8154.0 0.9972606000
8156.0 0.9972774000
8158.0 0.9972942000
8160.0 0.9973110000
8162.0 0.9972524000
8164.0 0.9971938000
8166.0 0.9971352000
8168.0 0.9970766000
8170.0 0.9970180000
8172.0 0.9971502000
8174.0 0.9972824000
8176.0 0.9974146000
8178.0 0.9975468000
8180.0 0.9976790000
8182.0 0.9979182000
8184.0 0.9981574000
8186.0 0.9983966000
8188.0 0.9986358000
8190.0 0.9988750000
8192.0 0.9985388000
8194.0 0.9982026000
8196.0 0.9978664000
8198.0 0.9975302000
8200.0 0.9971940000
8202.0 0.9968076000
8204.0 0.9964212000
8206.0 0.9960348000
8208.0 0.9956484000
8210.0 0.9952620000
8212.0 0.9955818000
8214.0 0.9959016000
8216.0 0.9962214000
8218.0 0.9965412000
8220.0 0.9968610000
8222.0 0.9974010000
8224.0 0.9979410000
8226.0 0.9984810000
8228.0 0.9990210000
8230.0 0.9995610000
8232.0 0.9988180000
8234.0 0.9980750000
8236.0 0.9973320000
8238.0 0.9965890000
8240.0 0.9958460000
8242.0 0.9965198000
8244.0 0.9971936000
8246.0 0.9978674000
8248.0 0.9985412000
8250.0 0.9992150000
8252.0 0.9989988000
8254.0 0.9987826000
8256.0 0.9985664000
8258.0 0.9983502000
8260.0 0.9981340000
8262.0 0.9978222000
8264.0 0.9975104000
8266.0 0.9971986000
8268.0 0.9968868000
8270.0 0.9965750000
8272.0 0.9971364000
8274.0 0.9976978000
8276.0 0.9982592000
8278.0 0.9988206000
8280.0 0.9993820000
8282.0 0.9990242000
8284.0 0.9986664000
8286.0 0.9983086000
8288.0 0.9979508000
8290.0 0.9975930000
8292.0 0.9978464000
8294.0 0.9980998000
8296.0 0.9983532000
8298.0 0.9986066000
8300.0 0.9988600000
8302.0 0.9987050000
8304.0 0.9985500000
8306.0 0.9983950000
8308.0 0.9982400000
8310.0 0.9980850000
8312.0 0.9977948000
8314.0 0.9975046000
8316.0 0.9972144000
8318.0 0.9969242000
8320.0 0.9966340000
8322.0 0.9971676000
8324.0 0.9977012000
8326.0 0.9982348000
8328.0 0.9987684000
8330.0 0.9993020000
8332.0 0.9985300000
8334.0 0.9977580000
8336.0 0.9969860000
8338.0 0.9962140000
8340.0 0.9954420000
8342.0 0.9958340000
8344.0 0.9962260000
8346.0 0.9966180000
8348.0 0.9970100000
8350.0 0.9974020000
8352.0 0.9973544000
8354.0 0.9973068000
8356.0 0.9972592000
8358.0 0.9972116000
8360.0 0.9971640000
8362.0 0.9971662000
8364.0 0.9971684000
8366.0 0.9971706000
8368.0 0.9971728000
8370.0 0.9971750000
8372.0 0.9971664000
8374.0 0.9971578000
8376.0 0.9971492000
8378.0 0.9971406000
8380.0 0.9971320000
8382.0 0.9963960000
8384.0 0.9956600000
8386.0 0.9949240000
8388.0 0.9941880000
8390.0 0.9934520000
8392.0 0.9939192000
8394.0 0.9943864000
8396.0 0.9948536000
8398.0 0.9953208000
8400.0 0.9957880000
8402.0 0.9956220000
8404.0 0.9954560000
8406.0 0.9952900000
8408.0 0.9951240000
8410.0 0.9949580000
8412.0 0.9950004000
8414.0 0.9950428000
8416.0 0.9950852000
8418.0 0.9951276000
8420.0 0.9951700000
8422.0 0.9947376000
8424.0 0.9943052000
8426.0 0.9938728000
8428.0 0.9934404000
8430.0 0.9930080000
8432.0 0.9935826000
8434.0 0.9941572000
8436.0 0.9947318000
8438.0 0.9953064000
8440.0 0.9958810000
8442.0 0.9959924000
8444.0 0.9961038000
8446.0 0.9962152000
8448.0 0.9963266000
8450.0 0.9964380000
8452.0 0.9967002000
8454.0 0.9969624000
8456.0 0.9972246000
8458.0 0.9974868000
8460.0 0.9977490000
8462.0 0.9971166000
8464.0 0.9964842000
8466.0 0.9958518000
8468.0 0.9952194000
8470.0 0.9945870000
8472.0 0.9953004000
8474.0 0.9960138000
8476.0 0.9967272000
8478.0 0.9974406000
8480.0 0.9981540000
8482.0 0.9972284000
8484.0 0.9963028000
8486.0 0.9953772000
8488.0 0.9944516000
8490.0 0.9935260000
8492.0 0.9936734000
8494.0 0.9938208000
8496.0 0.9939682000
8498.0 0.9941156000
8500.0 0.9942630000
8502.0 0.9950282000
8504.0 0.9957934000
8506.0 0.9965586000
8508.0 0.9973238000
8510.0 0.9980890000
8512.0 0.9981762000
8514.0 0.9982634000
8516.0 0.9983506000
8518.0 0.9984378000
8520.0 0.9985250000
8522.0 0.9979442000
8524.0 0.9973634000
8526.0 0.9967826000
8528.0 0.9962018000
8530.0 0.9956210000
8532.0 0.9956260000
8534.0 0.9956310000
8536.0 0.9956360000
8538.0 0.9956410000
8540.0 0.9956460000
8542.0 0.9958890000
8544.0 0.9961320000
8546.0 0.9963750000
8548.0 0.9966180000
8550.0 0.9968610000
8552.0 0.9970262000
8554.0 0.9971914000
8556.0 0.9973566000
8558.0 0.9975218000
8560.0 0.9976870000
8562.0 0.9974196000
8564.0 0.9971522000
8566.0 0.9968848000
8568.0 0.9966174000
8570.0 0.9963500000
8572.0 0.9965224000
8574.0 0.9966948000
8576.0 0.9968672000
8578.0 0.9970396000
8580.0 0.9972120000
8582.0 0.9969350000
8584.0 0.9966580000
8586.0 0.9963810000
8588.0 0.9961040000
8590.0 0.9958270000
8592.0 0.9957650000
8594.0 0.9957030000
8596.0 0.9956410000
8598.0 0.9955790000
8600.0 0.9955170000
8602.0 0.9956712000
8604.0 0.9958254000
8606.0 0.9959796000
8608.0 0.9961338000
8610.0 0.9962880000
8612.0 0.9964048000
8614.0 0.9965216000
8616.0 0.9966384000
8618.0 0.9967552000
8620.0 0.9968720000
8622.0 0.9965942000
8624.0 0.9963164000
8626.0 0.9960386000
8628.0 0.9957608000
8630.0 0.9954830000
8632.0 0.9953782000
8634.0 0.9952734000
8636.0 0.9951686000
8638.0 0.9950638000
8640.0 0.9949590000
8642.0 0.9941608000
8644.0 0.9933626000
8646.0 0.9925644000
8648.0 0.9917662000
8650.0 0.9909680000
8652.0 0.9888818000
8654.0 0.9867956000
8656.0 0.9847094000
8658.0 0.9826232000
8660.0 0.9805370000
8662.0 0.9766758000
8664.0 0.9728146000
8666.0 0.9689534000
8668.0 0.9650922000
8670.0 0.9612310000
8672.0 0.9548532000
8674.0 0.9484754000
8676.0 0.9420976000
8678.0 0.9357198000
8680.0 0.9293420000
8682.0 0.9200654000
8684.0 0.9107888000
8686.0 0.9015122000
8688.0 0.8922356000
8690.0 0.8829590000
8692.0 0.8693598000
8694.0 0.8557606000
8696.0 0.8421614000
8698.0 0.8285622000
8700.0 0.8149630000
8702.0 0.7978152000
8704.0 0.7806674000
8706.0 0.7635196000
8708.0 0.7463718000
8710.0 0.7292240000
8712.0 0.7095402000
8714.0 0.6898564000
8716.0 0.6701726000
8718.0 0.6504888000
8720.0 0.6308050000
8722.0 0.6098060000
8724.0 0.5888070000
8726.0 0.5678080000
8728.0 0.5468090000
8730.0 0.5258100000
8732.0 0.5058496000
8734.0 0.4858892000
8736.0 0.4659288000
8738.0 0.4459684000
8740.0 0.4260080000
8742.0 0.4078134000
8744.0 0.3896188000
8746.0 0.3714242000
8748.0 0.3532296000
8750.0 0.3350350000
8752.0 0.3196300000
8754.0 0.3042250000
8756.0 0.2888200000
8758.0 0.2734150000
8760.0 0.2580100000
8762.0 0.2455632000
8764.0 0.2331164000
8766.0 0.2206696000
8768.0 0.2082228000
8770.0 0.1957760000
8772.0 0.1860374000
8774.0 0.1762988000
8776.0 0.1665602000
8778.0 0.1568216000
8780.0 0.1470830000
8782.0 0.1398214000
8784.0 0.1325598000
8786.0 0.1252982000
8788.0 0.1180366000
8790.0 0.1107750000
8792.0 0.1052707200
8794.0 0.0997664400
8796.0 0.0942621600
8798.0 0.0887578800
8800.0 0.0832536000
8802.0 0.0791651000
8804.0 0.0750766000
8806.0 0.0709881000
8808.0 0.0668996000
8810.0 0.0628111000
8812.0 0.0598023000
8814.0 0.0567935000
8816.0 0.0537847000
8818.0 0.0507759000
8820.0 0.0477671000
8822.0 0.0455244800
8824.0 0.0432818600
8826.0 0.0410392400
8828.0 0.0387966200
8830.0 0.0365540000
8832.0 0.0348931800
8834.0 0.0332323600
8836.0 0.0315715400
8838.0 0.0299107200
8840.0 0.0282499000
8842.0 0.0269890600
8844.0 0.0257282200
8846.0 0.0244673800
8848.0 0.0232065400
8850.0 0.0219457000
8852.0 0.0210124600
8854.0 0.0200792200
8856.0 0.0191459800
8858.0 0.0182127400
8860.0 0.0172795000
8862.0 0.0165421400
8864.0 0.0158047800
8866.0 0.0150674200
8868.0 0.0143300600
8870.0 0.0135927000
8872.0 0.0130415000
8874.0 0.0124903000
8876.0 0.0119391000
8878.0 0.0113879000
8880.0 0.0108367000
8882.0 0.0103890820
8884.0 0.0099414640
8886.0 0.0094938460
8888.0 0.0090462280
8890.0 0.0085986100
8892.0 0.0082768840
8894.0 0.0079551580
8896.0 0.0076334320
8898.0 0.0073117060
8900.0 0.0069899800
8902.0 0.0067417300
8904.0 0.0064934800
8906.0 0.0062452300
8908.0 0.0059969800
8910.0 0.0057487300
8912.0 0.0055236120
8914.0 0.0052984940
8916.0 0.0050733760
8918.0 0.0048482580
8920.0 0.0046231400
8922.0 0.0044779640
8924.0 0.0043327880
8926.0 0.0041876120
8928.0 0.0040424360
8930.0 0.0038972600
8932.0 0.0037513420
8934.0 0.0036054240
8936.0 0.0034595060
8938.0 0.0033135880
8940.0 0.0031676700
8942.0 0.0030764760
8944.0 0.0029852820
8946.0 0.0028940880
8948.0 0.0028028940
8950.0 0.0027117000
8952.0 0.0026149140
8954.0 0.0025181280
8956.0 0.0024213420
8958.0 0.0023245560
8960.0 0.0022277700
8962.0 0.0021574480
8964.0 0.0020871260
8966.0 0.0020168040
8968.0 0.0019464820
8970.0 0.0018761600
8972.0 0.0018041120
8974.0 0.0017320640
8976.0 0.0016600160
8978.0 0.0015879680
8980.0 0.0015159200
8982.0 0.0014727960
8984.0 0.0014296720
8986.0 0.0013865480
8988.0 0.0013434240
8990.0 0.0013003000
8992.0 0.0012708080
8994.0 0.0012413160
8996.0 0.0012118240
8998.0 0.0011823320
9000.0 0.0011528400
9002.0 0.0011117400
9004.0 0.0010706400
9006.0 0.0010295400
9008.0 0.0009884400
9010.0 0.0009473400
9012.0 0.0009189040
9014.0 0.0008904680
9016.0 0.0008620320
9018.0 0.0008335960
9020.0 0.0008051600
9022.0 0.0007909140
9024.0 0.0007766680
9026.0 0.0007624220
9028.0 0.0007481760
9030.0 0.0007339300
9032.0 0.0007082360
9034.0 0.0006825420
9036.0 0.0006568480
9038.0 0.0006311540
9040.0 0.0006054600
9042.0 0.0005876620
9044.0 0.0005698640
9046.0 0.0005520660
9048.0 0.0005342680
9050.0 0.0005164700
9052.0 0.0005100000
9054.0 0.0005035300
9056.0 0.0004970600
9058.0 0.0004905900
9060.0 0.0004841200
9062.0 0.0004604120
9064.0 0.0004367040
9066.0 0.0004129960
9068.0 0.0003892880
9070.0 0.0003655800
9072.0 0.0003582420
9074.0 0.0003509040
9076.0 0.0003435660
9078.0 0.0003362280
9080.0 0.0003288900
9082.0 0.0003274080
9084.0 0.0003259260
9086.0 0.0003244440
9088.0 0.0003229620
9090.0 0.0003214800
9092.0 0.0003151260
9094.0 0.0003087720
9096.0 0.0003024180
9098.0 0.0002960640
9100.0 0.0002897100
9102.0 0.0002804420
9104.0 0.0002711740
9106.0 0.0002619060
9108.0 0.0002526380
9110.0 0.0002433700
9112.0 0.0002322380
9114.0 0.0002211060
9116.0 0.0002099740
9118.0 0.0001988420
9120.0 0.0001877100
9122.0 0.0001862940
9124.0 0.0001848780
9126.0 0.0001834620
9128.0 0.0001820460
9130.0 0.0001806300
9132.0 0.0001845580
9134.0 0.0001884860
9136.0 0.0001924140
9138.0 0.0001963420
9140.0 0.0002002700
9142.0 0.0001769680
9144.0 0.0001536660
9146.0 0.0001303640
9148.0 0.0001070620
9150.0 0.0000837600
9152.0 0.0000865900
9154.0 0.0000894200
9156.0 0.0000922500
9158.0 0.0000950800
9160.0 0.0000979100
9162.0 0.0001016600
9164.0 0.0001054100
9166.0 0.0001091600
9168.0 0.0001129100
9170.0 0.0001166600
9172.0 0.0001165620
9174.0 0.0001164640
9176.0 0.0001163660
9178.0 0.0001162680
9180.0 0.0001161700
9182.0 0.0001056940
9184.0 0.0000952180
9186.0 0.0000847420
9188.0 0.0000742660
9190.0 0.0000637900
9192.0 0.0000648200
9194.0 0.0000658500
9196.0 0.0000668800
9198.0 0.0000679100
9200.0 0.0000689400
9202.0 0.0000681780
9204.0 0.0000674160
9206.0 0.0000666540
9208.0 0.0000658920
9210.0 0.0000651300
9212.0 0.0000567680
9214.0 0.0000484060
9216.0 0.0000400440
9218.0 0.0000316820
9220.0 0.0000233200
9222.0 0.0000283300
9224.0 0.0000333400
9226.0 0.0000383500
9228.0 0.0000433600
9230.0 0.0000483700
9232.0 0.0000477440
9234.0 0.0000471180
9236.0 0.0000464920
9238.0 0.0000458660
9240.0 0.0000452400
9242.0 0.0000421480
9244.0 0.0000390560
9246.0 0.0000359640
9248.0 0.0000328720
9250.0 0.0000297800
9252.0 0.0000266800
9254.0 0.0000235800
9256.0 0.0000204800
9258.0 0.0000173800
9260.0 0.0000142800
9262.0 0.0000198420
9264.0 0.0000254040
9266.0 0.0000309660
9268.0 0.0000365280
9270.0 0.0000420900
9272.0 0.0000454860
9274.0 0.0000488820
9276.0 0.0000522780
9278.0 0.0000556740
9280.0 0.0000590700
9282.0 0.0000501420
9284.0 0.0000412140
9286.0 0.0000322860
9288.0 0.0000233580
9290.0 0.0000144300
9292.0 0.0000134700
9294.0 0.0000125100
9296.0 0.0000115500
9298.0 0.0000105900
9300.0 0.0000096300
9302.0 0.0000118720
9304.0 0.0000141140
9306.0 0.0000163560
9308.0 0.0000185980
9310.0 0.0000208400
9312.0 0.0000218920
9314.0 0.0000229440
9316.0 0.0000239960
9318.0 0.0000250480
9320.0 0.0000261000
9322.0 0.0000295080
9324.0 0.0000329160
9326.0 0.0000363240
9328.0 0.0000397320
9330.0 0.0000431400
9332.0 0.0000410540
9334.0 0.0000389680
9336.0 0.0000368820
9338.0 0.0000347960
9340.0 0.0000327100
9342.0 0.0000290480
9344.0 0.0000253860
9346.0 0.0000217240
9348.0 0.0000180620
9350.0 0.0000144000
9352.0 0.0000182280
9354.0 0.0000220560
9356.0 0.0000258840
9358.0 0.0000297120
9360.0 0.0000335400
9362.0 0.0000389940
9364.0 0.0000444480
9366.0 0.0000499020
9368.0 0.0000553560
9370.0 0.0000608100
9372.0 0.0000486480
9374.0 0.0000364860
9376.0 0.0000243240
9378.0 0.0000121620
9380.0 0.0000000000
9382.0 0.0000088100
9384.0 0.0000176200
9386.0 0.0000264300
9388.0 0.0000352400
9390.0 0.0000440500
9392.0 0.0000424760
9394.0 0.0000409020
9396.0 0.0000393280
9398.0 0.0000377540
9400.0 0.0000361800
9402.0 0.0000365200
9404.0 0.0000368600
9406.0 0.0000372000
9408.0 0.0000375400
9410.0 0.0000378800
9412.0 0.0000336740
9414.0 0.0000294680
9416.0 0.0000252620
9418.0 0.0000210560
9420.0 0.0000168500
9422.0 0.0000211420
9424.0 0.0000254340
9426.0 0.0000297260
9428.0 0.0000340180
9430.0 0.0000383100
9432.0 0.0000312140
9434.0 0.0000241180
9436.0 0.0000170220
9438.0 0.0000099260
9440.0 0.0000028300
9442.0 0.0000029440
9444.0 0.0000030580
9446.0 0.0000031720
9448.0 0.0000032860
9450.0 0.0000034000
9452.0 0.0000039400
9454.0 0.0000044800
9456.0 0.0000050200
9458.0 0.0000055600
9460.0 0.0000061000
9462.0 0.0000051200
9464.0 0.0000041400
9466.0 0.0000031600
9468.0 0.0000021800
9470.0 0.0000012000
9472.0 0.0000038600
9474.0 0.0000065200
9476.0 0.0000091800
9478.0 0.0000118400
9480.0 0.0000145000
9482.0 0.0000142300
9484.0 0.0000139600
9486.0 0.0000136900
9488.0 0.0000134200
9490.0 0.0000131500
9492.0 0.0000109820
9494.0 0.0000088140
9496.0 0.0000066460
9498.0 0.0000044780
9500.0 0.0000023100
9502.0 0.0000038400
9504.0 0.0000053700
9506.0 0.0000069000
9508.0 0.0000084300
9510.0 0.0000099600
9512.0 0.0000108900
9514.0 0.0000118200
9516.0 0.0000127500
9518.0 0.0000136800
9520.0 0.0000146100
9522.0 0.0000165840
9524.0 0.0000185580
9526.0 0.0000205320
9528.0 0.0000225060
9530.0 0.0000244800
9532.0 0.0000244180
9534.0 0.0000243560
9536.0 0.0000242940
9538.0 0.0000242320
9540.0 0.0000241700
9542.0 0.0000210740
9544.0 0.0000179780
9546.0 0.0000148820
9548.0 0.0000117860
9550.0 0.0000086900
9552.0 0.0000091560
9554.0 0.0000096220
9556.0 0.0000100880
9558.0 0.0000105540
9560.0 0.0000110200
9562.0 0.0000110980
9564.0 0.0000111760
9566.0 0.0000112540
9568.0 0.0000113320
9570.0 0.0000114100
9572.0 0.0000153860
9574.0 0.0000193620
9576.0 0.0000233380
9578.0 0.0000273140
9580.0 0.0000312900
9582.0 0.0000310800
9584.0 0.0000308700
9586.0 0.0000306600
9588.0 0.0000304500
9590.0 0.0000302400
9592.0 0.0000283640
9594.0 0.0000264880
9596.0 0.0000246120
9598.0 0.0000227360
9600.0 0.0000208600
9602.0 0.0000200020
9604.0 0.0000191440
9606.0 0.0000182860
9608.0 0.0000174280
9610.0 0.0000165700
9612.0 0.0000196900
9614.0 0.0000228100
9616.0 0.0000259300
9618.0 0.0000290500
9620.0 0.0000321700
9622.0 0.0000283380
9624.0 0.0000245060
9626.0 0.0000206740
9628.0 0.0000168420
9630.0 0.0000130100
9632.0 0.0000112020
9634.0 0.0000093940
9636.0 0.0000075860
9638.0 0.0000057780
9640.0 0.0000039700
9642.0 0.0000048940
9644.0 0.0000058180
9646.0 0.0000067420
9648.0 0.0000076660
9650.0 0.0000085900
9652.0 0.0000089680
9654.0 0.0000093460
9656.0 0.0000097240
9658.0 0.0000101020
9660.0 0.0000104800
9662.0 0.0000107040
9664.0 0.0000109280
9666.0 0.0000111520
9668.0 0.0000113760
9670.0 0.0000116000
9672.0 0.0000119640
9674.0 0.0000123280
9676.0 0.0000126920
9678.0 0.0000130560
9680.0 0.0000134200
9682.0 0.0000120660
9684.0 0.0000107120
9686.0 0.0000093580
9688.0 0.0000080040
9690.0 0.0000066500
9692.0 0.0000068260
9694.0 0.0000070020
9696.0 0.0000071780
9698.0 0.0000073540
9700.0 0.0000075300
9702.0 0.0000110800
9704.0 0.0000146300
9706.0 0.0000181800
9708.0 0.0000217300
9710.0 0.0000252800
9712.0 0.0000204540
9714.0 0.0000156280
9716.0 0.0000108020
9718.0 0.0000059760
9720.0 0.0000011500
9722.0 0.0000034980
9724.0 0.0000058460
9726.0 0.0000081940
9728.0 0.0000105420
9730.0 0.0000128900
9732.0 0.0000178700
9734.0 0.0000228500
9736.0 0.0000278300
9738.0 0.0000328100
9740.0 0.0000377900
9742.0 0.0000359120
9744.0 0.0000340340
9746.0 0.0000321560
9748.0 0.0000302780
9750.0 0.0000284000
9752.0 0.0000313820
9754.0 0.0000343640
9756.0 0.0000373460
9758.0 0.0000403280
9760.0 0.0000433100
9762.0 0.0000423940
9764.0 0.0000414780
9766.0 0.0000405620
9768.0 0.0000396460
9770.0 0.0000387300
9772.0 0.0000319200
9774.0 0.0000251100
9776.0 0.0000183000
9778.0 0.0000114900
9780.0 0.0000046800
9782.0 0.0000051560
9784.0 0.0000056320
9786.0 0.0000061080
9788.0 0.0000065840
9790.0 0.0000070600
9792.0 0.0000077540
9794.0 0.0000084480
9796.0 0.0000091420
9798.0 0.0000098360
9800.0 0.0000105300
9802.0 0.0000105220
9804.0 0.0000105140
9806.0 0.0000105060
9808.0 0.0000104980
9810.0 0.0000104900
9812.0 0.0000144580
9814.0 0.0000184260
9816.0 0.0000223940
9818.0 0.0000263620
9820.0 0.0000303300
9822.0 0.0000247380
9824.0 0.0000191460
9826.0 0.0000135540
9828.0 0.0000079620
9830.0 0.0000023700
9832.0 0.0000084240
9834.0 0.0000144780
9836.0 0.0000205320
9838.0 0.0000265860
9840.0 0.0000326400
9842.0 0.0000266240
9844.0 0.0000206080
9846.0 0.0000145920
9848.0 0.0000085760
9850.0 0.0000025600
9852.0 0.0000030660
9854.0 0.0000035720
9856.0 0.0000040780
9858.0 0.0000045840
9860.0 0.0000050900
9862.0 0.0000064360
9864.0 0.0000077820
9866.0 0.0000091280
9868.0 0.0000104740
9870.0 0.0000118200
9872.0 0.0000131560
9874.0 0.0000144920
9876.0 0.0000158280
9878.0 0.0000171640
9880.0 0.0000185000
9882.0 0.0000199420
9884.0 0.0000213840
9886.0 0.0000228260
9888.0 0.0000242680
9890.0 0.0000257100
9892.0 0.0000227300
9894.0 0.0000197500
9896.0 0.0000167700
9898.0 0.0000137900
9900.0 0.0000108100
9902.0 0.0000128400
9904.0 0.0000148700
9906.0 0.0000169000
9908.0 0.0000189300
9910.0 0.0000209600
9912.0 0.0000174680
9914.0 0.0000139760
9916.0 0.0000104840
9918.0 0.0000069920
9920.0 0.0000035000
9922.0 0.0000059620
9924.0 0.0000084240
9926.0 0.0000108860
9928.0 0.0000133480
9930.0 0.0000158100
9932.0 0.0000216940
9934.0 0.0000275780
9936.0 0.0000334620
9938.0 0.0000393460
9940.0 0.0000452300
9942.0 0.0000374860
9944.0 0.0000297420
9946.0 0.0000219980
9948.0 0.0000142540
9950.0 0.0000065100
9952.0 0.0000112240
9954.0 0.0000159380
9956.0 0.0000206520
9958.0 0.0000253660
9960.0 0.0000300800
9962.0 0.0000255240
9964.0 0.0000209680
9966.0 0.0000164120
9968.0 0.0000118560
9970.0 0.0000073000
9972.0 0.0000064440
9974.0 0.0000055880
9976.0 0.0000047320
9978.0 0.0000038760
9980.0 0.0000030200
9982.0 0.0000026180
9984.0 0.0000022160
9986.0 0.0000018140
9988.0 0.0000014120
9990.0 0.0000010100
9992.0 0.0000046540
9994.0 0.0000082980
9996.0 0.0000119420
9998.0 0.0000155860
10000.0 0.0000192300
10002.0 0.0000163020
10004.0 0.0000133740
10006.0 0.0000104460
10008.0 0.0000075180
10010.0 0.0000045900
10012.0 0.0000047900
10014.0 0.0000049900
10016.0 0.0000051900
10018.0 0.0000053900
10020.0 0.0000055900
10022.0 0.0000084980
10024.0 0.0000114060
10026.0 0.0000143140
10028.0 0.0000172220
10030.0 0.0000201300
10032.0 0.0000165800
10034.0 0.0000130300
10036.0 0.0000094800
10038.0 0.0000059300
10040.0 0.0000023800
10042.0 0.0000036460
10044.0 0.0000049120
10046.0 0.0000061780
10048.0 0.0000074440
10050.0 0.0000087100
10052.0 0.0000085460
10054.0 0.0000083820
10056.0 0.0000082180
10058.0 0.0000080540
10060.0 0.0000078900
10062.0 0.0000106100
10064.0 0.0000133300
10066.0 0.0000160500
10068.0 0.0000187700
10070.0 0.0000214900
10072.0 0.0000225920
10074.0 0.0000236940
10076.0 0.0000247960
10078.0 0.0000258980
10080.0 0.0000270000
10082.0 0.0000238380
10084.0 0.0000206760
10086.0 0.0000175140
10088.0 0.0000143520
10090.0 0.0000111900
10092.0 0.0000114200
10094.0 0.0000116500
10096.0 0.0000118800
10098.0 0.0000121100
10100.0 0.0000123400
10102.0 0.0000153180
10104.0 0.0000182960
10106.0 0.0000212740
10108.0 0.0000242520
10110.0 0.0000272300
10112.0 0.0000224100
10114.0 0.0000175900
10116.0 0.0000127700
10118.0 0.0000079500
10120.0 0.0000031300
10122.0 0.0000035580
10124.0 0.0000039860
10126.0 0.0000044140
10128.0 0.0000048420
10130.0 0.0000052700
10132.0 0.0000050340
10134.0 0.0000047980
10136.0 0.0000045620
10138.0 0.0000043260
10140.0 0.0000040900
10142.0 0.0000038940
10144.0 0.0000036980
10146.0 0.0000035020
10148.0 0.0000033060
10150.0 0.0000031100
10152.0 0.0000074200
10154.0 0.0000117300
10156.0 0.0000160400
10158.0 0.0000203500
10160.0 0.0000246600
10162.0 0.0000201940
10164.0 0.0000157280
10166.0 0.0000112620
10168.0 0.0000067960
10170.0 0.0000023300
10172.0 0.0000069860
10174.0 0.0000116420
10176.0 0.0000162980
10178.0 0.0000209540
10180.0 0.0000256100
10182.0 0.0000254500
10184.0 0.0000252900
10186.0 0.0000251300
10188.0 0.0000249700
10190.0 0.0000248100
10192.0 0.0000218620
10194.0 0.0000189140
10196.0 0.0000159660
10198.0 0.0000130180
10200.0 0.0000100700
10202.0 0.0000088300
10204.0 0.0000075900
10206.0 0.0000063500
10208.0 0.0000051100
10210.0 0.0000038700
10212.0 0.0000076960
10214.0 0.0000115220
10216.0 0.0000153480
10218.0 0.0000191740
10220.0 0.0000230000
10222.0 0.0000239680
10224.0 0.0000249360
10226.0 0.0000259040
10228.0 0.0000268720
10230.0 0.0000278400
10232.0 0.0000262960
10234.0 0.0000247520
10236.0 0.0000232080
10238.0 0.0000216640
10240.0 0.0000201200
10242.0 0.0000203080
10244.0 0.0000204960
10246.0 0.0000206840
10248.0 0.0000208720
10250.0 0.0000210600
10252.0 0.0000250060
10254.0 0.0000289520
10256.0 0.0000328980
10258.0 0.0000368440
10260.0 0.0000407900
10262.0 0.0000364900
10264.0 0.0000321900
10266.0 0.0000278900
10268.0 0.0000235900
10270.0 0.0000192900
10272.0 0.0000189920
10274.0 0.0000186940
10276.0 0.0000183960
10278.0 0.0000180980
10280.0 0.0000178000
10282.0 0.0000154780
10284.0 0.0000131560
10286.0 0.0000108340
10288.0 0.0000085120
10290.0 0.0000061900
10292.0 0.0000065360
10294.0 0.0000068820
10296.0 0.0000072280
10298.0 0.0000075740
10300.0 0.0000079200
10302.0 0.0000103500
10304.0 0.0000127800
10306.0 0.0000152100
10308.0 0.0000176400
10310.0 0.0000200700
10312.0 0.0000222440
10314.0 0.0000244180
10316.0 0.0000265920
10318.0 0.0000287660
10320.0 0.0000309400
10322.0 0.0000247900
10324.0 0.0000186400
10326.0 0.0000124900
10328.0 0.0000063400
10330.0 0.0000001900
10332.0 0.0000009260
10334.0 0.0000016620
10336.0 0.0000023980
10338.0 0.0000031340
10340.0 0.0000038700
10342.0 0.0000054580
10344.0 0.0000070460
10346.0 0.0000086340
10348.0 0.0000102220
10350.0 0.0000118100
10352.0 0.0000122320
10354.0 0.0000126540
10356.0 0.0000130760
10358.0 0.0000134980
10360.0 0.0000139200
10362.0 0.0000213640
10364.0 0.0000288080
10366.0 0.0000362520
10368.0 0.0000436960
10370.0 0.0000511400
10372.0 0.0000462000
10374.0 0.0000412600
10376.0 0.0000363200
10378.0 0.0000313800
10380.0 0.0000264400
10382.0 0.0000223940
10384.0 0.0000183480
10386.0 0.0000143020
10388.0 0.0000102560
10390.0 0.0000062100
10392.0 0.0000062120
10394.0 0.0000062140
10396.0 0.0000062160
10398.0 0.0000062180
10400.0 0.0000062200
10402.0 0.0000054820
10404.0 0.0000047440
10406.0 0.0000040060
10408.0 0.0000032680
10410.0 0.0000025300
10412.0 0.0000064340
10414.0 0.0000103380
10416.0 0.0000142420
10418.0 0.0000181460
10420.0 0.0000220500
10422.0 0.0000218260
10424.0 0.0000216020
10426.0 0.0000213780
10428.0 0.0000211540
10430.0 0.0000209300
10432.0 0.0000175260
10434.0 0.0000141220
10436.0 0.0000107180
10438.0 0.0000073140
10440.0 0.0000039100
10442.0 0.0000046580
10444.0 0.0000054060
10446.0 0.0000061540
10448.0 0.0000069020
10450.0 0.0000076500
10452.0 0.0000155680
10454.0 0.0000234860
10456.0 0.0000314040
10458.0 0.0000393220
10460.0 0.0000472400
10462.0 0.0000414100
10464.0 0.0000355800
10466.0 0.0000297500
10468.0 0.0000239200
10470.0 0.0000180900
10472.0 0.0000192320
10474.0 0.0000203740
10476.0 0.0000215160
10478.0 0.0000226580
10480.0 0.0000238000
10482.0 0.0000210920
10484.0 0.0000183840
10486.0 0.0000156760
10488.0 0.0000129680
10490.0 0.0000102600
10492.0 0.0000085640
10494.0 0.0000068680
10496.0 0.0000051720
10498.0 0.0000034760
10500.0 0.0000017800
10502.0 0.0000050720
10504.0 0.0000083640
10506.0 0.0000116560
10508.0 0.0000149480
10510.0 0.0000182400
10512.0 0.0000175740
10514.0 0.0000169080
10516.0 0.0000162420
10518.0 0.0000155760
10520.0 0.0000149100
10522.0 0.0000152360
10524.0 0.0000155620
10526.0 0.0000158880
10528.0 0.0000162140
10530.0 0.0000165400
10532.0 0.0000135100
10534.0 0.0000104800
10536.0 0.0000074500
10538.0 0.0000044200
10540.0 0.0000013900
10542.0 0.0000054820
10544.0 0.0000095740
10546.0 0.0000136660
10548.0 0.0000177580
10550.0 0.0000218500
10552.0 0.0000256640
10554.0 0.0000294780
10556.0 0.0000332920
10558.0 0.0000371060
10560.0 0.0000409200
10562.0 0.0000406240
10564.0 0.0000403280
10566.0 0.0000400320
10568.0 0.0000397360
10570.0 0.0000394400
10572.0 0.0000374860
10574.0 0.0000355320
10576.0 0.0000335780
10578.0 0.0000316240
10580.0 0.0000296700
10582.0 0.0000341320
10584.0 0.0000385940
10586.0 0.0000430560
10588.0 0.0000475180
10590.0 0.0000519800
10592.0 0.0000480820
10594.0 0.0000441840
10596.0 0.0000402860
10598.0 0.0000363880
10600.0 0.0000324900
10602.0 0.0000419360
10604.0 0.0000513820
10606.0 0.0000608280
10608.0 0.0000702740
10610.0 0.0000797200
10612.0 0.0000765200
10614.0 0.0000733200
10616.0 0.0000701200
10618.0 0.0000669200
10620.0 0.0000637200
10622.0 0.0000704580
10624.0 0.0000771960
10626.0 0.0000839340
10628.0 0.0000906720
10630.0 0.0000974100
10632.0 0.0001006000
10634.0 0.0001037900
10636.0 0.0001069800
10638.0 0.0001101700
10640.0 0.0001133600
10642.0 0.0001102700
10644.0 0.0001071800
10646.0 0.0001040900
10648.0 0.0001010000
10650.0 0.0000979100
10652.0 0.0000939920
10654.0 0.0000900740
10656.0 0.0000861560
10658.0 0.0000822380
10660.0 0.0000783200
10662.0 0.0000892900
10664.0 0.0001002600
10666.0 0.0001112300
10668.0 0.0001222000
10670.0 0.0001331700
10672.0 0.0001303160
10674.0 0.0001274620
10676.0 0.0001246080
10678.0 0.0001217540
10680.0 0.0001189000
10682.0 0.0001160440
10684.0 0.0001131880
10686.0 0.0001103320
10688.0 0.0001074760
10690.0 0.0001046200
10692.0 0.0001076580
10694.0 0.0001106960
10696.0 0.0001137340
10698.0 0.0001167720
10700.0 0.0001198100
10702.0 0.0001295560
10704.0 0.0001393020
10706.0 0.0001490480
10708.0 0.0001587940
10710.0 0.0001685400
10712.0 0.0001720840
10714.0 0.0001756280
10716.0 0.0001791720
10718.0 0.0001827160
10720.0 0.0001862600
10722.0 0.0001837780
10724.0 0.0001812960
10726.0 0.0001788140
10728.0 0.0001763320
10730.0 0.0001738500
10732.0 0.0001789660
10734.0 0.0001840820
10736.0 0.0001891980
10738.0 0.0001943140
10740.0 0.0001994300
10742.0 0.0001989300
10744.0 0.0001984300
10746.0 0.0001979300
10748.0 0.0001974300
10750.0 0.0001969300
10752.0 0.0002047580
10754.0 0.0002125860
10756.0 0.0002204140
10758.0 0.0002282420
10760.0 0.0002360700
10762.0 0.0002381420
10764.0 0.0002402140
10766.0 0.0002422860
10768.0 0.0002443580
10770.0 0.0002464300
10772.0 0.0002475480
10774.0 0.0002486660
10776.0 0.0002497840
10778.0 0.0002509020
10780.0 0.0002520200
10782.0 0.0002679280
10784.0 0.0002838360
10786.0 0.0002997440
10788.0 0.0003156520
10790.0 0.0003315600
10792.0 0.0003316620
10794.0 0.0003317640
10796.0 0.0003318660
10798.0 0.0003319680
10800.0 0.0003320700
10802.0 0.0003367360
10804.0 0.0003414020
10806.0 0.0003460680
10808.0 0.0003507340
10810.0 0.0003554000
10812.0 0.0003509620
10814.0 0.0003465240
10816.0 0.0003420860
10818.0 0.0003376480
10820.0 0.0003332100
10822.0 0.0003501440
10824.0 0.0003670780
10826.0 0.0003840120
10828.0 0.0004009460
10830.0 0.0004178800
10832.0 0.0004240080
10834.0 0.0004301360
10836.0 0.0004362640
10838.0 0.0004423920
10840.0 0.0004485200
10842.0 0.0004606660
10844.0 0.0004728120
10846.0 0.0004849580
10848.0 0.0004971040
10850.0 0.0005092500
10852.0 0.0005162060
10854.0 0.0005231620
10856.0 0.0005301180
10858.0 0.0005370740
10860.0 0.0005440300
10862.0 0.0005668620
10864.0 0.0005896940
10866.0 0.0006125260
10868.0 0.0006353580
10870.0 0.0006581900
10872.0 0.0006658200
10874.0 0.0006734500
10876.0 0.0006810800
10878.0 0.0006887100
10880.0 0.0006963400
10882.0 0.0007076640
10884.0 0.0007189880
10886.0 0.0007303120
10888.0 0.0007416360
10890.0 0.0007529600
10892.0 0.0007793520
10894.0 0.0008057440
10896.0 0.0008321360
10898.0 0.0008585280
10900.0 0.0008849200
10902.0 0.0009146820
10904.0 0.0009444440
10906.0 0.0009742060
10908.0 0.0010039680
10910.0 0.0010337300
10912.0 0.0010611560
10914.0 0.0010885820
10916.0 0.0011160080
10918.0 0.0011434340
10920.0 0.0011708600
10922.0 0.0012091300
10924.0 0.0012474000
10926.0 0.0012856700
10928.0 0.0013239400
10930.0 0.0013622100
10932.0 0.0013963940
10934.0 0.0014305780
10936.0 0.0014647620
10938.0 0.0014989460
10940.0 0.0015331300
10942.0 0.0015836700
10944.0 0.0016342100
10946.0 0.0016847500
10948.0 0.0017352900
10950.0 0.0017858300
10952.0 0.0018365160
10954.0 0.0018872020
10956.0 0.0019378880
10958.0 0.0019885740
10960.0 0.0020392600
10962.0 0.0020937980
10964.0 0.0021483360
10966.0 0.0022028740
10968.0 0.0022574120
10970.0 0.0023119500
10972.0 0.0023799820
10974.0 0.0024480140
10976.0 0.0025160460
10978.0 0.0025840780
10980.0 0.0026521100
10982.0 0.0027499360
10984.0 0.0028477620
10986.0 0.0029455880
10988.0 0.0030434140
10990.0 0.0031412400
10992.0 0.0032576800
10994.0 0.0033741200
10996.0 0.0034905600
10998.0 0.0036070000
11000.0 0.0037234400
