# J filter curve @ T=87K
# J 2 (X1-3778-P1,S1-334-P1,SN012)
# Wavelength (nm)	T (%)
col1 col2
499.5 0.000259995
501.498 0.0
503.496 0.000143311
505.494 0.001181498
507.492 0.0
509.49 0.000427747
511.488 9.36e-05
513.486 0.0
515.484 0.0
517.482 0.0
519.48 1.88e-05
521.478 0.0
523.476 0.000175814
525.474 0.000111515
527.472 0.001303019
529.47 0.0
531.468 0.000548612
533.466 3.85e-05
535.464 0.000526425
537.462 0.000628655
539.46 0.000904299
541.458 0.000780238
543.456 0.000346187
545.454 0.000505871
547.452 0.000138288
549.45 0.000872064
551.448 0.0
553.446 0.0
555.444 2.26e-05
557.442 0.000634008
559.44 0.000654382
561.438 0.000465387
563.436 0.000403679
565.434 0.000471938
567.432 0.0
569.43 0.0
571.428 0.0
573.426 0.0
575.424 0.0
577.422 0.000232592
579.42 0.000222345
581.418 0.000771387
583.416 0.000978334
585.414 0.000577115
587.412 0.000680072
589.41 0.000810701
591.408 0.000696888
593.406 0.000618493
595.404 6.79e-05
597.402 0.0
599.4 0.0
601.398 0.000149686
603.396 0.000345462
605.394 0.000323366
607.392 0.0
609.39 0.000320743
611.388 0.000210912
613.386 0.000675139
615.384 0.0
617.382 3.51e-05
619.38 0.000174913
621.378 0.000270221
623.376 0.001110793
625.374 0.0
627.372 0.0
629.37 0.0
631.368 0.001019666
633.366 0.000311706
635.364 0.0
637.362 0.00036388
639.36 0.0
641.358 0.0
643.356 0.0
645.354 1.73e-05
647.352 0.000534479
649.35 0.000587365
651.348 0.000776434
653.346 0.000306142
655.344 0.0
657.342 0.0
659.34 0.000600597
661.338 0.000363009
663.336 0.00094376
665.334 0.0
667.332 0.000416642
669.33 0.000828363
671.328 0.0
673.326 0.000659984
675.324 0.0
677.322 6.33e-05
679.32 0.000605958
681.318 0.001005888
683.316 0.0
685.314 0.0
687.312 0.001131812
689.31 0.0002423
691.308 4.83e-05
693.306 0.0
695.304 0.0
697.302 0.0
699.3 0.000554201
701.298 0.0
703.296 0.000132942
705.294 0.000958534
707.292 0.001015463
709.29 0.0
711.288 0.0
713.286 0.00068073
715.284 0.000348685
717.282 0.000211121
719.28 0.000589731
721.278 0.0
723.276 0.0
725.274 0.0
727.272 0.0
729.27 0.0
731.268 9.48e-06
733.266 0.000704572
735.264 0.000320313
737.262 0.0
739.26 0.000325927
741.258 0.000346537
743.256 0.000784448
745.254 0.000360273
747.252 0.000305482
749.25 0.000916854
751.248 0.001086202
753.246 0.000143188
755.244 0.000220443
757.242 0.0
759.24 0.0
761.238 0.0
763.236 0.000551606
765.234 1.25e-05
767.232 0.000199989
769.23 0.000342726
771.228 0.000698685
773.226 0.000297413
775.224 0.000490113
777.222 0.00024739
779.22 0.0
781.218 0.000509637
783.216 0.0
785.214 0.00039968
787.212 0.001547443
789.21 0.0
791.208 0.00044295
793.206 8.8e-05
795.204 0.000826447
797.202 0.0
799.2 0.0005421
801.198 0.000413703
803.196 0.000214798
805.194 0.00033035
807.192 0.000488275
809.19 0.0
811.188 0.0
813.186 0.0
815.184 0.0
817.182 0.000424163
819.18 0.000757288
821.178 0.00042603
823.176 0.000131392
825.174 0.000371316
827.172 0.0
829.17 0.0
831.168 0.0
833.166 0.0
835.164 0.0
837.162 0.0
839.16 0.0
841.158 0.0
843.156 0.0
845.154 0.0
847.152 0.0
849.15 0.0
851.148 0.0
853.146 0.0
855.144 0.0
857.142 0.0
859.14 0.0
861.138 0.0
863.136 0.0
865.134 0.0
867.132 0.00052865
869.13 0.0
871.128 0.0
873.126 0.0
875.124 0.0
877.122 0.0
879.12 0.0
881.118 0.0
883.116 0.0
885.114 0.0
887.112 0.0
889.11 0.0
891.108 0.0
893.106 0.0
895.104 0.0
897.102 0.0
899.1 0.0
901.098 0.002438145
903.096 0.0
905.094 0.0
907.092 0.0
909.09 0.0
911.088 0.0
913.086 0.0
915.084 0.0
917.082 0.0
919.08 0.0
921.078 0.0
923.076 0.0
925.074 0.0
927.072 0.0
929.07 0.0
931.068 0.0
933.066 0.0
935.064 0.0
937.062 0.0
939.06 0.0
941.058 0.0
943.056 0.004311951
945.054 0.0
947.052 0.0
949.05 0.0
951.048 0.001199458
953.046 0.0
955.044 0.0
957.042 0.0
959.04 0.0
961.038 0.0
963.036 0.0
965.034 0.0
967.032 0.0
969.03 0.0
971.028 0.0
973.026 0.0
975.024 0.0
977.022 0.0
979.02 0.0
981.018 0.0
983.016 0.0
985.014 0.0
987.012 0.003242759
989.01 0.0
991.008 0.0
993.006 0.0
995.004 0.0
997.002 0.0
999.0 0.0
1000.998 0.0
1002.996 0.0
1004.994 0.0
1006.992 0.0
1008.99 0.0
1010.988 0.0
1012.986 0.0
1014.984 0.0
1016.982 0.0
1018.98 0.00380035
1020.978 0.000216994
1022.976 0.0
1024.974 0.0
1026.972 0.001157679
1028.97 0.0
1030.968 0.0
1032.966 0.0
1034.964 0.0
1036.962 0.0
1038.96 0.0
1040.958 0.0
1042.956 0.0
1044.954 0.0
1046.952 0.0
1048.95 0.0
1050.948 0.0
1052.946 0.0
1054.944 0.0
1056.942 0.0
1058.94 0.0
1060.938 0.0
1062.936 0.0
1064.934 0.005307586
1066.932 0.0
1068.93 0.0
1070.928 0.0
1072.926 0.0
1074.924 0.0
1076.922 0.0
1078.92 0.0
1080.918 0.0
1082.916 0.0
1084.914 0.0
1086.912 0.0
1088.91 0.0
1090.908 0.002850645
1092.906 0.0
1094.904 0.000847113
1096.902 0.0
1098.9 0.0
1100.898 0.0
1102.896 0.001047363
1104.894 0.0
1106.892 0.0
1108.89 0.0
1110.888 0.0
1112.886 0.002235915
1114.884 0.001116936
1116.882 0.0
1118.88 0.002265912
1120.878 0.0
1122.876 0.001641174
1124.874 0.007355487
1126.872 0.015800426
1128.87 0.018320568
1130.868 0.027420776
1132.866 0.071776941
1134.864 0.083741829
1136.862 0.102686659
1138.86 0.12002492
1140.858 0.125748962
1142.856 0.136439592
1144.854 0.153737441
1146.852 0.169855505
1148.85 0.208103046
1150.848 0.249182135
1152.846 0.335922986
1154.844 0.462093711
1156.842 0.669638157
1158.84 1.018598437
1160.838 1.635083914
1162.836 2.657725096
1164.834 4.33525753
1166.832 7.008089066
1168.83 10.612573624
1170.828 14.528684616
1172.826 18.631008148
1174.824 22.853862762
1176.822 28.002552032
1178.82 34.878364563
1180.818 43.812431335
1182.816 54.548770905
1184.814 66.008293152
1186.812 76.059898376
1188.81 82.383026123
1190.808 84.990081787
1192.806 85.623893738
1194.804 85.397277832
1196.802 85.375801086
1198.8 85.395812988
1200.798 85.796058655
1202.796 85.904945374
1204.794 85.906478882
1206.792 85.781234741
1208.79 85.45980072
1210.788 85.370269775
1212.786 85.26234436
1214.784 85.387191772
1216.782 85.60546875
1218.78 85.860671997
1220.778 86.2290802
1222.776 86.302246094
1224.774 86.535797119
1226.772 86.54800415
1228.77 86.540176392
1230.768 86.646110535
1232.766 86.619354248
1234.764 86.830291748
1236.762 86.915473938
1238.76 87.134895325
1240.758 87.348274231
1242.756 87.48538208
1244.754 87.748947144
1246.752 87.819061279
1248.75 88.049118042
1250.748 88.164352417
1252.746 88.271530151
1254.744 88.442085266
1256.742 88.432418823
1258.74 88.594039917
1260.738 88.485527039
1262.736 88.501808167
1264.734 88.464630127
1266.732 88.344520569
1268.73 88.419898987
1270.728 88.358894348
1272.726 88.485702515
1274.724 88.615234375
1276.722 88.77722168
1278.72 88.958572388
1280.718 89.020973206
1282.716 89.18964386
1284.714 89.107505798
1286.712 89.090499878
1288.71 89.055152893
1290.708 88.857528687
1292.706 88.836494446
1294.704 88.7603302
1296.702 88.797012329
1298.7 88.96962738
1300.698 89.126899719
1302.696 89.419242859
1304.694 89.691474915
1306.692 90.109054565
1308.69 90.370925903
1310.688 90.589118958
1312.686 90.778106689
1314.684 90.762443542
1316.682 90.767486572
1318.68 90.656730652
1320.678 90.538085938
1322.676 90.254386902
1324.674 89.452133179
1326.672 87.510108948
1328.67 83.09929657
1330.668 74.788116455
1332.666 62.784248352
1334.664 48.909210205
1336.662 35.691352844
1338.66 24.853336334
1340.658 16.998390198
1342.656 11.560917854
1344.654 8.013161659
1346.652 5.642959118
1348.65 4.051534653
1350.648 2.986254692
1352.646 2.253258228
1354.644 1.725898147
1356.642 1.3567307
1358.64 1.070398331
1360.638 0.865884244
1362.636 0.705258787
1364.634 0.577887535
1366.632 0.473746896
1368.63 0.391439408
1370.628 0.317896008
1372.626 0.253069609
1374.624 0.209045693
1376.622 0.157316044
1378.62 0.1272434
1380.618 0.096477292
1382.616 0.077415407
1384.614 0.054474827
1386.612 0.050105963
1388.61 0.039094046
1390.608 0.02444387
1392.606 0.029066334
1394.604 0.018483384
1396.602 0.013110898
1398.6 0.010255792
1400.598 0.008667191
1402.596 0.004313767
1404.594 0.008836035
1406.592 0.003717849
1408.59 0.002210537
1410.588 0.0
1412.586 0.0
1414.584 9.33e-05
1416.582 0.001048621
1418.58 0.0
1420.578 0.0
1422.576 0.0
1424.574 0.009532311
1426.572 0.0
1428.57 0.0
1430.568 0.0
1432.566 0.0
1434.564 0.0
1436.562 0.006447952
1438.56 0.0
1440.558 0.0
1442.556 0.0
1444.554 0.0
1446.552 0.0
1448.55 0.001424021
1450.548 0.0
1452.546 0.0
1454.544 0.0
1456.542 0.000261236
1458.54 0.0
1460.538 0.0
1462.536 0.003662553
1464.534 0.0
1466.532 0.0
1468.53 0.0
1470.528 0.0
1472.526 0.0
1474.524 0.0
1476.522 0.0
1478.52 0.0
1480.518 0.004019209
1482.516 0.0
1484.514 0.0
1486.512 0.0
1488.51 0.0
1490.508 0.00391071
1492.506 0.0
1494.504 0.0
1496.502 0.0
1498.5 0.0
1500.498 0.0
1502.496 0.0
1504.494 0.0
1506.492 0.0
1508.49 0.0
1510.488 0.0
1512.486 0.0
1514.484 0.0
1516.482 0.0
1518.48 0.0
1520.478 0.0
1522.476 0.0
1524.474 0.0
1526.472 0.0
1528.47 0.0
1530.468 0.0
1532.466 0.0
1534.464 0.0
1536.462 0.0
1538.46 0.0
1540.458 0.0
1542.456 0.0
1544.454 0.0
1546.452 0.0
1548.45 0.0
1550.448 0.0
1552.446 0.0
1554.444 0.002843449
1556.442 0.0
1558.44 0.0
1560.438 0.0
1562.436 0.0
1564.434 0.0
1566.432 0.0
1568.43 0.0
1570.428 0.0
1572.426 0.001574511
1574.424 0.0
1576.422 0.0
1578.42 0.0
1580.418 0.0
1582.416 0.000399352
1584.414 0.0
1586.412 0.0
1588.41 0.0
1590.408 0.0
1592.406 0.0
1594.404 0.0
1596.402 0.0
1598.4 0.0
1600.398 0.0
1602.396 0.0
1604.394 0.0
1606.392 0.0
1608.39 0.0
1610.388 0.0
1612.386 0.0
1614.384 0.0
1616.382 0.0
1618.38 0.0
1620.378 0.0
1622.376 0.0
1624.374 0.0
1626.372 0.0
1628.37 0.0
1630.368 0.0
1632.366 0.0
1634.364 0.0
1636.362 0.0
1638.36 0.0
1640.358 0.0
1642.356 0.0
1644.354 0.0
1646.352 0.002169772
1648.35 0.0
1650.348 0.0
1652.346 0.0
1654.344 0.0
1656.342 0.0
1658.34 0.0
1660.338 0.0
1662.336 0.0
1664.334 0.0
1666.332 0.0
1668.33 0.0
1670.328 0.0
1672.326 0.0
1674.324 0.0
1676.322 0.0
1678.32 0.0
1680.318 0.0
1682.316 0.0
1684.314 0.0
1686.312 0.0
1688.31 0.0
1690.308 0.0
1692.306 0.0
1694.304 0.0
1696.302 0.0
1698.3 0.0
1700.298 0.0
1702.296 0.0
1704.294 0.0
1706.292 0.0
1708.29 0.0
1710.288 0.0
1712.286 0.0
1714.284 0.0
1716.282 0.0
1718.28 0.0
1720.278 0.0
1722.276 0.0
1724.274 0.0
1726.272 0.0
1728.27 0.0
1730.268 0.0
1732.266 0.0
1734.264 0.0
1736.262 0.0
1738.26 0.0
1740.258 0.0
1742.256 0.0
1744.254 0.0
1746.252 0.0
1748.25 0.0
1750.248 0.0
1752.246 0.0
1754.244 0.0
1756.242 0.0
1758.24 0.0
1760.238 0.0
1762.236 0.0
1764.234 0.0
1766.232 0.0
1768.23 0.0
1770.228 0.0
1772.226 0.0
1774.224 0.0
1776.222 0.0
1778.22 0.0
1780.218 0.0
1782.216 0.0
1784.214 0.0
1786.212 0.0
1788.21 0.0
1790.208 0.0
1792.206 0.0
1794.204 0.0
1796.202 0.0
1798.2 0.0
1800.198 0.0
1802.196 0.0
1804.194 0.0
1806.192 0.0
1808.19 0.0
1810.188 0.0
1812.186 0.0
1814.184 0.0
1816.182 0.0
1818.18 0.0
1820.178 0.0
1822.176 0.0
1824.174 0.0
1826.172 0.0
1828.17 0.0
1830.168 0.0
1832.166 0.0
1834.164 0.0
1836.162 0.0
1838.16 0.0
1840.158 0.0
1842.156 0.0
1844.154 0.0
1846.152 0.0
1848.15 0.0
1850.148 0.0
1852.146 0.0
1854.144 0.0
1856.142 0.0
1858.14 0.0
1860.138 0.0
1862.136 0.0
1864.134 0.0
1866.132 0.0
1868.13 0.0
1870.128 0.0
1872.126 0.0
1874.124 0.0
1876.122 0.0
1878.12 0.0
1880.118 0.0
1882.116 0.0
1884.114 0.0
1886.112 0.0
1888.11 0.0
1890.108 0.0
1892.106 0.0
1894.104 0.0
1896.102 0.0
1898.1 0.0
1900.098 0.0
1902.096 0.0
1904.094 0.0
1906.092 0.0
1908.09 0.0
1910.088 0.0
1912.086 0.0
1914.084 0.0
1916.082 0.0
1918.08 0.0
1920.078 0.002500757
1922.076 0.0
1924.074 0.0
1926.072 0.0
1928.07 0.0
1930.068 0.0
1932.066 0.0
1934.064 0.0
1936.062 0.0
1938.06 0.0
1940.058 0.0
1942.056 0.0
1944.054 0.0
1946.052 0.0
1948.05 0.0
1950.048 0.0
1952.046 0.0
1954.044 0.0
1956.042 0.0
1958.04 0.0
1960.038 0.0
1962.036 0.0
1964.034 0.0
1966.032 0.0
1968.03 0.0
1970.028 0.0
1972.026 0.0
1974.024 0.0
1976.022 0.0
1978.02 0.0
1980.018 0.0
1982.016 0.0
1984.014 0.0
1986.012 0.0
1988.01 0.0
1990.008 0.0
1992.006 0.0
1994.004 0.0
1996.002 0.0
1998.0 0.0
1999.998 0.0
2001.996 0.0
2003.994 0.0
2005.992 0.0
2007.99 0.0
2009.988 0.0
2011.986 0.0
2013.984 0.0
2015.982 0.0
2017.98 0.0
2019.978 0.0
2021.976 0.0
2023.974 0.0
2025.972 0.0
2027.97 0.0
2029.968 0.0
2031.966 0.0
2033.964 0.0
2035.962 0.004552724
2037.96 0.0
2039.958 0.0
2041.956 0.0
2043.954 0.0
2045.952 0.0
2047.95 0.0
2049.948 0.0
2051.946 0.0
2053.944 0.0
2055.942 0.0
2057.94 0.0
2059.938 0.0
2061.936 0.0
2063.934 0.0
2065.932 0.0
2067.93 0.0
2069.928 0.0
2071.926 0.0
2073.924 0.003488485
2075.922 0.0
2077.92 0.0
2079.918 0.0
2081.916 0.0
2083.914 0.0
2085.912 0.0
2087.91 0.0
2089.908 0.0
2091.906 0.0
2093.904 0.0
2095.902 0.0
2097.9 0.0
2099.898 0.0
2101.896 0.0
2103.894 0.0
2105.892 0.0
2107.89 0.0
2109.888 0.0
2111.886 0.0
2113.884 0.0
2115.882 0.0
2117.88 0.0
2119.878 0.0
2121.876 0.0
2123.874 0.0
2125.872 0.003170605
2127.87 0.0
2129.868 0.0
2131.866 0.0
2133.864 0.0
2135.862 0.0
2137.86 0.0
2139.858 0.0
2141.856 0.0
2143.854 0.0
2145.852 0.0
2147.85 0.0
2149.848 0.0
2151.846 0.002567246
2153.844 0.0
2155.842 0.0
2157.84 0.0
2159.838 0.0
2161.836 0.0
2163.834 0.0
2165.832 0.0
2167.83 0.0
2169.828 0.0
2171.826 0.0
2173.824 0.0
2175.822 0.0
2177.82 0.0
2179.818 0.0
2181.816 0.0
2183.814 0.0
2185.812 0.0
2187.81 0.0
2189.808 0.0
2191.806 0.0
2193.804 0.0
2195.802 0.0
2197.8 0.0
2199.798 0.0
2201.796 0.0
2203.794 0.0
2205.792 0.0
2207.79 0.0
2209.788 0.0
2211.786 0.0
2213.784 0.0
2215.782 0.0
2217.78 0.0
2219.778 0.0
2221.776 0.0
2223.774 0.0
2225.772 0.0
2227.77 0.0
2229.768 0.0
2231.766 0.0
2233.764 0.0
2235.762 0.0
2237.76 0.0
2239.758 0.0
2241.756 0.001783685
2243.754 0.0
2245.752 0.0
2247.75 0.0
2249.748 0.0
2251.746 0.0
2253.744 0.0
2255.742 0.0
2257.74 0.0
2259.738 0.0
2261.736 0.0
2263.734 0.0
2265.732 0.0
2267.73 0.0
2269.728 0.0
2271.726 0.0
2273.724 0.0
2275.722 0.003670284
2277.72 0.0
2279.718 0.0
2281.716 0.0
2283.714 0.0
2285.712 0.0
2287.71 0.0
2289.708 0.0
2291.706 0.0
2293.704 0.0
2295.702 0.0
2297.7 0.0
2299.698 0.0
2301.696 0.0
2303.694 0.0
2305.692 0.0
2307.69 0.0
2309.688 0.0
2311.686 0.0
2313.684 0.0
2315.682 0.0
2317.68 0.0
2319.678 0.0
2321.676 0.0
2323.674 0.0
2325.672 0.0
2327.67 0.0
2329.668 0.0
2331.666 0.0
2333.664 0.0
2335.662 0.0
2337.66 0.0
2339.658 0.0
2341.656 0.0
2343.654 0.0
2345.652 0.0
2347.65 0.0
2349.648 0.0
2351.646 0.0
2353.644 0.0
2355.642 0.0
2357.64 0.0
2359.638 0.0
2361.636 0.0
2363.634 0.0
2365.632 0.0
2367.63 0.0
2369.628 0.0
2371.626 0.0
2373.624 0.0
2375.622 0.0
2377.62 0.0
2379.618 0.0
2381.616 0.0
2383.614 0.0
2385.612 0.0
2387.61 0.0
2389.608 0.0
2391.606 0.0
2393.604 0.0
2395.602 0.0
2397.6 0.0
2399.598 0.0
2401.596 0.0
2403.594 0.0
2405.592 0.0
2407.59 0.0
2409.588 0.0
2411.586 0.0
2413.584 0.0
2415.582 0.0
2417.58 0.0
2419.578 0.0
2421.576 0.0
2423.574 0.0
2425.572 0.0
2427.57 0.0
2429.568 0.0
2431.566 0.0
2433.564 0.0
2435.562 0.0
2437.56 0.0
2439.558 0.0
2441.556 0.0
2443.554 0.0
2445.552 0.0
2447.55 0.0
2449.548 0.0
2451.546 0.0
2453.544 0.0
2455.542 0.0
2457.54 0.0
2459.538 0.0
2461.536 0.0
2463.534 0.0
2465.532 0.0
2467.53 0.0
2469.528 0.0
2471.526 0.0
2473.524 0.0
2475.522 0.0
2477.52 0.0
2479.518 0.0
2481.516 0.0
2483.514 0.0
2485.512 0.001703734
2487.51 0.0
2489.508 0.0
2491.506 0.0
2493.504 0.0
2495.502 0.0
2497.5 0.0
2499.498 0.0
2501.496 0.0
2503.494 0.0
2505.492 0.0
2507.49 0.0
2509.488 0.0
2511.486 0.0
2513.484 0.0
2515.482 0.0
2517.48 0.0
2519.478 0.0
2521.476 0.0
2523.474 0.0
2525.472 0.0
2527.47 0.0
2529.468 0.0
2531.466 0.0
2533.464 0.0
2535.462 0.0
2537.46 0.0
2539.458 0.0
2541.456 0.0
2543.454 0.0
2545.452 0.0
2547.45 0.0
2549.448 0.0
2551.446 0.0
2553.444 0.0
2555.442 0.0
2557.44 0.0
2559.438 0.0
2561.436 0.0
2563.434 0.0
2565.432 0.0
2567.43 0.0
2569.428 0.0
2571.426 0.0
2573.424 0.001961987
2575.422 0.0
2577.42 0.0
2579.418 0.0
2581.416 0.0
2583.414 0.0
2585.412 0.0
2587.41 0.0
2589.408 0.0
2591.406 0.0
2593.404 0.0
2595.402 0.0
2597.4 0.0
2599.398 0.0
2601.396 0.0
2603.394 0.0
2605.392 0.0
2607.39 0.0
2609.388 0.0
2611.386 0.0
2613.384 0.0
2615.382 0.0
2617.38 0.0
2619.378 0.0
2621.376 0.0
2623.374 0.0
2625.372 0.0
2627.37 0.0
2629.368 0.0
2631.366 0.0
2633.364 0.0
2635.362 0.0
2637.36 0.0
2639.358 0.0
2641.356 0.0
2643.354 0.0
2645.352 0.0
2647.35 0.0
2649.348 0.003677714
2651.346 0.0
2653.344 0.0
2655.342 0.0
2657.34 0.0
2659.338 0.0
2661.336 0.0
2663.334 0.0
2665.332 0.0
2667.33 0.0
2669.328 0.0
2671.326 0.0
2673.324 0.0
2675.322 0.0
2677.32 0.0
2679.318 0.0
2681.316 0.0
2683.314 0.0
2685.312 0.0
2687.31 0.0
2689.308 0.0
2691.306 0.0
2693.304 0.0
2695.302 0.0
2697.3 0.0
2699.298 0.0
2701.296 0.0
2703.294 0.0
2705.292 0.0
2707.29 0.0
2709.288 0.0
2711.286 0.0
2713.284 0.0
2715.282 0.0
2717.28 0.0
2719.278 0.0
2721.276 0.0
2723.274 0.0
2725.272 0.0
2727.27 0.0
2729.268 0.0
2731.266 0.0
2733.264 0.0
2735.262 0.0
2737.26 0.0
2739.258 0.0
2741.256 0.0
2743.254 0.0
2745.252 0.0
2747.25 0.0
2749.248 0.0
2751.246 0.0
2753.244 0.0
2755.242 0.0
2757.24 0.0
2759.238 0.0
2761.236 0.0
2763.234 0.0
2765.232 0.0
2767.23 0.0
2769.228 0.0
2771.226 0.0
2773.224 0.0
2775.222 0.0
2777.22 0.0
2779.218 0.0
2781.216 0.0
2783.214 0.0
2785.212 0.0
2787.21 0.0
2789.208 0.0
2791.206 0.0
2793.204 0.0
2795.202 0.0
2797.2 0.0
2799.198 0.0
2801.196 0.0
2803.194 0.0
2805.192 0.0
2807.19 0.0
2809.188 0.0
2811.186 0.0
2813.184 0.0
2815.182 0.0
2817.18 0.0
2819.178 0.0
2821.176 0.0
2823.174 0.0
2825.172 0.0
2827.17 0.0
2829.168 0.0
2831.166 0.0
2833.164 0.0
2835.162 0.0
2837.16 0.0
2839.158 0.0
2841.156 0.0
2843.154 0.0
2845.152 0.0
2847.15 0.0
2849.148 0.0
2851.146 0.0
2853.144 0.0
2855.142 0.0
2857.14 0.0
2859.138 0.0
2861.136 0.0
2863.134 0.0
2865.132 0.0
2867.13 0.0
2869.128 0.0
2871.126 0.0
2873.124 0.0
2875.122 0.0
2877.12 0.0
2879.118 0.0
2881.116 0.000765897
2883.114 0.0
2885.112 0.0
2887.11 0.0
2889.108 0.0
2891.106 0.0
2893.104 0.0
2895.102 0.0
2897.1 0.0
2899.098 0.0
2901.096 0.0
2903.094 0.0
2905.092 0.0
2907.09 0.0
2909.088 0.0
2911.086 0.0
2913.084 0.0
2915.082 0.0
2917.08 0.0
2919.078 0.0
2921.076 0.0
2923.074 0.0
2925.072 0.0
2927.07 0.0
2929.068 0.0
2931.066 0.0
2933.064 0.0
2935.062 0.0
2937.06 0.0
2939.058 0.000125313
2941.056 0.003531589
2943.054 0.0
2945.052 0.0
2947.05 0.0
2949.048 0.0
2951.046 0.0
2953.044 0.0
2955.042 0.0
2957.04 0.0
2959.038 0.0
2961.036 0.0
2963.034 0.0
2965.032 0.0
2967.03 0.0
2969.028 0.0
2971.026 0.0
2973.024 0.0
2975.022 0.0
2977.02 0.0
2979.018 0.0
2981.016 0.0
2983.014 0.0
2985.012 0.0
2987.01 0.0
2989.008 0.0
2991.006 0.0
2993.004 0.0
2995.002 0.000616463
2997.0 0.0
