   1.4000   0.0000
   1.4006   0.0000
   1.4013   0.0000
   1.4019   0.0000
   1.4026   0.0000
   1.4032   0.0000
   1.4039   0.0000
   1.4045   0.0000
   1.4051  -0.0000
   1.4058  -0.0000
   1.4064  -0.0000
   1.4071  -0.0000
   1.4077  -0.0000
   1.4084  -0.0000
   1.4090  -0.0000
   1.4097  -0.0000
   1.4103  -0.0000
   1.4109  -0.0000
   1.4116  -0.0000
   1.4122  -0.0000
   1.4129  -0.0000
   1.4135  -0.0000
   1.4142  -0.0000
   1.4148  -0.0000
   1.4154  -0.0000
   1.4161  -0.0000
   1.4167  -0.0000
   1.4174  -0.0000
   1.4180  -0.0000
   1.4187  -0.0000
   1.4193  -0.0000
   1.4200  -0.0000
   1.4206  -0.0000
   1.4212  -0.0000
   1.4219  -0.0000
   1.4225  -0.0000
   1.4232  -0.0000
   1.4238  -0.0000
   1.4245  -0.0000
   1.4251  -0.0000
   1.4257  -0.0000
   1.4264  -0.0000
   1.4270  -0.0000
   1.4277  -0.0000
   1.4283  -0.0000
   1.4290  -0.0000
   1.4296  -0.0000
   1.4303  -0.0000
   1.4309  -0.0000
   1.4315  -0.0000
   1.4322  -0.0000
   1.4328  -0.0000
   1.4335  -0.0000
   1.4341  -0.0000
   1.4348  -0.0000
   1.4354  -0.0000
   1.4360  -0.0000
   1.4367  -0.0000
   1.4373  -0.0000
   1.4380  -0.0000
   1.4386  -0.0000
   1.4393  -0.0000
   1.4399  -0.0000
   1.4406  -0.0000
   1.4412  -0.0000
   1.4418  -0.0000
   1.4425  -0.0000
   1.4431  -0.0000
   1.4438  -0.0000
   1.4444   0.0000
   1.4451   0.0000
   1.4457   0.3786
   1.4463   0.5300
   1.4470   0.6815
   1.4476   0.9843
   1.4483   1.2872
   1.4489   1.5901
   1.4496   1.8930
   1.4502   2.1958
   1.4509   2.4987
   1.4515   2.6501
   1.4521   2.9530
   1.4528   3.1044
   1.4534   3.4073
   1.4541   3.7102
   1.4547   4.1645
   1.4554   4.6188
   1.4560   5.0731
   1.4566   5.3760
   1.4573   5.8303
   1.4579   6.2846
   1.4586   6.8903
   1.4592   7.3446
   1.4599   7.7990
   1.4605   8.4047
   1.4612   8.7076
   1.4618   9.1619
   1.4624   9.7676
   1.4631   9.9191
   1.4637  11.2820
   1.4644  12.0392
   1.4650  12.7963
   1.4657  13.7050
   1.4663  14.4621
   1.4669  15.2193
   1.4676  15.9765
   1.4682  17.1880
   1.4689  18.5509
   1.4695  19.9138
   1.4702  20.0653
   1.4708  22.6397
   1.4715  23.8512
   1.4721  25.2141
   1.4727  26.2742
   1.4734  27.3342
   1.4740  28.2428
   1.4747  29.3029
   1.4753  30.2115
   1.4760  30.2115
   1.4766  32.3316
   1.4772  33.2402
   1.4779  34.3003
   1.4785  35.2089
   1.4792  36.5718
   1.4798  35.3603
   1.4805  39.2976
   1.4811  40.6606
   1.4818  42.1749
   1.4824  43.5379
   1.4830  44.9008
   1.4837  46.2637
   1.4843  47.7781
   1.4850  49.1410
   1.4856  50.5039
   1.4863  51.4125
   1.4869  50.6554
   1.4875  53.5326
   1.4882  54.5927
   1.4888  55.6527
   1.4895  56.2585
   1.4901  57.0157
   1.4908  57.7728
   1.4914  58.5300
   1.4921  59.2872
   1.4927  59.8930
   1.4933  60.6501
   1.4940  61.1044
   1.4946  61.7102
   1.4953  62.1645
   1.4959  62.7702
   1.4966  63.3760
   1.4972  63.8303
   1.4978  63.9817
   1.4985  64.8903
   1.4991  65.1932
   1.4998  65.4961
   1.5004  65.6475
   1.5011  65.9504
   1.5017  65.7990
   1.5024  66.5561
   1.5030  66.7076
   1.5036  67.0104
   1.5043  67.3133
   1.5049  67.6162
   1.5056  67.7676
   1.5062  67.7676
   1.5069  68.5248
   1.5075  68.5248
   1.5081  68.9791
   1.5088  68.9791
   1.5094  69.5849
   1.5101  69.7363
   1.5107  70.0392
   1.5114  70.0392
   1.5120  70.6449
   1.5127  70.7963
   1.5133  70.9478
   1.5139  70.9478
   1.5146  71.7050
   1.5152  71.7050
   1.5159  71.8564
   1.5165  72.0078
   1.5172  72.4621
   1.5178  72.7650
   1.5184  72.7650
   1.5191  73.3708
   1.5197  73.8251
   1.5204  73.9765
   1.5210  73.9765
   1.5217  74.1279
   1.5223  74.1279
   1.5230  75.0366
   1.5236  75.3394
   1.5242  75.7937
   1.5249  75.9452
   1.5255  75.9452
   1.5262  75.9452
   1.5268  77.0052
   1.5275  77.1567
   1.5281  77.6110
   1.5287  77.7624
   1.5294  78.0653
   1.5300  78.3681
   1.5307  78.5196
   1.5313  78.5196
   1.5320  79.2768
   1.5326  79.5796
   1.5333  79.8825
   1.5339  80.1854
   1.5345  80.4883
   1.5352  80.7911
   1.5358  81.0940
   1.5365  81.0940
   1.5371  81.6997
   1.5378  81.8512
   1.5384  81.8512
   1.5390  82.0026
   1.5397  82.0026
   1.5403  82.1540
   1.5410  82.4569
   1.5416  82.6084
   1.5423  82.7598
   1.5429  82.9112
   1.5436  82.9112
   1.5442  82.9112
   1.5448  82.9112
   1.5455  82.9112
   1.5461  82.9112
   1.5468  82.9112
   1.5474  82.9112
   1.5481  82.9112
   1.5487  82.9112
   1.5493  82.9112
   1.5500  82.9112
   1.5506  82.9112
   1.5513  82.9112
   1.5519  82.9112
   1.5526  83.0627
   1.5532  82.9112
   1.5539  82.9112
   1.5545  82.9112
   1.5551  82.6084
   1.5558  82.4569
   1.5564  82.6084
   1.5571  82.4569
   1.5577  82.1540
   1.5584  82.0026
   1.5590  81.8512
   1.5596  81.6997
   1.5603  81.5483
   1.5609  81.3969
   1.5616  81.3969
   1.5622  81.2454
   1.5629  81.0940
   1.5635  80.9426
   1.5642  80.7911
   1.5648  80.6397
   1.5654  80.6397
   1.5661  80.4883
   1.5667  80.3368
   1.5674  80.3368
   1.5680  80.1854
   1.5687  80.1854
   1.5693  80.0339
   1.5699  80.0339
   1.5706  80.0339
   1.5712  80.0339
   1.5719  80.0339
   1.5725  80.0339
   1.5732  80.0339
   1.5738  80.0339
   1.5745  80.0339
   1.5751  80.0339
   1.5757  80.0339
   1.5764  80.0339
   1.5770  79.7311
   1.5777  79.7311
   1.5783  79.7311
   1.5790  79.7311
   1.5796  79.7311
   1.5802  79.7311
   1.5809  79.7311
   1.5815  79.7311
   1.5822  79.7311
   1.5828  79.7311
   1.5835  79.7311
   1.5841  79.8825
   1.5848  79.8825
   1.5854  80.0339
   1.5860  80.0339
   1.5867  80.0339
   1.5873  80.1854
   1.5880  80.3368
   1.5886  80.3368
   1.5893  80.3368
   1.5899  80.6397
   1.5905  80.6397
   1.5912  80.7911
   1.5918  80.7911
   1.5925  80.7911
   1.5931  80.7911
   1.5938  80.9426
   1.5944  80.9426
   1.5951  80.9426
   1.5957  80.9426
   1.5963  80.9426
   1.5970  80.9426
   1.5976  80.9426
   1.5983  80.9426
   1.5989  81.0940
   1.5996  81.2454
   1.6002  82.0026
   1.6008  82.0026
   1.6015  82.3055
   1.6021  82.3055
   1.6028  82.3055
   1.6034  82.4569
   1.6041  82.7598
   1.6047  82.9112
   1.6053  83.2141
   1.6060  83.3655
   1.6066  83.5170
   1.6073  83.8198
   1.6079  84.1227
   1.6086  84.4256
   1.6092  84.7285
   1.6099  84.8799
   1.6105  84.8799
   1.6111  84.8799
   1.6118  84.8799
   1.6124  84.8799
   1.6131  84.5770
   1.6137  84.5770
   1.6144  84.5770
   1.6150  84.5770
   1.6156  85.0313
   1.6163  85.6371
   1.6169  86.2428
   1.6176  86.3943
   1.6182  86.3943
   1.6189  86.5457
   1.6195  86.6971
   1.6202  86.8486
   1.6208  86.8486
   1.6214  86.8486
   1.6221  86.8486
   1.6227  86.8486
   1.6234  86.8486
   1.6240  86.8486
   1.6247  86.8486
   1.6253  86.8486
   1.6259  86.5457
   1.6266  86.5457
   1.6272  86.5457
   1.6279  86.5457
   1.6285  87.0000
   1.6292  87.0000
   1.6298  87.0000
   1.6305  87.0000
   1.6311  87.0000
   1.6317  86.8486
   1.6324  86.8486
   1.6330  86.6971
   1.6337  86.0914
   1.6343  86.0914
   1.6350  86.0914
   1.6356  86.0914
   1.6362  86.0914
   1.6369  86.0914
   1.6375  86.0914
   1.6382  86.0914
   1.6388  86.0914
   1.6395  85.7885
   1.6401  85.7885
   1.6408  85.6371
   1.6414  84.7285
   1.6420  84.7285
   1.6427  84.7285
   1.6433  84.7285
   1.6440  84.7285
   1.6446  84.7285
   1.6453  84.5770
   1.6459  84.4256
   1.6465  84.2742
   1.6472  84.2742
   1.6478  84.5770
   1.6485  83.9713
   1.6491  83.8198
   1.6498  83.6684
   1.6504  83.5170
   1.6511  83.3655
   1.6517  83.2141
   1.6523  83.0627
   1.6530  82.9112
   1.6536  82.7598
   1.6543  82.6084
   1.6549  82.4569
   1.6556  82.1540
   1.6562  82.0026
   1.6568  81.8512
   1.6575  81.5483
   1.6581  81.3969
   1.6588  81.2454
   1.6594  80.9426
   1.6601  80.9426
   1.6607  80.4883
   1.6614  80.4883
   1.6620  80.3368
   1.6626  80.0339
   1.6633  80.0339
   1.6639  79.8825
   1.6646  79.7311
   1.6652  79.5796
   1.6659  79.4282
   1.6665  79.2768
   1.6671  79.1253
   1.6678  79.1253
   1.6684  79.1253
   1.6691  79.1253
   1.6697  79.1253
   1.6704  79.1253
   1.6710  79.1253
   1.6717  79.1253
   1.6723  79.1253
   1.6729  79.2768
   1.6736  79.2768
   1.6742  79.4282
   1.6749  79.5796
   1.6755  79.5796
   1.6762  79.5796
   1.6768  79.7311
   1.6774  79.7311
   1.6781  79.8825
   1.6787  79.8825
   1.6794  80.0339
   1.6800  80.0339
   1.6807  80.0339
   1.6813  80.0339
   1.6820  80.0339
   1.6826  80.0339
   1.6832  80.0339
   1.6839  80.0339
   1.6845  80.0339
   1.6852  80.0339
   1.6858  80.0339
   1.6865  80.3368
   1.6871  80.3368
   1.6877  80.4883
   1.6884  80.4883
   1.6890  80.6397
   1.6897  80.7911
   1.6903  80.7911
   1.6910  80.9426
   1.6916  81.0940
   1.6923  81.2454
   1.6929  81.2454
   1.6935  81.3969
   1.6942  81.3969
   1.6948  81.5483
   1.6955  81.5483
   1.6961  81.5483
   1.6968  81.6997
   1.6974  81.6997
   1.6980  81.6997
   1.6987  82.0026
   1.6993  82.1540
   1.7000  82.1540
   1.7006  82.1540
   1.7013  82.3055
   1.7019  82.4569
   1.7026  82.4569
   1.7032  82.4569
   1.7038  82.6084
   1.7045  82.7598
   1.7051  82.6084
   1.7058  82.6084
   1.7064  82.6084
   1.7071  82.6084
   1.7077  82.6084
   1.7083  82.6084
   1.7090  82.6084
   1.7096  82.4569
   1.7103  82.4569
   1.7109  82.4569
   1.7116  82.4569
   1.7122  82.4569
   1.7129  82.4569
   1.7135  82.4569
   1.7141  82.4569
   1.7148  82.4569
   1.7154  82.3055
   1.7161  82.1540
   1.7167  82.1540
   1.7174  82.0026
   1.7180  82.0026
   1.7186  81.8512
   1.7193  81.6997
   1.7199  81.5483
   1.7206  81.5483
   1.7212  81.5483
   1.7219  81.3969
   1.7225  81.2454
   1.7232  81.0940
   1.7238  81.0940
   1.7244  80.9426
   1.7251  80.9426
   1.7257  80.7911
   1.7264  80.6397
   1.7270  80.4883
   1.7277  80.4883
   1.7283  80.3368
   1.7289  80.1854
   1.7296  79.8825
   1.7302  79.7311
   1.7309  79.5796
   1.7315  79.2768
   1.7322  79.1253
   1.7328  79.1253
   1.7335  79.1253
   1.7341  79.1253
   1.7347  79.1253
   1.7354  79.1253
   1.7360  79.1253
   1.7367  79.1253
   1.7373  79.1253
   1.7380  79.1253
   1.7386  79.1253
   1.7392  78.9739
   1.7399  78.9739
   1.7405  78.9739
   1.7412  78.9739
   1.7418  78.9739
   1.7425  78.9739
   1.7431  78.8225
   1.7438  78.9739
   1.7444  78.9739
   1.7450  78.9739
   1.7457  78.9739
   1.7463  78.9739
   1.7470  79.1253
   1.7476  79.1253
   1.7483  79.2768
   1.7489  79.2768
   1.7495  79.4282
   1.7502  79.4282
   1.7508  79.4282
   1.7515  79.5796
   1.7521  79.5796
   1.7528  79.5796
   1.7534  79.5796
   1.7541  79.5796
   1.7547  79.5796
   1.7553  79.5796
   1.7560  79.5796
   1.7566  79.5796
   1.7573  79.5796
   1.7579  79.5796
   1.7586  79.7311
   1.7592  79.4282
   1.7598  79.1253
   1.7605  79.1253
   1.7611  78.6710
   1.7618  78.6710
   1.7624  78.5196
   1.7631  77.4595
   1.7637  77.1567
   1.7644  76.7023
   1.7650  75.3394
   1.7656  74.4308
   1.7663  73.2193
   1.7669  72.4621
   1.7676  72.0078
   1.7682  70.4935
   1.7689  69.4334
   1.7695  68.5248
   1.7701  66.8590
   1.7708  65.9504
   1.7714  65.7990
   1.7721  62.6188
   1.7727  61.4073
   1.7734  59.7415
   1.7740  58.0757
   1.7747  57.0157
   1.7753  55.1984
   1.7759  55.6527
   1.7766  52.7755
   1.7772  51.5640
   1.7779  50.2010
   1.7785  50.6554
   1.7792  44.4465
   1.7798  43.0835
   1.7804  40.9634
   1.7811  39.1462
   1.7817  37.6319
   1.7824  35.5117
   1.7830  34.4517
   1.7837  32.9373
   1.7843  31.8773
   1.7850  30.6658
   1.7856  29.6057
   1.7862  28.3943
   1.7869  27.3342
   1.7875  26.1227
   1.7882  25.0627
   1.7888  25.2141
   1.7895  22.6397
   1.7901  21.4282
   1.7907  20.0653
   1.7914  20.0653
   1.7920  17.6423
   1.7927  16.2794
   1.7933  15.0679
   1.7940  14.3107
   1.7946  13.4021
   1.7953  12.4935
   1.7959  11.5849
   1.7965  10.6762
   1.7972   9.9191
   1.7978   9.3133
   1.7985   9.3133
   1.7991   8.1018
   1.7998   7.4961
   1.8004   6.8903
   1.8010   6.4360
   1.8017   6.1332
   1.8023   5.8303
   1.8030   5.5274
   1.8036   5.3760
   1.8043   5.0731
   1.8049   4.7702
   1.8055   4.4674
   1.8062   4.1645
   1.8068   3.8616
   1.8075   3.7102
   1.8081   3.4073
   1.8088   3.1044
   1.8094   2.6501
   1.8101   2.4987
   1.8107   2.1958
   1.8113   1.8930
   1.8120   1.5901
   1.8126   1.2872
   1.8133   1.1358
   1.8139   0.8329
   1.8146   0.8329
   1.8152   0.5300
   1.8158   0.3786
   1.8165   0.2272
   1.8171   0.2272
   1.8178   0.2272
   1.8184   0.0000
   1.8191   0.0000
   1.8197   0.0000
   1.8204   0.0000
   1.8210   0.0000
   1.8216   0.0000
   1.8223   0.0000
   1.8229   0.0000
   1.8236   0.0000
   1.8242   0.0000
   1.8249   0.0000
   1.8255   0.0000
   1.8261   0.0000
   1.8268   0.0000
   1.8274   0.0000
   1.8281   0.0000
   1.8287   0.0000
   1.8294   0.0000
   1.8300   0.0000
   1.8307   0.0000
   1.8313   0.0000
   1.8319   0.0000
   1.8326   0.0000
   1.8332   0.0000
   1.8339   0.0000
   1.8345   0.0000
   1.8352   0.0000
   1.8358   0.0000
   1.8364   0.0000
   1.8371   0.0000
   1.8377   0.0000
   1.8384   0.0000
   1.8390   0.0000
   1.8397   0.0000
   1.8403   0.0000
   1.8410   0.0000
   1.8416   0.0000
   1.8422   0.0000
   1.8429   0.0000
   1.8435   0.0000
   1.8442   0.0000
   1.8448   0.0000
   1.8455   0.0000
   1.8461   0.0000
   1.8467   0.0000
   1.8474   0.0000
   1.8480   0.0000
   1.8487   0.0000
   1.8493   0.0000
   1.8500  -0.0000
