  1.9000   0.0000
   1.9007   0.0000
   1.9015   0.0000
   1.9022   0.0000
   1.9030   0.0000
   1.9037   0.0000
   1.9044   0.0000
   1.9052   0.0000
   1.9059   0.0000
   1.9066   0.0000
   1.9074   0.0000
   1.9081   0.0000
   1.9089   0.0000
   1.9096   0.0000
   1.9103   0.0000
   1.9111   0.0000
   1.9118   0.0000
   1.9125   0.0000
   1.9133   0.0000
   1.9140   0.0000
   1.9148   0.0000
   1.9155   0.0000
   1.9162   0.0000
   1.9170   0.0000
   1.9177   0.0000
   1.9185   0.0000
   1.9192   0.0000
   1.9199   0.0000
   1.9207   0.0000
   1.9214   0.0000
   1.9221   0.0000
   1.9229   0.0000
   1.9236   0.0000
   1.9244   0.0000
   1.9251   0.0000
   1.9258   0.0000
   1.9266   0.0000
   1.9273   0.0000
   1.9280   0.0000
   1.9288   0.0000
   1.9295   0.0000
   1.9303   0.0000
   1.9310   0.0000
   1.9317   0.0000
   1.9325   0.0000
   1.9332   0.0000
   1.9339   0.0000
   1.9347   0.0000
   1.9354   0.0000
   1.9362   0.0000
   1.9369   0.0149
   1.9376   0.0298
   1.9384   0.0596
   1.9391   0.1340
   1.9399   0.2936
   1.9406   0.2936
   1.9413   0.4425
   1.9421   0.4425
   1.9428   0.4425
   1.9435   0.5914
   1.9443   0.5914
   1.9450   0.7403
   1.9458   0.7403
   1.9465   0.8892
   1.9472   0.8892
   1.9480   1.0381
   1.9487   1.1870
   1.9494   1.1870
   1.9502   1.3359
   1.9509   1.3359
   1.9517   1.4848
   1.9524   1.4848
   1.9531   1.6337
   1.9539   1.6337
   1.9546   1.7826
   1.9554   1.7826
   1.9561   1.9315
   1.9568   2.0805
   1.9576   2.0805
   1.9583   2.2294
   1.9590   2.3783
   1.9598   2.5272
   1.9605   2.6761
   1.9613   2.8250
   1.9620   3.1228
   1.9627   3.2717
   1.9635   3.4206
   1.9642   3.7184
   1.9649   3.8673
   1.9657   4.1652
   1.9664   4.3141
   1.9672   4.6119
   1.9679   4.7608
   1.9686   5.2075
   1.9694   5.8031
   1.9701   6.2499
   1.9709   6.8455
   1.9716   7.4411
   1.9723   7.8878
   1.9731   8.3346
   1.9738   8.9302
   1.9745   9.3769
   1.9753   9.9726
   1.9760  10.5682
   1.9768  11.3127
   1.9775  12.0573
   1.9782  12.8018
   1.9790  13.5463
   1.9797  14.2909
   1.9804  15.0354
   1.9812  15.0354
   1.9819  16.8223
   1.9827  17.7157
   1.9834  18.7581
   1.9841  19.6515
   1.9849  20.9917
   1.9856  22.3319
   1.9863  23.6720
   1.9871  25.0122
   1.9878  25.0122
   1.9886  28.2882
   1.9893  29.9262
   1.9900  31.7131
   1.9908  33.3510
   1.9915  34.9890
   1.9923  36.6270
   1.9930  38.4139
   1.9937  40.0519
   1.9945  41.6899
   1.9952  43.3278
   1.9959  44.9658
   1.9967  46.6038
   1.9974  46.6038
   1.9982  44.9658
   1.9989  51.5178
   1.9996  50.0287
   2.0004  54.7937
   2.0011  55.9850
   2.0018  54.9426
   2.0026  58.6653
   2.0033  60.0055
   2.0041  60.0055
   2.0048  62.3880
   2.0055  63.5793
   2.0063  64.7705
   2.0070  65.2173
   2.0078  65.6257
   2.0085  66.0724
   2.0092  66.6680
   2.0100  67.2637
   2.0107  67.7104
   2.0114  68.1571
   2.0122  68.7527
   2.0129  69.1995
   2.0137  69.7951
   2.0144  70.0929
   2.0151  69.7951
   2.0159  70.8374
   2.0166  71.2842
   2.0173  71.4331
   2.0181  71.7309
   2.0188  71.7309
   2.0196  71.8798
   2.0203  72.0287
   2.0210  72.1776
   2.0218  72.3265
   2.0225  72.4754
   2.0232  72.7732
   2.0240  72.7732
   2.0247  72.7732
   2.0255  72.7732
   2.0262  72.7732
   2.0269  72.7732
   2.0277  72.7732
   2.0284  72.7732
   2.0291  72.7732
   2.0299  73.2200
   2.0306  73.6667
   2.0314  73.6667
   2.0321  73.8156
   2.0328  73.8156
   2.0336  73.8156
   2.0343  73.9645
   2.0351  73.9645
   2.0358  74.1134
   2.0365  74.1134
   2.0373  74.1134
   2.0380  74.2623
   2.0387  74.2623
   2.0395  74.2623
   2.0402  74.4112
   2.0410  74.5601
   2.0417  74.5601
   2.0424  74.5601
   2.0432  74.7090
   2.0439  74.7090
   2.0446  74.8580
   2.0454  74.8580
   2.0461  75.0069
   2.0469  75.0069
   2.0476  75.0069
   2.0483  75.1558
   2.0491  75.1558
   2.0498  75.3047
   2.0505  75.4536
   2.0513  75.6025
   2.0520  75.6025
   2.0528  75.6025
   2.0535  75.6025
   2.0542  75.6025
   2.0550  75.6025
   2.0557  75.6025
   2.0565  75.6025
   2.0572  75.6025
   2.0579  75.6025
   2.0587  75.6025
   2.0594  75.6025
   2.0601  75.4536
   2.0609  75.4536
   2.0616  75.4536
   2.0624  75.4536
   2.0631  75.4536
   2.0638  75.6025
   2.0646  75.7514
   2.0653  75.9003
   2.0660  76.0492
   2.0668  76.0492
   2.0675  76.0492
   2.0683  76.0492
   2.0690  76.0492
   2.0697  76.0492
   2.0705  76.0492
   2.0712  76.0492
   2.0719  76.0492
   2.0727  76.0492
   2.0734  76.0492
   2.0742  76.0492
   2.0749  76.0492
   2.0756  76.0492
   2.0764  76.0492
   2.0771  76.0492
   2.0779  76.0492
   2.0786  76.0492
   2.0793  76.0492
   2.0801  76.0492
   2.0808  76.0492
   2.0815  76.0492
   2.0823  76.0492
   2.0830  76.0492
   2.0838  76.0492
   2.0845  76.0492
   2.0852  76.0492
   2.0860  76.0492
   2.0867  76.0492
   2.0874  76.0492
   2.0882  76.0492
   2.0889  76.0492
   2.0897  76.0492
   2.0904  76.0492
   2.0911  76.0492
   2.0919  76.0492
   2.0926  76.0492
   2.0933  76.0492
   2.0941  76.0492
   2.0948  76.0492
   2.0956  76.0492
   2.0963  76.0492
   2.0970  76.0492
   2.0978  76.0492
   2.0985  76.0492
   2.0993  76.0492
   2.1000  76.0492
   2.1007  76.0492
   2.1015  76.0492
   2.1022  76.0492
   2.1029  76.0492
   2.1037  76.0492
   2.1044  76.0492
   2.1052  76.0492
   2.1059  76.0492
   2.1066  76.0492
   2.1074  76.0492
   2.1081  76.0492
   2.1088  76.0492
   2.1096  75.8620
   2.1103  75.8620
   2.1111  75.8620
   2.1118  75.7131
   2.1125  75.7131
   2.1133  75.5642
   2.1140  75.5642
   2.1147  75.5642
   2.1155  75.5642
   2.1162  75.5642
   2.1170  75.5642
   2.1177  75.5642
   2.1184  75.7131
   2.1192  75.8620
   2.1199  75.8620
   2.1206  75.8620
   2.1214  75.8620
   2.1221  75.8620
   2.1229  75.8620
   2.1236  75.8620
   2.1243  75.8620
   2.1251  75.8620
   2.1258  75.8620
   2.1266  75.8620
   2.1273  75.8620
   2.1280  75.7131
   2.1288  75.7131
   2.1295  75.7131
   2.1302  75.7131
   2.1310  75.7131
   2.1317  75.7131
   2.1325  75.7131
   2.1332  75.7131
   2.1339  75.7131
   2.1347  75.7131
   2.1354  75.7131
   2.1361  75.7131
   2.1369  75.7131
   2.1376  75.7131
   2.1384  75.7131
   2.1391  75.8620
   2.1398  76.0109
   2.1406  76.1598
   2.1413  76.3087
   2.1420  76.4576
   2.1428  76.6066
   2.1435  76.7555
   2.1443  76.9044
   2.1450  76.9044
   2.1457  76.9044
   2.1465  76.9044
   2.1472  76.9044
   2.1480  76.9044
   2.1487  76.9044
   2.1494  76.3087
   2.1502  76.3087
   2.1509  76.3087
   2.1516  76.3087
   2.1524  76.3087
   2.1531  76.3087
   2.1539  76.3087
   2.1546  76.3087
   2.1553  76.3087
   2.1561  76.3087
   2.1568  76.3087
   2.1575  76.3087
   2.1583  76.3087
   2.1590  76.3087
   2.1598  76.3087
   2.1605  76.3087
   2.1612  76.3087
   2.1620  76.3087
   2.1627  76.6066
   2.1634  76.6066
   2.1642  76.7555
   2.1649  76.7555
   2.1657  76.9044
   2.1664  77.0533
   2.1671  77.0533
   2.1679  77.2022
   2.1686  77.2022
   2.1694  77.2022
   2.1701  77.3511
   2.1708  77.3511
   2.1716  77.3511
   2.1723  77.3511
   2.1730  77.5000
   2.1738  77.5000
   2.1745  77.5000
   2.1753  77.5000
   2.1760  77.5000
   2.1767  77.5000
   2.1775  77.5000
   2.1782  77.2022
   2.1789  77.2022
   2.1797  77.0533
   2.1804  77.0533
   2.1812  77.0533
   2.1819  77.0533
   2.1826  77.0533
   2.1834  77.0533
   2.1841  77.0533
   2.1848  76.9044
   2.1856  76.9044
   2.1863  76.9044
   2.1871  76.7555
   2.1878  76.7555
   2.1885  76.6066
   2.1893  76.6066
   2.1900  76.6066
   2.1908  76.4576
   2.1915  76.4576
   2.1922  76.4576
   2.1930  76.3087
   2.1937  76.1598
   2.1944  76.1598
   2.1952  76.1598
   2.1959  76.0109
   2.1967  76.0109
   2.1974  76.0109
   2.1981  75.8620
   2.1989  75.8620
   2.1996  75.7131
   2.2003  75.5642
   2.2011  75.5642
   2.2018  75.4153
   2.2026  75.2664
   2.2033  75.2664
   2.2040  75.2664
   2.2048  75.2664
   2.2055  75.1175
   2.2062  74.9303
   2.2070  74.9303
   2.2077  74.9303
   2.2085  74.9303
   2.2092  74.7814
   2.2099  74.7814
   2.2107  74.7814
   2.2114  74.7814
   2.2122  74.7814
   2.2129  74.7814
   2.2136  74.7814
   2.2144  74.7814
   2.2151  74.7814
   2.2158  74.7814
   2.2166  74.7814
   2.2173  74.7814
   2.2181  74.7814
   2.2188  74.6325
   2.2195  74.6325
   2.2203  74.4836
   2.2210  74.4836
   2.2217  74.3346
   2.2225  74.3346
   2.2232  74.1857
   2.2240  74.1857
   2.2247  74.0368
   2.2254  74.0368
   2.2262  73.8879
   2.2269  73.8879
   2.2276  73.7390
   2.2284  73.7390
   2.2291  73.7390
   2.2299  73.7390
   2.2306  73.7390
   2.2313  73.7390
   2.2321  73.5901
   2.2328  73.5901
   2.2335  73.5901
   2.2343  73.5901
   2.2350  73.5901
   2.2358  73.5901
   2.2365  73.4412
   2.2372  73.4412
   2.2380  73.4412
   2.2387  73.4412
   2.2395  73.4412
   2.2402  73.4412
   2.2409  73.2923
   2.2417  73.2923
   2.2424  73.2923
   2.2431  73.2923
   2.2439  73.2923
   2.2446  73.2923
   2.2454  73.1434
   2.2461  73.1434
   2.2468  72.9945
   2.2476  72.9945
   2.2483  72.8456
   2.2490  72.8456
   2.2498  72.6967
   2.2505  72.6967
   2.2513  72.5478
   2.2520  72.5478
   2.2527  72.3988
   2.2535  72.3988
   2.2542  72.2499
   2.2549  72.2499
   2.2557  72.1010
   2.2564  72.1010
   2.2572  71.9521
   2.2579  71.9521
   2.2586  71.8032
   2.2594  71.8032
   2.2601  71.6543
   2.2609  71.6543
   2.2616  71.5054
   2.2623  71.5054
   2.2631  71.3565
   2.2638  71.3565
   2.2645  71.2076
   2.2653  71.2076
   2.2660  71.0587
   2.2668  70.9098
   2.2675  70.9098
   2.2682  70.7609
   2.2690  70.7609
   2.2697  70.6120
   2.2704  70.6120
   2.2712  70.6120
   2.2719  70.6120
   2.2727  70.6120
   2.2734  70.6120
   2.2741  70.6120
   2.2749  70.6120
   2.2756  70.4631
   2.2763  70.3141
   2.2771  70.3141
   2.2778  70.3141
   2.2786  70.1652
   2.2793  70.1652
   2.2800  70.1652
   2.2808  70.0163
   2.2815  70.0163
   2.2823  69.8674
   2.2830  69.8674
   2.2837  69.8674
   2.2845  69.8674
   2.2852  69.7185
   2.2859  69.8674
   2.2867  69.5696
   2.2874  69.4207
   2.2882  69.4207
   2.2889  69.2718
   2.2896  69.2718
   2.2904  69.2718
   2.2911  69.1229
   2.2918  69.1229
   2.2926  68.9740
   2.2933  68.9740
   2.2941  68.8251
   2.2948  68.8251
   2.2955  68.6762
   2.2963  68.6762
   2.2970  68.6762
   2.2977  68.6762
   2.2985  68.5273
   2.2992  68.3783
   2.3000  68.3783
   2.3007  68.3783
   2.3014  68.3783
   2.3022  68.3783
   2.3029  68.3783
   2.3037  68.2294
   2.3044  68.2294
   2.3051  68.0805
   2.3059  68.0805
   2.3066  67.9316
   2.3073  67.9316
   2.3081  67.5955
   2.3088  67.4466
   2.3096  67.2977
   2.3103  67.1488
   2.3110  66.9999
   2.3118  66.9999
   2.3125  66.9999
   2.3132  66.9999
   2.3140  66.9999
   2.3147  66.9999
   2.3155  66.9999
   2.3162  66.9999
   2.3169  66.9999
   2.3177  66.9999
   2.3184  66.9999
   2.3191  67.1488
   2.3199  67.1488
   2.3206  67.2977
   2.3214  67.4466
   2.3221  67.5955
   2.3228  67.7444
   2.3236  68.0422
   2.3243  68.0422
   2.3250  68.0422
   2.3258  68.0422
   2.3265  68.1912
   2.3273  68.1912
   2.3280  68.3401
   2.3287  68.3401
   2.3295  68.3401
   2.3302  68.3401
   2.3310  68.3401
   2.3317  68.4890
   2.3324  68.4890
   2.3332  68.4890
   2.3339  68.4890
   2.3346  68.6379
   2.3354  68.6379
   2.3361  68.6379
   2.3369  68.6379
   2.3376  68.7868
   2.3383  68.7868
   2.3391  68.7868
   2.3398  68.7868
   2.3405  68.7868
   2.3413  68.9357
   2.3420  68.9357
   2.3428  68.9357
   2.3435  69.0846
   2.3442  69.0846
   2.3450  69.0846
   2.3457  69.2335
   2.3464  69.2335
   2.3472  69.2335
   2.3479  69.2335
   2.3487  69.2335
   2.3494  69.2335
   2.3501  69.2335
   2.3509  69.2335
   2.3516  69.2335
   2.3524  69.2335
   2.3531  69.2335
   2.3538  69.2335
   2.3546  69.0846
   2.3553  68.9357
   2.3560  68.9357
   2.3568  68.7868
   2.3575  68.6379
   2.3583  68.4890
   2.3590  68.3401
   2.3597  68.1912
   2.3605  67.5955
   2.3612  66.9999
   2.3619  66.4043
   2.3627  65.6597
   2.3634  65.0641
   2.3642  64.7663
   2.3649  63.4261
   2.3656  62.6816
   2.3664  61.7881
   2.3671  61.0436
   2.3678  60.1501
   2.3686  59.4056
   2.3693  59.8523
   2.3701  57.6187
   2.3708  56.7253
   2.3715  55.8318
   2.3723  54.9384
   2.3730  53.3004
   2.3738  51.6624
   2.3745  50.0244
   2.3752  50.0244
   2.3760  48.0886
   2.3767  47.0463
   2.3774  46.0039
   2.3782  44.9616
   2.3789  43.3236
   2.3797  44.9616
   2.3804  40.0476
   2.3811  38.4096
   2.3819  36.6227
   2.3826  34.9848
   2.3833  34.0913
   2.3841  34.9848
   2.3848  32.4533
   2.3856  31.5599
   2.3863  30.8154
   2.3870  29.9219
   2.3878  29.9219
   2.3885  25.0080
   2.3892  24.2634
   2.3900  23.5189
   2.3907  22.7743
   2.3915  22.1787
   2.3922  21.4342
   2.3929  20.6896
   2.3937  20.0940
   2.3944  19.2006
   2.3952  18.1582
   2.3959  17.1159
   2.3966  16.0735
   2.3974  15.0312
   2.3981  14.5844
   2.3988  13.9888
   2.3996  13.3932
   2.4003  12.7975
   2.4011  12.2019
   2.4018  11.6063
   2.4025  11.0106
   2.4033  10.5639
   2.4040   9.9683
   2.4047   9.5216
   2.4055   9.9683
   2.4062   8.6281
   2.4070   8.1814
   2.4077   7.7347
   2.4084   7.4369
   2.4092   6.9901
   2.4099   6.4030
   2.4106   6.1052
   2.4114   5.8074
   2.4121   5.6585
   2.4129   5.3607
   2.4136   5.0629
   2.4143   4.7650
   2.4151   4.6161
   2.4158   4.3183
   2.4165   4.1694
   2.4173   3.8716
   2.4180   3.7227
   2.4188   3.4249
   2.4195   3.2760
   2.4202   2.9782
   2.4210   2.8292
   2.4217   2.6803
   2.4225   2.3825
   2.4232   2.2336
   2.4239   2.2336
   2.4247   2.0847
   2.4254   2.0847
   2.4261   1.9358
   2.4269   1.7869
   2.4276   1.7869
   2.4284   1.6380
   2.4291   1.4891
   2.4298   1.3402
   2.4306   1.3402
   2.4313   1.1913
   2.4320   1.1913
   2.4328   1.0424
   2.4335   1.0424
   2.4343   1.0424
   2.4350   0.8934
   2.4357   0.8934
   2.4365   0.7445
   2.4372   0.7445
   2.4379   0.7445
   2.4387   0.7445
   2.4394   0.7445
   2.4402   0.7445
   2.4409   0.5956
   2.4416   0.5956
   2.4424   0.5956
   2.4431   0.5956
   2.4439   0.5956
   2.4446   0.4467
   2.4453   0.4467
   2.4461   0.2978
   2.4468   0.2978
   2.4475   0.2978
   2.4483   0.1489
   2.4490   0.1489
   2.4498   0.1489
   2.4505   0.1489
   2.4512   0.1489
   2.4520   0.1489
   2.4527   0.1489
   2.4534   0.1489
   2.4542   0.1489
   2.4549   0.1489
   2.4557   0.0745
   2.4564   0.0596
   2.4571   0.0447
   2.4579   0.0298
   2.4586   0.0149
   2.4593   0.0000
   2.4601   0.0000
   2.4608   0.0000
   2.4616   0.0000
   2.4623   0.0000
   2.4630   0.0000
   2.4638   0.0000
   2.4645   0.0000
   2.4653   0.0000
   2.4660   0.0000
   2.4667   0.0000
   2.4675   0.0000
   2.4682   0.0000
   2.4689   0.0000
   2.4697   0.0000
   2.4704   0.0000
   2.4712   0.0000
   2.4719   0.0000
   2.4726   0.0000
   2.4734   0.0000
   2.4741   0.0000
   2.4748   0.0000
   2.4756   0.0000
   2.4763   0.0000
   2.4771   0.0000
   2.4778   0.0000
   2.4785   0.0000
   2.4793   0.0000
   2.4800   0.0000
   2.4807   0.0000
   2.4815   0.0000
   2.4822   0.0000
   2.4830   0.0000
   2.4837   0.0000
   2.4844   0.0000
   2.4852   0.0000
   2.4859   0.0000
   2.4867   0.0000
   2.4874   0.0000
   2.4881   0.0000
   2.4889   0.0000
   2.4896   0.0000
   2.4903   0.0000
   2.4911   0.0000
   2.4918   0.0000
   2.4926   0.0000
   2.4933   0.0000
   2.4940   0.0000
   2.4948   0.0000
   2.4955   0.0000
   2.4962   0.0000
   2.4970   0.0000
   2.4977   0.0000
   2.4985   0.0000
   2.4992   0.0000
   2.4999   0.0000
